0.033000
0.055425
0.260525
0.288650
0.381225
0.391425
0.462225
0.505575
0.560600
0.603100
0.776100
0.855825
0.954550
1.006000
1.038825
1.075675
1.137325
1.161300
1.193750
1.215825
1.252925
1.261250
1.421425
1.453600
1.518650
1.593600
1.627450
1.639350
1.649975
1.675175
1.910775
2.015275
2.024050
2.092225
2.130225
2.151375
2.162175
2.215000
2.307775
2.365650
2.452775
2.547150
2.562600
2.647900
2.662075
2.689200
2.755175
2.906450
2.921475
3.002350
3.080375
3.160750
3.170900
3.219700
3.234875
3.278425
3.716900
3.785400
3.820950
3.830100
3.861725
3.915325
3.956775
3.968400
4.035100
4.051150
4.058775
4.085150
4.094525
4.112625
4.135425
4.183425
4.365000
4.380450
4.627300
4.690025
4.712050
4.867500
5.014200
5.240075
5.247225
5.261600
5.344725
5.391650
5.670525
5.783400
5.809850
5.836875
5.906125
5.955450
5.992425
6.025425
6.041050
6.055775
6.109575
6.193275
6.258850
6.302850
6.335125
6.363475
6.386100
6.640075
6.714975
6.730100
6.781625
6.860425
7.129550
7.187325
7.205525
7.268350
7.317425
7.329375
7.350100
7.401775
7.417825
7.497025
7.511125
7.530150
7.567050
7.579100
7.705600
7.808475
7.837525
7.873325
7.909475
7.923325
7.937275
7.968000
7.997425
8.023200
8.049525
8.215425
8.281325
8.354200
8.467400
8.491425
8.583775
8.768700
8.785775
8.896350
8.926025
8.996325
9.038550
9.083725
9.097750
9.126500
9.195300
9.229900
9.327750
9.333800
9.337000
9.446375
9.505175
9.783200
9.892525
9.908825
9.973450
10.043325
10.095050
10.103300
10.175800
10.265675
10.290950
10.346050
10.419600
10.486950
10.536075
10.577450
10.652250
10.694925
10.702000
10.752250
10.847250
10.880400
11.039600
11.165375
11.205450
11.264850
11.282150
11.318950
11.385325
11.402150
11.422350
11.429100
11.441225
11.462175
11.559800
11.578650
11.601250
11.617900
11.627725
11.719325
11.742350
11.755375
11.769550
11.793875
11.880000
11.895875
11.925100
11.947350
12.031325
12.155225
12.183950
12.198625
12.289150
12.313600
12.497200
12.517075
12.790400
12.850825
12.969675
12.983950
13.084450
13.110050
13.143750
13.340200
13.457800
13.630175
13.666775
13.737200
13.827725
13.846975
13.917475
13.936150
13.951275
13.986225
14.026500
14.035825
14.042175
14.104650
14.149375
14.171475
14.291600
14.366100
14.386600
14.404050
14.414875
14.426700
14.525350
14.574250
14.628700
14.641275
14.769400
14.906500
14.955275
14.984675
15.010025
15.053250
15.076900
15.098425
15.214425
15.228050
15.310750
15.456075
15.473075
15.571450
15.602475
15.616300
15.718025
15.758500
15.781575
15.882875
15.899975
15.916175
15.954225
15.968675
15.979425
16.013300
16.058325
16.066525
16.251250
16.263550
16.267025
16.282500
16.431750
16.465925
16.482325
16.494575
16.541325
16.562250
16.715125
16.726325
16.740425
16.798875
16.857500
16.879325
17.017000
17.045050
17.189275
17.241775
17.251650
17.277025
17.551875
17.570375
17.617575
17.671575
17.713100
17.739650
17.754800
17.803250
17.821275
17.957025
18.260775
18.275800
18.311275
18.386125
18.509275
18.528700
18.558475
18.633750
18.644500
18.651650
18.751375
18.767500
18.797475
18.883275
18.914825
18.931950
19.079325
19.098550
19.116000
19.145800
19.182450
19.220150
19.268925
19.323300
19.346875
19.488025
19.679900
19.699900
19.721825
19.747800
19.883725
19.931225
19.988525
20.035300
20.090825
20.132725
20.147025
20.230475
20.323425
20.345225
20.367175
20.397150
20.429550
20.491250
20.516525
20.529050
20.545575
20.561750
20.569075
20.628475
20.662650
20.702850
20.737150
20.760550
20.822700
20.842125
20.861500
21.111150
21.127825
21.167600
21.210100
21.226325
21.236325
21.269800
21.339900
21.363400
21.381275
21.447575
21.475800
21.552750
21.779550
21.935650
21.967100
22.017450
22.088550
22.172275
22.223100
22.248900
22.308025
22.398625
22.476075
22.495075
22.541700
22.610425
22.634900
22.681850
22.742925
22.830225
22.911850
22.951050
23.032800
23.061175
23.093825
23.264525
23.287500
23.334225
23.347775
23.469800
23.544500
23.635950
23.717125
23.730500
23.760750
23.913300
23.948350
24.024450
24.096800
24.168475
24.196675
24.242400
24.331600
24.366325
24.446725
24.571550
24.599600
24.639100
24.674300
24.739375
24.832575
24.944550
24.964300
24.995700
25.009625
25.075675
25.125450
25.615950
25.653775
25.675775
25.684650
25.723475
25.746300
25.900550
25.975850
26.242525
26.275175
26.336775
26.349900
26.389550
26.470475
26.493000
26.505350
26.526950
26.546575
26.609625
26.666100
26.680650
26.688275
26.728775
26.758275
26.771500
26.890000
26.934475
26.968150
27.051525
27.073500
27.096025
27.111775
27.155100
27.184550
27.196700
27.361550
27.403775
27.413625
27.462675
27.481100
27.532600
27.577100
27.591350
27.639450
27.657725
27.669100
27.728475
27.798750
27.826950
27.922075
28.021775
28.053875
28.103050
28.253250
28.270800
28.292975
28.342075
28.353600
28.363925
28.405975
28.423375
28.527300
28.652325
28.715100
28.738875
28.760575
28.799300
28.812775
28.878425
28.896550
28.929600
29.043100
29.064200
29.105275
29.178175
29.184700
29.247450
29.255600
29.270775
29.339275
29.354650
29.559075
29.583600
29.635650
29.712975
29.798250
