0.143700
0.260800
0.490775
0.635700
0.666625
0.682925
1.432250
1.950025
2.258450
2.429350
3.637375
3.806175
3.828125
4.152400
4.274925
4.360300
4.552950
5.140475
5.342350
5.794225
6.171350
6.189150
6.319200
6.408700
6.430575
6.682775
6.868525
7.186125
7.379375
7.438700
7.503075
7.700800
7.733375
7.809300
8.143150
8.338150
8.572900
8.674550
10.155975
10.410450
10.466150
10.539075
10.732675
11.149075
11.290625
11.308450
11.474600
11.948050
12.018775
12.052775
12.090075
12.122000
12.175650
12.391050
12.482800
13.098050
13.146075
13.179900
13.424875
13.656725
13.868950
14.031075
14.635575
15.430875
15.662875
15.721650
15.784025
16.251875
16.396350
16.953200
17.493925
18.037800
18.360025
18.521250
19.081750
19.165050
19.434450
19.658100
19.695200
19.885900
20.139075
21.324925
21.591325
21.960350
22.154600
22.340025
22.617750
23.004575
23.088975
23.146050
23.458925
23.514025
24.028100
24.330050
24.629275
24.668475
25.190750
25.410775
25.440750
25.467575
25.884325
25.933975
26.248725
26.285700
26.657700
27.002625
27.153450
27.184550
27.837650
28.023000
28.081825
28.116975
28.313800
28.913375
28.941950
28.962325
29.201675
29.331850
29.426650
29.839975
