0.076775
0.087625
0.100225
0.117950
0.123400
0.495950
0.547550
0.633100
0.759100
0.942350
1.011275
1.202250
1.218025
1.268125
1.287600
1.335925
1.516750
1.561100
1.635750
1.698900
1.758775
1.873950
2.081875
2.147550
2.248925
2.309825
2.489900
2.855025
2.889675
3.120775
3.371300
3.673800
3.680950
3.707800
3.834025
3.904425
3.960925
4.187125
4.534775
4.618275
4.879300
4.905050
5.217600
5.255450
5.313400
5.463600
5.515750
5.703625
5.716600
5.723650
5.911250
6.090950
6.119300
6.141925
6.404525
6.703775
6.727450
6.799150
6.994300
7.004000
7.033200
7.144375
7.345275
7.573675
7.591775
7.658700
7.685875
7.726375
7.769550
7.893325
8.094625
8.129575
8.152850
8.161450
8.200500
8.215750
8.226900
8.362675
8.396300
8.649925
8.675225
8.681875
8.961000
9.031700
9.042425
9.060250
9.151250
9.157350
9.298925
9.487575
9.511975
9.527950
9.561800
9.777175
9.832600
9.861225
10.038125
10.065425
10.072775
10.108925
10.145800
10.170000
10.429100
10.471150
10.772475
10.830050
10.844025
11.217775
11.323325
11.361950
11.411350
11.446350
11.667550
11.695600
11.722325
11.733075
11.759750
11.774025
12.097850
12.109525
12.236875
12.479150
12.493275
12.563450
12.580200
12.846000
12.853750
12.920825
13.046450
13.103225
13.404225
13.434575
13.460975
13.490175
13.513075
13.532925
13.570425
13.847275
13.870875
13.943900
13.988200
14.028825
14.110200
14.299250
14.333425
14.348500
14.392050
14.423225
14.451375
14.495000
14.661550
14.677725
15.012625
15.026675
15.045500
15.368350
15.397200
15.480775
15.528175
15.801675
15.837775
16.172700
16.186250
16.190150
16.379550
16.425900
16.658375
16.984150
17.013175
17.028650
17.038775
17.054725
17.070450
17.118700
17.169675
17.515850
17.532900
17.546675
17.579475
17.608025
17.925650
17.943275
17.949500
17.956375
17.963975
17.971350
18.024075
18.096875
18.116050
18.523450
18.528575
18.547125
18.578000
18.690950
19.052525
19.071650
19.075600
19.113725
19.156975
19.526725
19.547675
19.557825
19.596300
19.614500
19.618775
19.686225
19.738900
19.797400
19.832975
19.998025
20.095600
20.110550
20.125500
20.142125
20.171100
20.268275
20.475250
20.577450
20.785875
20.811500
21.269450
21.312350
21.355400
21.389100
21.439150
21.499350
21.774325
21.789325
21.805550
21.831150
21.952350
22.241300
22.253000
22.338650
22.372750
22.691075
22.705500
22.742850
22.787900
22.985350
23.002275
23.034900
23.389800
23.442300
23.476550
23.593425
23.619575
23.732575
24.028150
24.049425
24.090375
24.164475
24.236625
24.276175
24.718450
24.746325
24.750100
24.787350
24.827450
24.939275
25.069300
25.073775
25.173375
25.233850
25.293375
25.325925
25.614875
25.627300
25.945975
26.155850
26.201725
26.224675
26.242650
26.407300
26.480225
26.543850
26.602275
26.825450
26.854450
26.947500
27.194125
27.282825
27.550025
27.572750
27.598750
27.745150
28.065000
28.071400
28.094325
28.238325
28.441575
28.482375
28.751150
28.764625
28.914800
29.141525
29.211850
29.227350
29.293775
29.355100
29.387450
29.455375
29.557625
29.761250
29.820125
29.862650
29.882950
