0.021950
0.131675
0.230400
0.256350
0.323300
0.356050
0.655425
0.725025
0.872125
0.915350
0.956725
1.089200
1.134225
1.165625
1.461950
1.500175
1.513600
1.562400
1.598025
1.641700
1.751300
1.798575
1.944025
2.047925
2.059450
2.079100
2.233050
2.403700
2.416675
2.451200
2.618525
2.632600
2.678075
2.743900
2.772750
2.811425
2.837050
2.850875
2.918425
3.026825
3.158500
3.316400
3.329775
3.392375
3.524300
3.546050
3.570800
3.711900
3.830350
3.846125
3.858600
3.889300
3.907400
3.963900
4.038750
4.119175
4.180350
4.213850
4.315325
4.329875
4.406475
4.421500
4.480025
4.610300
4.640700
4.652350
4.730125
4.833300
4.852975
4.921800
5.006175
5.035775
5.154900
5.261100
5.347100
5.380625
5.421300
5.577750
5.615950
5.742800
5.916825
5.958650
6.156925
6.239100
6.252650
6.287750
6.420175
6.497150
6.506150
6.560525
6.762150
6.830500
6.840875
7.084150
7.109000
7.198100
7.382025
7.474375
7.686125
7.744125
7.835075
8.003225
8.046375
8.071750
8.081600
8.343475
8.507425
8.538875
8.583550
8.600025
8.641900
8.676900
8.691300
8.826300
8.861800
8.895175
8.915200
8.926150
8.962550
8.989925
9.045175
9.209075
9.224100
9.242875
9.338175
9.766050
9.845425
9.933425
9.946175
9.959400
9.978150
10.095650
10.236000
10.350350
10.378200
10.416350
10.463600
10.509025
10.717500
10.958575
10.974425
11.115250
11.167000
11.339050
11.380300
11.407800
11.461200
11.525750
11.557875
11.575825
11.631725
11.803425
11.858150
11.891575
11.914300
11.937700
11.951550
11.971600
11.983275
12.171275
12.343300
12.391475
12.439600
12.455625
12.515375
12.811850
12.917600
12.950650
13.105725
13.476400
13.527425
13.740850
13.831100
13.867400
13.894625
13.955700
14.011325
14.061950
14.202900
14.450900
14.923025
15.186175
15.213475
15.292550
15.563475
15.837975
15.934075
16.457650
16.860950
16.877225
16.976400
17.092225
17.799850
17.855700
18.276850
18.307725
18.511675
18.588425
18.633900
18.819750
18.838850
18.879450
18.993000
19.127725
19.141300
19.283625
19.360650
19.399575
19.542600
19.812575
19.844175
19.858725
19.945250
20.214975
20.597500
20.688350
20.699050
20.727875
20.739125
20.983100
21.168675
21.191350
21.456525
21.564700
21.626400
21.642800
21.688600
21.872175
21.973125
22.043200
22.053475
22.199300
22.268200
22.302750
22.383625
22.420675
22.450000
22.710975
23.094200
23.210225
23.278450
23.305825
23.346225
23.447125
23.482400
23.507000
23.523200
23.538650
23.705750
23.786175
23.847825
23.883550
24.001775
24.084900
24.102200
24.140625
24.179625
24.255325
24.449650
24.485975
24.560075
24.574225
24.676900
24.767600
24.803425
24.905775
24.961325
24.995700
25.026025
25.211450
25.275825
25.287475
25.319650
25.453125
25.737675
25.922600
25.985700
26.189400
26.255425
26.401200
26.422700
26.678125
26.713700
26.781075
26.803750
26.927650
26.956275
27.089825
27.236975
27.249275
27.326575
27.367950
27.529275
27.555900
27.586600
27.676750
27.694825
27.833125
27.850500
27.878575
28.027250
28.133175
28.172475
28.220000
28.464100
28.688700
28.701575
28.976325
29.001000
29.153300
29.187050
29.334450
29.467000
29.491225
29.588125
29.604375
29.669525
29.800075
29.857000
29.966025
