0.008600
0.026125
0.038025
0.056425
0.071625
0.097225
0.113850
0.130750
0.144475
0.159575
0.172400
0.188725
0.209225
0.220850
0.247500
0.269200
0.283950
0.302550
0.328750
0.345025
0.363450
0.392250
0.408175
0.422050
0.437850
0.461050
0.503825
0.524800
0.560275
0.587100
0.614500
0.641500
0.656175
0.685525
0.720800
0.735000
0.751175
0.771700
0.795150
0.807475
0.818750
0.835500
0.852400
0.876075
0.893275
0.921750
0.941275
0.964450
0.981825
1.007225
1.046350
1.066950
1.095325
1.121900
1.159675
1.177225
1.201225
1.223700
1.245600
1.260375
1.277700
1.316000
1.346000
1.359500
1.380600
1.398600
1.424300
1.451225
1.482350
1.497950
1.518625
1.533900
1.553900
1.581225
1.600325
1.630800
1.674275
1.705725
1.731825
1.753350
1.773400
1.792950
1.821325
1.841750
1.867900
1.900350
1.923150
1.948050
1.968075
1.994400
2.018575
2.043375
2.067450
2.091100
2.148425
2.171125
2.186675
2.219050
2.237975
2.265575
2.297625
2.323750
2.363900
2.380525
2.397000
2.426775
2.482250
2.540625
2.582775
2.613025
2.639625
2.655975
2.665275
2.680950
2.704925
2.721350
2.738575
2.751125
2.770725
2.786300
2.808350
2.831575
2.859525
2.870875
2.879400
2.898000
2.912750
2.922025
2.945500
2.958075
2.968450
2.995950
3.013300
3.042050
3.055650
3.069600
3.084400
3.104075
3.124350
3.157400
3.179275
3.203750
3.226875
3.245725
3.262700
3.291325
3.310950
3.350550
3.394100
3.409775
3.431900
3.469175
3.493500
3.521475
3.540725
3.569025
3.584350
3.596950
3.649500
3.663475
3.688925
3.712550
3.733575
3.748200
3.759700
3.776350
3.797900
3.828900
3.854450
3.873750
3.902825
3.942575
3.974375
3.992625
4.047475
4.060925
4.068075
4.150750
4.161650
4.164300
4.194375
4.207300
4.252700
4.279950
4.295350
4.321025
4.347500
4.393275
4.421850
4.462525
4.490725
4.527975
4.557425
4.588075
4.601075
4.638750
4.650450
4.666725
4.683125
4.697500
4.713525
4.726575
4.744800
4.786750
4.811875
4.824500
4.846950
4.880750
4.893975
4.935275
4.964675
5.021175
5.060000
5.084700
5.131200
5.163075
5.203375
5.224250
5.247200
5.265425
5.292850
5.307650
5.355650
5.373625
5.426150
5.450325
5.487750
5.532750
5.557475
5.592975
5.625400
5.674725
5.712550
5.740050
5.775400
5.792600
5.834475
5.870925
5.891650
5.937825
5.968875
6.054575
6.075425
6.096400
6.116550
6.132500
6.148400
6.165175
6.191550
6.220325
6.247550
6.296250
6.328825
6.357150
6.390575
6.426850
6.450450
6.485700
6.513275
6.553625
6.572575
6.585200
6.607450
6.633625
6.648925
6.665175
6.680275
6.700250
6.724075
6.792675
6.838825
6.867050
6.907000
6.939350
6.967025
6.984050
7.015000
7.041150
7.060925
7.087550
7.130950
7.172250
7.229050
7.247500
7.267975
7.288550
7.303550
7.351725
7.380775
7.398750
7.415575
7.439825
7.458650
7.484850
7.508250
7.564425
7.600925
7.644975
7.691775
7.700875
7.712200
7.732125
7.756200
7.782625
7.804250
7.819800
7.848375
7.880525
7.924325
7.977600
8.010925
8.044075
8.094875
8.126525
8.197225
8.246250
8.269475
8.294225
8.329200
8.358175
8.386075
8.425125
8.488475
8.522775
8.545325
8.564300
8.576825
8.605875
8.624125
8.658400
8.681575
8.711850
8.731700
8.782075
8.801600
8.829950
8.850625
8.876875
8.889625
8.921550
8.943775
8.958375
8.974875
9.019550
9.069200
9.106650
9.139000
9.175900
9.214375
9.234125
9.258400
9.319775
9.345175
9.388950
9.418925
9.443000
9.467425
9.486700
9.504900
9.534675
9.554875
9.571925
9.587025
9.605750
9.629525
9.649400
9.662900
9.674100
9.687975
9.705800
9.719675
9.745075
9.763950
9.783325
9.792575
9.822175
9.842125
9.861375
9.884625
9.900100
9.923600
9.943725
9.960925
9.988675
10.024875
10.040025
10.072975
10.096950
10.138150
10.155275
10.172225
10.182275
10.197450
10.218650
10.233250
10.262525
10.294350
10.321775
10.347950
10.394250
10.497975
10.540125
10.558325
10.581925
10.616100
10.636400
10.641450
10.680450
10.716750
10.750500
10.771825
10.809500
10.826000
10.843750
10.870825
10.886675
10.914700
10.932125
10.956075
10.970800
10.982500
11.004675
11.018375
11.031500
11.041875
11.061050
11.077775
11.098500
11.116150
11.132025
11.162475
11.182100
11.200550
11.216950
11.231450
11.240675
11.260325
11.280925
11.300400
11.319525
11.333775
11.361625
11.386475
11.409875
11.422000
11.435925
11.449525
11.458525
11.468225
11.483100
11.495900
11.512375
11.523975
11.535750
11.548100
11.560800
11.574775
11.590525
11.605800
11.619225
11.633950
11.648175
11.668425
11.680700
11.693375
11.709150
11.719400
11.729775
11.741300
11.756450
11.772575
11.792725
11.815775
11.827350
11.840925
11.859525
11.888025
11.911550
11.930175
11.949925
11.964800
11.983950
12.015675
12.033800
12.046825
12.064500
12.089350
12.115325
12.133300
12.165200
12.181600
12.196275
12.215500
12.228500
12.243300
12.262975
12.284725
12.300775
12.323725
12.345400
12.372925
12.386925
12.412825
12.433450
12.456625
12.472650
12.499200
12.523125
12.556975
12.568525
12.597425
12.610225
12.622450
12.634100
12.661750
12.695375
12.719150
12.737875
12.755125
12.772825
12.801475
12.825475
12.860000
12.914550
12.936450
12.948250
12.967900
12.983975
12.987300
13.014100
13.035350
13.069675
13.116950
13.156850
13.203675
13.237675
13.269150
13.286875
13.304875
13.344200
13.366275
13.387900
13.403900
13.433050
13.466150
13.550750
13.599175
13.627475
13.657750
13.701225
13.738400
13.761875
13.788225
13.821050
13.841350
13.862500
13.880350
13.905600
13.921550
13.948500
13.988150
14.030400
14.076500
14.111375
14.153050
14.168725
14.187275
14.219275
14.232575
14.251350
14.263025
14.280025
14.298825
14.317350
14.340475
14.355550
14.389350
14.407975
14.434150
14.455625
14.486725
14.520775
14.565700
14.597125
14.629050
14.643800
14.668525
14.691600
14.714575
14.774225
14.810525
14.834325
14.865475
14.891775
14.920250
14.938650
14.967225
14.991500
15.013050
15.043275
15.088100
15.115025
15.129950
15.170400
15.190400
15.225600
15.253200
15.292175
15.349175
15.395500
15.515175
15.558875
15.721875
15.750375
15.885000
15.913475
15.985600
16.017850
16.028650
16.042325
16.079675
16.114950
16.125400
16.164650
16.243325
16.311700
16.347050
16.366075
16.385125
16.416575
16.471825
16.496000
16.531225
16.552475
16.577225
16.603875
16.624000
16.645350
16.679025
16.724425
16.777950
16.803725
16.843075
16.862150
16.884725
16.908850
16.923575
16.942375
16.958275
16.986725
17.022950
17.054425
17.132775
17.229500
17.249950
17.294600
17.328900
17.354950
17.368375
17.379625
17.387725
17.398225
17.416475
17.442875
17.475200
17.509875
17.533150
17.558725
17.592000
17.642200
17.702775
17.717500
17.732875
17.750300
17.783300
17.803325
17.828950
17.852925
17.885125
17.916825
17.947800
17.985850
18.034750
18.051450
18.094750
18.117550
18.139075
18.156800
18.179800
18.241875
18.297575
18.341250
18.368900
18.387075
18.395525
18.420600
18.441375
18.459100
18.483825
18.518500
18.542425
18.574500
18.601525
18.620800
18.675125
18.731850
18.758700
18.801675
18.828050
18.841450
18.866625
18.931225
18.956175
18.993325
19.013675
19.078150
19.101225
19.154675
19.524400
19.551675
19.564425
19.582525
19.612725
19.674725
19.694700
19.738500
19.775300
19.810350
19.836225
19.906200
20.001725
20.027725
20.044925
20.067425
20.080825
20.108100
20.122100
20.138350
20.162100
20.179500
20.187500
20.195325
20.207475
20.224125
20.235325
20.259050
20.290700
20.316550
20.365500
20.389300
20.441000
20.478975
20.530650
20.546350
20.571250
20.607300
20.634875
20.650750
20.697950
20.726750
20.745475
20.770150
20.796000
20.827200
20.872575
20.929900
20.965125
21.141550
21.164775
21.208450
21.255175
21.363050
21.457350
21.480075
21.496100
21.523700
21.550600
21.591625
21.615875
21.695925
21.783650
21.818300
21.849700
21.872425
21.914525
21.960400
22.026475
22.102900
22.140275
22.172450
22.210150
22.367700
22.416375
22.477200
22.511650
22.535600
22.561575
22.572375
22.585000
22.599500
22.622300
22.647200
22.666775
22.680175
22.707000
22.733475
22.761625
22.813075
22.836400
22.848300
22.881700
22.889175
22.924400
22.944175
22.971925
22.983150
22.993450
23.002850
23.036125
23.067300
23.111450
23.131400
23.159350
23.176050
23.188625
23.213125
23.223850
23.253400
23.267775
23.294525
23.314075
23.338300
23.363375
23.386675
23.398775
23.416850
23.431700
23.450700
23.475675
23.491025
23.511125
23.545450
23.566050
23.600700
23.611925
23.642750
23.679525
23.717575
23.733300
23.757400
23.773675
23.798400
23.809925
23.830050
23.843075
23.869975
23.906975
23.949300
23.974000
23.986775
24.009375
24.018950
24.046100
24.085175
24.118475
24.150000
24.179450
24.205675
24.255175
24.282325
24.303300
24.324700
24.387100
24.424075
24.452400
24.460850
24.472850
24.489425
24.584725
24.610775
24.658400
24.671525
24.689675
24.705100
24.726825
24.731200
24.743225
24.759100
24.779025
24.790650
24.805950
24.819500
24.830975
24.848200
24.865525
24.885325
24.896650
24.930175
24.948325
24.960950
24.978800
24.989325
25.006950
25.022125
25.040975
25.061500
25.080450
25.094375
25.116275
25.131350
25.150325
25.167950
25.184150
25.193025
25.208625
25.222475
25.233875
25.252075
25.270025
25.284950
25.301800
25.319975
25.336275
25.350500
25.359225
25.368550
25.383275
25.391700
25.406800
25.417325
25.427850
25.444000
25.455000
25.467700
25.478850
25.494175
25.518600
25.539450
25.549950
25.557575
25.560625
25.580175
25.598700
25.612100
25.621825
25.630225
25.638075
25.653675
25.667025
25.680425
25.698950
25.717900
25.733750
25.748850
25.766725
25.786400
25.800050
25.820325
25.834725
25.848750
25.890250
25.929850
25.945075
25.952775
25.958525
25.988375
25.999750
26.007750
26.024625
26.038900
26.049575
26.058975
26.075850
26.090150
26.108000
26.118000
26.128900
26.150600
26.180875
26.197950
26.216475
26.225075
26.231925
26.252300
26.268000
26.279400
26.287025
26.299475
26.338525
26.350200
26.368400
26.383650
26.396025
26.419475
26.426425
26.447750
26.466750
26.489975
26.508075
26.522750
26.539275
26.550100
26.567800
26.584400
26.602125
26.615900
26.630450
26.641550
26.651125
26.669550
26.678750
26.688400
26.696950
26.720900
26.736075
26.746125
26.756225
26.767100
26.773775
26.782075
26.794950
26.813500
26.822600
26.827850
26.834550
26.858425
26.874850
26.886550
26.899950
26.912550
26.925175
26.931825
26.947150
26.968675
26.979850
26.988250
26.997500
27.012275
27.024100
27.033100
27.046050
27.063050
27.073925
27.083975
27.094175
27.100775
27.120300
27.134175
27.145925
27.156800
27.163850
27.177075
27.189700
27.202125
27.222925
27.241725
27.253700
27.266125
27.283300
27.302450
27.313425
27.324725
27.337075
27.349150
27.369200
27.382375
27.392800
27.406950
27.421850
27.441000
27.456750
27.479025
27.494950
27.513950
27.528325
27.540175
27.557725
27.569475
27.584675
27.593475
27.616825
27.633600
27.654500
27.670875
27.685100
27.697800
27.721225
27.735475
27.747175
27.761750
27.778175
27.799625
27.811025
27.840475
27.853575
27.867250
27.879775
27.890575
27.903950
27.911675
27.924050
27.949500
27.973000
27.985975
28.001100
28.009600
28.018625
28.028000
28.043875
28.052925
28.071750
28.084500
28.100400
28.123325
28.138400
28.147475
28.166075
28.184200
28.204850
28.226025
28.242925
28.262800
28.279225
28.290575
28.321000
28.336325
28.355950
28.370975
28.385150
28.399925
28.410175
28.426700
28.446175
28.463750
28.480800
28.501250
28.527225
28.552225
28.566600
28.588325
28.604050
28.616925
28.633225
28.650700
28.671450
28.691475
28.713675
28.733450
28.759450
28.779975
28.794250
28.812750
28.830550
28.854625
28.880975
28.898475
28.916350
28.931475
28.943800
28.953875
28.969325
28.990050
29.014575
29.031450
29.055450
29.075050
29.092150
29.116200
29.138000
29.162425
29.194025
29.219825
29.249675
29.272025
29.291775
29.298000
29.303250
29.319350
29.334675
29.344750
29.358100
29.373725
29.387075
29.398700
29.420425
29.439550
29.451075
29.465875
29.485525
29.505375
29.524150
29.542175
29.565000
29.581850
29.610775
29.624925
29.638950
29.655500
29.670075
29.688450
29.715575
29.732400
29.748925
29.765100
29.774950
29.791050
29.803450
29.814825
29.822625
29.825975
29.905700
29.917200
29.937150
29.949325
29.965375
29.989200
