0.008250
0.019600
0.032725
0.052300
0.059925
0.078350
0.088075
0.100100
0.111625
0.127275
0.140325
0.148750
0.155925
0.163850
0.172350
0.179175
0.190600
0.197800
0.213850
0.228300
0.235600
0.244300
0.250350
0.257300
0.268075
0.311575
0.320025
0.321575
0.344275
0.359300
0.373925
0.384150
0.398650
0.409625
0.421725
0.437050
0.449675
0.454400
0.480850
0.498900
0.504375
0.510075
0.521450
0.525900
0.547125
0.554000
0.565775
0.570975
0.590025
0.603075
0.611275
0.732825
0.749100
0.764900
0.802475
0.846875
0.870950
0.879250
0.890925
0.906050
0.912825
0.920700
0.928325
0.937400
0.964600
0.975650
0.986075
0.998400
1.011825
1.030300
1.045250
1.061625
1.113650
1.124725
1.141475
1.156675
1.209975
1.219225
1.223350
1.230400
1.245675
1.268225
1.287625
1.315150
1.330750
1.362950
1.377900
1.395600
1.409475
1.446625
1.460600
1.477950
1.494200
1.522575
1.531850
1.541975
1.553100
1.565200
1.603750
1.610025
1.621450
1.661800
1.684925
1.702625
1.706300
1.710800
1.731950
1.745600
1.760600
1.767250
1.795725
1.817025
1.828825
1.848175
1.865900
1.875925
1.881550
1.892375
1.899300
1.909250
1.920500
1.926325
1.946650
1.954250
1.960350
1.966725
1.974450
1.988900
2.064425
2.126400
2.160600
2.198400
2.217225
2.242750
2.264000
2.278950
2.298600
2.308100
2.313600
2.318275
2.334400
2.344925
2.353575
2.361125
2.366550
2.438075
2.474550
2.513300
2.530350
2.549850
2.570025
2.589925
2.607825
2.626075
2.645775
2.661150
2.677250
2.685325
2.696850
2.701200
2.706650
2.732275
2.745375
2.755525
2.766475
2.787100
2.811900
2.836075
2.860700
2.894525
2.913650
2.956100
2.970975
2.980600
2.994175
2.997875
3.012600
3.018525
3.023575
3.050025
3.056550
3.063350
3.083625
3.125025
3.143025
3.161275
3.180900
3.239050
3.260000
3.293950
3.310775
3.346375
3.353725
3.364000
3.368700
3.378050
3.396500
3.401475
3.408900
3.416225
3.424650
3.434725
3.451025
3.465600
3.485700
3.504625
3.527175
3.542225
3.560450
3.592450
3.608950
3.654050
3.693350
3.726550
3.743700
3.757525
3.773200
3.796775
3.817100
3.836475
3.855375
3.868025
3.885925
3.904325
3.923025
3.937625
3.945875
3.967050
3.976275
3.985225
3.992000
4.004575
4.018325
4.024550
4.028950
4.035250
4.042875
4.058725
4.076200
4.090075
4.097800
4.112100
4.117275
4.125600
4.131425
4.135275
4.140050
4.151100
4.175450
4.180350
4.185175
4.190225
4.208075
4.223175
4.231050
4.245200
4.263150
4.276600
4.295125
4.332000
4.349075
4.369300
4.412650
4.431100
4.471425
4.485400
4.499800
4.520400
4.538600
4.548675
4.557900
4.564575
4.569000
4.575400
4.588250
4.599275
4.648825
4.680375
4.693100
4.709225
4.733100
4.751700
4.767725
4.783525
4.799000
4.816800
4.830500
4.868225
4.882075
4.900600
4.913875
4.942400
4.958625
4.970900
4.983125
4.992075
4.999275
5.012925
5.018575
5.024450
5.031075
5.048225
5.059350
5.072075
5.083675
5.100550
5.109425
5.116875
5.140675
5.147850
5.154550
5.160275
5.166625
5.178975
5.190450
5.200350
5.204750
5.217625
5.232450
5.237850
5.242900
5.259725
5.269675
5.286050
5.313750
5.329525
5.356150
5.372050
5.387900
5.444350
5.462900
5.503000
5.523300
5.540150
5.556225
5.572575
5.593100
5.605725
5.615375
5.624950
5.631700
5.636750
5.649075
5.655575
5.664100
5.671250
5.677050
5.684125
5.706725
5.724400
5.739175
5.751525
5.770625
5.803375
5.823400
5.837775
5.852775
5.881450
5.903275
5.921325
5.927975
5.934825
5.940475
5.945725
5.950500
5.955250
5.960475
5.971425
6.000750
6.005925
6.014400
6.022650
6.035325
6.042950
6.046950
6.055125
6.064875
6.098675
6.109525
6.113250
6.118925
6.123925
6.136825
6.152875
6.158650
6.219425
6.261350
6.265225
6.304825
6.329825
6.333275
6.339850
6.344025
6.359425
6.363725
6.412850
6.418700
6.425975
6.448125
6.472725
6.500900
6.515150
6.545475
6.559425
6.574975
6.590725
6.601375
6.613500
6.628425
6.685200
6.718500
6.726200
6.733475
6.739950
6.746300
6.756850
6.777825
6.813525
6.851775
6.864825
6.882625
6.896600
6.935950
6.953050
6.970775
6.984425
6.994750
7.013750
7.021075
7.036350
7.048200
7.055550
7.061475
7.087175
7.111925
7.148650
7.168725
7.217800
7.251700
7.265850
7.283425
7.296075
7.313600
7.323175
7.332500
7.339250
7.351675
7.357375
7.367550
7.379450
7.390775
7.395750
7.400800
7.406850
7.412775
7.421200
7.431025
7.444150
7.459625
7.474350
7.485025
7.523550
7.545225
7.564650
7.581425
7.597425
7.615050
7.631325
7.645900
7.657200
7.669225
7.688800
7.705125
7.712325
7.721400
7.739925
7.755950
7.768400
7.780475
7.793550
7.807100
7.825000
7.841875
7.859900
7.882200
7.922050
7.934800
7.949275
7.976050
7.989575
8.007650
8.024225
8.041325
8.059700
8.085750
8.097750
8.103300
8.108750
8.114450
8.121050
8.126225
8.130500
8.135650
8.140200
8.149400
8.181800
8.218550
8.225000
8.230325
8.240825
8.245775
8.261975
8.271375
8.281625
8.303925
8.318800
8.326550
8.349500
8.376475
8.401750
8.418700
8.434900
8.453325
8.472650
8.491025
8.515600
8.548450
8.569325
8.605800
8.622475
8.635100
8.651300
8.665150
8.679800
8.699125
8.719350
8.737675
8.752275
8.767375
8.814675
8.820300
8.826225
8.836200
8.842300
8.848025
8.884700
8.901150
8.907725
8.915050
8.936750
8.950950
8.959750
8.966650
8.984875
9.009900
9.037775
9.052525
9.079100
9.085225
9.111700
9.134175
9.173225
9.187025
9.197825
9.246100
9.261875
9.274675
9.291675
9.306625
9.325275
9.335350
9.344650
9.352475
9.357725
9.372650
9.384450
9.392000
9.403200
9.413225
9.419225
9.473625
9.484000
9.487775
9.508750
9.517725
9.522400
9.531075
9.546150
9.557150
9.563050
9.568175
9.589050
9.600600
9.627000
9.637350
9.661150
9.667325
9.674425
9.685875
9.747700
9.805275
9.832200
9.851650
9.865400
9.894600
9.905400
9.920625
9.955325
9.966250
9.971375
9.977850
9.989600
9.995050
10.000525
10.024250
10.031725
10.052975
10.056975
10.061650
10.065650
10.071325
10.090075
10.102550
10.106700
10.110300
10.119050
10.140600
10.148075
10.170125
10.179500
10.187775
10.193875
10.218775
10.223750
10.269525
10.278800
10.326525
10.357550
10.392025
10.404850
10.410575
10.424150
10.446475
10.454575
10.466775
10.481550
10.495225
10.506800
10.557300
10.598625
10.649975
10.662900
10.679700
10.716600
10.736525
10.749700
10.781750
10.809100
10.822125
10.832950
10.855100
10.883975
10.913350
10.935050
10.955300
10.971950
10.990275
11.012625
11.027450
11.058425
11.079000
11.091900
11.105900
11.134775
11.144125
11.154950
11.165825
11.185175
11.196700
11.202825
11.215800
11.223600
11.232300
11.261525
11.301800
11.320825
11.341650
11.371400
11.406900
11.424925
11.436725
11.466250
11.472100
11.495075
11.499925
11.504625
11.514575
11.525800
11.532850
11.538250
11.545050
11.557175
11.574875
11.589100
11.606475
11.628075
11.644650
11.659925
11.680625
11.697825
11.717250
11.792575
11.802625
11.811950
11.820100
11.826675
11.833300
11.838325
11.843675
11.890975
11.897550
11.904625
11.918725
11.929525
11.941225
11.970175
12.005450
12.021150
12.036950
12.088900
12.115875
12.134225
12.175875
12.190900
12.205775
12.260400
12.267500
12.272375
12.279525
12.304925
12.317075
12.337675
12.384525
12.404100
12.434800
12.493000
12.509525
12.524750
12.539675
12.551050
12.562625
12.574550
12.601350
12.610275
12.629475
12.637600
12.659725
12.668075
12.693275
12.706025
12.734500
12.750175
12.765775
12.782125
12.802975
12.820125
12.831475
12.848400
12.860700
12.884000
12.914825
12.940200
12.955950
12.967950
12.998050
13.009050
13.019725
13.028925
13.038825
13.049075
13.060325
13.073425
13.087350
13.100050
13.131275
13.139525
13.156900
13.167975
13.182975
13.191375
13.198650
13.239575
13.244425
13.248700
13.282150
13.293475
13.298375
13.314975
13.320375
13.335000
13.346375
13.362650
13.390600
13.435975
13.450525
13.519050
13.561725
13.571975
13.587200
13.647700
13.661200
13.694825
13.724150
13.753300
13.767700
13.786675
13.797600
13.808650
13.817700
13.842625
13.864400
13.885375
13.903475
13.915775
13.929075
13.948325
13.959525
13.972250
13.986225
14.003525
14.020275
14.045875
14.065700
14.070625
14.085600
14.092625
14.119700
14.134875
14.147325
14.160225
14.178675
14.195950
14.215650
14.239225
14.252575
14.300225
14.312775
14.326575
14.336425
14.350800
14.359975
14.369850
14.387525
14.414175
14.431050
14.446350
14.461450
14.480475
14.510000
14.533375
14.546475
14.559775
14.584650
14.624150
14.627350
14.638875
14.695950
14.704100
14.721750
14.733775
14.760500
14.783700
14.798850
14.815125
14.832725
14.850625
14.873650
14.933400
14.955225
14.967100
14.980875
15.003350
15.017700
15.038325
15.059150
15.071975
15.078025
15.085850
15.094825
15.101200
15.111500
15.126125
15.161000
15.178825
15.190300
15.205925
15.230825
15.250600
15.290300
15.305650
15.327925
15.346700
15.366775
15.379800
15.396850
15.417325
15.435525
15.466575
15.481025
15.494350
15.507375
15.538925
15.563100
15.570625
15.577000
15.583625
15.591775
15.599350
15.616650
15.633925
15.644475
15.655400
15.664925
15.677900
15.708025
15.718375
15.729325
15.739575
15.748200
15.759650
15.773075
15.784375
15.805875
15.811175
15.820675
15.847350
15.865775
15.886125
15.914500
15.932300
15.947875
15.960425
15.973950
15.986525
16.006300
16.021400
16.036600
16.051175
16.065725
16.077000
16.086875
16.093650
16.101025
16.110250
16.118650
16.126500
16.134725
16.189900
16.196650
16.212050
16.221775
16.233850
16.243425
16.304925
16.321500
16.334875
16.377650
16.416625
16.445525
16.455875
16.462600
16.471475
16.487675
16.493325
16.500175
16.505975
16.511950
16.516825
16.531925
16.539375
16.545375
16.551825
16.569075
16.579600
16.587625
16.603625
16.610525
16.624025
16.630875
16.636950
16.642100
16.647350
16.659725
16.667425
16.675550
16.685025
16.692575
16.718075
16.732275
16.763500
16.784875
16.799975
16.840175
16.873950
16.888950
16.902300
16.924700
16.944125
16.962175
16.993925
17.034650
17.047750
17.061225
17.079700
17.115050
17.124150
17.136525
17.145625
17.157275
17.184100
17.197850
17.235650
17.249575
17.267775
17.284925
17.305825
17.338900
17.365675
17.384025
17.392650
17.400825
17.416725
17.422725
17.427750
17.433425
17.438450
17.466550
17.472600
17.479375
17.551400
17.562050
17.591900
17.599750
17.607150
17.620800
17.633225
17.647775
17.662775
17.676800
17.693050
17.705125
17.722250
17.741000
17.753475
17.765675
17.775700
17.784675
17.803400
17.811250
17.818450
17.827550
17.836325
17.853500
17.864925
17.880025
17.893775
17.908300
17.924150
17.936575
17.947150
17.975200
18.096575
18.110825
18.123200
18.131650
18.151550
18.176350
18.194775
18.235850
18.255675
18.275700
18.290350
18.303600
18.314650
18.328850
18.342050
18.356275
18.373100
18.414875
18.425700
18.435950
18.451850
18.460425
18.477400
18.486650
18.493700
18.499775
18.505750
18.512575
18.519225
18.528300
18.536350
18.547675
18.557475
18.570200
18.580175
18.594925
18.611450
18.645250
18.676775
18.691175
18.744800
18.758575
18.771300
18.802800
18.821050
18.841875
18.856725
18.876675
18.897325
18.950075
18.956500
18.960750
18.965650
18.987525
18.993350
18.998350
19.002800
19.009575
19.014450
19.019725
19.037250
19.042325
19.048825
19.055675
19.069700
19.076150
19.083625
19.111125
19.122750
19.131825
19.143625
19.162075
19.194250
19.217250
19.233750
19.276000
19.294000
19.307425
19.323025
19.340075
19.354725
19.370500
19.384050
19.402675
19.416925
19.433125
19.448775
19.463975
19.483400
19.498900
19.512400
19.524950
19.541550
19.551875
19.579475
19.586000
19.591275
19.603925
19.619750
19.627000
19.645450
19.652750
19.676150
19.686250
19.696625
19.719800
19.730575
19.738200
19.753200
19.759050
19.764000
19.774700
19.798750
19.804925
19.812800
19.835325
19.845600
19.871025
19.896625
19.915225
19.944975
19.994025
20.005025
20.009450
20.014700
20.025725
20.031650
20.050000
20.055400
20.079925
20.114250
20.149775
20.162400
20.174725
20.190850
20.206175
20.225500
20.246100
20.264700
20.279550
20.296725
20.311600
20.328450
20.340900
20.354750
20.373175
20.392400
20.408800
20.427875
20.442875
20.452625
20.462150
20.471225
20.480150
20.494800
20.516150
20.552750
20.569475
20.584225
20.603050
20.621125
20.636825
20.653450
20.677825
20.697875
20.724025
20.741575
20.757250
20.772525
20.791175
20.799975
20.811900
20.819975
20.827400
20.843175
20.850225
20.885775
20.897625
20.915600
20.927375
20.952500
20.961225
20.968375
20.974650
20.980225
20.990775
20.995125
21.000000
21.016725
21.026900
21.036575
21.041075
21.051700
21.058775
21.072800
21.082400
21.115525
21.131525
21.145475
21.162900
21.176275
21.186250
21.216000
21.231600
21.240975
21.253800
21.267125
21.294975
21.314800
21.324325
21.334450
21.342175
21.354200
21.364800
21.373800
21.386125
21.393925
21.402050
21.419375
21.426950
21.435100
21.458200
21.465050
21.479625
21.497800
21.505975
21.519450
21.532800
21.545125
21.559750
21.576125
21.592175
21.608850
21.633350
21.661650
21.685950
21.700525
21.712700
21.721900
21.731925
21.741950
21.754475
21.765800
21.778200
21.791500
21.828075
21.840975
21.854975
21.879100
21.892925
21.911400
21.925575
21.939700
21.952225
21.966625
21.981625
22.003625
22.017050
22.025000
22.034500
22.041650
22.063700
22.076900
22.081300
22.116025
22.123050
22.129850
22.146000
22.162975
22.176450
22.181750
22.193850
22.201200
22.210400
22.242850
22.260800
22.274050
22.278925
22.297375
22.301950
22.312425
22.317950
22.326625
22.340850
22.375850
22.401100
22.414650
22.419800
22.424525
22.435550
22.462825
22.537850
22.547250
22.556300
22.575425
22.590675
22.600600
22.615250
22.642150
22.675975
22.688250
22.707850
22.725775
22.761850
22.788000
22.802125
22.833625
22.847300
22.860050
22.872175
22.885250
22.898875
22.930975
22.947125
22.963500
23.014725
23.045000
23.055200
23.064425
23.087750
23.095575
23.124925
23.132875
23.138625
23.151700
23.208925
23.258975
23.274325
23.309175
23.330275
23.364050
23.377000
23.391350
23.403100
23.411125
23.417050
23.434625
23.443700
23.453725
23.472500
23.485650
23.518100
23.535700
23.571625
23.586700
23.601325
23.624875
23.639675
23.646200
23.670325
23.676925
23.686225
23.700275
23.731775
23.752450
23.769225
23.803850
23.819950
23.850800
23.906275
23.920725
23.952150
23.966175
23.979200
23.996600
24.017400
24.031650
24.048225
24.063875
24.075500
24.089625
24.098850
24.111425
24.122400
24.128700
24.141175
24.147525
24.156775
24.161150
24.165150
24.182100
24.187125
24.199225
24.205200
24.209525
24.226550
24.231900
24.302600
24.314625
24.328050
24.334200
24.360775
24.388125
24.396725
24.426700
24.446650
24.456000
24.470650
24.484600
24.507250
24.524500
24.556975
24.568000
24.586250
24.617275
24.633625
24.687750
24.706025
24.734750
24.762350
24.772650
24.787050
24.799025
24.811800
24.823675
24.838200
24.855650
24.873650
24.905025
24.930075
24.943275
24.977800
25.006825
25.027075
25.045750
25.068325
25.085500
25.108475
25.109925
25.128700
25.145175
25.169200
25.186600
25.202125
25.212600
25.232275
25.238400
25.250075
25.260200
25.266900
25.273950
25.285225
25.294925
25.308225
25.317200
25.328475
25.339775
25.374050
25.405925
25.422175
25.439925
25.453200
25.463575
25.470700
25.487325
25.499400
25.527150
25.556850
25.591725
25.606050
25.623225
25.639750
25.661475
25.675825
25.691950
25.715850
25.736350
25.749150
25.761275
25.780050
25.797775
25.816850
25.838425
25.859250
25.881275
25.900525
25.920575
25.939300
25.958600
25.973825
25.997850
26.017500
26.035325
26.048125
26.070925
26.078825
26.097300
26.102950
26.108125
26.122850
26.134000
26.148525
26.161950
26.179075
26.223250
26.242475
26.262550
26.277050
26.291300
26.302125
26.318950
26.327300
26.335000
26.340750
26.348175
26.353350
26.360975
26.372600
26.396150
26.406350
26.421800
26.432775
26.442050
26.452300
26.459150
26.476450
26.500800
26.517175
26.537900
26.547525
26.561325
26.569150
26.603425
26.613500
26.623575
26.653750
26.670025
26.692000
26.722275
26.733025
26.746200
26.758800
26.772375
26.786050
26.799150
26.822575
26.843700
26.855825
26.890300
26.904650
26.918425
26.936500
26.970025
27.005775
27.018450
27.033475
27.046400
27.062325
27.079200
27.091725
27.108625
27.122375
27.129100
27.134675
27.146725
27.154325
27.160200
27.168375
27.179000
27.187625
27.194850
27.216225
27.238475
27.252000
27.260075
27.271175
27.279975
27.341400
27.394700
27.437550
27.447150
27.454325
27.469375
27.485375
27.497875
27.510225
27.519250
27.530425
27.544475
27.582325
27.621050
27.637175
27.653050
27.666500
27.682200
27.703600
27.720225
27.741250
27.761225
27.777875
27.798475
27.803950
27.809225
27.814500
27.819700
27.824800
27.836100
27.843550
27.849250
27.861675
27.877150
27.900000
27.908550
27.920050
27.949175
27.986625
28.001250
28.019900
28.037150
28.054125
28.069500
28.082525
28.114400
28.128050
28.141950
28.151175
28.162400
28.176425
28.187250
28.203300
28.221150
28.283225
28.291475
28.312700
28.317500
28.321675
28.326650
28.330900
28.352325
28.367600
28.379850
28.391525
28.406875
28.412825
28.418500
28.423925
28.429125
28.436000
28.449025
28.476475
28.487375
28.514100
28.528725
28.542125
28.557450
28.569150
28.589650
28.607425
28.621825
28.638825
28.655500
28.671575
28.689725
28.705450
28.721250
28.728450
28.740575
28.751625
28.758125
28.763325
28.773800
28.794725
28.819400
28.859150
28.875300
28.902200
28.928300
28.942050
28.960150
28.977450
28.988775
29.015700
29.045875
29.063250
29.075175
29.088900
29.105100
29.145025
29.158900
29.189700
29.200700
29.234375
29.248150
29.282975
29.293825
29.307100
29.319750
29.346725
29.359325
29.369600
29.378600
29.385125
29.401650
29.409650
29.420800
29.431100
29.439750
29.449400
29.460250
29.467200
29.507075
29.519275
29.557625
29.570525
29.589375
29.608800
29.624250
29.637250
29.659100
29.671325
29.684375
29.693275
29.710950
29.725075
29.740100
29.750500
29.760000
29.783975
29.790975
29.800475
29.807550
29.817325
29.843025
29.859900
29.866825
29.873750
29.879275
29.886325
29.896850
29.902375
29.908025
29.925075
29.930500
29.943275
29.950225
29.956175
29.963450
29.969000
29.982275
29.988250
29.995000
