0.027325
0.083825
0.376675
0.475400
0.530200
0.535150
0.541600
0.554100
0.845250
0.875775
0.900350
0.918425
0.941400
1.191550
1.236775
1.307125
1.329050
1.454975
1.579725
1.655400
1.805950
1.837275
1.858325
1.884675
1.907125
1.934400
1.971300
2.135000
2.210275
2.330250
2.381150
2.473175
2.643125
2.701800
2.735125
2.767750
2.833150
2.901000
2.928875
3.048625
3.069775
3.093450
3.259650
3.292600
3.531825
3.791625
3.881250
3.897750
3.941925
3.957675
4.162825
4.210100
4.556950
4.724125
5.027600
5.041100
5.063725
5.118150
5.197675
5.329400
5.338300
5.460300
5.490800
5.549625
5.636700
5.677550
5.876650
5.892425
5.958425
6.105450
6.131675
6.177925
6.200550
6.218975
6.293225
6.462925
6.483150
6.500100
6.532975
6.560550
6.585000
6.793200
6.873650
6.893325
6.910350
7.163850
7.248550
7.274450
7.351575
7.513225
7.540825
7.557125
7.686400
7.719250
7.782625
7.805125
7.842800
7.945900
7.967750
8.206350
8.231500
8.259350
8.395775
8.489150
8.605300
8.645850
8.699625
8.768375
8.860100
8.889150
8.969675
8.986025
9.014500
9.030475
9.131950
9.189350
9.338700
9.368300
9.463875
9.568675
9.634650
9.682600
9.696150
9.775825
9.950575
9.977800
10.184250
10.364850
10.452875
10.668825
10.725900
10.995650
11.090775
11.245050
11.378975
11.530000
11.624475
11.700000
11.718300
11.742150
11.796600
11.874450
11.913900
11.937250
12.052525
12.102725
12.131000
12.220625
12.245125
12.277950
12.334000
12.515725
12.568750
12.647775
12.663300
12.677400
12.734700
12.749050
12.937875
13.010500
13.199425
13.274925
13.309425
13.488450
13.513925
13.561125
13.666250
13.772950
13.842025
13.891175
13.983350
14.031200
14.116775
14.154750
14.216325
14.267125
14.295925
14.451250
14.531600
14.587725
14.612100
14.618075
14.646225
14.731175
14.744100
14.764850
14.842350
14.923100
15.028125
15.280300
15.364500
15.447075
15.479000
15.519325
15.644025
15.676600
15.724425
15.755500
15.847050
15.856475
15.920500
15.942525
15.991075
16.032725
16.064125
16.089200
16.126550
16.150125
16.171550
16.313425
16.423075
16.493950
16.573925
16.634200
16.708275
16.733050
16.881725
17.012475
17.123750
17.146025
17.172750
17.226600
17.262975
17.281250
17.324750
17.368425
17.521975
17.589500
17.735250
17.757525
17.780325
17.862625
17.881450
17.931225
18.121550
18.195300
18.237925
18.282700
18.339575
18.361925
18.468450
18.515000
18.597525
18.625075
18.777100
18.817200
18.850800
18.948650
18.972525
19.050175
19.077050
19.126475
19.173200
19.245475
19.317950
19.347625
19.394825
19.461225
19.490800
19.522600
19.639850
19.664950
19.869550
19.879325
19.897125
19.919125
19.995600
20.012375
20.054150
20.229225
20.330775
20.388550
20.429300
20.541325
20.570250
20.767525
20.796800
20.826375
20.973750
21.022225
21.076500
21.097425
21.210175
21.242650
21.264625
21.340475
21.378400
21.393800
21.422700
21.454450
21.474200
21.528675
21.550300
21.630950
21.671375
21.884625
21.955675
21.982900
22.137375
22.157525
22.274850
22.345025
22.385825
22.487475
22.533650
22.617400
22.682550
22.721575
22.799750
22.814725
22.863975
22.958975
23.001950
23.082125
23.218350
23.343225
23.383975
23.442550
23.530025
23.610325
23.634525
23.748575
23.790275
23.815325
23.862175
23.974675
24.025950
24.065200
24.152475
24.192150
24.261675
24.278325
24.296375
24.328050
24.408375
24.423625
24.456175
24.512125
24.562025
24.588850
24.615850
24.667550
24.726575
24.752050
24.807550
24.841150
25.016550
25.057275
25.086050
25.115300
25.140075
25.165475
25.192375
25.290625
25.327750
25.362300
25.378400
25.394525
25.406650
25.433750
25.451900
25.582450
25.641700
25.674275
25.697975
25.732575
25.757900
25.857100
25.895500
25.932250
25.955000
26.040825
26.087975
26.184575
26.217000
26.231825
26.294500
26.359225
26.418800
26.484625
26.511050
26.569425
26.599475
26.676075
26.698675
26.816675
26.862600
26.976925
27.013250
27.051725
27.135950
27.186225
27.201550
27.213500
27.224375
27.320450
27.347600
27.377625
27.446550
27.482275
27.564825
27.587625
27.678275
27.701100
27.748725
27.773800
27.798700
27.861700
27.897425
27.924375
28.006750
28.024400
28.044575
28.211625
28.298325
28.413150
28.455100
28.487575
28.519025
28.542450
28.565600
28.577750
28.692100
28.708100
28.754750
28.840375
28.863875
28.908850
28.932850
28.975425
29.008525
29.086850
29.120150
29.133275
29.161175
29.221475
29.239500
29.272925
29.315025
29.351075
29.365700
29.437025
29.536550
29.569525
29.591450
29.625825
29.685500
29.801075
29.890775
29.896150
29.941375
29.967375
