0.008600
0.035850
0.050400
0.106700
0.190625
0.264025
0.280975
0.330150
0.434150
0.479175
0.489450
0.502375
0.552150
0.637300
0.679200
0.696325
0.770150
0.797950
0.822075
0.838450
0.845075
0.850600
0.855600
0.861550
0.882125
0.965350
0.990325
1.050650
1.110750
1.134700
1.186325
1.338875
1.399025
1.424200
1.568900
1.887075
2.018775
2.063350
2.163725
2.179050
2.199100
2.201925
2.373050
2.380050
2.486125
2.562125
2.588150
2.628350
2.664850
2.739975
2.779500
2.815425
2.840575
2.866700
2.932375
2.988425
3.006750
3.065200
3.091100
3.150850
3.160775
3.196500
3.222200
3.228325
3.269775
3.340100
3.384700
3.422550
3.511450
3.533975
3.561475
3.611450
3.654950
3.740950
3.779650
3.848100
3.854125
3.866575
3.873800
3.887750
3.912675
3.945800
3.959800
3.980850
4.014175
4.131875
4.142800
4.155475
4.180275
4.227175
4.253650
4.281375
4.299550
4.326125
4.527250
4.545925
4.560575
4.574450
4.651150
4.681975
4.688600
4.720000
4.728225
4.778000
4.919375
4.934250
4.946800
5.041525
5.056675
5.100875
5.160625
5.184100
5.239675
5.290175
5.302500
5.343275
5.361325
5.448775
5.499050
5.537475
5.593150
5.632475
5.663950
5.705675
5.718250
5.916975
5.954850
5.967875
5.993350
6.001625
6.014250
6.088975
6.152000
6.187950
6.369200
6.396775
6.434900
6.486900
6.506700
6.546650
6.568325
6.582700
6.661475
6.718050
6.731275
6.787400
6.831775
6.869925
6.898850
6.917300
6.936375
6.943425
6.980175
7.008325
7.039300
7.069300
7.166350
7.209350
7.250575
7.274425
7.327625
7.361725
7.374325
7.390850
7.415825
7.422125
7.460425
7.485725
7.515500
7.573300
7.604650
7.619325
7.645675
7.733325
7.776800
7.873175
7.896900
7.909150
7.948075
7.973475
8.000175
8.019400
8.052475
8.068025
8.077400
8.139575
8.181550
8.210150
8.227600
8.251675
8.307125
8.352800
8.417150
8.446100
8.490850
8.505300
8.546325
8.612650
8.667400
8.716300
8.813075
8.836650
8.848650
8.868575
8.883100
8.963100
8.999650
9.028375
9.134925
9.156800
9.200275
9.211200
9.257875
9.294275
9.307975
9.344450
9.380925
9.467225
9.548600
9.560175
9.620725
9.677925
9.777825
9.798550
9.828150
9.848875
9.886700
9.938225
9.971100
10.008700
10.023625
10.058300
10.067850
10.074650
10.109375
10.151350
10.249250
10.288400
10.388500
10.432475
10.444375
10.457375
10.475450
10.481500
10.512175
10.562150
10.608950
10.639700
10.655725
10.780750
10.782175
10.859000
10.875025
10.900375
10.931525
10.988350
11.006675
11.034375
11.266350
11.302550
11.310150
11.325750
11.421925
11.434025
11.456650
11.556175
11.566600
11.636100
11.689875
11.732575
11.752800
11.785450
11.812350
11.841775
11.864675
11.874925
11.882300
11.896800
11.900075
11.995075
12.025625
12.081375
12.121700
12.132900
12.137450
12.155800
12.188625
12.262075
12.348375
12.371500
12.422525
12.445375
12.466125
12.469475
12.555350
12.634100
12.715875
12.743600
12.765950
12.797775
12.859400
12.892050
12.987125
13.010325
13.029325
13.067725
13.072850
13.081150
13.122800
13.126275
13.148675
13.164350
13.275375
13.306950
13.382875
13.411525
13.419000
13.440000
13.458775
13.483150
13.510375
13.533125
13.565325
13.575575
13.647125
13.664575
13.695100
13.713775
13.743750
13.771400
13.794150
13.849250
13.896650
13.922925
13.942550
13.946350
14.131550
14.160325
14.258700
14.283750
14.295925
14.398225
14.406250
14.479150
14.562875
14.583475
14.602975
14.640950
14.648575
14.678600
14.826575
14.848825
14.869050
14.900050
14.919725
14.947950
14.955825
14.975250
15.112275
15.122850
15.185175
15.292250
15.304800
15.435575
15.520375
15.568250
15.611850
15.625100
15.631750
15.646100
15.674925
15.695475
15.701125
15.833775
15.872825
15.893800
15.922800
15.966975
15.986500
16.147300
16.178900
16.299000
16.414525
16.426700
16.433375
16.458650
16.473125
16.482050
16.486575
16.505475
16.577275
16.605275
16.634950
16.668125
16.704950
16.754150
16.837050
16.860225
16.874200
16.880225
16.905325
16.909625
16.914525
16.932725
16.968225
17.007175
17.038150
17.098600
17.125700
17.146525
17.232900
17.286475
17.360875
17.368500
17.390150
17.401975
17.409750
17.444550
17.514025
17.581500
17.643650
17.707100
17.724550
17.768625
17.781625
17.905175
17.914125
17.931050
17.963925
18.017025
18.035875
18.048450
18.060350
18.159950
18.187425
18.206850
18.241675
18.257650
18.294800
18.329400
18.363875
18.380400
18.431650
18.480950
18.514100
18.535425
18.550275
18.567100
18.601500
18.637025
18.648175
18.656275
18.683100
18.695500
18.729725
18.764200
18.770975
18.832825
18.940250
18.969800
19.243000
19.309275
19.320875
19.374175
19.382500
19.403550
19.417075
19.448050
19.461225
19.471425
19.573175
19.588775
19.658200
19.693725
19.706050
19.718400
19.728775
19.737600
19.753025
19.794600
19.823225
19.859700
19.886750
19.941300
19.976300
19.991325
20.101600
20.142325
20.190650
20.215750
20.250900
20.260025
20.264250
20.272275
20.279375
20.324525
20.332275
20.484525
20.506525
20.546475
20.583800
20.619975
20.703725
20.718900
20.751725
20.880600
20.903375
20.921350
20.948750
21.059200
21.076150
21.129800
21.164200
21.182600
21.213075
21.238550
21.248150
21.259225
21.281675
21.358825
21.414825
21.454000
21.461850
21.474975
21.509275
21.526350
21.540550
21.597300
21.622775
21.629475
21.651700
21.703825
21.727450
21.742725
21.790250
21.827775
21.872350
21.895125
21.939125
21.951900
21.990625
22.006875
22.017175
22.038125
22.057350
22.078575
22.137350
22.166175
22.188600
22.201325
22.271025
22.319350
22.329775
22.398450
22.408475
22.421500
22.474150
22.564050
22.569475
22.591525
22.774775
22.789675
22.798500
22.815475
22.821900
22.838950
22.853475
22.884025
22.904425
22.953050
23.016475
23.176375
23.244875
23.295525
23.312250
23.346450
23.360950
23.375100
23.385025
23.393550
23.431250
23.463000
23.468075
23.572675
23.744875
23.775500
23.822250
23.834875
23.879700
23.956550
24.077875
24.126650
24.326650
24.542950
24.564175
24.629825
24.668325
24.691450
24.737925
24.934725
24.969300
24.991275
25.190925
25.375950
25.390850
25.425850
25.441425
25.451975
25.461200
25.556425
25.636200
25.708675
26.053750
26.078575
26.103350
26.133750
26.145625
26.160775
26.337550
26.369250
26.390250
26.416750
26.466000
26.541775
26.576825
26.645400
26.678150
26.752800
26.834625
26.923275
26.965175
26.993700
27.047000
27.088775
27.121100
27.148775
27.201800
27.227350
27.250650
27.264775
27.291575
27.335700
27.370950
27.384800
27.438650
27.508575
27.520775
27.536900
27.552225
27.588750
27.692750
27.761400
27.783175
27.810650
27.855450
28.037825
28.145150
28.255575
28.308025
28.351600
28.363800
28.489850
28.531850
28.573225
28.587575
28.689525
28.692125
28.733100
28.747750
28.788775
28.813975
28.849525
28.877350
29.004025
29.019650
29.067125
29.085850
29.315075
29.371325
29.384550
29.406350
29.551675
29.578575
29.590950
29.603575
29.635650
29.682200
29.691100
29.721925
29.779025
29.861375
29.962875
29.978150
