0.045975
0.092225
0.105575
0.293225
0.331600
0.352950
0.361675
0.462400
0.551775
0.651350
0.873550
0.910000
1.059150
1.303000
1.347100
1.426300
1.520700
1.532725
1.570075
1.623600
1.740350
1.865775
1.873550
1.972625
2.027925
2.044825
2.054200
2.116825
2.289100
2.419625
2.532400
2.573825
2.604725
2.685000
2.843025
2.869100
2.922950
2.948000
2.985525
3.121075
3.153100
3.335575
3.458350
3.500100
3.576975
3.646975
3.737400
4.228550
4.289550
4.300875
4.361125
4.604100
4.628250
4.653200
4.700850
4.858825
5.002650
5.053125
5.132850
5.146100
5.234075
5.319025
5.355100
5.687150
5.706725
5.726500
5.820475
5.895400
6.116425
6.149175
6.235150
6.290650
6.312925
6.356825
6.377925
6.616900
6.651950
6.666100
6.694400
6.704775
6.830325
6.927625
6.961050
6.968100
7.177300
7.262000
7.355800
7.485750
7.496000
7.520650
7.550475
7.568025
7.870450
7.889875
8.004675
8.070025
8.110675
8.166175
8.205825
8.238875
8.389925
8.414500
8.485050
8.508550
8.556475
8.566475
8.579675
8.717775
8.746875
8.755975
8.789025
8.971225
8.978800
9.012025
9.073450
9.153025
9.255175
9.384200
9.450250
9.470475
9.544475
9.632175
9.643725
9.664450
9.741525
9.758000
9.825400
9.909075
10.030625
10.072325
10.125900
10.489425
10.525350
10.663800
10.727475
10.790475
10.865175
11.133975
11.174950
11.393125
11.406725
11.701475
11.806025
11.865650
11.891300
11.957900
11.996275
12.008525
12.162575
12.207475
12.531300
12.669600
12.810300
12.821825
12.877250
13.503425
13.518025
13.677750
13.706450
13.755550
14.069475
14.144025
14.320400
14.433600
14.447050
14.510350
14.520625
14.901525
15.100750
15.142800
15.169250
15.191075
15.272075
15.291450
15.302275
15.346800
15.401350
15.437300
15.467750
15.611500
15.821375
16.086200
16.144850
16.260100
16.474275
16.730425
16.771100
16.911475
16.915850
16.975725
17.090225
17.186600
17.250900
17.265500
17.467225
17.479525
17.491300
17.534425
17.755425
17.823900
18.183975
18.204525
18.216725
18.296850
18.512575
18.585600
18.657400
18.741950
18.750550
18.808750
19.058075
19.076775
19.380125
19.392175
19.446225
19.463200
19.647500
19.662025
19.719825
19.809450
20.027075
20.035675
20.055100
20.078725
20.107775
20.295225
20.349900
20.572950
20.678400
20.796825
20.815125
20.838825
20.934425
21.093750
21.163825
21.244275
21.252800
21.333450
21.377750
21.401550
21.440600
21.506950
21.545150
21.644800
21.665975
21.724375
21.737325
21.757300
21.930700
21.990125
22.058225
22.097975
22.248275
22.276975
22.344250
22.487075
22.848275
23.086325
23.130825
23.246150
23.288325
23.571200
23.741400
23.875150
23.910175
23.957350
24.160950
24.226975
24.249000
24.360125
24.416200
24.676200
24.732775
24.895725
25.022800
25.145775
25.163350
25.208100
25.246650
25.286925
25.412200
25.511300
25.528400
25.566850
25.679850
25.690075
25.714150
25.723500
25.921375
25.955425
25.961525
25.977275
26.163675
26.441900
26.659850
26.717025
27.081325
27.107825
27.167800
27.365925
27.444525
27.472150
27.612400
27.646425
27.739625
27.842700
28.040700
28.082075
28.251425
28.280225
28.329325
28.369775
28.451750
28.551450
28.690950
28.752725
28.781775
28.859275
28.891400
28.997575
29.149775
29.307225
29.335200
29.489825
29.702575
29.717600
29.731975
29.765925
