0.000875
0.029375
0.066950
0.103400
0.140000
0.209550
0.251900
0.281475
0.309200
0.332250
0.339125
0.344100
0.349425
0.354750
0.359900
0.372225
0.390275
0.425925
0.460200
0.492925
0.527200
0.548925
0.586450
0.623850
0.669725
0.719400
0.754825
0.791875
0.832925
0.867175
0.891075
0.916425
0.944250
0.958925
0.969125
0.986950
1.002225
1.032400
1.066525
1.099575
1.135275
1.170300
1.199225
1.236525
1.270400
1.301050
1.336500
1.372225
1.397650
1.425275
1.452275
1.472350
1.491850
1.549825
1.580025
1.611075
1.652275
1.686950
1.747400
1.785275
1.812250
1.831225
1.871700
1.884750
1.894775
1.907150
1.930675
1.958450
1.979100
2.027550
2.053600
2.088200
2.125625
2.168550
2.195300
2.211475
2.254550
2.275825
2.305275
2.343375
2.361925
2.395975
2.418800
2.435375
2.466075
2.498275
2.532450
2.563125
2.580750
2.606825
2.624125
2.653150
2.700200
2.730525
2.765000
2.779200
2.802325
2.817425
2.832200
2.849775
2.863400
2.887025
2.921850
2.955075
2.989150
3.007225
3.036750
3.076750
3.111925
3.139500
3.159875
3.181725
3.199150
3.216925
3.243875
3.261950
3.270975
3.282275
3.290200
3.295300
3.311000
3.317925
3.327250
3.340950
3.355525
3.376425
3.387300
3.401450
3.422450
3.448925
3.492550
3.512050
3.533725
3.550400
3.567700
3.586375
3.611550
3.625700
3.649075
3.669200
3.690250
3.710375
3.722400
3.732875
3.742800
3.752575
3.774125
3.813050
3.834600
3.879175
3.906300
3.926100
3.938975
3.951800
3.960200
3.970075
3.981450
3.998050
4.019725
4.028925
4.039750
4.053900
4.064650
4.077800
4.095875
4.124675
4.144050
4.182400
4.208475
4.230825
4.255075
4.279150
4.309650
4.325050
4.333325
4.346725
4.356275
4.379575
4.398500
4.415025
4.429775
4.450175
4.471400
4.496050
4.525825
4.539375
4.569625
4.590275
4.621825
4.648550
4.674475
4.684575
4.694700
4.698975
4.702700
4.706625
4.709500
4.719375
4.723175
4.738850
4.761850
4.794625
4.815775
4.847700
4.859900
4.885825
4.917925
4.936400
4.967975
4.986500
5.033325
5.050850
5.070750
5.096800
5.132125
5.156850
5.171875
5.181075
5.195400
5.207225
5.225425
5.255850
5.274725
5.289900
5.315075
5.333100
5.363700
5.371925
5.377275
5.382225
5.388650
5.393275
5.405375
5.409800
5.415225
5.424975
5.453350
5.469050
5.501900
5.540900
5.567700
5.590250
5.609650
5.624450
5.646350
5.675075
5.704350
5.731250
5.750400
5.776775
5.801975
5.825650
5.860850
5.903725
5.926025
5.941750
5.950050
5.956425
5.961775
5.967925
5.974200
5.983425
5.989675
6.005850
6.014925
6.041650
6.060050
6.074475
6.104050
6.139475
6.171625
6.199875
6.222025
6.252250
6.273525
6.307525
6.338350
6.368075
6.385525
6.400350
6.430725
6.451900
6.483775
6.513950
6.540375
6.559425
6.577875
6.588950
6.602025
6.612850
6.630975
6.650950
6.671350
6.689500
6.717400
6.764275
6.797575
6.839950
6.896525
6.936125
6.958050
7.002625
7.026400
7.052500
7.076975
7.105925
7.161200
7.203500
7.225025
7.243550
7.262175
7.278575
7.293050
7.320675
7.352750
7.373275
7.392125
7.415575
7.456225
7.495750
7.515450
7.533625
7.547075
7.557300
7.568275
7.575175
7.579125
7.584850
7.591400
7.597075
7.612725
7.624500
7.644475
7.676000
7.724525
7.753500
7.771075
7.818000
7.842775
7.871500
7.895425
7.920250
7.949175
7.981850
8.012225
8.031125
8.059925
8.102825
8.130425
8.149600
8.166600
8.220425
8.256950
8.285800
8.313900
8.327250
8.337525
8.347625
8.353875
8.361675
8.372900
8.389175
8.411225
8.444450
8.477875
8.509625
8.523100
8.538800
8.564100
8.602025
8.636550
8.666625
8.700400
8.753350
8.803500
8.847525
8.883500
8.915775
8.951175
8.987175
9.007375
9.042350
9.081900
9.105550
9.158725
9.182775
9.188900
9.194025
9.198900
9.203600
9.208200
9.219025
9.224800
9.231000
9.235925
9.277050
9.301075
9.319350
9.336975
9.356400
9.382525
9.403100
9.419500
9.444825
9.480925
9.505225
9.536325
9.574575
9.599350
9.638225
9.667175
9.707050
9.729425
9.757350
9.812425
9.839575
9.861825
9.871300
9.884975
9.902300
9.924275
9.958225
9.987125
10.011875
10.044400
10.072100
10.099750
10.136050
10.183900
10.213300
10.250575
10.283125
10.301450
10.314375
10.324875
10.339625
10.360850
10.381275
10.398025
10.421500
10.445550
10.470525
10.527850
10.559225
10.599575
10.627575
10.671750
10.692900
10.706925
10.716750
10.724900
10.741825
10.762275
10.784075
10.802225
10.824575
10.842700
10.866000
10.889575
10.907575
10.927250
10.962975
10.994300
11.026075
11.081000
11.108500
11.140175
11.173275
11.195850
11.224100
11.252375
11.272975
11.297025
11.344725
11.380650
11.419425
11.478575
11.517425
11.551875
11.581625
11.611700
11.627650
11.647850
11.670275
11.692875
11.734075
11.761975
11.813075
11.842600
11.867975
11.890675
11.948550
11.994450
12.043500
12.063650
12.109975
12.145300
12.164200
12.176325
12.188575
12.202925
12.218625
12.226875
12.254350
12.285700
12.303625
12.341750
12.372400
12.389300
12.416100
12.450825
12.492050
12.549050
12.591350
12.611700
12.625725
12.632125
12.636600
12.644625
12.649075
12.653150
12.656500
12.662300
12.665700
12.669175
12.673450
12.679125
12.685750
12.694000
12.712375
12.743400
12.762800
12.791550
12.804925
12.819225
12.838150
12.862975
12.889525
12.916625
12.938250
12.963675
12.992000
13.010725
13.033200
13.053800
13.084550
13.100025
13.138500
13.166050
13.193975
13.226200
13.272125
13.292475
13.330950
13.361325
13.373075
13.387050
13.395350
13.399550
13.407400
13.414900
13.419375
13.431525
13.438575
13.451325
13.467250
13.491225
13.516100
13.543425
13.564250
13.586200
13.608750
13.637450
13.654100
13.668875
13.694000
13.715275
13.734400
13.758075
13.777925
13.798850
13.814275
13.847650
13.872300
13.887550
13.902200
13.951875
13.973025
14.005225
14.040450
14.080225
14.110225
14.132250
14.142475
14.151875
14.157675
14.163875
14.168075
14.182925
14.194800
14.210975
14.238850
14.251150
14.276400
14.299875
14.333850
14.382000
14.407225
14.428950
14.476350
14.520875
14.547800
14.585850
14.615075
14.638175
14.663550
14.688350
14.689725
14.710275
14.749450
14.789550
14.826950
14.863000
14.899250
14.914100
14.920350
14.926375
14.930850
14.936425
14.945600
14.955450
14.992525
15.022575
15.036950
15.073375
15.098350
15.134975
15.184850
15.234800
15.250675
15.263000
15.271675
15.277400
15.287175
15.293700
15.303600
15.320975
15.331675
15.357500
15.371600
15.398600
15.414450
15.455700
15.481925
15.506825
15.527900
15.554150
15.598450
15.633300
15.677800
15.720675
15.743500
15.761725
15.771250
15.776675
15.782200
15.786575
15.791775
15.795375
15.799125
15.804100
15.810575
15.847025
15.877800
15.892600
15.924600
15.956925
15.990950
16.007875
16.019375
16.029025
16.034800
16.043775
16.049050
16.054125
16.058475
16.063050
16.066975
16.071325
16.074675
16.082500
16.093725
16.123375
16.138375
16.157550
16.167000
16.179500
16.186575
16.192225
16.199975
16.205450
16.211150
16.218025
16.227500
16.245650
16.266975
16.284100
16.305750
16.324275
16.337350
16.353375
16.362325
16.395650
16.424550
16.478150
16.498400
16.523850
16.545150
16.560825
16.570875
16.576800
16.584725
16.592425
16.597350
16.606350
16.647250
16.687575
16.709725
16.730725
16.757125
16.782400
16.808400
16.832400
16.870400
16.913275
16.946050
16.969750
16.989700
17.025050
17.051725
17.063450
17.069150
17.074450
17.079625
17.084725
17.089400
17.097925
17.102475
17.125150
17.152475
17.175650
17.197525
17.242300
17.265825
17.286425
17.306750
17.343850
17.393825
17.414400
17.464075
17.488050
17.512925
17.540300
17.588000
17.610600
17.630800
17.653800
17.697700
17.731950
17.759025
17.806150
17.828375
17.845800
17.855625
17.864600
17.872200
17.879450
17.887075
17.895900
17.909525
17.936600
17.965200
17.999150
18.031025
18.063000
18.083875
18.125900
18.154850
18.199200
18.234150
18.286300
18.328325
18.359725
18.378450
18.388500
18.395900
18.412350
18.445575
18.475575
18.494950
18.517650
18.534200
18.551550
18.580575
18.636750
18.667300
18.708825
18.735650
18.772575
18.786950
18.796475
18.807225
18.817000
18.834525
18.863975
18.891200
18.912725
18.934150
18.962350
19.003350
19.031100
19.071950
19.114875
19.148975
19.182125
19.223975
19.244700
19.252850
19.260425
19.271875
19.279200
19.290575
19.320825
19.341900
19.351775
19.371450
19.393025
19.426250
19.460075
19.472850
19.487225
19.517000
19.550550
19.578200
19.612300
19.633075
19.654200
19.665350
19.672450
19.680975
19.686650
19.691650
19.698900
19.713225
19.729400
19.741950
19.764950
19.783250
19.817075
19.842700
19.865775
19.906700
19.931275
19.962775
20.002000
20.026925
20.050425
20.064300
20.070725
20.082325
20.094200
20.104025
20.111525
20.123850
20.141175
20.179875
20.216325
20.239325
20.262800
20.295250
20.325125
20.376825
20.420950
20.451375
20.481800
20.497650
20.508450
20.515925
20.523875
20.534075
20.571750
20.594975
20.627200
20.659750
20.692175
20.712900
20.755400
20.798775
20.826950
20.851225
20.874500
20.897700
20.935550
20.965600
20.991450
21.005500
21.026875
21.055775
21.090750
21.138125
21.161325
21.185375
21.221175
21.266550
21.304925
21.337475
21.381200
21.400575
21.410525
21.415700
21.420475
21.425525
21.432725
21.444975
21.465900
21.489175
21.528100
21.555875
21.596275
21.621050
21.643575
21.660125
21.684550
21.705575
21.735500
21.767575
21.789175
21.821825
21.840850
21.866175
21.915525
21.945450
21.975375
21.994725
22.009750
22.068875
22.122075
22.143025
22.161850
22.203500
22.246500
22.278650
22.315725
22.335000
22.343650
22.353725
22.366650
22.385325
22.405950
22.430250
22.464425
22.489975
22.501475
22.508950
22.530800
22.546900
22.565775
22.593775
22.613650
22.627500
22.673050
22.715150
22.742275
22.770550
22.820350
22.868400
22.894450
22.941400
22.965225
22.970900
22.977950
22.982400
22.987050
22.992025
22.996650
23.005100
23.012675
23.037825
23.072525
23.097775
23.129200
23.168000
23.204650
23.241850
23.269875
23.340250
23.375550
23.408925
23.426325
23.436000
23.454800
23.470550
23.498150
23.523050
23.561975
23.591975
23.619850
23.644675
23.696550
23.754750
23.767100
23.775025
23.781575
23.788925
23.794900
23.799500
23.803525
23.808675
23.812925
23.817150
23.829375
23.843350
23.877425
23.895225
23.926175
23.948725
23.968025
23.985100
24.004675
24.016775
24.031875
24.041825
24.055500
24.064875
24.080950
24.097025
24.110675
24.126700
24.156525
24.182525
24.208850
24.237550
24.266950
24.287000
24.304075
24.322675
24.342275
24.357625
24.385525
24.403400
24.418775
24.436150
24.445375
24.456625
24.485125
24.498600
24.518950
24.535000
24.549600
24.573100
24.589250
24.602775
24.618350
24.632275
24.656750
24.674925
24.688275
24.705375
24.717575
24.730175
24.745450
24.755550
24.765850
24.774275
24.785525
24.791625
24.802850
24.814850
24.830125
24.842900
24.858375
24.889925
24.904950
24.918375
24.930600
24.939375
24.957000
24.972200
24.992600
25.012400
25.036450
25.056875
25.075400
25.099225
25.115875
25.135275
25.157000
25.168625
25.178925
25.194675
25.219100
25.243875
25.271700
25.302475
25.338350
25.366150
25.390575
25.415000
25.451925
25.472525
25.484350
25.496400
25.509650
25.522500
25.533225
25.547300
25.563000
25.576625
25.599100
25.623550
25.657025
25.685225
25.705275
25.741950
25.763450
25.792725
25.821900
25.867650
25.912575
25.959000
26.008475
26.043925
26.073875
26.118675
26.158800
26.182225
26.203175
26.222475
26.237525
26.259625
26.290725
26.335225
26.391700
26.416175
26.456450
26.477875
26.488000
26.496250
26.504500
26.511100
26.526525
26.563850
26.591100
26.615550
26.637750
26.657625
26.691150
26.706575
26.716175
26.730450
26.751125
26.774200
26.803825
26.858500
26.904875
26.924600
26.966925
27.002225
27.052525
27.101775
27.142325
27.180800
27.202475
27.217250
27.229950
27.241125
27.255100
27.263675
27.275050
27.296475
27.339625
27.357425
27.393075
27.453600
27.480050
27.503075
27.519650
27.529500
27.539775
27.550725
27.559900
27.583825
27.607525
27.630300
27.658175
27.698925
27.750950
27.799950
27.852000
27.885000
27.926675
27.967925
28.003500
28.018775
28.028075
28.037750
28.046925
28.064300
28.092775
28.113925
28.134000
28.156175
28.180725
28.207225
28.242950
28.267600
28.303075
28.336100
28.363000
28.415275
28.453675
28.489250
28.508950
28.526300
28.539025
28.560675
28.583325
28.606425
28.650600
28.682850
28.707150
28.735925
28.814725
28.833975
28.839775
28.846350
28.851100
28.857000
28.863875
28.869625
28.875025
28.885450
28.895550
28.904950
28.911450
28.916650
28.922175
28.939400
28.954925
28.988300
29.021675
29.051225
29.077675
29.106650
29.122450
29.171050
29.203700
29.234300
29.275400
29.308100
29.363950
29.397025
29.429900
29.451900
29.470775
29.488900
29.504950
29.524425
29.549500
29.578400
29.602800
29.649125
29.678375
29.729250
29.761625
29.787725
29.811800
29.838600
29.853225
29.875675
29.896475
29.917150
