0.074850
0.106075
0.135050
0.179175
0.324925
0.335400
0.342500
0.347650
0.356650
0.372125
0.392300
0.397450
0.450450
0.504325
0.526600
0.637775
0.828875
0.885475
0.954300
0.958275
0.964625
0.965850
0.970350
0.992100
1.007550
1.011275
1.040400
1.056325
1.066725
1.134000
1.245575
1.248775
1.272350
1.402800
1.433375
1.503900
1.518550
1.571875
1.637975
1.653050
1.681425
1.723450
1.741200
1.790450
1.830900
1.854600
1.866075
1.936300
1.950850
1.962575
1.995525
2.105150
2.148175
2.295750
2.348400
2.372000
2.421175
2.442700
2.489600
2.505225
2.524900
2.700700
2.724825
2.801525
2.830075
2.847475
2.928500
2.955475
2.965600
2.973675
2.998600
3.007950
3.162300
3.244450
3.310225
3.327200
3.373200
3.393750
3.450325
3.505475
3.579100
3.673125
3.812200
3.864200
3.894425
3.924250
4.028325
4.133350
4.137125
4.141425
4.153250
4.161175
4.167900
4.285250
4.347900
4.414800
4.426875
4.451275
4.483625
4.533825
4.545475
4.559750
4.592825
4.641775
4.719225
4.738200
4.767100
4.822825
4.847900
4.854275
5.052275
5.119725
5.180625
5.194250
5.225925
5.277000
5.337075
5.359000
5.379800
5.402975
5.465750
5.476700
5.494600
5.505175
5.541475
5.585850
5.613025
5.697100
5.744325
5.763850
5.772425
5.773975
5.789775
5.808575
5.824700
5.896925
5.902050
5.938375
6.013900
6.032875
6.088400
6.124475
6.260275
6.289150
6.315250
6.511875
6.575600
6.592800
6.605350
6.614300
6.622125
6.630425
6.671525
6.677725
6.684650
6.793800
6.803525
6.984000
7.026025
7.074250
7.104325
7.120375
7.130100
7.135925
7.143475
7.198325
7.231725
7.261925
7.283525
7.314775
7.330450
7.343100
7.365850
7.397650
7.436950
7.469125
7.655400
7.833250
7.854800
7.941000
7.958225
7.998800
7.999725
8.051675
8.162750
8.247100
8.274900
8.304425
8.318675
8.342325
8.368300
8.375775
8.425275
8.458275
8.491725
8.524300
8.651450
8.783700
8.909575
8.929625
8.947850
8.964050
9.016150
9.053925
9.059525
9.067350
9.075975
9.109600
9.205000
9.390700
9.471725
9.553900
9.667025
9.693625
9.712050
9.795825
9.802000
9.828650
9.985125
10.055475
10.157750
10.240125
10.413725
10.437875
10.516100
10.521250
10.559450
10.573025
10.803725
10.888175
10.919975
10.944325
10.952975
10.954975
10.967500
10.994975
11.001725
11.019350
11.026650
11.032000
11.035550
11.041975
11.090925
11.117350
11.134250
11.150200
11.170425
11.180475
11.212600
11.275150
11.298900
11.386225
11.404600
11.408050
11.415225
11.506000
11.538625
11.576875
11.647775
11.667275
11.739300
11.769375
11.782725
11.826025
11.916975
12.011625
12.070500
12.110750
12.163450
12.257200
12.363875
12.382175
12.412550
12.462225
12.497800
12.698075
12.715550
12.755350
12.848625
12.850050
12.910375
13.055250
13.103350
13.158900
13.201625
13.242275
13.250350
13.262150
13.271925
13.278100
13.339175
13.353225
13.370050
13.391275
13.446425
13.458900
13.540375
13.550725
13.567600
13.610250
13.625025
13.627650
13.641175
13.738525
13.747050
13.826175
13.921175
13.998925
14.003675
14.067900
14.075950
14.091075
14.104625
14.183325
14.197200
14.235200
14.282450
14.442525
14.485725
14.499600
14.535925
14.554900
14.566775
14.600150
14.650075
14.702450
14.719650
14.785925
14.839900
14.855050
14.868700
14.875900
14.880250
14.893000
14.919850
14.931325
14.941300
14.946625
14.970250
15.097000
15.110650
15.120925
15.248250
15.312750
15.439225
15.455550
15.519175
15.533750
15.562900
15.592175
15.604225
15.655350
15.778725
15.839875
15.863950
15.897575
15.943100
16.000700
16.071650
16.096975
16.104900
16.128250
16.137600
16.143250
16.170800
16.195725
16.208450
16.250800
16.260700
16.270025
16.279225
16.289950
16.336775
16.367325
16.373075
16.382900
16.546025
16.563875
16.667350
16.691225
16.767625
16.788425
16.795650
16.805125
16.832600
16.854550
16.906125
16.909925
16.917525
16.965625
17.018650
17.093675
17.104275
17.153850
17.163250
17.236800
17.259125
17.386100
17.399425
17.460950
17.488375
17.520800
17.584375
17.620450
17.662700
17.789150
17.841075
17.924875
17.937325
17.947600
17.955550
18.054975
18.067950
18.114000
18.165400
18.191200
18.239150
18.275050
18.294225
18.348800
18.447375
18.451400
18.455075
18.460425
18.467125
18.485800
18.531175
18.573475
18.617100
18.685925
18.735450
18.754575
18.778000
18.791575
18.813925
18.851250
18.872950
18.973925
19.005100
19.012275
19.019350
19.025100
19.032225
19.084125
19.100625
19.117800
19.143650
19.153950
19.218575
19.256200
19.276600
19.298075
19.320475
19.343975
19.367850
19.403725
19.430675
19.473525
19.511925
19.558775
19.569100
19.606100
19.649600
19.659950
19.706150
19.731825
19.743750
19.756675
19.792900
19.808200
19.820850
19.887475
19.970675
20.083675
20.156925
20.182525
20.224000
20.245350
20.268750
20.302225
20.308500
20.326275
20.333875
20.349675
20.386925
20.396925
20.417350
20.436975
20.523775
20.555525
20.675675
20.701350
20.795875
20.801750
20.829275
20.834225
20.847525
20.928000
20.941675
21.060125
21.077800
21.108100
21.269475
21.329200
21.332800
21.341125
21.348175
21.402625
21.464825
21.497775
21.528475
21.661600
21.714950
21.756425
21.770150
21.783850
21.812150
21.829075
21.879325
21.894925
21.952700
21.966450
21.987475
22.007850
22.073025
22.105500
22.142700
22.183400
22.200625
22.259025
22.278875
22.347975
22.412700
22.436775
22.565775
22.577250
22.613950
22.700275
22.743600
22.765125
22.774950
22.781575
22.848275
22.998625
23.137625
23.152500
23.166375
23.183300
23.193375
23.223300
23.242025
23.251100
23.316500
23.337550
23.379800
23.420325
23.461225
23.491400
23.512500
23.672200
23.685050
23.704525
23.818000
23.878700
23.996175
24.024775
24.218775
24.304950
24.317925
24.376400
24.386350
24.396100
24.455925
24.498325
24.533625
24.551750
24.588125
24.617175
24.652100
24.699250
24.707875
24.742125
24.775375
24.812050
24.819125
24.889725
25.078750
25.100900
25.155000
25.178700
25.227600
25.250450
25.283825
25.388125
25.461025
25.473325
25.512775
25.522550
25.554575
25.574800
25.606225
25.661100
25.712150
25.731475
25.738850
25.782375
25.809400
25.869400
25.908700
26.002200
26.047875
26.094650
26.112650
26.139250
26.186100
26.232800
26.255100
26.306650
26.343775
26.391475
26.410200
26.418850
26.474625
26.509350
26.539525
26.557850
26.571525
26.579425
26.584450
26.628150
26.686925
26.702775
26.897575
26.950300
26.965525
27.015825
27.162350
27.181775
27.196350
27.301325
27.322875
27.331650
27.338250
27.348600
27.410350
27.429375
27.519050
27.539375
27.576350
27.613850
27.616750
27.748800
27.768300
27.784675
27.819450
27.824900
27.839275
27.891975
27.903350
27.929050
27.946100
27.972775
28.040525
28.057000
28.069825
28.073475
28.185175
28.202175
28.266500
28.402375
28.446825
28.528050
28.625375
28.656800
28.677675
28.689650
28.740775
28.747275
28.792800
28.852000
28.858525
28.870625
28.878250
28.891500
28.932125
29.050750
29.075975
29.123375
29.336800
29.414275
29.458050
29.520175
29.573400
29.736875
29.763100
29.780975
