0.009825
0.028275
0.042900
0.056125
0.069425
0.077450
0.083700
0.089525
0.096350
0.102700
0.108550
0.113650
0.119575
0.125075
0.132600
0.152425
0.169450
0.184375
0.195975
0.210125
0.230625
0.250550
0.270600
0.291750
0.309375
0.328125
0.344200
0.364175
0.380325
0.394875
0.409825
0.425500
0.438325
0.452325
0.464000
0.471750
0.480750
0.489650
0.499650
0.510150
0.520950
0.535200
0.549200
0.566200
0.580175
0.598125
0.616025
0.641025
0.654600
0.672400
0.685875
0.703250
0.721525
0.738500
0.755000
0.767275
0.784150
0.803475
0.822175
0.847425
0.862950
0.883600
0.906200
0.918225
0.927350
0.935875
0.942900
0.949775
0.956900
0.963975
0.972750
0.983125
0.995150
1.004650
1.014475
1.024475
1.035075
1.043275
1.051950
1.061025
1.070225
1.080150
1.091550
1.100700
1.110325
1.120575
1.134675
1.150025
1.166875
1.184175
1.207200
1.220325
1.238825
1.258275
1.276525
1.294950
1.313275
1.330375
1.349650
1.366750
1.383525
1.401025
1.424600
1.441975
1.453725
1.468000
1.479750
1.491325
1.503075
1.512325
1.522325
1.533700
1.544775
1.557350
1.570050
1.585900
1.600125
1.621650
1.638775
1.654375
1.675000
1.692475
1.708225
1.722350
1.737375
1.755400
1.772125
1.805525
1.819675
1.833400
1.860200
1.878350
1.888675
1.897250
1.906450
1.912750
1.918650
1.925450
1.931400
1.937875
1.943425
1.949950
1.958125
1.965050
1.976425
1.987675
1.998475
2.016625
2.031900
2.042800
2.061700
2.084050
2.107300
2.127875
2.145925
2.161475
2.181725
2.198175
2.217200
2.239300
2.252175
2.267800
2.283325
2.308075
2.320550
2.328550
2.337625
2.343925
2.349575
2.355900
2.362175
2.367975
2.375000
2.382700
2.390975
2.402050
2.411900
2.422275
2.433350
2.446600
2.468975
2.488025
2.501550
2.527150
2.545550
2.559275
2.575175
2.592825
2.612250
2.631025
2.651350
2.670800
2.693575
2.715150
2.732125
2.747650
2.765250
2.783050
2.799800
2.814225
2.832250
2.847100
2.863425
2.876900
2.897300
2.913875
2.934000
2.945050
2.958025
2.965750
2.972975
2.979825
2.985925
2.996625
3.002225
3.008000
3.013900
3.019800
3.025975
3.034425
3.042675
3.051900
3.065900
3.083125
3.100100
3.117650
3.133825
3.148175
3.170775
3.188225
3.208675
3.230575
3.244750
3.263400
3.280700
3.294450
3.308475
3.319350
3.328625
3.338250
3.361675
3.373050
3.382650
3.393750
3.422725
3.438650
3.459700
3.479150
3.499175
3.514925
3.529975
3.549800
3.569700
3.589625
3.609850
3.626275
3.647300
3.663200
3.679600
3.696275
3.708575
3.717350
3.724925
3.738100
3.744750
3.750675
3.755450
3.761675
3.769375
3.775950
3.783775
3.792300
3.804075
3.820825
3.837350
3.858550
3.873900
3.890350
3.908075
3.924525
3.946925
3.965475
3.987050
4.004425
4.022400
4.045700
4.062600
4.084100
4.101225
4.119275
4.137800
4.154800
4.169200
4.181500
4.210950
4.223500
4.238825
4.248750
4.257125
4.263050
4.268925
4.275300
4.281475
4.286800
4.292175
4.298325
4.304025
4.309775
4.317025
4.322750
4.329300
4.335850
4.344550
4.353200
4.360950
4.369250
4.388025
4.397750
4.406875
4.415200
4.428700
4.441675
4.454725
4.471575
4.484825
4.501775
4.517100
4.532075
4.547950
4.567950
4.589800
4.612050
4.627650
4.641575
4.661650
4.680000
4.701725
4.729150
4.750175
4.767175
4.784250
4.803975
4.822400
4.845525
4.860350
4.873275
4.883100
4.890750
4.903525
4.915650
4.921275
4.927575
4.933925
4.942000
4.951700
4.961675
4.972350
4.988575
5.003850
5.016775
5.033750
5.046050
5.060950
5.071900
5.082850
5.098975
5.112075
5.126075
5.138275
5.154450
5.172000
5.189275
5.208425
5.225675
5.246025
5.266000
5.282325
5.304075
5.342825
5.376525
5.396550
5.412950
5.425375
5.439250
5.449125
5.456700
5.463050
5.468475
5.473400
5.478925
5.484200
5.488900
5.494350
5.499750
5.505075
5.511125
5.516225
5.522175
5.528950
5.537175
5.567525
5.587400
5.609300
5.637350
5.662975
5.682875
5.700175
5.723550
5.746075
5.770775
5.792450
5.813775
5.831400
5.845225
5.863650
5.888900
5.907375
5.927600
5.950150
5.969525
5.987975
6.016525
6.031875
6.052750
6.071025
6.084600
6.099000
6.112250
6.124400
6.138525
6.155125
6.168350
6.184325
6.202625
6.220025
6.242575
6.256475
6.281025
6.296825
6.312025
6.328725
6.347000
6.362925
6.381700
6.405450
6.422675
6.437525
6.457325
6.473950
6.487800
6.502375
6.515650
6.526800
6.536025
6.545375
6.552900
6.560200
6.568550
6.576100
6.583700
6.591625
6.598100
6.604625
6.611000
6.616450
6.622925
6.629475
6.636825
6.644300
6.655025
6.666025
6.683925
6.704350
6.720650
6.740625
6.761975
6.777800
6.796175
6.817800
6.833625
6.853825
6.872825
6.889500
6.905875
6.926125
6.938550
6.954450
6.970925
6.989100
7.011700
7.023675
7.034375
7.043275
7.050475
7.056525
7.064425
7.071225
7.077050
7.082875
7.088925
7.095800
7.102250
7.111150
7.124975
7.138275
7.152550
7.165600
7.179050
7.192000
7.205500
7.220575
7.243675
7.260325
7.278625
7.291900
7.305350
7.317100
7.330500
7.341725
7.356250
7.371900
7.385950
7.404025
7.423300
7.444125
7.461975
7.484625
7.498325
7.517125
7.535500
7.552750
7.569475
7.587700
7.611300
7.629250
7.645625
7.657750
7.666575
7.675325
7.682275
7.688575
7.694875
7.701450
7.708350
7.717475
7.726725
7.738475
7.750750
7.767275
7.786425
7.801625
7.819225
7.836550
7.855150
7.871125
7.886000
7.901275
7.921175
7.936625
7.956725
7.974450
7.993550
8.009275
8.027650
8.041100
8.057475
8.075775
8.091025
8.105475
8.118750
8.136550
8.155275
8.172275
8.193850
8.214650
8.248500
8.268375
8.288050
8.305975
8.326825
8.341800
8.360825
8.377450
8.392275
8.407450
8.427200
8.442625
8.461050
8.467800
8.473050
8.478350
8.483650
8.488675
8.494050
8.499025
8.505000
8.510050
8.515350
8.521025
8.526800
8.532325
8.538700
8.546000
8.553175
8.561050
8.572325
8.586200
8.603750
8.619725
8.636875
8.656200
8.674525
8.691200
8.708725
8.724750
8.743200
8.758200
8.766650
8.777900
8.799750
8.805525
8.811050
8.816650
8.821125
8.826700
8.832550
8.843025
8.847675
8.852225
8.857250
8.862000
8.866975
8.871325
8.876850
8.881925
8.887625
8.892725
8.902750
8.908050
8.913850
8.918825
8.924500
8.930500
8.937500
8.944250
8.950750
8.957000
8.963800
8.977075
8.988950
8.999500
9.011275
9.025950
9.037300
9.048600
9.061850
9.074200
9.084450
9.094075
9.103350
9.111375
9.119275
9.128825
9.140650
9.160800
9.173200
9.184050
9.200300
9.220775
9.241075
9.256900
9.283550
9.298600
9.324675
9.340500
9.357825
9.371650
9.386650
9.418550
9.427275
9.434125
9.440300
9.446525
9.451850
9.457000
9.461225
9.466025
9.471350
9.476150
9.486075
9.492000
9.496700
9.502450
9.509400
9.516500
9.525650
9.536700
9.551925
9.567500
9.583450
9.602425
9.620000
9.638575
9.656500
9.670725
9.687125
9.701650
9.722775
9.743225
9.765975
9.785225
9.803275
9.821200
9.833425
9.843050
9.852950
9.860475
9.867050
9.873075
9.879300
9.885600
9.892225
9.899250
9.912525
9.918875
9.925350
9.934325
9.943825
9.952475
9.963275
9.976575
9.999250
10.017225
10.056925
10.078450
10.102400
10.123350
10.140125
10.161875
10.185925
10.207250
10.227600
10.265850
10.282250
10.296350
10.305950
10.319050
10.326700
10.333300
10.340350
10.346600
10.353550
10.359425
10.366600
10.374150
10.398775
10.410425
10.432275
10.446325
10.466150
10.484850
10.503475
10.532925
10.554175
10.569125
10.590375
10.605600
10.617800
10.629175
10.636075
10.644100
10.651625
10.659925
10.667725
10.674300
10.680450
10.687900
10.693775
10.700550
10.709600
10.719725
10.729825
10.744925
10.759250
10.776425
10.793150
10.814500
10.835150
10.861375
10.885725
10.905025
10.927325
10.945675
10.957350
10.974900
10.986850
11.004525
11.020125
11.028575
11.042375
11.047225
11.051775
11.056700
11.067500
11.072950
11.078775
11.084125
11.089975
11.095675
11.101775
11.108825
11.115700
11.122100
11.137900
11.150875
11.158675
11.167600
11.180650
11.193300
11.206700
11.232800
11.242050
11.253925
11.265475
11.276625
11.288775
11.307900
11.327275
11.342650
11.363425
11.389575
11.405775
11.437075
11.451975
11.471500
11.487875
11.510100
11.530975
11.551825
11.567775
11.580450
11.591475
11.599950
11.608475
11.615700
11.622100
11.629550
11.636350
11.643425
11.653025
11.664375
11.679150
11.693000
11.710875
11.727000
11.749075
11.768150
11.786500
11.802625
11.818500
11.839325
11.856475
11.877750
11.896700
11.911050
11.924800
11.934350
11.943400
11.950725
11.956450
11.961600
11.966500
11.972025
11.977825
11.984450
11.991225
11.999700
12.007775
12.019525
12.029775
12.042375
12.061775
12.080075
12.094275
12.110525
12.128075
12.176275
12.190625
12.211300
12.229500
12.251025
12.270250
12.290675
12.306600
12.321350
12.338225
12.364375
12.382475
12.400375
12.421250
12.438350
12.453175
12.475075
12.491475
12.502800
12.510375
12.515625
12.520975
12.526375
12.531225
12.536400
12.541650
12.546050
12.551575
12.557275
12.563350
12.571650
12.580150
12.588500
12.597475
12.608850
12.627325
12.647300
12.670250
12.691625
12.708850
12.730350
12.754200
12.773775
12.794150
12.809550
12.828825
12.852450
12.871300
12.893475
12.909675
12.924100
12.946425
12.963750
12.981725
12.998275
13.010675
13.022325
13.030850
13.039500
13.045650
13.052325
13.061125
13.068150
13.076875
13.086550
13.105400
13.116575
13.135975
13.152150
13.181775
13.203175
13.217025
13.236500
13.253725
13.276025
13.290650
13.311750
13.329475
13.346350
13.362675
13.376875
13.386275
13.393350
13.399150
13.404475
13.409900
13.415200
13.425450
13.430950
13.436375
13.441325
13.446950
13.454275
13.461075
13.468900
13.482900
13.495125
13.510375
13.530975
13.549575
13.573450
13.597000
13.614525
13.639375
13.661550
13.681575
13.700250
13.716175
13.737275
13.755850
13.771025
13.779850
13.787475
13.794225
13.801175
13.808175
13.814800
13.822125
13.828550
13.835275
13.841400
13.848700
13.855700
13.863450
13.871700
13.883150
13.894000
13.904500
13.918325
13.936850
13.951525
13.972475
13.991500
14.014850
14.034475
14.048525
14.066525
14.089825
14.108675
14.131550
14.147500
14.167450
14.183775
14.199750
14.215725
14.225300
14.234650
14.241200
14.247200
14.252700
14.258250
14.263425
14.268575
14.273725
14.278750
14.284000
14.295625
14.302250
14.311775
14.322750
14.334675
14.353150
14.375975
14.397475
14.415875
14.456200
14.473125
14.491375
14.514125
14.532600
14.543950
14.551675
14.558625
14.564900
14.577425
14.583125
14.589000
14.594900
14.601375
14.607750
14.614375
14.625325
14.634200
14.647450
14.664325
14.679325
14.695975
14.715925
14.739225
14.759900
14.779900
14.801825
14.823200
14.843625
14.867125
14.883225
14.900150
14.915950
14.927500
14.934975
14.942000
14.948025
14.954600
14.959250
14.964675
14.969400
14.974750
14.979375
14.984750
14.990625
14.995675
15.001825
15.008300
15.014425
15.020525
15.028300
15.044875
15.065425
15.082775
15.093750
15.107125
15.126450
15.150050
15.174650
15.187900
15.203325
15.225625
15.247575
15.267125
15.288500
15.301150
15.322225
15.345225
15.374225
15.391550
15.409975
15.429025
15.446975
15.466675
15.491450
15.510725
15.527900
15.547425
15.564925
15.585300
15.600900
15.622375
15.636225
15.654050
15.669575
15.689175
15.708250
15.726775
15.744025
15.781950
15.797650
15.813700
15.834625
15.855800
15.872675
15.892925
15.911800
15.931725
15.946300
15.961025
15.976600
15.995875
16.019925
16.038800
16.058000
16.074175
16.092325
16.106875
16.122700
16.136950
16.152425
16.167600
16.183100
16.194500
16.202700
16.209850
16.216550
16.222400
16.228600
16.235225
16.241075
16.247150
16.253600
16.259875
16.266675
16.274275
16.297450
16.305325
16.312775
16.321975
16.330750
16.340175
16.347425
16.355025
16.365325
16.376300
16.388900
16.402825
16.416500
16.434975
16.452650
16.473900
16.493425
16.509725
16.533450
16.554150
16.577600
16.594725
16.611500
16.632225
16.650750
16.669575
16.690950
16.709425
16.731575
16.752475
16.764225
16.776150
16.791250
16.802950
16.812050
16.823650
16.834025
16.841475
16.848150
16.857225
16.863475
16.868950
16.873650
16.878325
16.883200
16.888725
16.893850
16.900125
16.905950
16.911500
16.917625
16.925075
16.931400
16.937125
16.943375
16.950125
16.957750
16.969425
16.979675
16.988075
17.014125
17.035900
17.059175
17.078475
17.102300
17.124100
17.144900
17.164825
17.181200
17.198550
17.221075
17.242125
17.264125
17.279225
17.291125
17.298450
17.304875
17.310100
17.314775
17.319775
17.324650
17.330175
17.335500
17.341100
17.346450
17.352750
17.359000
17.366800
17.375450
17.387675
17.399525
17.410600
17.426450
17.440575
17.455025
17.467950
17.490500
17.508925
17.525525
17.543175
17.559875
17.579100
17.598525
17.623675
17.639050
17.655350
17.673125
17.690450
17.709200
17.731425
17.752850
17.770500
17.789300
17.807975
17.825475
17.839025
17.846650
17.852175
17.857450
17.862625
17.867100
17.871450
17.875650
17.879750
17.884025
17.893650
17.898725
17.903675
17.909075
17.916100
17.923175
17.931625
17.954300
17.983600
17.998300
18.017925
18.037225
18.056500
18.070650
18.088800
18.114050
18.129650
18.146575
18.170000
18.193250
18.215200
18.230275
18.255000
18.271100
18.292825
18.312650
18.331300
18.351625
18.371550
18.391350
18.402975
18.412425
18.421375
18.432450
18.445875
18.460725
18.476275
18.490375
18.510575
18.528950
18.547850
18.561275
18.585100
18.603775
18.621850
18.640850
18.655700
18.674750
18.692675
18.710325
18.729375
18.749550
18.764925
18.783975
18.799850
18.820625
18.839225
18.854075
18.867075
18.880125
18.893700
18.911175
18.925700
18.942825
18.961625
18.977775
19.000825
19.019300
19.037375
19.057800
19.082125
19.118900
19.132850
19.149175
19.170925
19.196150
19.211375
19.231875
19.253300
19.280950
19.301700
19.323375
19.344100
19.359900
19.374125
19.395175
19.409850
19.426625
19.442250
19.462250
19.479375
19.496100
19.518375
19.537925
19.580200
19.598850
19.619975
19.638575
19.655550
19.679750
19.699825
19.725125
19.743475
19.759150
19.775250
19.789175
19.806750
19.826000
19.840475
19.858850
19.873550
19.888150
19.901350
19.913075
19.928000
19.943125
19.959850
19.975250
19.996700
20.015275
20.038825
20.058350
20.078025
20.097875
20.117350
20.134675
20.154375
20.176275
20.194100
20.220350
20.244150
20.264050
20.281125
20.298625
20.314050
20.326125
20.346300
20.361325
20.377700
20.389350
20.402475
20.411975
20.419750
20.427375
20.433950
20.439825
20.446800
20.452150
20.458325
20.469850
20.475650
20.481275
20.487375
20.492325
20.498800
20.505550
20.511825
20.517775
20.526050
20.534575
20.544900
20.555300
20.568925
20.587975
20.607675
20.625650
20.640500
20.658925
20.678000
20.694275
20.710975
20.725875
20.740175
20.751650
20.763275
20.770725
20.777575
20.784000
20.789975
20.794925
20.804775
20.809775
20.814925
20.820300
20.825050
20.830175
20.836175
20.841275
20.846050
20.856525
20.863025
20.869400
20.875650
20.880725
20.886675
20.893950
20.899525
20.906175
20.912725
20.920625
20.928100
20.938875
20.951475
20.966175
20.988075
21.006975
21.027475
21.043425
21.061675
21.077550
21.100500
21.120025
21.135525
21.150925
21.165850
21.184400
21.198450
21.213925
21.230650
21.247825
21.261850
21.269500
21.276825
21.283725
21.290475
21.297600
21.303425
21.308725
21.314525
21.321025
21.327750
21.336625
21.345200
21.355250
21.363400
21.371800
21.379325
21.394800
21.402225
21.408275
21.415025
21.421700
21.427800
21.440250
21.445975
21.452800
21.459450
21.466700
21.476350
21.483625
21.492025
21.501100
21.515775
21.527550
21.542000
21.557700
21.575375
21.592125
21.621525
21.641575
21.659600
21.677675
21.695150
21.716975
21.735025
21.764650
21.776975
21.794225
21.804400
21.812600
21.819350
21.824625
21.829850
21.835600
21.840775
21.845800
21.851275
21.856600
21.861500
21.866700
21.872375
21.878350
21.889800
21.896450
21.904125
21.912675
21.921400
21.931625
21.945750
21.960600
21.973525
21.986575
22.005300
22.027650
22.046350
22.068750
22.091625
22.110700
22.145625
22.165325
22.184175
22.200450
22.214050
22.229900
22.249175
22.261625
22.269825
22.275750
22.281600
22.287150
22.292925
22.297600
22.302825
22.307900
22.313325
22.325525
22.332925
22.342325
22.352100
22.365975
22.381900
22.398850
22.419150
22.435750
22.464775
22.492050
22.513450
22.534000
22.553375
22.572400
22.592500
22.609600
22.619475
22.628775
22.635500
22.642475
22.650050
22.655700
22.661525
22.667450
22.674650
22.682625
22.700125
22.711525
22.727425
22.751775
22.767250
22.789375
22.803900
22.819900
22.840300
22.864500
22.885625
22.906150
22.923950
22.939400
22.954675
22.967950
22.977800
22.985575
22.992575
22.999300
23.005250
23.011025
23.017125
23.023400
23.029850
23.037750
23.046825
23.061900
23.085175
23.107025
23.126300
23.187075
23.204600
23.226525
23.250000
23.269175
23.284850
23.298825
23.317800
23.358175
23.378875
23.392125
23.402725
23.420950
23.429400
23.439075
23.450475
23.464450
23.479575
23.494375
23.523025
23.542025
23.558750
23.577525
23.595900
23.615475
23.632975
23.652750
23.671250
23.689800
23.703300
23.721350
23.740800
23.759950
23.785900
23.803300
23.821725
23.842500
23.859075
23.880200
23.897650
23.915600
23.931075
23.953500
23.973525
23.992150
24.015175
24.036475
24.054450
24.069600
24.079950
24.089050
24.095975
24.102475
24.107550
24.113400
24.118675
24.123625
24.128325
24.133575
24.138950
24.143725
24.149825
24.156150
24.161300
24.166925
24.173250
24.179300
24.185700
24.193575
24.203300
24.213575
24.226175
24.243500
24.267725
24.281975
24.308700
24.330800
24.357000
24.384975
24.405100
24.424075
24.442200
24.459725
24.479375
24.497500
24.520050
24.538950
24.555675
24.566825
24.575925
24.586400
24.596950
24.609400
24.622075
24.632650
24.651625
24.667100
24.683825
24.700475
24.719400
24.736325
24.757600
24.775525
24.792925
24.822925
24.842775
24.859575
24.887350
24.901000
24.913050
24.921400
24.933075
24.944300
24.950425
24.966175
24.979650
24.986775
24.994375
25.001475
25.009525
25.017375
25.024875
25.031900
25.040525
25.048850
25.061475
25.074900
25.088500
25.101900
25.113375
25.133950
25.153150
25.178050
25.193125
25.214675
25.233375
25.253300
25.276725
25.300325
25.315975
25.333425
25.355000
25.372900
25.396975
25.413050
25.437875
25.453700
25.466300
25.482550
25.500025
25.512075
25.521575
25.528325
25.540325
25.546025
25.552050
25.558975
25.564325
25.569775
25.575825
25.592625
25.601525
25.618700
25.630375
25.642450
25.655525
25.681200
25.696450
25.714375
25.724200
25.740450
25.751350
25.761275
25.776525
25.790225
25.812700
25.827225
25.848975
25.865950
25.882275
25.905575
25.924625
25.945675
25.967350
25.989800
26.017975
26.038475
26.054725
26.067875
26.087325
26.100300
26.112625
26.123300
26.133575
26.140350
26.148725
26.156125
26.167225
26.177225
26.187075
26.199525
26.214100
26.230175
26.242350
26.273125
26.290325
26.313875
26.332600
26.348325
26.370325
26.387425
26.405375
26.426575
26.445325
26.460500
26.478350
26.492625
26.510350
26.527575
26.539250
26.548350
26.567050
26.575400
26.583400
26.590600
26.598575
26.607650
26.625500
26.638225
26.654125
26.664450
26.675950
26.689850
26.703025
26.714275
26.727275
26.740600
26.752975
26.767300
26.783325
26.797250
26.810875
26.829200
26.846875
26.865150
26.879000
26.898925
26.920125
26.940450
26.956550
26.972000
26.986750
27.025900
27.044225
27.069325
27.086875
27.113600
27.130250
27.177125
27.200850
27.218050
27.234225
27.253650
27.278225
27.295900
27.317900
27.333700
27.347450
27.360775
27.372975
27.398225
27.413350
27.428900
27.445700
27.474350
27.482700
27.495325
27.505275
27.515800
27.522875
27.531375
27.538975
27.545150
27.551225
27.557250
27.563275
27.568950
27.575175
27.580925
27.586925
27.595225
27.603150
27.612450
27.622775
27.632225
27.643250
27.654500
27.668225
27.682500
27.710225
27.743700
27.758600
27.784250
27.800925
27.821975
27.847450
27.863425
27.878825
27.901500
27.917250
27.933175
27.949875
27.967850
27.975025
27.981125
27.987975
27.994100
28.006300
28.012100
28.018950
28.025975
28.035375
28.043275
28.078575
28.095950
28.109175
28.122900
28.134250
28.149675
28.162500
28.179050
28.195975
28.213400
28.229025
28.249525
28.269225
28.289925
28.306425
28.321175
28.337150
28.359150
28.380425
28.399500
28.421350
28.433725
28.442625
28.452925
28.459350
28.465750
28.471250
28.478175
28.488725
28.498050
28.515175
28.533175
28.551000
28.566375
28.587875
28.600900
28.609250
28.616575
28.622925
28.628600
28.634150
28.639175
28.645050
28.649350
28.654025
28.658800
28.663825
28.668100
28.672650
28.677525
28.682200
28.687500
28.697550
28.702550
28.707700
28.712800
28.718975
28.723225
28.728175
28.732975
28.737600
28.743100
28.749825
28.754350
28.759250
28.771350
28.775900
28.781325
28.792200
28.805875
28.819100
28.825875
28.832200
28.839175
28.844850
28.851025
28.857300
28.862950
28.868225
28.876850
28.884100
28.891975
28.901050
28.911225
28.919100
28.928375
28.936800
28.945100
28.952300
28.960125
28.967400
28.974975
28.982100
28.991175
28.999500
29.010450
29.024575
29.045100
29.062750
29.085175
29.110550
29.131425
29.150775
29.171475
29.194950
29.210800
29.225625
29.243700
29.256725
29.265775
29.272800
29.280200
29.286275
29.293150
29.300975
29.308150
29.315975
29.325175
29.334300
29.345600
29.354900
29.363900
29.396525
29.466450
29.492675
29.509425
29.523875
29.541275
29.566025
29.592400
29.606575
29.617350
29.626250
29.635075
29.642225
29.648750
29.666675
29.679050
29.689300
29.702625
29.714700
29.727075
29.735400
29.743025
29.751125
29.758325
29.764200
29.769600
29.775300
29.780625
29.785775
29.790350
29.794975
29.800850
29.807550
29.812300
29.816800
29.822775
29.827950
29.833450
29.844450
29.850425
29.856650
29.863025
29.889150
29.903175
29.918450
29.933500
29.964625
29.977400
29.999100
