0.006175
0.026800
0.039250
0.048300
0.058825
0.067325
0.076450
0.085875
0.093900
0.106850
0.117475
0.127150
0.138500
0.147525
0.157675
0.167275
0.178275
0.185750
0.199625
0.208125
0.218725
0.229075
0.251300
0.263450
0.273125
0.283600
0.293525
0.303375
0.313475
0.325475
0.336925
0.347825
0.358150
0.371075
0.381900
0.394400
0.402550
0.415900
0.426550
0.438150
0.449075
0.459425
0.471450
0.481975
0.494125
0.504800
0.514575
0.526000
0.535125
0.544375
0.553975
0.563325
0.578775
0.590575
0.600700
0.612975
0.623700
0.635700
0.647925
0.659550
0.671050
0.685025
0.697150
0.707800
0.728575
0.739125
0.751150
0.763775
0.773300
0.784925
0.796775
0.817150
0.827500
0.838475
0.849150
0.861700
0.870875
0.882650
0.892625
0.904600
0.916925
0.926675
0.937650
0.949375
0.958325
0.969925
0.982075
0.994300
1.005425
1.014400
1.024900
1.036450
1.049800
1.061375
1.071800
1.081850
1.094125
1.105850
1.115975
1.124800
1.136500
1.145175
1.155375
1.164550
1.175200
1.184650
1.196075
1.207900
1.217700
1.228000
1.239950
1.248900
1.260400
1.270475
1.280850
1.291900
1.302450
1.313900
1.324600
1.334550
1.345100
1.355275
1.365675
1.375250
1.385950
1.397650
1.406475
1.416950
1.427300
1.437925
1.446425
1.465750
1.476450
1.486925
1.499850
1.511650
1.522425
1.533300
1.545325
1.555925
1.565150
1.575200
1.586450
1.595725
1.606550
1.614000
1.624425
1.636425
1.647150
1.658975
1.668525
1.679475
1.690225
1.702425
1.712750
1.723375
1.733050
1.743950
1.753875
1.778625
1.788175
1.798425
1.812900
1.833850
1.845650
1.855775
1.865175
1.876175
1.887925
1.897650
1.908725
1.918650
1.928800
1.941625
1.950650
1.962700
1.972800
1.983975
1.996575
2.016300
2.027325
2.036875
2.046000
2.057875
2.069900
2.080675
2.091250
2.103000
2.111325
2.123700
2.135825
2.141825
2.156050
2.166850
2.177075
2.188725
2.198700
2.208750
2.212450
2.218975
2.232050
2.241975
2.254775
2.265050
2.279925
2.290675
2.300050
2.312350
2.323300
2.336375
2.345700
2.356525
2.369250
2.377500
2.390200
2.401250
2.413600
2.425150
2.437625
2.448600
2.459300
2.472475
2.483775
2.494225
2.505625
2.518075
2.527450
2.540750
2.550625
2.559775
2.573900
2.585750
2.595275
2.606500
2.617675
2.628675
2.638775
2.649850
2.663375
2.674525
2.686050
2.696525
2.709000
2.720075
2.728075
2.747500
2.759225
2.770850
2.778975
2.788975
2.799625
2.812900
2.821325
2.831475
2.844150
2.855725
2.865975
2.877800
2.887600
2.900775
2.910225
2.922475
2.933225
2.946400
2.956475
2.969425
2.980475
2.991450
3.004825
3.015600
3.025775
3.039175
3.049325
3.063600
3.073650
3.095275
3.106625
3.119275
3.131725
3.141575
3.154800
3.164875
3.174725
3.183350
3.205275
3.215800
3.226975
3.235350
3.244675
3.255725
3.275050
3.283025
3.293050
3.303925
3.312375
3.324925
3.335500
3.345950
3.355850
3.368125
3.378700
3.390025
3.400625
3.408750
3.420450
3.430000
3.437450
3.447400
3.457825
3.465825
3.474400
3.484350
3.493575
3.503025
3.511875
3.522850
3.531700
3.540425
3.550575
3.558900
3.566075
3.574800
3.582750
3.593300
3.602850
3.609500
3.619225
3.629175
3.638650
3.646800
3.654275
3.662150
3.671275
3.678850
3.687500
3.694375
3.702675
3.709775
3.715975
3.723325
3.737150
3.741450
3.751000
3.759200
3.764725
3.772050
3.780700
3.787175
3.793525
3.802400
3.808675
3.810300
3.816550
3.822925
3.829500
3.836550
3.843175
3.851375
3.857475
3.864650
3.870600
3.878025
3.886575
3.892900
3.899350
3.906625
3.913675
3.920825
3.927775
3.934775
3.942225
3.949100
3.955375
3.963950
3.970300
3.977700
3.986650
3.993250
4.001275
4.008625
4.014450
4.030500
4.036625
4.044300
4.052375
4.060475
4.068075
4.075725
4.081700
4.088275
4.096500
4.103525
4.110225
4.117150
4.124425
4.133500
4.141025
4.149325
4.156175
4.164375
4.172525
4.177175
4.185050
4.193225
4.201125
4.207800
4.215525
4.221175
4.229025
4.235225
4.244200
4.251975
4.259825
4.267625
4.274450
4.282725
4.289875
4.297975
4.304650
4.312375
4.320025
4.327650
4.334950
4.340750
4.348200
4.355450
4.363300
4.370425
4.377250
4.385075
4.391575
4.399475
4.406450
4.414100
4.422250
4.430325
4.438100
4.445600
4.452975
4.460550
4.466750
4.473800
4.489650
4.496850
4.502350
4.504500
4.510125
4.517075
4.524325
4.532500
4.547025
4.553825
4.562150
4.575350
4.583200
4.589350
4.596575
4.602625
4.610800
4.619450
4.627300
4.634075
4.641575
4.649450
4.656625
4.663825
4.679250
4.686200
4.694050
4.700650
4.708375
4.713675
4.721400
4.729725
4.737075
4.745075
4.751825
4.760400
4.767650
4.774550
4.781250
4.789675
4.796075
4.804100
4.813250
4.818750
4.826875
4.834150
4.842075
4.850875
4.858875
4.864125
4.871325
4.879225
4.886425
4.893700
4.900700
4.908725
4.914325
4.921100
4.928775
4.934825
4.943200
4.958325
4.966100
4.973175
4.980475
4.995575
5.002950
5.011275
5.018775
5.026250
5.034125
5.040550
5.048575
5.056300
5.064425
5.072200
5.078850
5.084875
5.092800
5.099825
5.108000
5.116500
5.124150
5.132275
5.138925
5.147625
5.155550
5.164550
5.172250
5.178400
5.185675
5.193325
5.199850
5.214850
5.221375
5.228950
5.235575
5.243100
5.251825
5.259275
5.265825
5.272625
5.280250
5.286750
5.296475
5.301875
5.310300
5.316575
5.323425
5.329600
5.337175
5.343650
5.350375
5.356575
5.363175
5.369925
5.376675
5.383700
5.390250
5.396950
5.403175
5.409625
5.417625
5.422825
5.430100
5.435700
5.442575
5.449125
5.455750
5.461925
5.470375
5.478200
5.485225
5.492575
5.498075
5.505525
5.513300
5.521075
5.528875
5.535325
5.542800
5.549750
5.557300
5.563625
5.571400
5.579225
5.586550
5.594025
5.601075
5.607250
5.617200
5.625200
5.631425
5.640025
5.647075
5.653725
5.661400
5.671125
5.678800
5.685950
5.693475
5.701050
5.707325
5.716375
5.724325
5.732425
5.738975
5.746875
5.752925
5.760925
5.765875
5.777050
5.783300
5.790425
5.798500
5.806950
5.814275
5.821500
5.828750
5.837700
5.846125
5.853525
5.862100
5.869325
5.877450
5.884375
5.893350
5.903225
5.910675
5.916825
5.926000
5.933100
5.942225
5.949925
5.956525
5.965200
5.973575
5.980975
5.988700
5.995400
6.002575
6.011750
6.017675
6.026450
6.032350
6.041350
6.051675
6.057300
6.064925
6.073150
6.079450
6.087475
6.095000
6.103175
6.112975
6.129525
6.137475
6.146075
6.153550
6.161100
6.168950
6.176650
6.183925
6.193300
6.200650
6.209375
6.217500
6.224950
6.232525
6.239800
6.248800
6.257850
6.264725
6.273475
6.281575
6.288425
6.297150
6.305725
6.313525
6.318900
6.327100
6.334425
6.343425
6.350175
6.358600
6.366175
6.373600
6.382025
6.388500
6.396100
6.404675
6.412300
6.420525
6.428575
6.435850
6.443725
6.450275
6.459500
6.467175
6.475850
6.483400
6.490675
6.499900
6.507850
6.515075
6.522250
6.531100
6.539625
6.547975
6.556775
6.565950
6.575050
6.584600
6.592175
6.600750
6.608375
6.615175
6.624350
6.633725
6.641075
6.650025
6.658250
6.667600
6.677550
6.685600
6.694275
6.701500
6.709175
6.718925
6.728100
6.735275
6.743575
6.753125
6.761050
6.770650
6.780125
6.786875
6.795975
6.805275
6.812925
6.821925
6.829900
6.838825
6.847750
6.855625
6.861875
6.872175
6.881475
6.887875
6.900100
6.909375
6.917475
6.926700
6.935500
6.945600
6.954000
6.956325
6.962800
6.971700
6.981150
6.991250
7.001200
7.008100
7.015625
7.023725
7.033825
7.043350
7.054050
7.063300
7.072550
7.082000
7.090925
7.092375
7.100775
7.110300
7.118650
7.128650
7.137225
7.144375
7.153050
7.162625
7.172525
7.182375
7.191950
7.200025
7.211150
7.219700
7.228975
7.238600
7.248250
7.258100
7.266500
7.277525
7.287875
7.296125
7.306425
7.314700
7.323750
7.334250
7.343700
7.353950
7.362525
7.381325
7.391900
7.400325
7.411750
7.419775
7.430975
7.438525
7.450450
7.460725
7.469975
7.481500
7.491325
7.501800
7.509650
7.519025
7.530500
7.538925
7.550375
7.560125
7.570700
7.581325
7.590075
7.599500
7.611175
7.619700
7.630275
7.637875
7.649625
7.657575
7.665425
7.676150
7.685600
7.697075
7.707925
7.718000
7.718775
7.727150
7.739025
7.748575
7.759350
7.769975
7.778700
7.789200
7.800600
7.810125
7.820575
7.830800
7.840575
7.849650
7.859875
7.872225
7.880950
7.889675
7.899750
7.910700
7.921425
7.932450
7.943700
7.955475
7.965700
7.976600
7.987925
7.997300
8.007625
8.017050
8.026650
8.039000
8.049475
8.062625
8.071700
8.084425
8.094075
8.105625
8.115200
8.124975
8.134050
8.146300
8.157100
8.168400
8.179025
8.189525
8.198675
8.212550
8.221225
8.230325
8.241800
8.252450
8.259800
8.270575
8.279125
8.299875
8.309975
8.320925
8.333800
8.342975
8.352100
8.361525
8.372500
8.382600
8.391800
8.403225
8.413175
8.423550
8.434375
8.445525
8.458050
8.467550
8.479175
8.488050
8.500225
8.511425
8.520400
8.528375
8.541125
8.548950
8.558600
8.567825
8.578575
8.589125
8.599400
8.611950
8.623575
8.633825
8.644725
8.652575
8.664275
8.673650
8.681850
8.689275
8.698150
8.710950
8.719275
8.728950
8.738075
8.750375
8.761150
8.771775
8.782100
8.791100
8.802025
8.811725
8.821400
8.831925
8.842350
8.852475
8.862300
8.871750
8.882175
8.892825
8.902775
8.912850
8.920575
8.932300
8.943425
8.951725
8.961100
8.970400
8.981850
8.989950
9.001250
9.009425
9.018725
9.028125
9.037225
9.045050
9.056225
9.066400
9.076600
9.087575
9.095325
9.105475
9.115175
9.124100
9.132950
9.143575
9.155050
9.166175
9.176650
9.187525
9.197075
9.208350
9.217575
9.229275
9.239800
9.251075
9.262600
9.273850
9.283925
9.294200
9.302750
9.313000
9.323525
9.335900
9.344950
9.353500
9.366925
9.378875
9.391300
9.402250
9.411175
9.421200
9.434075
9.445575
9.456700
9.469750
9.482275
9.492550
9.504425
9.515650
9.529575
9.538425
9.547425
9.561000
9.571550
9.581050
9.593500
9.603650
9.614175
9.626500
9.639075
9.651450
9.661100
9.671325
9.679625
9.694100
9.703225
9.712375
9.723625
9.736925
9.747325
9.759025
9.768725
9.776800
9.788375
9.799300
9.811400
9.823750
9.836200
9.848625
9.859550
9.870875
9.881350
9.891325
9.903750
9.916400
9.929350
9.939675
9.948625
9.963000
9.974650
9.987750
9.996950
10.007900
10.017250
10.027650
10.040375
10.051175
10.060325
10.073925
10.085275
10.097625
10.105775
10.119025
10.130150
10.140975
10.151300
10.164475
10.175075
10.187000
10.197125
10.207500
10.221450
10.231125
10.244875
10.255375
10.264650
10.273450
10.284250
10.292925
10.307075
10.318525
10.330550
10.343000
10.354575
10.365575
10.376775
10.401000
10.414100
10.423125
10.437050
10.450200
10.462725
10.473625
10.483850
10.495150
10.519325
10.529225
10.540050
10.553550
10.564850
10.576475
10.588325
10.599400
10.612275
10.624100
10.646225
10.655975
10.666850
10.678200
10.690825
10.702700
10.712500
10.723225
10.734000
10.744725
10.757825
10.769475
10.781375
10.792250
10.804825
10.815800
10.827200
10.839100
10.850250
10.864700
10.876725
10.899200
10.909975
10.920275
10.931325
10.945000
10.956850
10.968425
10.976150
10.990825
11.002825
11.014300
11.027450
11.039525
11.051375
11.065050
11.074625
11.087050
11.095975
11.109500
11.120075
11.133875
11.145525
11.152500
11.163000
11.172775
11.181525
11.194725
11.206600
11.218450
11.230625
11.242700
11.252475
11.262475
11.275475
11.287475
11.298600
11.310400
11.319125
11.332775
11.340600
11.351500
11.362875
11.373700
11.384225
11.393500
11.405925
11.414900
11.423900
11.434625
11.444650
11.454100
11.476200
11.486300
11.498475
11.510025
11.520850
11.532175
11.541725
11.552100
11.565150
11.575525
11.586700
11.595350
11.606325
11.615175
11.631175
11.641550
11.652700
11.663725
11.674600
11.685350
11.696000
11.706750
11.716575
11.726550
11.737350
11.750775
11.762475
11.772050
11.784750
11.797875
11.807850
11.821325
11.831625
11.841150
11.854125
11.865125
11.875000
11.884225
11.896075
11.906900
11.917425
11.927725
11.937200
11.949100
11.961025
11.969925
11.983950
11.996175
12.008225
12.017350
12.029850
12.042950
12.051300
12.065600
12.077125
12.088300
12.096750
12.106200
12.121375
12.131500
12.142350
12.154825
12.167050
12.176025
12.186500
12.200025
12.210400
12.219725
12.231825
12.242875
12.253875
12.262325
12.278575
12.290775
12.301975
12.313200
12.324175
12.334025
12.347000
12.356925
12.369875
12.380375
12.391875
12.406600
12.418650
12.429900
12.442375
12.454825
12.469000
12.491250
12.505350
12.515675
12.528600
12.543825
12.555725
12.570175
12.580800
12.594475
12.605275
12.621250
12.635975
12.647075
12.656975
12.670625
12.680150
12.692275
12.707050
12.719075
12.731150
12.741525
12.756350
12.769125
12.780875
12.790825
12.800125
12.814700
12.824350
12.836500
12.847400
12.856650
12.866425
12.872550
12.881525
12.888925
12.898350
12.909575
12.916875
12.927075
12.934475
12.942150
12.950000
12.958125
12.965475
12.972975
12.980375
12.985925
12.994325
13.002150
13.009650
13.016450
13.024275
13.033625
13.042250
13.047750
13.058025
13.065625
13.073925
13.082750
13.098525
13.106450
13.113000
13.120600
13.127950
13.135575
13.144325
13.151750
13.159275
13.167275
13.175200
13.184625
13.193200
13.201625
13.209375
13.217150
13.233875
13.239050
13.246375
13.254425
13.261475
13.271450
13.278600
13.287175
13.294950
13.302725
13.311600
13.318700
13.327075
13.335650
13.344950
13.353100
13.360775
13.368950
13.376925
13.384725
13.392075
13.399100
13.407450
13.413175
13.423075
13.431500
13.437800
13.445125
13.453550
13.461000
13.467600
13.475375
13.483000
13.491325
13.500600
13.506875
13.513575
13.521275
13.529200
13.536875
13.543800
13.557625
13.565900
13.572150
13.579175
13.587600
13.595675
13.608200
13.614825
13.622000
13.628225
13.635150
13.644000
13.651650
13.658875
13.665175
13.673200
13.681225
13.687650
13.694900
13.702900
13.709900
13.717400
13.725125
13.733375
13.741000
13.748650
13.755875
13.763375
13.777100
13.783475
13.791500
13.799700
13.806775
13.813825
13.820875
13.829075
13.835550
13.843175
13.850750
13.857625
13.865125
13.871500
13.878100
13.885025
13.892250
13.900175
13.906875
13.921575
13.927425
13.934700
13.942675
13.949325
13.956850
13.962350
13.970000
13.978175
13.985000
13.992975
14.000100
14.008825
14.017700
14.024225
14.031500
14.039500
14.044375
14.051775
14.060875
14.068350
14.075425
14.082750
14.091500
14.097025
14.105275
14.112875
14.122375
14.129450
14.138025
14.145175
14.152125
14.159850
14.167500
14.184000
14.192100
14.200000
14.208200
14.217025
14.224525
14.232050
14.241275
14.248400
14.258700
14.266050
14.275425
14.282650
14.290675
14.299125
14.314675
14.323175
14.331500
14.338950
14.347400
14.355750
14.362150
14.370475
14.378100
14.386600
14.391250
14.398325
14.407300
14.416975
14.424375
14.432250
14.439100
14.446825
14.454800
14.462150
14.469900
14.476200
14.484900
14.490900
14.500225
14.508625
14.517550
14.523475
14.531575
14.539550
14.545875
14.553225
14.561175
14.568525
14.578750
14.587150
14.596025
14.604050
14.611675
14.619075
14.626475
14.633625
14.643800
14.652800
14.661800
14.669400
14.675450
14.682850
14.691000
14.697650
14.704700
14.711725
14.720100
14.729725
14.737175
14.744025
14.750075
14.766825
14.774225
14.782025
14.790800
14.799300
14.808550
14.816100
14.823775
14.831250
14.839775
14.848050
14.865325
14.872700
14.881675
14.896725
14.905225
14.913175
14.921300
14.929125
14.937450
14.945650
14.955100
14.962625
14.970075
14.980575
14.987300
14.994550
15.001925
15.009400
15.017325
15.026500
15.036000
15.044150
15.051725
15.058400
15.065400
15.073675
15.081900
15.091450
15.100350
15.108925
15.117075
15.124550
15.133825
15.142150
15.151175
15.160000
15.169300
15.179050
15.187625
15.197900
15.206025
15.214000
15.223625
15.232650
15.242250
15.252400
15.261225
15.271300
15.279650
15.287500
15.294550
15.303475
15.313750
15.332425
15.349000
15.358000
15.366800
15.375900
15.385375
15.393550
15.404175
15.413375
15.421275
15.429500
15.438750
15.447800
15.457175
15.467450
15.476975
15.485775
15.493575
15.503325
15.512200
15.521875
15.529350
15.539100
15.548475
15.557725
15.567825
15.577425
15.585375
15.594250
15.605150
15.612775
15.619625
15.628525
15.636525
15.644700
15.662300
15.671225
15.681525
15.692350
15.700700
15.708750
15.718050
15.727250
15.736900
15.745450
15.753325
15.762425
15.771450
15.780925
15.790100
15.798300
15.809175
15.818950
15.826050
15.834600
15.844100
15.854375
15.862975
15.871550
15.882500
15.891050
15.901775
15.909550
15.921075
15.932725
15.942500
15.951775
15.962700
15.971925
15.980925
16.000125
16.010275
16.019275
16.028175
16.039025
16.050100
16.060350
16.068175
16.087150
16.098325
16.109225
16.117475
16.128450
16.138350
16.147875
16.156225
16.167000
16.178450
16.187175
16.196650
16.209250
16.218175
16.229050
16.238850
16.248975
16.259125
16.268100
16.278575
16.290725
16.299750
16.309850
16.321525
16.332025
16.343925
16.355925
16.364700
16.375275
16.387400
16.396250
16.406450
16.416625
16.426125
16.433950
16.444075
16.453225
16.462200
16.470950
16.481775
16.490775
16.498525
16.510925
16.519750
16.530675
16.539800
16.549425
16.557825
16.567300
16.577375
16.586650
16.588275
16.598400
16.609375
16.621850
16.631575
16.653475
16.661900
16.673425
16.684675
16.694775
16.706325
16.717400
16.726125
16.738375
16.745950
16.756475
16.767925
16.776625
16.789875
16.798875
16.810200
16.820325
16.829850
16.840575
16.851975
16.861450
16.870825
16.883675
16.892650
16.906275
16.915225
16.926050
16.934200
16.948425
16.959200
16.971175
16.980125
16.989675
16.999525
17.010200
17.021700
17.033425
17.043925
17.055400
17.066250
17.073950
17.083850
17.094100
17.105850
17.114350
17.122925
17.133825
17.144750
17.155125
17.165625
17.175650
17.184700
17.196975
17.208600
17.217825
17.225800
17.238325
17.249900
17.259275
17.269375
17.277775
17.291775
17.303600
17.312500
17.322000
17.333875
17.344400
17.354925
17.367100
17.377650
17.388250
17.398925
17.412075
17.424250
17.437075
17.447075
17.459675
17.470125
17.482925
17.493675
17.506675
17.516150
17.527675
17.538425
17.551850
17.562950
17.573175
17.586000
17.596025
17.608400
17.620125
17.630475
17.643975
17.655525
17.668775
17.681150
17.692300
17.704400
17.716150
17.726825
17.740050
17.752550
17.764750
17.774200
17.785925
17.799675
17.808375
17.819700
17.830650
17.840550
17.853300
17.864875
17.876175
17.884425
17.895025
17.906250
17.917400
17.930225
17.939000
17.947925
17.961175
17.968875
17.980750
17.991975
18.003300
18.013725
18.023850
18.035800
18.046500
18.056675
18.066975
18.076850
18.087000
18.098950
18.111225
18.121075
18.133825
18.155725
18.165300
18.176025
18.186875
18.195925
18.207525
18.209875
18.219075
18.230400
18.241750
18.253150
18.263575
18.274250
18.282550
18.292500
18.301700
18.312600
18.325125
18.332975
18.342300
18.353100
18.366975
18.378025
18.389600
18.399800
18.414350
18.426375
18.438075
18.451900
18.462800
18.473500
18.483850
18.494075
18.506800
18.516175
18.525525
18.534600
18.545100
18.554200
18.567800
18.576625
18.585550
18.598675
18.607825
18.617175
18.628425
18.638475
18.650700
18.661650
18.672450
18.682375
18.693325
18.703100
18.712350
18.724975
18.738125
18.748300
18.759900
18.772150
18.784425
18.794675
18.804750
18.815650
18.827750
18.839300
18.846625
18.859175
18.869875
18.880325
18.891450
18.900175
18.912775
18.923600
18.937400
18.946600
18.957550
18.969225
18.980975
18.992050
19.001850
19.012200
19.023875
19.037025
19.047200
19.059075
19.072425
19.084575
19.096500
19.109825
19.120700
19.131900
19.144650
19.154475
19.164725
19.176200
19.189150
19.199550
19.212050
19.221925
19.230675
19.244425
19.255025
19.266550
19.276250
19.289400
19.302550
19.311200
19.324600
19.339375
19.349450
19.359225
19.373000
19.383525
19.397400
19.409825
19.420950
19.432925
19.444500
19.460075
19.471275
19.482050
19.496000
19.509450
19.518225
19.528475
19.539450
19.553075
19.563325
19.573750
19.586400
19.597725
19.610300
19.620925
19.633050
19.645425
19.657775
19.672400
19.681725
19.696375
19.709125
19.718725
19.732975
19.744200
19.755750
19.766675
19.778575
19.787825
19.800825
19.810175
19.821850
19.832625
19.857650
19.870075
19.882975
19.895400
19.906450
19.922175
19.932300
19.942625
19.953000
19.963100
19.975675
19.988950
19.997725
20.009350
20.021925
20.033575
20.045850
20.057325
20.068475
20.076875
20.088700
20.099400
20.106450
20.120175
20.132225
20.141725
20.152050
20.171825
20.181600
20.190200
20.200675
20.211200
20.220125
20.228650
20.231375
20.241700
20.252150
20.261175
20.271400
20.281850
20.290775
20.300025
20.306425
20.313425
20.322175
20.335900
20.346675
20.356725
20.366300
20.375550
20.387050
20.395300
20.406675
20.416575
20.424700
20.434800
20.445125
20.456575
20.464800
20.474875
20.486300
20.496075
20.504200
20.515175
20.524800
20.534625
20.544900
20.554050
20.563450
20.571100
20.583150
20.592250
20.602550
20.613325
20.624025
20.635250
20.646975
20.658300
20.669125
20.680950
20.691075
20.701125
20.710275
20.719600
20.728850
20.739450
20.748400
20.756100
20.767925
20.777625
20.786000
20.796975
20.808000
20.817325
20.826225
20.838175
20.850825
20.859250
20.870300
20.882300
20.892775
20.901425
20.911425
20.935325
20.945125
20.958375
20.967350
20.976250
20.989600
21.000750
21.011925
21.019825
21.031175
21.041450
21.051350
21.063600
21.074200
21.084850
21.096350
21.107275
21.117975
21.127725
21.140775
21.152250
21.161775
21.172775
21.183750
21.195625
21.214925
21.224850
21.234775
21.244525
21.255300
21.264000
21.272750
21.282925
21.289725
21.301100
21.310100
21.319275
21.328075
21.336125
21.343975
21.353525
21.362275
21.369900
21.378175
21.385175
21.393500
21.400425
21.408650
21.416600
21.423325
21.431225
21.438675
21.446150
21.454625
21.464700
21.472825
21.482025
21.490000
21.497050
21.505400
21.512675
21.522275
21.531150
21.538150
21.546900
21.554500
21.562050
21.570550
21.579700
21.586725
21.594525
21.602500
21.611100
21.619800
21.626825
21.636175
21.642025
21.649825
21.659250
21.667975
21.675425
21.683675
21.689625
21.698950
21.706625
21.715250
21.723200
21.732525
21.740575
21.747975
21.758000
21.766675
21.775400
21.783250
21.792550
21.801575
21.810475
21.820175
21.830600
21.839350
21.849600
21.858975
21.868850
21.877600
21.886700
21.896875
21.904775
21.914325
21.923150
21.933100
21.952725
21.964125
21.974125
21.985625
21.995475
22.005925
22.024400
22.035750
22.046500
22.055875
22.069200
22.080325
22.089550
22.102275
22.111825
22.121975
22.132300
22.143075
22.152875
22.161825
22.172225
22.183125
22.193025
22.202225
22.212200
22.221100
22.231100
22.239925
22.249600
22.257750
22.267675
22.279050
22.290975
22.299125
22.307825
22.318000
22.327300
22.338350
22.350000
22.356375
22.365075
22.375175
22.384075
22.394725
22.404700
22.413400
22.423650
22.434175
22.442900
22.450125
22.459850
22.469525
22.489725
22.498550
22.508075
22.517150
22.525850
22.534725
22.543525
22.554100
22.563025
22.572250
22.583050
22.594600
22.612500
22.624775
22.632500
22.641250
22.651950
22.660750
22.672325
22.682525
22.690775
22.700100
22.711225
22.719100
22.727700
22.735375
22.744100
22.762550
22.772150
22.781500
22.792300
22.801125
22.809175
22.816425
22.826800
22.837250
22.847850
22.855900
22.864875
22.873625
22.882800
22.891925
22.902500
22.914900
22.922825
22.930575
22.941825
22.952675
22.962550
22.972625
22.982675
22.991275
23.001750
23.011300
23.019825
23.031525
23.042150
23.052125
23.061950
23.073350
23.083575
23.097000
23.106325
23.117625
23.128250
23.138075
23.148800
23.157275
23.167925
23.178350
23.188450
23.199425
23.209050
23.221625
23.230925
23.237975
23.248125
23.257100
23.265275
23.274350
23.282275
23.292225
23.303025
23.310350
23.322400
23.330150
23.341025
23.350050
23.360550
23.370650
23.380675
23.389925
23.398200
23.408650
23.416100
23.418450
23.427275
23.435950
23.446450
23.450525
23.455400
23.467425
23.477125
23.487800
23.498275
23.508850
23.516200
23.526700
23.548750
23.561600
23.569775
23.579850
23.589875
23.599700
23.610025
23.621450
23.628900
23.639125
23.648850
23.657225
23.668900
23.679075
23.688100
23.699375
23.708050
23.719525
23.730675
23.741100
23.752450
23.764225
23.772850
23.781800
23.791750
23.802425
23.813900
23.823675
23.832550
23.843100
23.855175
23.864325
23.876125
23.887550
23.896225
23.905350
23.915925
23.937125
23.946825
23.955200
23.966800
23.978175
23.986475
23.993900
24.004225
24.014275
24.023000
24.033800
24.045225
24.056875
24.066550
24.074600
24.085050
24.095375
24.104850
24.114050
24.125525
24.134950
24.145825
24.156775
24.165225
24.174075
24.186175
24.196150
24.205675
24.218075
24.227325
24.236200
24.242000
24.248925
24.257650
24.265375
24.274050
24.282000
24.287575
24.295025
24.303325
24.311525
24.325750
24.333375
24.340850
24.349800
24.357650
24.369875
24.377325
24.383325
24.394925
24.405875
24.416600
24.427350
24.439225
24.447700
24.471050
24.481475
24.493650
24.505250
24.516750
24.526175
24.538275
24.550850
24.561825
24.571925
24.582025
24.593200
24.604200
24.614525
24.626925
24.637950
24.646750
24.657850
24.668125
24.676575
24.686300
24.694250
24.703525
24.712725
24.722800
24.734200
24.741800
24.754975
24.760675
24.772600
24.781300
24.793350
24.804350
24.812575
24.822475
24.832000
24.840875
24.852050
24.862675
24.874650
24.887125
24.896350
24.906375
24.916400
24.926100
24.939850
24.951400
24.962900
24.976950
24.987050
25.000500
25.016525
25.028550
25.040800
25.054475
25.069900
25.084000
25.095125
25.108100
25.119200
25.131825
25.143325
25.164000
25.177225
25.187525
25.197125
25.206950
25.214975
25.223850
25.232625
25.242300
25.253875
25.262225
25.272000
25.282700
25.292675
25.304325
25.313725
25.324425
25.336325
25.345575
25.357625
25.367700
25.377625
25.387575
25.400225
25.411425
25.423350
25.434725
25.460650
25.470625
25.479875
25.490600
25.502500
25.511675
25.522775
25.533600
25.544075
25.556775
25.569350
25.580225
25.589550
25.598800
25.609375
25.617450
25.628025
25.638250
25.646300
25.655175
25.666200
25.674725
25.680675
25.689025
25.699275
25.718475
25.728700
25.734850
25.743525
25.752925
25.762850
25.773725
25.782025
25.792250
25.800350
25.809800
25.817925
25.828200
25.837625
25.845725
25.854075
25.863725
25.872650
25.881125
25.890150
25.892725
25.898975
25.909300
25.916650
25.928875
25.936025
25.946000
25.954850
25.961925
25.969050
25.977600
25.978600
25.988525
25.997275
26.006200
26.014375
26.022725
26.028125
26.038225
26.044625
26.053700
26.061475
26.070700
26.080075
26.087250
26.096775
26.103800
26.112000
26.119750
26.126450
26.135425
26.148775
26.165175
26.180175
26.194600
26.208500
26.220500
26.230825
26.244425
26.257525
26.268425
26.281100
26.291975
26.303300
26.314500
26.325400
26.335250
26.346825
26.357225
26.366900
26.378625
26.390175
26.402300
26.411400
26.421450
26.432200
26.445100
26.455125
26.466200
26.475800
26.485075
26.494800
26.503525
26.513600
26.523400
26.533825
26.543375
26.552200
26.561525
26.572400
26.581375
26.591225
26.601450
26.611225
26.621475
26.632325
26.650900
26.677900
26.688425
26.699575
26.706900
26.716700
26.727575
26.738025
26.748225
26.759025
26.769175
26.778900
26.787600
26.801775
26.812625
26.822200
26.832275
26.840800
26.855025
26.865825
26.878450
26.887675
26.897225
26.910850
26.921725
26.932825
26.944500
26.955650
26.968725
26.980200
26.992975
27.003700
27.015850
27.028400
27.056100
27.066525
27.081400
27.094500
27.105000
27.118325
27.132125
27.147075
27.159575
27.172350
27.188000
27.201925
27.215100
27.231225
27.244050
27.261525
27.275950
27.286850
27.298375
27.315250
27.326625
27.339375
27.350100
27.363175
27.376150
27.389275
27.402450
27.415725
27.430025
27.441350
27.455025
27.469550
27.483300
27.497050
27.509925
27.521900
27.535425
27.561250
27.573325
27.585650
27.600125
27.615475
27.630350
27.643325
27.660650
27.677750
27.694325
27.708675
27.721225
27.739275
27.768700
27.786075
27.798850
27.804775
27.814850
27.829225
27.846800
27.861100
27.875675
27.890350
27.905550
27.921025
27.936175
27.952625
27.967225
27.983475
28.002950
28.019325
28.036125
28.036800
28.051750
28.073650
28.095425
28.114600
28.130550
28.148075
28.161625
28.175825
28.189950
28.209225
28.229025
28.245750
28.263775
28.276350
28.294050
28.316025
28.331175
28.348775
28.366375
28.384825
28.400550
28.420075
28.437575
28.455500
28.471675
28.485775
28.504275
28.529275
28.554450
28.570200
28.595600
28.611850
28.630475
28.652200
28.696025
28.716600
28.736850
28.751825
28.772050
28.791725
28.813400
28.838975
28.857775
28.878200
28.894900
28.920725
28.938825
28.964875
28.984600
29.008400
29.033375
29.052600
29.068550
29.088675
29.105425
29.129100
29.149500
29.169200
29.194225
29.222350
29.248875
29.277525
29.299850
29.327375
29.367850
29.385250
29.415300
29.441825
29.470375
29.502325
29.530125
29.551475
29.574075
29.603275
29.634050
29.665575
29.729700
29.763425
29.794750
29.819325
29.845700
29.880650
29.912600
29.944275
29.975375
