0.019900
0.040750
0.074800
0.089225
0.105525
0.118100
0.136200
0.150600
0.160950
0.191350
0.203775
0.219475
0.234775
0.243275
0.265850
0.278500
0.296225
0.307650
0.318175
0.331025
0.341475
0.354450
0.367875
0.390875
0.410350
0.422275
0.436000
0.467350
0.489625
0.504825
0.522850
0.551975
0.613175
0.662000
0.693675
0.725300
0.740625
0.760675
0.775825
0.796575
0.811950
0.850975
1.068850
1.089200
1.099650
1.113475
1.127950
1.145300
1.157775
1.182100
1.215150
1.300675
1.311000
1.326475
1.343200
1.365500
1.378650
1.401000
1.419950
1.441800
1.466750
1.488225
1.527025
1.596450
1.773900
1.796875
1.808200
1.822625
1.831325
1.878175
1.928875
1.979350
2.034725
2.099925
2.117575
2.132300
2.145750
2.160350
2.171750
2.210450
2.262825
2.297000
2.362825
2.410300
2.421750
2.498850
2.546975
2.593175
2.609425
2.623575
2.632200
2.642925
2.656100
2.675750
2.691850
2.721775
2.782400
2.806325
2.823850
2.844625
2.874525
2.908375
2.953800
2.988075
3.020250
3.041325
3.057275
3.098325
3.124200
3.179650
3.199250
3.234600
3.249300
3.279675
3.299150
3.410050
3.449150
3.487000
3.553250
3.651500
3.735950
3.740625
3.745550
3.754575
3.760350
3.771475
3.780975
3.799475
3.810825
3.820150
3.834950
3.861250
3.881350
3.914025
3.959800
3.988225
4.098325
4.129150
4.198750
4.231950
4.266550
4.320125
4.352175
4.454725
4.489025
4.536125
4.613050
4.624650
4.709050
4.734025
4.751975
4.840725
4.868675
4.910300
4.939675
4.961925
5.002150
5.036575
5.151825
5.205000
5.228350
5.264400
5.340000
5.468425
5.497425
5.598500
5.617800
5.628150
5.642150
5.660450
5.662775
5.673975
5.680700
5.684850
5.695300
5.715650
5.727650
5.747650
5.758325
5.764350
5.790775
5.831700
5.867150
5.882825
5.914575
5.960750
6.015450
6.079800
6.126075
6.164925
6.201950
6.249925
6.270325
6.288475
6.298000
6.310125
6.331525
6.350150
6.367600
6.386275
6.407775
6.426725
6.444675
6.464025
6.478225
6.493875
6.504375
6.537550
6.572150
6.676700
6.749925
6.785425
6.811925
6.834050
6.867225
6.901525
6.927200
6.936800
6.946700
6.970100
6.991075
7.009900
7.022125
7.041875
7.056300
7.064625
7.094325
7.168400
7.200550
7.295325
7.333700
7.345550
7.361350
7.370500
7.389400
7.400750
7.411700
7.424550
7.456775
7.479650
7.498325
7.534025
7.607525
7.711975
7.740825
7.773450
7.796550
7.816200
7.851000
7.864625
7.889250
7.918500
7.972575
7.994075
8.084625
8.112750
8.145050
8.170775
8.194800
8.298175
8.317125
8.335100
8.358550
8.412050
8.541100
8.613925
8.708050
8.773350
8.792825
8.823850
8.852425
8.883200
8.937175
8.974450
9.008025
9.143225
9.164550
9.173600
9.181275
9.194925
9.217150
9.233350
9.254525
9.267375
9.273100
9.283900
9.299100
9.310300
9.334350
9.355425
9.436425
9.448500
9.468825
9.478150
9.494250
9.509850
9.568275
9.625325
9.697300
9.760925
9.794475
9.841125
9.879475
9.925575
9.956025
9.998850
10.087675
10.105200
10.126975
10.142625
10.158250
10.172300
10.200350
10.241250
10.272475
10.378925
10.424575
10.440375
10.482775
10.518475
10.570000
10.628450
10.670150
10.713875
10.807525
10.852475
10.866500
10.908075
11.024450
11.092375
11.124550
11.158675
11.219400
11.271775
11.290375
11.302500
11.310475
11.339700
11.394125
11.414950
11.465100
11.569225
11.579250
11.590450
11.597750
11.599575
11.605375
11.622750
11.635325
11.641450
11.671975
11.681800
11.691325
11.696800
11.705800
11.719050
11.783575
11.811475
11.829850
11.842725
11.850875
11.869750
11.890925
11.908850
11.919975
11.935875
11.961275
12.011350
12.043875
12.081425
12.133150
12.183500
12.249475
12.270775
12.359100
12.366800
12.378425
12.400275
12.406450
12.426725
12.437825
12.458550
12.476700
12.490950
12.529200
12.540850
12.629250
12.711125
12.722150
12.727275
12.737875
12.757050
12.785000
12.794050
12.811225
12.847375
12.858175
12.865000
12.872700
12.901750
12.919500
12.932200
12.946075
12.952475
12.986375
13.015000
13.029600
13.076425
13.092725
13.129625
13.203350
13.218250
13.238275
13.247200
13.260025
13.275500
13.289250
13.307700
13.323975
13.354425
13.398650
13.415275
13.446425
13.513675
13.581100
13.628275
13.639925
13.652450
13.654300
13.656450
13.660925
13.673175
13.685000
13.691050
13.701450
13.714400
13.731025
13.753950
13.772650
13.798225
13.838175
13.870625
13.950075
13.987725
14.023550
14.076125
14.107400
14.148600
14.261025
14.377600
14.408375
14.450675
14.466750
14.567200
14.576050
14.582900
14.599025
14.605325
14.612975
14.625950
14.631125
14.646400
14.650300
14.680000
14.691275
14.754925
14.774575
14.789800
14.841550
14.872200
14.907575
14.944850
14.957200
14.987250
15.005000
15.055225
15.064825
15.097000
15.135975
15.160250
15.185100
15.208575
15.231900
15.278025
15.312100
15.337525
15.352350
15.369300
15.383975
15.408950
15.421700
15.444075
15.473275
15.497950
15.554900
15.673975
15.701275
15.730225
15.741100
15.756650
15.765575
15.790975
15.841925
15.864150
15.883350
15.913175
15.931425
15.955650
15.987350
16.021950
16.073025
16.108775
16.163850
16.190450
16.221350
16.239925
16.253150
16.275325
16.321100
16.363375
16.422600
16.441775
16.456675
16.490375
16.505900
16.513400
16.526275
16.546475
16.573600
16.589125
16.602075
16.654250
16.700750
16.787750
16.802075
16.820725
16.825675
16.847475
16.860050
16.871325
16.885150
16.896000
16.907725
16.925875
16.979350
17.004200
17.019300
17.089625
17.117350
17.235300
17.254600
17.270875
17.293275
17.297150
17.334650
17.344550
17.370150
17.378175
17.450650
17.466375
17.503025
17.542525
17.644350
17.656200
17.674925
17.703300
17.716525
17.742775
17.845925
17.886275
17.916450
17.944550
17.967200
17.989775
18.008775
18.038500
18.076500
18.139100
18.195000
18.245825
18.280275
18.300975
18.376275
18.406300
18.445175
18.471950
18.488250
18.530500
18.552425
18.592400
18.611650
18.637650
18.681550
18.733350
18.765150
18.827550
18.872050
18.983600
19.007775
19.023600
19.037350
19.068850
19.105725
19.145325
19.187275
19.232375
19.271925
19.388350
19.398050
19.410075
19.417800
19.434575
19.449750
19.483375
19.535300
19.553750
19.576800
19.591325
19.614775
19.633475
19.681325
19.700900
19.717300
19.738725
19.757350
19.775000
19.813975
19.842250
19.864325
19.889025
19.935575
19.976575
20.029400
20.037325
20.044900
20.063500
20.078500
20.086475
20.094125
20.112375
20.117650
20.145925
20.161250
20.191775
20.226675
20.246550
20.286775
20.358350
20.389450
20.417575
20.440450
20.469150
20.484525
20.494275
20.504400
20.531975
20.542825
20.562450
20.594800
20.612400
20.636475
20.693000
20.763275
20.783350
20.825000
20.867850
20.918925
20.922650
20.927225
20.937250
20.945925
20.959675
20.981825
21.008200
21.027425
21.044675
21.062400
21.071550
21.206325
21.249325
21.258050
21.276725
21.283000
21.290225
21.296025
21.329525
21.336700
21.354100
21.499050
21.530300
21.553450
21.572925
21.607400
21.618575
21.634950
21.647375
21.661075
21.671550
21.698850
21.725175
21.737050
21.763900
21.800200
21.818250
21.832125
21.854000
21.866550
21.887675
21.903250
21.951900
21.980350
22.016425
22.034500
22.078350
22.126025
22.200575
22.213950
22.227525
22.242350
22.258700
22.268075
22.290000
22.312525
22.338150
22.348850
22.364075
22.381225
22.428425
22.452850
22.505475
22.573475
22.590700
22.607950
22.619200
22.643625
22.651725
22.655900
22.664500
22.676925
22.690225
22.697625
22.704075
22.710425
22.722450
22.734925
22.744975
22.755800
22.777875
22.796525
22.837000
22.951150
23.017000
23.040525
23.099575
23.109650
23.116925
23.149500
23.157175
23.169100
23.250200
23.281200
23.378950
23.410900
23.423800
23.442275
23.453475
23.469475
23.481000
23.492175
23.505150
23.522850
23.556450
23.569175
23.595525
23.621175
23.637025
23.670750
23.688800
23.699425
23.721600
23.740075
23.759000
23.811575
23.833450
23.851675
23.871625
23.889425
23.950625
23.976850
24.025900
24.074050
24.105600
24.119925
24.132250
24.156400
24.179200
24.194025
24.212475
24.237200
24.250525
24.285375
24.298875
24.312300
24.334725
24.349400
24.361275
24.377225
24.389100
24.402100
24.428675
24.464175
24.504425
24.524350
24.545250
24.563450
24.579675
24.608000
24.622150
24.685775
24.709725
24.769025
24.804400
24.837150
24.890975
24.950675
24.963850
24.996700
25.031400
25.044400
25.063975
25.092350
25.115000
25.153400
25.225875
25.269675
25.282275
25.294375
25.374100
25.436175
25.474325
25.486100
25.491175
25.502950
25.549450
25.579200
25.606375
25.652100
25.690250
25.718150
25.768800
25.805650
25.845175
25.931850
25.948400
25.970250
26.074975
26.140700
26.209000
26.241750
26.264525
26.275925
26.295400
26.311125
26.326225
26.354500
26.382425
26.419900
26.455350
26.552100
26.580550
26.607275
26.629225
26.652450
26.718025
26.732875
26.759250
26.815350
26.851300
26.893100
27.027900
27.099875
27.115125
27.135000
27.159750
27.187800
27.228175
27.250075
27.271125
27.319275
27.364050
27.529700
27.589175
27.626325
27.668650
27.694200
27.709875
27.720850
27.733100
27.773825
27.793375
27.841800
27.865200
27.970675
28.023425
28.090425
28.118125
28.165750
28.188600
28.203625
28.233025
28.253475
28.277200
28.291550
28.319600
28.331300
28.347175
28.441425
28.526100
28.561325
28.635500
28.677250
28.692050
28.706875
28.740500
28.757600
28.766625
28.786750
28.854625
28.918750
28.932600
28.959725
28.997100
29.017175
29.064325
29.069950
29.086950
29.105850
29.134675
29.168450
29.188525
29.219475
29.229475
29.247200
29.249525
29.291125
29.347825
29.416375
29.451450
29.471500
29.479125
29.511375
29.525475
29.530800
29.581650
29.595125
29.707475
29.771350
29.778450
29.794300
29.807975
29.823600
29.830875
29.890150
29.931775
29.943600
29.966050
