0.037475
0.092125
0.131525
0.160700
0.180225
0.218500
0.245550
0.261200
0.314975
0.391275
0.435125
0.502725
0.524275
0.562475
0.599900
0.613150
0.657200
0.672800
0.706275
0.819325
0.836250
0.849900
0.867775
0.883425
0.905275
0.980700
1.005825
1.046800
1.235325
1.258350
1.304375
1.428925
1.493925
1.512250
1.536850
1.563700
1.579650
1.591775
1.618325
1.668925
1.720950
1.751925
1.770025
1.804525
1.834025
1.852125
1.894675
1.985775
2.002025
2.040325
2.073675
2.150100
2.189425
2.281225
2.308775
2.375150
2.393200
2.406550
2.422825
2.451975
2.574450
2.676025
2.683175
2.692025
2.737800
2.759550
2.826600
2.833375
2.879350
2.933325
2.970475
2.986875
3.037875
3.060825
3.069975
3.085750
3.106625
3.254800
3.296375
3.333000
3.352800
3.364125
3.381300
3.399325
3.404325
3.407375
3.495950
3.503300
3.519075
3.588175
3.641900
3.656625
3.686700
3.715100
3.830950
3.897900
3.958475
3.993225
4.011175
4.173550
4.174875
4.177550
4.180475
4.185325
4.351450
4.487100
4.504700
4.558875
4.574650
4.600450
4.652425
4.760400
4.772650
4.813400
4.835225
4.869075
4.912225
5.089950
5.297500
5.333675
5.349600
5.377225
5.630625
5.648875
5.665425
5.681600
5.745600
5.767900
5.775100
5.800025
5.809450
5.853525
5.888800
5.909625
5.929475
5.973550
5.991075
6.008775
6.065225
6.098050
6.192875
6.241075
6.361900
6.406150
6.434450
6.469600
6.495400
6.575300
6.670175
6.716125
6.808575
6.879775
6.959850
6.970175
6.978325
6.991375
7.028925
7.037650
7.052400
7.136525
7.148725
7.328750
7.371700
7.396175
7.436050
7.472000
7.494050
7.548175
7.613525
7.653150
7.666025
7.762200
7.781925
7.807400
7.812175
7.871850
7.932925
8.012325
8.030250
8.046575
8.069875
8.124325
8.143950
8.152675
8.524650
8.543825
8.573225
8.666000
8.689425
8.795300
8.833200
8.864425
8.890575
8.904150
8.925550
8.958100
9.004575
9.044900
9.074450
9.146575
9.161350
9.233075
9.283775
9.318625
9.380350
9.388125
9.414850
9.506875
9.533925
9.548425
9.605750
9.691275
9.727750
9.745050
9.766050
9.770925
9.794725
9.817175
9.847775
9.861400
10.078025
10.219925
10.310750
10.341825
10.408425
10.455050
10.504175
10.538375
10.627050
10.668675
10.746650
10.748825
10.872225
10.964150
11.002850
11.039625
11.070475
11.096100
11.119500
11.138725
11.189825
11.281025
11.384475
11.394225
11.547325
11.592700
11.615700
11.686975
11.705225
11.730550
11.834350
11.925325
12.013250
12.082375
12.100250
12.117575
12.229925
12.270550
12.293200
12.322650
12.367225
12.387925
12.410325
12.435350
12.448150
12.461400
12.481900
12.546700
12.622475
12.655650
12.678475
12.706450
12.728075
12.797800
12.831050
12.932550
12.947975
12.958550
13.084525
13.126575
13.145875
13.194525
13.209300
13.235375
13.298650
13.391075
13.408025
13.460125
13.582650
13.613025
13.738925
13.806125
13.841750
13.860125
13.904050
13.917650
13.922700
13.953025
14.034325
14.052500
14.084075
14.114000
14.171550
14.249475
14.293575
14.307325
14.309850
14.327175
14.386300
14.426925
14.461025
14.501750
14.517225
14.546225
14.630900
14.640725
14.771150
14.809825
14.893750
14.965825
14.984850
15.000600
15.021375
15.107925
15.122750
15.140750
15.172300
15.193550
15.218725
15.231325
15.249375
15.263750
15.288975
15.310475
15.330350
15.351725
15.580975
15.626200
15.658175
15.713975
15.801225
15.894200
15.945350
16.009650
16.107650
16.127000
16.180075
16.205125
16.217025
16.228100
16.247050
16.299400
16.564600
16.585950
16.644650
16.663875
16.681125
16.690750
16.707475
16.728100
16.740350
16.749875
16.767650
16.778850
16.857550
16.908725
16.925500
16.981450
17.004175
17.376825
17.399575
17.429900
17.515150
17.551650
17.565450
17.610625
17.624975
17.646850
17.689725
17.743525
17.791650
17.811225
17.827525
17.847800
17.884950
17.963475
18.031725
18.048925
18.054825
18.101550
18.189200
18.214400
18.301300
18.306575
18.319250
18.357450
18.364825
18.373350
18.381125
18.506700
18.561375
18.601225
18.625775
18.643975
18.699875
18.740000
18.822575
18.840625
18.858025
18.872425
19.023650
19.108450
19.147900
19.274150
19.317075
19.348400
19.361425
19.380900
19.400425
19.423675
19.452700
19.536400
19.571900
19.619850
19.642750
19.772400
19.793675
19.831250
19.873325
19.901550
19.910850
20.011575
20.027850
20.039750
20.058975
20.090500
20.112775
20.132150
20.182325
20.267425
20.276100
20.291900
20.644375
20.685150
20.703200
20.754350
20.766650
20.789350
20.854425
20.863475
20.937375
20.947900
20.988275
21.087400
21.100050
21.170250
21.183850
21.239725
21.297950
21.316200
21.341250
21.390200
21.416425
21.455125
21.477925
21.511025
21.568175
21.669275
21.679400
21.706875
21.771425
21.795325
21.823375
21.853325
21.876600
21.902550
21.975700
22.021575
22.094550
22.102375
22.128600
22.184775
22.202025
22.227950
22.338125
22.368200
22.392500
22.437325
22.586475
22.647850
22.698300
22.752175
22.794725
22.826600
22.870100
22.889975
22.905550
22.935400
22.975800
23.006200
23.062700
23.080275
23.096675
23.143575
23.182500
23.221100
23.347775
23.431125
23.436900
23.455300
23.463375
23.472775
23.592900
23.643125
23.763600
23.853350
23.873975
23.882975
23.900775
23.949200
23.995425
24.002075
24.065525
24.071225
24.076950
24.104275
24.175475
24.210500
24.276575
24.304075
24.324925
24.397200
24.410925
24.469900
24.496000
24.534525
24.554250
24.641375
24.652575
24.667025
24.682975
24.711450
24.745800
24.891275
24.915650
24.932400
24.981250
25.004250
25.062400
25.075450
25.082900
25.137150
25.197700
25.323675
25.396000
25.439325
25.483375
25.539250
25.561325
25.573600
25.619250
25.664775
25.672275
25.792125
25.841825
25.858150
25.995800
26.013550
26.150500
26.206200
26.246750
26.374125
26.395150
26.417925
26.447375
26.506475
26.527725
26.561975
26.580025
26.588450
26.611100
26.664575
26.680850
26.719575
26.729700
26.779175
26.825850
26.837375
26.873200
26.925275
26.943575
26.976525
27.001775
27.060300
27.129400
27.195325
27.206675
27.270050
27.286300
27.314725
27.326600
27.374975
27.432300
27.455275
27.475825
27.513225
27.534450
27.584450
27.601775
27.627475
27.650100
27.670325
27.694650
27.760800
27.789525
27.822150
27.883525
27.904175
27.961025
27.975975
28.008925
28.024650
28.040150
28.072150
28.103925
28.158275
28.180200
28.200100
28.226400
28.321175
28.329550
28.338350
28.341950
28.349050
28.380900
28.398275
28.502125
28.506775
28.623975
28.729625
28.763475
28.785725
28.831250
28.850450
28.868625
28.962400
28.974650
28.979950
29.267175
29.285425
29.298500
29.419175
29.470375
29.499675
29.510375
29.539100
29.627075
29.770650
29.780200
29.808850
29.811500
29.839350
29.985975
