0.022225
0.046225
0.061700
0.111775
0.131675
0.145800
0.176325
0.215650
0.224075
0.238500
0.251150
0.271175
0.291500
0.305725
0.341600
0.353225
0.363500
0.385350
0.399400
0.416075
0.435275
0.445925
0.462150
0.563700
0.574375
0.600175
0.622175
0.651325
0.735850
0.836475
0.852950
0.869800
0.878975
0.930075
0.954725
0.999150
1.025825
1.039900
1.075275
1.127775
1.141525
1.223950
1.248050
1.270175
1.317725
1.329750
1.346500
1.358150
1.382700
1.418575
1.477900
1.521475
1.599975
1.647075
1.654125
1.671025
1.684375
1.711650
1.732175
1.743525
1.779650
1.789450
1.800050
1.821450
1.830050
1.844175
1.854325
1.865000
1.893775
1.952450
1.988550
2.019075
2.031950
2.060050
2.122350
2.171250
2.192775
2.212825
2.226025
2.244950
2.262825
2.289100
2.304125
2.316475
2.340425
2.354975
2.380900
2.386075
2.397125
2.444650
2.485250
2.497750
2.516125
2.541950
2.589625
2.615400
2.637900
2.677575
2.688750
2.701600
2.721225
2.731725
2.743950
2.755125
2.762475
2.772550
2.797300
2.805150
2.819625
2.838350
2.866475
2.902475
2.952225
2.967275
2.993675
3.011700
3.021625
3.060325
3.092425
3.099700
3.119075
3.180925
3.239425
3.265400
3.295175
3.323875
3.342250
3.370300
3.383025
3.423775
3.444825
3.466600
3.491250
3.550900
3.578225
3.600750
3.618500
3.631825
3.650850
3.662625
3.670950
3.691350
3.726700
3.756300
3.774800
3.930625
3.944025
3.957825
3.968675
3.985875
4.006275
4.031875
4.050175
4.124175
4.145000
4.156200
4.198825
4.224175
4.237125
4.261375
4.278175
4.318375
4.342525
4.395775
4.403150
4.408825
4.439850
4.473775
4.494950
4.515425
4.541475
4.604275
4.623825
4.651175
4.678550
4.743125
4.756400
4.791600
4.812875
4.821075
4.825950
4.833475
4.857925
4.870225
4.893950
4.904450
4.930325
4.961075
4.970925
5.019125
5.094375
5.163300
5.174000
5.209650
5.238900
5.268000
5.276750
5.293850
5.329900
5.341800
5.354675
5.366325
5.380700
5.389400
5.409150
5.440200
5.449400
5.463450
5.481025
5.511200
5.528775
5.546700
5.584450
5.594525
5.708300
5.752325
5.760425
5.768400
5.787675
5.796775
5.819050
5.825450
5.869025
5.893600
5.911025
5.922875
5.942875
5.951750
5.961375
5.984100
5.996800
6.111175
6.175950
6.198500
6.212375
6.265775
6.277900
6.323775
6.337000
6.349000
6.372750
6.391975
6.417650
6.469875
6.487650
6.511450
6.531250
6.578475
6.628150
6.651050
6.662050
6.744575
6.783425
6.916425
6.950000
6.964775
6.976375
7.006325
7.014900
7.033300
7.130625
7.194775
7.216825
7.239375
7.276450
7.289750
7.303625
7.325375
7.348600
7.357300
7.371600
7.407825
7.461050
7.503625
7.524250
7.550000
7.636950
7.758225
7.813875
7.838050
7.900250
7.933750
7.949875
7.985675
7.993150
8.006100
8.032200
8.043300
8.060825
8.108550
8.164250
8.198150
8.229225
8.268300
8.307350
8.327725
8.344925
8.370600
8.398925
8.485675
8.500250
8.515050
8.527800
8.561875
8.574425
8.587675
8.721275
8.734325
8.861050
8.881975
8.906000
8.954450
8.966350
8.992325
9.011300
9.029300
9.053750
9.081275
9.091500
9.105900
9.118550
9.139600
9.153900
9.163850
9.209350
9.230000
9.255500
9.271950
9.341525
9.362225
9.371700
9.453225
9.477775
9.498350
9.518675
9.530500
9.549775
9.557975
9.572175
9.608125
9.648875
9.661800
9.669000
9.775675
9.814075
9.856925
9.903025
10.002625
10.011075
10.048550
10.066650
10.104325
10.111550
10.134525
10.160200
10.170425
10.182950
10.219575
10.251525
10.268850
10.311025
10.331375
10.362900
10.377000
10.386650
10.426050
10.540125
10.573275
10.603325
10.630900
10.654375
10.666475
10.676250
10.685900
10.696300
10.751700
10.761550
10.773500
10.794500
10.814525
10.828225
10.853525
10.895875
11.029850
11.041650
11.074650
11.087375
11.103650
11.113575
11.126400
11.137800
11.157550
11.220875
11.225800
11.260125
11.273975
11.295200
11.310975
11.441600
11.500450
11.537325
11.589325
11.599525
11.615800
11.627125
11.708325
11.719550
11.733025
11.740150
11.750725
11.770575
11.795850
11.812475
11.845300
11.961875
11.983450
12.001775
12.008850
12.024975
12.043275
12.059150
12.074725
12.084625
12.099525
12.114300
12.132825
12.143800
12.238800
12.260875
12.347525
12.374050
12.406400
12.412400
12.444000
12.464800
12.473275
12.500950
12.516675
12.525000
12.538550
12.550575
12.556300
12.566275
12.581025
12.602650
12.624525
12.635850
12.673625
12.729900
12.787975
12.807000
12.845200
12.857675
12.900400
12.909475
12.916900
12.926225
12.934700
12.957700
12.965500
12.977000
12.986600
12.993925
13.015125
13.062600
13.080300
13.096725
13.111650
13.178925
13.192050
13.219225
13.235675
13.246525
13.282725
13.296925
13.312175
13.321625
13.366075
13.390000
13.400200
13.411325
13.438550
13.463525
13.487400
13.509700
13.530600
13.546875
13.560850
13.580125
13.592750
13.603500
13.611200
13.640925
13.655150
13.697650
13.725525
13.732850
13.779575
13.800125
13.839025
13.959300
14.017925
14.030875
14.050100
14.064500
14.078025
14.085325
14.095425
14.128400
14.134150
14.142025
14.163050
14.177800
14.236425
14.242700
14.282000
14.289675
14.320625
14.376075
14.435550
14.449925
14.483625
14.620650
14.641750
14.665650
14.693450
14.716575
14.726000
14.733875
14.743725
14.757750
14.773450
14.794050
14.806200
14.821850
14.890500
14.902800
14.945700
14.968325
15.009950
15.100825
15.112475
15.126850
15.163225
15.176375
15.203100
15.241725
15.270350
15.284025
15.294125
15.341575
15.373925
15.384050
15.402350
15.421925
15.441950
15.472025
15.481525
15.508900
15.529875
15.547325
15.573375
15.644925
15.728725
15.758100
15.790200
15.801425
15.860450
15.878000
15.889850
15.905200
15.918850
15.935325
15.984600
15.993575
16.009225
16.041350
16.054325
16.062700
16.082500
16.092700
16.106975
16.125675
16.161450
16.173800
16.187125
16.201050
16.235950
16.257075
16.278600
16.286525
16.301675
16.317800
16.332275
16.365950
16.389950
16.397575
16.421975
16.431675
16.443550
16.451725
16.466350
16.481300
16.531850
16.540850
16.571700
16.610325
16.622050
16.633200
16.650850
16.671925
16.714850
16.744550
16.755650
16.784400
16.810200
16.827675
16.841600
16.861650
16.877075
16.895925
16.951150
16.975000
16.986975
17.000425
17.030300
17.043300
17.074975
17.114250
17.138375
17.174000
17.194350
17.217475
17.229375
17.269125
17.308075
17.335825
17.377875
17.402575
17.417800
17.450325
17.479250
17.505550
17.527700
17.572925
17.608250
17.633925
17.652450
17.696400
17.708225
17.721775
17.757775
17.802175
17.817525
17.896925
17.943825
17.956000
17.975475
17.993225
17.999975
18.007300
18.021200
18.036975
18.081575
18.094725
18.112550
18.128250
18.164875
18.177150
18.185275
18.194050
18.206425
18.213950
18.243450
18.272900
18.298450
18.340100
18.354650
18.367250
18.413050
18.429975
18.445825
18.462825
18.474050
18.485875
18.512625
18.524675
18.547575
18.561650
18.585400
18.597075
18.603950
18.641350
18.672200
18.705725
18.739525
18.771525
18.791450
18.844025
18.878225
18.916175
18.981550
19.003100
19.019725
19.028725
19.039450
19.055000
19.083100
19.093875
19.106725
19.115675
19.154525
19.179375
19.226750
19.241050
19.266875
19.280925
19.283825
19.289975
19.303675
19.347150
19.379475
19.391325
19.419100
19.432725
19.442250
19.452025
19.466225
19.475850
19.482025
19.491125
19.511400
19.541350
19.563725
19.597750
19.628500
19.645025
19.668375
19.713450
19.753175
19.779650
19.806900
19.843450
19.869575
19.876200
19.886875
19.934750
19.960050
19.977550
19.986375
19.999950
20.012200
20.036575
20.044400
20.057825
20.072975
20.095750
20.130050
20.139950
20.163450
20.170925
20.193450
20.204025
20.233700
20.247000
20.256800
20.268250
20.280550
20.292750
20.317450
20.330025
20.347700
20.368100
20.384450
20.390875
20.396375
20.410775
20.423975
20.439475
20.447775
20.453325
20.466375
20.472850
20.481250
20.495375
20.504650
20.518250
20.531875
20.544000
20.568975
20.635225
20.646325
20.660850
20.675450
20.710450
20.723025
20.742350
20.815900
20.866400
20.881675
20.902850
20.920325
20.948275
20.958250
20.989125
21.004425
21.025175
21.034050
21.051725
21.076950
21.114775
21.130075
21.146325
21.158875
21.196700
21.221125
21.232300
21.262800
21.279825
21.289725
21.296200
21.316650
21.336200
21.344425
21.352350
21.387625
21.399775
21.410650
21.423775
21.436350
21.446950
21.458550
21.502750
21.516850
21.529525
21.541350
21.590550
21.606525
21.615875
21.629600
21.657125
21.669175
21.702825
21.714400
21.727350
21.733725
21.747650
21.754150
21.765875
21.801525
21.824800
21.844025
21.861375
21.882150
21.909225
21.928650
21.950250
21.973325
22.004800
22.018825
22.096125
22.126475
22.137900
22.176450
22.184775
22.200025
22.205675
22.221300
22.232375
22.254275
22.266675
22.307050
22.349975
22.391600
22.418800
22.436625
22.478275
22.490575
22.517175
22.538800
22.551150
22.582350
22.602375
22.619075
22.628475
22.648125
22.657225
22.664900
22.678850
22.688250
22.712650
22.751950
22.792600
22.829650
22.890125
22.903775
22.920925
22.930075
22.943525
22.958275
22.992125
23.004425
23.014125
23.056500
23.065025
23.086900
23.100050
23.160150
23.262225
23.286600
23.317450
23.404625
23.416325
23.426700
23.487375
23.499100
23.522600
23.529175
23.539375
23.564800
23.586500
23.656475
23.676475
23.703375
23.714350
23.739175
23.775875
23.795800
23.814825
23.865125
23.878150
23.974600
23.995925
24.022550
24.047175
24.064450
24.098350
24.107750
24.113150
24.133400
24.159950
24.174600
24.191425
24.217525
24.234775
24.265600
24.274975
24.306775
24.337100
24.347800
24.370800
24.404500
24.413375
24.425550
24.441625
24.448850
24.460775
24.467400
24.484275
24.525900
24.540600
24.553625
24.595075
24.642675
24.702000
24.722175
24.759875
24.776975
24.790575
24.821350
24.838325
24.849275
24.868300
24.879475
24.938425
24.947175
24.972100
24.991025
25.017100
25.030350
25.041450
25.081025
25.100050
25.165100
25.201750
25.240900
25.256800
25.284375
25.302375
25.323600
25.342700
25.371125
25.391650
25.456350
25.514175
25.534625
25.601975
25.611475
25.627550
25.637600
25.657925
25.695825
25.704575
25.749075
25.756175
25.783825
25.812525
25.823200
25.840500
25.863775
25.900950
26.067575
26.075400
26.106825
26.126575
26.155150
26.184750
26.195550
26.212825
26.221100
26.236775
26.254725
26.263600
26.294100
26.325775
26.336225
26.346775
26.374750
26.385425
26.402375
26.415325
26.433275
26.444375
26.467975
26.479925
26.522000
26.560000
26.592025
26.615900
26.635850
26.703200
26.723075
26.737925
26.762550
26.796375
26.825050
26.847725
26.884625
26.903350
26.916725
26.927325
26.941425
26.980775
26.991300
26.996125
27.025200
27.053100
27.069150
27.204925
27.243200
27.250800
27.254925
27.278425
27.295875
27.406250
27.425450
27.480725
27.499875
27.536725
27.548825
27.568250
27.585700
27.592475
27.638275
27.645025
27.689225
27.727350
27.771850
27.783050
27.832875
27.863775
27.945125
27.959575
27.994050
28.072675
28.102550
28.138625
28.151450
28.165425
28.179175
28.186650
28.196500
28.206225
28.214250
28.227575
28.261125
28.310975
28.370575
28.453750
28.471725
28.489650
28.516900
28.526625
28.539050
28.570125
28.585350
28.609175
28.624575
28.659550
28.681550
28.690800
28.703800
28.723800
28.735450
28.763525
28.792575
28.810325
28.840575
28.853350
28.911975
29.003950
29.039600
29.061700
29.161175
29.199950
29.209750
29.245750
29.256975
29.266300
29.272500
29.294325
29.298500
29.326450
29.358875
29.409550
29.445950
29.536575
29.630525
29.646675
29.656675
29.676150
29.695225
29.711275
29.721425
29.733850
29.750250
29.792975
29.808350
29.830150
29.846175
29.865200
29.877350
29.954125
