0.008050
0.022725
0.199025
0.267475
0.295000
0.307575
0.316025
0.320650
0.325675
0.329450
0.332850
0.340050
0.344250
0.350550
0.357450
0.360800
0.365275
0.388300
0.397350
0.405350
0.423350
0.433450
0.443950
0.459850
0.475825
0.513400
0.677900
0.684950
0.692375
0.699375
0.702775
0.706825
0.711650
0.728025
0.731200
0.738300
0.751950
0.759025
0.786575
0.805000
0.821700
0.839700
0.848700
0.865275
0.884850
0.902200
0.916525
0.936000
0.967300
1.013550
1.043950
1.099700
1.121575
1.131475
1.141050
1.148875
1.154825
1.162100
1.166525
1.173650
1.193625
1.210150
1.227250
1.244450
1.257200
1.274700
1.330275
1.361400
1.372475
1.385650
1.393650
1.398075
1.403875
1.412925
1.422525
1.440075
1.458225
1.492550
1.513075
1.552325
1.570175
1.584900
1.592725
1.604775
1.618575
1.642975
1.665325
1.676025
1.692450
1.705225
1.715150
1.723950
1.741700
1.751475
1.761750
1.773525
1.789275
1.797025
1.803425
1.810225
1.816500
1.829600
1.848000
1.855700
1.861725
1.868350
1.880600
1.885825
1.901250
1.915675
1.926750
1.945225
1.955700
1.975375
2.006975
2.036475
2.058100
2.079575
2.094675
2.127125
2.151075
2.165150
2.189450
2.233350
2.306400
2.314675
2.323500
2.330750
2.335675
2.341475
2.348350
2.353550
2.357325
2.361950
2.367950
2.373525
2.378400
2.382650
2.389125
2.402625
2.409250
2.415150
2.435300
2.444775
2.455175
2.462275
2.477300
2.482850
2.490400
2.498150
2.512000
2.522925
2.532025
2.540775
2.556025
2.563475
2.596200
2.628475
2.661750
2.695800
2.796100
2.854525
2.870950
2.886700
2.898625
2.909750
2.919325
2.928600
2.937000
2.949000
2.966025
2.976400
2.987825
2.996900
3.014250
3.024050
3.031225
3.038225
3.041975
3.051200
3.057925
3.063550
3.072300
3.080175
3.089025
3.095525
3.102100
3.109525
3.122025
3.135650
3.143050
3.152625
3.163600
3.170625
3.178575
3.184675
3.202175
3.207025
3.215025
3.230700
3.239750
3.250275
3.260000
3.278700
3.306625
3.336450
3.459550
3.501650
3.514550
3.522325
3.534625
3.543850
3.550175
3.557475
3.562475
3.571750
3.579400
3.586000
3.593825
3.597825
3.602050
3.605750
3.610900
3.616275
3.620600
3.625600
3.631050
3.636200
3.669575
3.679550
3.698525
3.709975
3.724850
3.738650
3.746050
3.758075
3.774800
3.785950
3.803200
3.813275
3.826600
3.838300
3.854850
3.866550
3.876425
3.887325
3.896275
3.907650
3.925350
3.949750
3.976625
4.008025
4.047125
4.112100
4.199650
4.225125
4.245150
4.260850
4.269525
4.273625
4.277625
4.282700
4.288850
4.292975
4.300375
4.305925
4.310175
4.316700
4.324650
4.328975
4.335825
4.344150
4.354700
4.363900
4.367375
4.377625
4.387850
4.393000
4.407125
4.410325
4.421625
4.431575
4.436450
4.442350
4.455425
4.464500
4.470200
4.493125
4.510250
4.517900
4.527000
4.549225
4.564125
4.569675
4.578675
4.585275
4.594850
4.608825
4.613700
4.620225
4.624350
4.629475
4.645050
4.659250
4.665525
4.671425
4.675675
4.684325
4.713075
4.739475
4.761800
4.789050
4.798075
4.805100
4.813275
4.821275
4.838500
4.860375
4.931450
4.937925
4.964900
4.981025
5.033450
5.047300
5.080950
5.130600
5.142850
5.159600
5.174300
5.192425
5.217275
5.226075
5.237375
5.245400
5.257300
5.264350
5.287225
5.310725
5.353525
5.447125
5.477050
5.519975
5.539025
5.555750
5.569000
5.576825
5.587225
5.595525
5.600650
5.611300
5.615475
5.622100
5.626575
5.638075
5.648125
5.670900
5.692675
5.713225
5.792400
5.859375
5.885050
5.910850
5.928775
5.944800
5.964400
5.990625
6.018450
6.037950
6.052000
6.072000
6.089575
6.114225
6.146025
6.220400
6.243725
6.291850
6.314300
6.331825
6.343525
6.363675
6.382650
6.405200
6.416900
6.428225
6.439250
6.444875
6.452175
6.456550
6.462625
6.466525
6.473275
6.478725
6.483450
6.490600
6.496600
6.506550
6.515775
6.525875
6.535475
6.542400
6.550475
6.559250
6.576650
6.587450
6.600425
6.607800
6.616300
6.622150
6.628350
6.639600
6.644950
6.651125
6.658300
6.664400
6.672100
6.679350
6.691875
6.718050
6.726600
6.748325
6.759725
6.770375
6.809525
6.835625
6.852625
6.866400
6.881550
6.915325
6.938600
6.964975
7.037500
7.053950
7.073375
7.083850
7.091175
7.097225
7.105650
7.112150
7.117450
7.121125
7.133400
7.143750
7.152075
7.159475
7.177175
7.191650
7.209925
7.253925
7.276775
7.298050
7.320150
7.336575
7.365700
7.384225
7.410350
7.430825
7.467825
7.485300
7.511700
7.536900
7.548600
7.560125
7.570775
7.578475
7.585750
7.593275
7.598850
7.607900
7.612925
7.626025
7.633075
7.649000
7.655950
7.665725
7.684375
7.695875
7.707925
7.714475
7.723750
7.731150
7.740300
7.748675
7.755025
7.763125
7.771875
7.779225
7.788325
7.795600
7.810850
7.815900
7.821125
7.832500
7.841250
7.845175
7.850925
7.860175
7.868975
7.880750
7.920800
7.940875
7.961675
8.010725
8.072125
8.099825
8.144525
8.158250
8.170975
8.184750
8.195425
8.203175
8.217500
8.225175
8.232200
8.237000
8.241550
8.248400
8.255500
8.267000
8.275200
8.285225
8.293025
8.304175
8.315375
8.328225
8.340625
8.357900
8.376300
8.395350
8.422125
8.431650
8.459925
8.480175
8.528925
8.548950
8.567375
8.600375
8.629925
8.736850
8.758550
8.782275
8.815925
8.841900
8.860375
8.882875
8.902450
8.922800
8.940250
8.953725
8.972450
8.988875
9.002425
9.036675
9.075425
9.156125
9.194625
9.212200
9.228300
9.246500
9.263525
9.284925
9.292225
9.313325
9.335900
9.346975
9.360825
9.370900
9.379100
9.388675
9.395700
9.414750
9.422800
9.432725
9.442175
9.449275
9.458000
9.466875
9.480750
9.497050
9.521675
9.545675
9.567375
9.587050
9.610250
9.637875
9.659325
9.705725
9.715000
9.726700
9.739575
9.747925
9.757800
9.768575
9.773575
9.780950
9.785950
9.796975
9.809675
9.818900
9.825050
9.830600
9.835800
9.842575
9.847525
9.852500
9.860100
9.866525
9.883100
9.914525
9.920275
9.926625
9.934825
9.942625
9.951675
9.958225
9.962975
9.975050
9.981700
9.994725
10.009650
10.018725
10.028650
10.039075
10.049225
10.057000
10.074875
10.086525
10.097950
10.126100
10.139225
10.163025
10.187850
10.212675
10.269975
10.377275
10.390275
10.401225
10.409700
10.414200
10.420200
10.425700
10.432075
10.439250
10.447575
10.453700
10.477325
10.483775
10.487825
10.493400
10.510725
10.520900
10.525175
10.533925
10.537800
10.551475
10.556950
10.565650
10.572725
10.577900
10.584050
10.590575
10.596800
10.613250
10.619550
10.628425
10.635675
10.647400
10.654600
10.659725
10.666875
10.674450
10.691225
10.698875
10.708800
10.725150
10.730600
10.735200
10.746150
10.752050
10.759650
10.768875
10.781400
10.790700
10.819925
10.840300
10.867150
10.890525
10.959775
10.996275
11.143600
11.148725
11.156625
11.231150
11.269900
11.283125
11.304250
11.316325
11.328350
11.341600
11.354925
11.376325
11.406475
11.418175
11.432775
11.441150
11.454475
11.506825
11.572100
11.588875
11.626825
11.639000
11.653475
11.672350
11.690100
11.728225
11.763675
11.793150
11.825900
11.883450
11.905175
11.925175
11.936750
11.947850
11.975550
11.988600
12.017300
12.042375
12.054525
12.072250
12.086700
12.110150
12.121250
12.136475
12.146925
12.154950
12.165750
12.173775
12.180050
12.183425
12.189550
12.232075
12.241950
12.263300
12.275325
12.283525
12.299600
12.328050
12.338475
12.360275
12.385850
12.407425
12.429325
12.448850
12.464075
12.475150
12.488950
12.508675
12.522725
12.550175
12.561775
12.577150
12.591875
12.604475
12.639850
12.665725
12.691575
12.709025
12.752300
12.773125
12.838225
12.876175
12.888000
12.898750
12.912975
12.920775
12.927600
12.934525
12.940525
12.946600
12.952975
12.964400
12.977925
12.983975
13.003425
13.009250
13.015300
13.023000
13.040225
13.055300
13.097500
13.108000
13.113900
13.130000
13.147925
13.156250
13.170075
13.181000
13.190000
13.198525
13.208650
13.220800
13.239950
13.255650
13.294800
13.384500
13.483150
13.519725
13.533325
13.548425
13.560875
13.572700
13.579500
13.591125
13.599475
13.612000
13.621525
13.629025
13.637150
13.647350
13.657350
13.673500
13.682450
13.705550
13.722075
13.759750
13.821825
13.889075
13.922425
13.969375
13.984625
14.011375
14.021300
14.031650
14.039425
14.046875
14.054550
14.059800
14.069425
14.084400
14.118075
14.137400
14.161575
14.189325
14.207125
14.247675
14.305125
14.390400
14.414725
14.428750
14.439900
14.450325
14.459150
14.476125
14.495050
14.508750
14.521175
14.530125
14.537625
14.549950
14.566075
14.579875
14.597625
14.614025
14.633400
14.684175
14.718000
14.751675
14.782300
14.805325
14.824000
14.845100
14.860125
14.884500
14.921425
14.949075
14.978525
15.003825
15.017275
15.028375
15.053000
15.066975
15.089575
15.101950
15.113375
15.125700
15.145275
15.157775
15.177825
15.193800
15.214775
15.231175
15.247500
15.260800
15.273850
15.285475
15.298575
15.327325
15.338825
15.366150
15.386675
15.425925
15.469075
15.489500
15.497450
15.511150
15.536950
15.550875
15.570100
15.581125
15.606175
15.618350
15.638600
15.651025
15.678000
15.687725
15.705475
15.730750
15.749975
15.766075
15.783675
15.802050
15.821075
15.830800
15.847875
15.867275
15.886925
15.904575
15.922325
15.937400
15.950350
15.966175
15.981850
15.997200
16.012975
16.024175
16.039900
16.053800
16.066025
16.079800
16.105350
16.130975
16.310000
16.318125
16.323750
16.327525
16.330900
16.334675
16.339875
16.345850
16.350100
16.364675
16.372750
16.380800
16.392075
16.414750
16.432275
16.443350
16.455925
16.463975
16.469850
16.481250
16.493950
16.503675
16.514050
16.519900
16.528650
16.539750
16.548275
16.565200
16.588675
16.629300
16.671225
16.705275
16.737400
16.753775
16.789975
16.822275
16.846450
16.867125
16.888875
16.899600
16.913000
16.926550
16.937525
16.946300
16.959050
16.970350
16.983275
16.999925
17.016975
17.036225
17.053675
17.068175
17.090050
17.139575
17.261425
17.268625
17.278625
17.289625
17.298950
17.310225
17.320850
17.328775
17.335500
17.346575
17.354275
17.359925
17.366000
17.372875
17.379875
17.399425
17.411725
17.453350
17.586200
17.596975
17.602650
17.613525
17.619550
17.629925
17.644350
17.657675
17.665200
17.677400
17.685875
17.695400
17.705275
17.710025
17.719850
17.726250
17.734150
17.744275
17.758375
17.780875
17.790100
17.799950
17.807350
17.819825
17.822725
17.826950
17.829700
17.834350
17.837200
17.855625
17.861975
17.868700
17.874375
17.879875
17.887175
17.893250
17.897525
17.913825
17.920900
17.933825
17.954775
17.973575
17.981500
17.988850
17.999175
18.009000
18.015925
18.027600
18.031975
18.062250
18.074125
18.080400
18.095275
18.116075
18.279675
18.304125
18.308550
18.313200
18.319550
18.322475
18.326925
18.331225
18.334425
18.338850
18.348650
18.352950
18.355925
18.362300
18.366875
18.375100
18.381225
18.394100
18.403600
18.411125
18.422150
18.446150
18.459525
18.478975
18.495350
18.522925
18.540025
18.587025
18.613725
18.674300
18.693750
18.702800
18.713175
18.721500
18.734525
18.746700
18.755925
18.764775
18.778225
18.794550
18.801625
18.832950
18.868150
18.890050
18.929500
18.983325
19.038275
19.053100
19.063075
19.070600
19.078075
19.080950
19.085125
19.089100
19.097125
19.100575
19.107325
19.114775
19.120075
19.125550
19.144700
19.150725
19.157850
19.167600
19.175450
19.182850
19.194000
19.200875
19.212125
19.226200
19.237375
19.250875
19.263725
19.270600
19.278400
19.285000
19.292875
19.297475
19.317800
19.323675
19.326625
19.331075
19.347625
19.376100
19.400850
19.408700
19.415425
19.429300
19.440250
19.447900
19.460775
19.469625
19.491950
19.528575
19.541275
19.557400
19.569575
19.577000
19.589175
19.594700
19.604750
19.625900
19.631050
19.638475
19.652625
19.666825
19.696400
19.717375
19.737150
19.745775
19.755300
19.766375
19.823200
19.840300
19.870375
19.897750
19.912925
19.957125
19.986375
20.049175
20.062625
20.073650
20.081500
20.089700
20.099450
20.109475
20.120200
20.128850
20.138850
20.151425
20.157125
20.170050
20.177900
20.186625
20.198475
20.213000
20.222850
20.228225
20.243525
20.249700
20.274300
20.295900
20.329800
20.380075
20.400825
20.419250
20.433125
20.442725
20.453050
20.460450
20.466475
20.474775
20.481725
20.490275
20.496200
20.502875
20.508175
20.519325
20.524400
20.528375
20.541600
20.549200
20.561725
20.567825
20.575775
20.589575
20.597425
20.606700
20.623125
20.633550
20.658650
20.696500
20.893550
20.900475
20.907450
20.913075
20.921050
20.928925
20.935725
20.945650
20.957050
20.964400
20.976975
20.991425
21.047450
21.065325
21.121600
21.139000
21.150250
21.161975
21.171850
21.182175
21.192900
21.210350
21.230675
21.241900
21.253175
21.261550
21.277325
21.292250
21.304450
21.313425
21.333525
21.354400
21.371000
21.394775
21.422900
21.460825
21.485925
21.503600
21.523925
21.535225
21.566500
21.575100
21.594275
21.606625
21.616050
21.627525
21.641925
21.655075
21.669500
21.679125
21.697575
21.729900
21.756650
21.909725
21.922025
21.928500
21.933600
21.941800
21.948200
21.954525
21.960925
21.969050
21.977375
21.986500
21.998225
22.004875
22.012825
22.017325
22.023350
22.040975
22.048325
22.059975
22.067875
22.074400
22.080850
22.088350
22.115750
22.142250
22.185125
22.361175
22.384000
22.405500
22.424775
22.444875
22.462150
22.473525
22.484550
22.493325
22.503550
22.512750
22.525200
22.534825
22.542725
22.560575
22.572350
22.591625
22.605300
22.615700
22.717275
22.803525
23.037275
23.059475
23.092675
23.122350
23.152325
23.173525
23.193875
23.234225
23.258150
23.292875
23.324625
23.349225
23.369375
23.410475
23.423900
23.445825
23.458275
23.475250
23.511600
23.534375
23.567700
23.741425
23.751650
23.769825
23.795025
23.814775
23.839025
23.859300
23.881525
23.901025
23.914925
23.935750
23.948075
23.960600
23.973650
23.991500
24.210375
24.231050
24.248675
24.268325
24.282600
24.295500
24.308075
24.326125
24.339825
24.350500
24.369425
24.386250
24.426150
24.476150
24.607500
24.646275
24.686600
24.704750
24.779500
24.811600
24.836550
24.862500
24.886950
24.899125
24.917625
24.950075
25.048075
25.196525
25.217725
25.292750
25.318575
25.341950
25.353075
25.369050
25.387800
25.399425
25.406425
25.417625
25.423025
25.437075
25.446600
25.454900
25.469500
25.477850
25.493350
25.505350
25.511675
25.519450
25.534800
25.545975
25.558125
25.576350
25.590150
25.609325
25.648850
25.694575
25.747550
25.793225
25.813400
25.825725
25.833700
25.845150
25.860925
25.874850
25.913225
25.950150
25.990250
26.016875
26.031625
26.046350
26.063450
26.075275
26.090925
26.105725
26.117250
26.128875
26.146675
26.164300
26.180850
26.205425
26.425550
26.440650
26.453700
26.475025
26.488200
26.507175
26.521925
26.536725
26.548475
26.565050
26.582900
26.598625
26.612250
26.625250
26.634950
26.644550
26.656200
26.668950
26.683675
26.688675
26.700550
26.726600
26.747975
26.799125
26.852075
26.867300
26.882350
26.902500
26.920475
26.935925
26.970075
27.138800
27.150000
27.158825
27.167400
27.175075
27.181775
27.188525
27.196775
27.205800
27.209925
27.218925
27.230000
27.237875
27.245700
27.253300
27.260375
27.269800
27.277600
27.283700
27.290425
27.298525
27.305100
27.310150
27.313300
27.324025
27.328325
27.350250
27.353100
27.374850
27.379275
27.386675
27.393300
27.401200
27.411025
27.415300
27.425125
27.429550
27.438900
27.447475
27.455075
27.482350
27.487125
27.492450
27.509925
27.515475
27.542175
27.556775
27.562400
27.566400
27.590150
27.620600
27.631550
27.642550
27.655075
27.667725
27.676075
27.689400
27.697125
27.710025
27.741150
27.759325
27.777775
27.797450
27.811400
27.824200
27.833575
27.841750
27.846775
27.858625
27.866950
27.875650
27.884475
27.890775
27.903025
27.910625
27.917675
27.939575
27.948000
27.975725
27.984875
27.997625
28.015400
28.022575
28.032425
28.047625
28.058475
28.073825
28.090375
28.141850
28.149675
28.167325
28.193225
28.252400
28.323525
28.378275
28.387350
28.404950
28.416350
28.424275
28.434475
28.453275
28.462000
28.470200
28.480600
28.491625
28.502200
28.517200
28.529425
28.537700
28.549725
28.554575
28.568950
28.574150
28.589050
28.643150
28.698550
28.713375
28.734050
28.761975
28.783025
28.807250
28.820750
28.826875
28.836250
28.842050
28.848650
28.854400
28.861350
28.871800
28.877175
28.883525
28.890300
28.897275
28.905150
28.911200
28.921625
28.935175
28.945525
28.952950
28.961075
28.968975
28.977825
29.011775
29.021725
29.040275
29.081300
29.227375
29.252800
29.270875
29.293175
29.304550
29.321225
29.335200
29.346400
29.356400
29.366825
29.373875
29.383725
29.389950
29.406175
29.417575
29.431450
29.440450
29.460000
29.472900
29.484350
29.497825
29.518300
29.540675
29.603425
29.767875
29.775200
29.790900
29.805650
29.816700
29.833275
29.845875
29.855000
29.862575
29.867175
29.871650
29.875025
29.881450
29.890175
29.894725
29.905925
29.912900
29.919150
29.926625
29.935000
29.938925
29.943900
29.950000
29.954900
29.958900
29.966575
29.977650
29.981750
29.989650
29.994675
