0.000800
0.010475
0.024750
0.041150
0.055675
0.068650
0.089625
0.102575
0.116900
0.128925
0.141300
0.152400
0.164675
0.173300
0.182500
0.198050
0.216875
0.232475
0.247450
0.265950
0.279525
0.287350
0.304050
0.319350
0.334725
0.358575
0.376800
0.391500
0.405650
0.426600
0.460475
0.478050
0.498525
0.530725
0.577225
0.603150
0.631525
0.663225
0.684450
0.724025
0.738050
0.760650
0.776050
0.789350
0.795550
0.802575
0.819625
0.825975
0.836875
0.843650
0.857950
0.867075
0.876000
0.887400
0.904300
0.915125
0.937275
0.955125
0.978850
0.997425
1.009350
1.025550
1.041175
1.047525
1.060375
1.072325
1.081050
1.090425
1.098525
1.106875
1.115675
1.136750
1.146475
1.150875
1.160750
1.165550
1.172725
1.179875
1.184800
1.193675
1.200650
1.223550
1.235425
1.243225
1.253025
1.260475
1.274175
1.287100
1.298725
1.307375
1.324700
1.334125
1.343150
1.358675
1.370075
1.377350
1.394750
1.403975
1.410775
1.420675
1.428700
1.446775
1.464900
1.472250
1.485900
1.498750
1.509525
1.522400
1.534725
1.551525
1.571075
1.584025
1.600675
1.626100
1.649375
1.672400
1.693600
1.710525
1.742375
1.751425
1.769000
1.786950
1.801750
1.813200
1.826350
1.838700
1.852825
1.876550
1.890075
1.923275
1.957750
1.988725
2.016850
2.043550
2.075800
2.153050
2.189950
2.206400
2.227850
2.244725
2.261575
2.283925
2.332275
2.358550
2.388375
2.427400
2.455850
2.476425
2.504850
2.517725
2.531500
2.540825
2.546700
2.554200
2.563100
2.581150
2.597050
2.618450
2.646075
2.680925
2.696525
2.735600
2.755750
2.790250
2.841050
2.879275
2.913175
2.939925
2.954900
2.966950
2.980950
3.004925
3.028400
3.045875
3.080075
3.110450
3.142500
3.173500
3.204875
3.237275
3.252125
3.266950
3.275050
3.287700
3.298625
3.317725
3.343225
3.369450
3.391050
3.429350
3.465500
3.495775
3.521750
3.549900
3.568500
3.581650
3.592100
3.615700
3.634675
3.648575
3.675300
3.696700
3.721325
3.760450
3.794875
3.831350
3.868425
3.916725
3.947500
3.980700
4.022425
4.056500
4.076650
4.092575
4.105650
4.122200
4.156375
4.179525
4.209550
4.273425
4.297375
4.357200
4.412600
4.441525
4.460275
4.508550
4.537975
4.555950
4.583075
4.604575
4.623575
4.651100
4.689275
4.720975
4.744725
4.790700
4.821225
4.854500
4.894600
4.933250
4.965450
4.994950
5.068375
5.089100
5.111650
5.156475
5.220125
5.257475
5.328000
5.384300
5.428175
5.456650
5.511825
5.537000
5.556900
5.567750
5.616675
5.643625
5.675325
5.726500
5.773775
5.799975
5.840975
5.868150
5.900700
5.930450
5.960125
5.998425
6.051925
6.093600
6.113825
6.128425
6.140000
6.146625
6.152800
6.161700
6.166900
6.175725
6.185025
6.191325
6.196525
6.203950
6.208925
6.214475
6.228625
6.233675
6.239775
6.247275
6.261825
6.274225
6.282450
6.300200
6.315875
6.329850
6.336825
6.346825
6.352725
6.364925
6.371875
6.386075
6.398525
6.407525
6.427050
6.437075
6.452550
6.465050
6.472650
6.488575
6.506475
6.527875
6.571050
6.584150
6.615200
6.651750
6.684550
6.717700
6.759425
6.788250
6.828950
6.842200
6.857125
6.873600
6.908675
6.934125
6.969550
6.984425
7.011275
7.029400
7.047200
7.058875
7.083725
7.126250
7.146250
7.179125
7.205850
7.241900
7.265350
7.290350
7.317100
7.332325
7.345725
7.357200
7.380800
7.402150
7.453250
7.483550
7.528850
7.549550
7.590625
7.630900
7.667225
7.696875
7.723175
7.753400
7.787600
7.814375
7.845975
7.877725
7.925700
7.954750
7.983300
8.004225
8.011150
8.018600
8.024075
8.031575
8.036800
8.045300
8.053350
8.057775
8.064500
8.073100
8.095500
8.107450
8.117550
8.123375
8.132475
8.141575
8.151325
8.160200
8.175825
8.187450
8.200450
8.223725
8.245975
8.269200
8.291900
8.310725
8.331175
8.357975
8.385950
8.409900
8.428225
8.461175
8.487350
8.521525
8.545125
8.574900
8.607975
8.625050
8.644375
8.655100
8.666900
8.679200
8.696375
8.719375
8.735625
8.757300
8.780400
8.792900
8.833175
8.862125
8.901000
8.930350
8.938975
8.948425
8.959900
8.970275
8.976625
8.983975
8.994575
9.002950
9.013975
9.023700
9.031975
9.041925
9.049150
9.063150
9.071025
9.077700
9.086525
9.097800
9.106825
9.119475
9.130775
9.154650
9.167500
9.174525
9.191450
9.207725
9.228925
9.260200
9.281125
9.304325
9.335875
9.366950
9.391375
9.414100
9.441650
9.462125
9.490975
9.523950
9.563325
9.587675
9.594150
9.600000
9.614425
9.623925
9.636225
9.645675
9.659050
9.674800
9.685900
9.712700
9.728675
9.741125
9.762300
9.784600
9.814100
9.835575
9.857075
9.882875
9.908000
9.927550
9.944275
9.975775
9.994975
10.012275
10.031550
10.060200
10.080975
10.109750
10.125425
10.157825
10.181650
10.203300
10.227925
10.257725
10.285775
10.308175
10.326975
10.363275
10.381050
10.405050
10.434775
10.463275
10.510400
10.538125
10.605150
10.634500
10.673550
10.698625
10.717950
10.742700
10.779100
10.803675
10.828100
10.852800
10.883225
10.909950
10.960925
10.979525
11.037650
11.067575
11.093750
11.117900
11.140475
11.155275
11.161800
11.170825
11.175250
11.179350
11.186550
11.190925
11.203675
11.210075
11.215050
11.229350
11.240500
11.247850
11.253750
11.259325
11.275000
11.283500
11.295525
11.306725
11.317175
11.329950
11.346575
11.356200
11.367900
11.378425
11.392700
11.408800
11.421975
11.439450
11.459375
11.473275
11.487175
11.504625
11.524375
11.547100
11.579500
11.606350
11.640825
11.670025
11.711225
11.733200
11.762475
11.793800
11.843525
11.848775
11.853400
11.858175
11.862750
11.866875
11.879800
11.883525
11.888675
11.892475
11.900350
11.905475
11.910600
11.919175
11.923675
11.934775
11.948450
11.962475
11.973700
11.989950
12.000025
12.015300
12.045800
12.064750
12.090375
12.114025
12.136275
12.151375
12.172200
12.193825
12.218075
12.235725
12.258625
12.280925
12.301550
12.319425
12.332125
12.347125
12.364950
12.378425
12.397275
12.412175
12.430000
12.451425
12.481600
12.507550
12.539650
12.568225
12.592500
12.618075
12.652875
12.679950
12.703000
12.722100
12.742875
12.763825
12.775500
12.791700
12.806550
12.821500
12.831850
12.854775
12.880025
12.901500
12.931175
12.952375
12.981500
13.016225
13.045775
13.065725
13.085375
13.117825
13.134425
13.143750
13.150625
13.161550
13.172425
13.181225
13.193650
13.202625
13.217700
13.226000
13.236950
13.260175
13.275450
13.289975
13.310500
13.324425
13.355975
13.378775
13.397500
13.417650
13.442225
13.469575
13.490750
13.534725
13.570800
13.611975
13.631800
13.645625
13.656050
13.662300
13.670150
13.675025
13.685525
13.693800
13.703825
13.711325
13.721000
13.736875
13.744550
13.756350
13.769575
13.781975
13.788125
13.795500
13.805125
13.813725
13.822400
13.831100
13.844425
13.859575
13.867550
13.881750
13.888075
13.895275
13.921225
13.929075
13.941400
13.948525
13.961475
13.973325
13.987925
13.996300
14.032675
14.044000
14.055775
14.070100
14.080950
14.099675
14.111500
14.130375
14.139925
14.157725
14.171325
14.188500
14.203075
14.220650
14.237800
14.248675
14.262050
14.274275
14.293300
14.327700
14.340900
14.359100
14.379500
14.395725
14.408400
14.421875
14.442325
14.454750
14.467825
14.486475
14.501350
14.518700
14.531300
14.553675
14.571375
14.592225
14.615200
14.632850
14.665250
14.682575
14.725650
14.754775
14.786450
14.857025
14.871800
14.883300
14.890125
14.900800
14.933250
14.981575
15.028850
15.066975
15.104775
15.127225
15.143625
15.155150
15.166700
15.177900
15.194250
15.206650
15.224425
15.243525
15.287575
15.308225
15.358725
15.387075
15.427575
15.447225
15.463425
15.480200
15.493300
15.509500
15.521100
15.552425
15.579525
15.602275
15.625750
15.641275
15.665275
15.699400
15.741625
15.771800
15.804175
15.837675
15.865500
15.895550
15.918275
15.949550
15.984500
16.026500
16.054475
16.082625
16.103675
16.116025
16.141325
16.155075
16.186250
16.212025
16.248400
16.278975
16.303600
16.343200
16.404975
16.436550
16.469850
16.497800
16.517225
16.531875
16.545475
16.567425
16.583450
16.614225
16.632500
16.678450
16.715750
16.747500
16.800400
16.832100
16.851875
16.873675
16.890975
16.908800
16.953150
16.970800
17.006700
17.058225
17.098050
17.124375
17.148125
17.173125
17.211175
17.234900
17.271525
17.298300
17.320950
17.358825
17.390650
17.416075
17.434400
17.473100
17.497875
17.523825
17.547225
17.589550
17.615750
17.647875
17.672325
17.710250
17.760625
17.798550
17.836700
17.876150
17.909000
17.933725
17.970375
18.003525
18.036075
18.058375
18.103800
18.122825
18.134300
18.145325
18.172275
18.184200
18.202725
18.222975
18.255075
18.283575
18.310425
18.329000
18.381525
18.434275
18.478625
18.512825
18.554350
18.578750
18.599150
18.613625
18.624300
18.636625
18.645125
18.651350
18.662925
18.674200
18.697500
18.710175
18.719550
18.729800
18.737725
18.744875
18.751550
18.761050
18.767525
18.774300
18.784100
18.802850
18.816800
18.828825
18.854075
18.865275
18.889175
18.904800
18.923700
18.955125
19.006475
19.037175
19.071450
19.100300
19.131975
19.150450
19.179550
19.212925
19.240750
19.253525
19.265225
19.272400
19.281325
19.289250
19.293725
19.303875
19.310325
19.313800
19.322650
19.330600
19.360600
19.372125
19.404200
19.435175
19.465325
19.515850
19.552825
19.571750
19.596850
19.624325
19.654025
19.683100
19.713975
19.742500
19.774025
19.802775
19.845075
19.864350
19.898300
19.912225
19.924700
19.934650
19.946025
19.961700
19.985500
20.014625
20.048000
20.074200
20.093875
20.124700
20.159250
20.180625
20.211300
20.256450
20.300850
20.322425
20.334200
20.340350
20.345650
20.352150
20.358075
20.363850
20.373700
20.380650
20.386675
20.397575
20.422975
20.448150
20.473225
20.497450
20.531600
20.559800
20.576500
20.604400
20.629675
20.657025
20.701525
20.731050
20.754425
20.789600
20.812975
20.842875
20.875400
20.905075
20.924600
20.944025
20.988575
21.027275
21.081875
21.127600
21.157100
21.176775
21.189675
21.216600
21.247875
21.299225
21.320225
21.335700
21.354000
21.366925
21.386750
21.402050
21.410175
21.420750
21.442125
21.461650
21.472075
21.493425
21.507150
21.539025
21.561275
21.576500
21.587650
21.602725
21.625925
21.646400
21.676150
21.700775
21.732875
21.760800
21.778850
21.814450
21.841950
21.874450
21.912050
21.931675
21.946000
21.958675
21.968350
21.976775
21.997325
22.014875
22.047300
22.073200
22.090175
22.104750
22.118200
22.136800
22.158075
22.181900
22.194600
22.220275
22.227500
22.234825
22.243125
22.256425
22.275725
22.286175
22.296950
22.305825
22.317975
22.338525
22.349300
22.365550
22.380900
22.404625
22.424550
22.436350
22.464075
22.500550
22.526975
22.557000
22.582075
22.612300
22.645550
22.675525
22.703200
22.731150
22.749950
22.766600
22.777850
22.785925
22.796150
22.808225
22.830650
22.851800
22.883850
22.920675
22.949875
22.975425
23.016900
23.047100
23.070225
23.084900
23.097125
23.117725
23.128600
23.139150
23.154300
23.177575
23.205000
23.221125
23.234550
23.254725
23.277900
23.315025
23.346350
23.369075
23.418025
23.453175
23.484525
23.520025
23.552275
23.588050
23.622325
23.647725
23.665125
23.682125
23.689225
23.695225
23.719325
23.734275
23.744275
23.753100
23.763550
23.769450
23.777500
23.790675
23.812275
23.831675
23.852025
23.874550
23.892575
23.915475
23.930600
23.950950
23.978725
24.001125
24.039650
24.062425
24.098450
24.129025
24.166650
24.205525
24.224200
24.230150
24.234925
24.240300
24.248975
24.253000
24.260375
24.265975
24.273250
24.279825
24.295075
24.302725
24.314200
24.328300
24.358450
24.380625
24.393750
24.419125
24.443750
24.483525
24.504500
24.529400
24.558775
24.591850
24.627800
24.657225
24.682650
24.717950
24.742450
24.796825
24.818025
24.865900
24.876425
24.886125
24.906725
24.918100
24.928975
24.938425
24.948800
24.959650
24.970675
24.983250
24.990800
25.000500
25.010600
25.019100
25.032850
25.038050
25.050975
25.068600
25.079050
25.100525
25.112350
25.125650
25.139650
25.148925
25.159700
25.182075
25.196675
25.210625
25.226425
25.245025
25.259075
25.290950
25.310375
25.329150
25.348400
25.367300
25.400950
25.429525
25.457100
25.489650
25.512550
25.539000
25.565600
25.599675
25.663425
25.676900
25.697600
25.714350
25.724275
25.729750
25.739850
25.747825
25.755500
25.765650
25.776250
25.790400
25.817975
25.835125
25.851100
25.874600
25.894175
25.912925
25.960125
25.992525
26.014425
26.041550
26.061850
26.094125
26.115575
26.156975
26.163050
26.168125
26.177150
26.185125
26.189525
26.204325
26.221650
26.242800
26.253150
26.271900
26.293475
26.313750
26.347000
26.378325
26.400825
26.421175
26.449575
26.482450
26.506975
26.533875
26.557975
26.572225
26.584075
26.603825
26.628400
26.636075
26.647925
26.657200
26.676675
26.694100
26.718900
26.745925
26.770175
26.790200
26.802500
26.816550
26.830350
26.839975
26.857250
26.865425
26.871925
26.879700
26.887050
26.896225
26.908725
26.927575
26.941300
26.963000
26.972350
26.983750
26.991325
27.003400
27.009200
27.018050
27.029100
27.048975
27.062150
27.068900
27.078150
27.090075
27.098675
27.106500
27.116775
27.129025
27.139175
27.150600
27.168475
27.189475
27.198325
27.221650
27.233275
27.251075
27.262750
27.270175
27.281225
27.311075
27.327075
27.341200
27.351800
27.370900
27.378250
27.388550
27.408500
27.426700
27.436200
27.450825
27.462975
27.476225
27.492000
27.500300
27.510775
27.526900
27.537850
27.546475
27.553650
27.561225
27.566300
27.576800
27.588800
27.594275
27.603225
27.616100
27.626200
27.644075
27.655075
27.666425
27.686825
27.697750
27.705400
27.715775
27.729925
27.743725
27.752050
27.762950
27.773075
27.783150
27.790150
27.800125
27.823650
27.849075
27.860050
27.865150
27.872825
27.880900
27.892775
27.924450
27.937550
27.944925
27.965250
27.973975
27.999250
28.013150
28.023750
28.034075
28.043750
28.058675
28.071500
28.078550
28.095725
28.104400
28.113900
28.137700
28.147800
28.163750
28.178225
28.204550
28.214000
28.227275
28.240850
28.249150
28.264975
28.274000
28.282025
28.293775
28.300850
28.320850
28.340525
28.356025
28.367500
28.374600
28.382450
28.426375
28.459900
28.471425
28.489925
28.507425
28.533000
28.553225
28.570300
28.582850
28.592675
28.609750
28.621225
28.635975
28.652425
28.688975
28.714500
28.738775
28.753450
28.770775
28.788100
28.818925
28.848300
28.940825
28.959250
28.982200
29.019100
29.044425
29.067125
29.087400
29.119750
29.143525
29.168675
29.202250
29.235925
29.309075
29.328100
29.338200
29.345575
29.359675
29.378175
29.387400
29.404875
29.473375
29.496350
29.512000
29.549750
29.570725
29.587875
29.595300
29.617500
29.632525
29.638350
29.647225
29.659350
29.705250
29.717050
29.726825
29.763300
29.771950
29.782150
29.791725
29.805675
29.819300
29.835575
29.858125
29.876025
29.895500
29.902000
29.917400
29.924600
29.930175
29.939800
29.982950
29.998450
