0.029550
0.048475
0.061100
0.095725
0.122350
0.150025
0.185625
0.203275
0.226025
0.243300
0.260050
0.288850
0.310225
0.328700
0.337500
0.367525
0.410300
0.431275
0.452025
0.474775
0.482725
0.508550
0.527075
0.539750
0.548350
0.568350
0.581600
0.605775
0.640725
0.675375
0.695725
0.743725
0.787075
0.819500
0.838000
0.850475
0.873075
0.885975
0.896575
0.936350
0.952325
0.989400
1.019300
1.038775
1.064750
1.145300
1.188500
1.217475
1.249850
1.270200
1.279950
1.360225
1.372150
1.401925
1.416100
1.447225
1.462250
1.491350
1.549050
1.582650
1.659525
1.673425
1.689375
1.707450
1.732050
1.754275
1.773650
1.799700
1.828000
1.842150
1.860375
1.875100
1.886600
1.902250
1.914950
1.923525
1.935625
1.950225
1.970825
1.981525
1.996325
1.999725
2.024350
2.043700
2.053300
2.077550
2.116875
2.136850
2.152525
2.183625
2.208175
2.247950
2.256350
2.269125
2.309975
2.320125
2.349300
2.402050
2.415100
2.434450
2.480025
2.494600
2.504600
2.513100
2.534000
2.550350
2.565775
2.576475
2.590700
2.596725
2.622550
2.645225
2.671625
2.697450
2.712175
2.725825
2.741975
2.787950
2.819675
2.835050
2.927500
2.955650
2.973575
2.991925
3.014575
3.097400
3.107625
3.132975
3.166450
3.183250
3.191725
3.209750
3.226900
3.241350
3.266875
3.305075
3.338550
3.356300
3.380625
3.398125
3.405400
3.421700
3.428900
3.447225
3.463175
3.473800
3.504675
3.533200
3.550200
3.577750
3.591450
3.607400
3.647675
3.669025
3.699450
3.719150
3.749625
3.767450
3.783900
3.817525
3.821100
3.849750
3.866475
3.892675
3.933750
3.957250
3.971200
4.073125
4.092425
4.146125
4.156550
4.183150
4.217350
4.247800
4.269675
4.286500
4.299400
4.325000
4.374850
4.395125
4.430800
4.495525
4.528150
4.566325
4.657250
4.673300
4.688950
4.699750
4.713375
4.811425
4.832525
4.883725
4.920450
5.017775
5.030300
5.050225
5.068475
5.087100
5.102875
5.115075
5.168075
5.186675
5.258225
5.285525
5.311300
5.345400
5.373625
5.409625
5.424800
5.438900
5.452900
5.468450
5.492300
5.508475
5.520850
5.614000
5.712250
5.739775
5.760050
5.773325
5.836625
5.940850
5.952825
6.001475
6.035125
6.057625
6.086325
6.115575
6.145925
6.292050
6.305700
6.343375
6.360525
6.381300
6.419700
6.439250
6.486525
6.508100
6.547100
6.690250
6.748350
6.774475
6.827425
6.933325
6.977850
7.000200
7.018425
7.031950
7.117750
7.176700
7.203825
7.268725
7.299450
7.340475
7.398100
7.413525
7.424750
7.444450
7.461775
7.516475
7.530625
7.603200
7.645175
7.665575
7.692800
7.706875
7.724225
7.771325
7.876600
7.894450
7.909500
7.939425
7.996275
8.142450
8.172500
8.195025
8.227625
8.341875
8.362575
8.386000
8.435100
8.451325
8.469400
8.487625
8.521125
8.553400
8.587050
8.626425
8.719350
8.740200
8.765725
8.779950
8.811650
8.844700
8.900400
8.914400
8.987125
9.012050
9.069175
9.110375
9.125175
9.186825
9.199225
9.229050
9.254375
9.273975
9.294275
9.311450
9.328825
9.373250
9.393775
9.421650
9.439300
9.449825
9.470550
9.510400
9.534250
9.555350
9.589425
9.661700
9.703775
9.717750
9.776450
9.800225
9.812850
9.835225
9.864050
9.898575
9.918275
9.942475
9.975850
10.021625
10.039675
10.052425
10.080350
10.093850
10.106000
10.156150
10.198200
10.217675
10.230775
10.242125
10.268850
10.290900
10.312425
10.327525
10.378625
10.524475
10.548325
10.582825
10.631300
10.681225
10.747700
10.803650
10.851200
10.876575
10.909225
10.923700
10.963450
10.983325
11.005250
11.021350
11.041175
11.104475
11.154350
11.226700
11.265700
11.284125
11.306075
11.336350
11.432775
11.448350
11.471875
11.585400
11.615475
11.634775
11.796400
11.839000
11.883550
11.907150
11.922425
11.964925
11.999025
12.014700
12.025550
12.037550
12.060175
12.125700
12.187275
12.204625
12.283975
12.321125
12.424300
12.438300
12.454975
12.475125
12.490050
12.524900
12.551375
12.590850
12.603950
12.613600
12.657375
12.730875
12.742475
12.770725
12.885875
12.915725
12.934625
13.021275
13.042100
13.062850
13.085925
13.110100
13.138550
13.165800
13.342325
13.364825
13.392275
13.462400
13.477025
13.499575
13.518275
13.563925
13.581450
13.593825
13.627175
13.735925
13.754550
13.790125
13.816075
13.910775
13.933500
13.945300
13.984050
13.999375
14.026325
14.051650
14.070500
14.086150
14.103925
14.136425
14.153100
14.221900
14.246550
14.316675
14.327425
14.366950
14.410500
14.431125
14.452275
14.473650
14.496450
14.539900
14.590525
14.596900
14.609800
14.630900
14.641725
14.688225
14.732725
14.757825
14.788250
14.803975
14.857375
14.898475
14.918475
14.947950
14.964175
14.981475
15.015975
15.035275
15.065575
15.081725
15.111950
15.128850
15.143000
15.179150
15.202100
15.262225
15.288075
15.321675
15.342650
15.361850
15.412800
15.463700
15.488475
15.525875
15.542175
15.562800
15.603975
15.635350
15.652775
15.662725
15.703100
15.743475
15.812350
15.859325
15.879125
15.931300
15.950525
15.970350
15.996150
16.013450
16.032175
16.040100
16.117325
16.139175
16.148675
16.161600
16.182000
16.197650
16.214800
16.231625
16.288000
16.308200
16.334825
16.347500
16.375225
16.394900
16.450775
16.471225
16.514750
16.531350
16.559950
16.593375
16.612050
16.629425
16.647350
16.665275
16.712900
16.729200
16.790625
16.814300
16.847450
16.893300
16.943250
16.961725
16.973125
17.034700
17.068250
17.080025
17.090850
17.101475
17.118000
17.135775
17.154850
17.201450
17.217350
17.247550
17.281125
17.297550
17.312825
17.364125
17.445000
17.513300
17.529000
17.547000
17.560525
17.575150
17.587925
17.611400
17.647400
17.666625
17.686775
17.708725
17.758875
17.797925
17.815700
17.824525
17.843825
17.895200
17.924700
17.964950
17.984375
17.994900
18.010200
18.027500
18.039925
18.066100
18.082200
18.099400
18.110725
18.133125
18.155400
18.176075
18.204050
18.229600
18.275100
18.289575
18.304500
18.344150
18.403025
18.454450
18.462475
18.483125
18.501600
18.519025
18.534575
18.589100
18.597750
18.618250
18.634825
18.653225
18.671925
18.683800
18.696425
18.720275
18.736425
18.766325
18.791475
18.813050
18.826275
18.834525
18.868175
18.906125
18.923875
18.937400
18.963675
18.983025
19.034600
19.046975
19.065350
19.081875
19.094125
19.129375
19.178025
19.193800
19.207950
19.212975
19.251575
19.268150
19.281750
19.301250
19.337300
19.348625
19.377050
19.394525
19.408250
19.418850
19.485500
19.522300
19.530850
19.542950
19.555800
19.578925
19.589000
19.631375
19.646875
19.670250
19.683275
19.697150
19.711850
19.730525
19.749375
19.754625
19.788850
19.800125
19.816225
19.852450
19.874325
19.889400
19.908650
19.929875
19.948725
20.030650
20.042575
20.062650
20.072200
20.097225
20.123275
20.148525
20.184200
20.204675
20.220650
20.249925
20.279475
20.329950
20.347725
20.387150
20.402100
20.416775
20.422200
20.443200
20.456750
20.497900
20.530625
20.554425
20.570325
20.620225
20.639575
20.709400
20.748575
20.779650
20.799825
20.818725
20.848350
20.880625
20.900950
21.138325
21.150975
21.167350
21.220450
21.236175
21.258500
21.277250
21.294325
21.320700
21.350575
21.375450
21.390925
21.407975
21.427750
21.445050
21.481450
21.514175
21.546025
21.568400
21.591200
21.618200
21.637575
21.658925
21.681900
21.697075
21.714650
21.730275
21.755400
21.774125
21.801550
21.820375
21.843050
21.901000
21.923200
22.044800
22.061750
22.082050
22.101350
22.114900
22.124850
22.141875
22.158100
22.190000
22.211500
22.228000
22.241175
22.265700
22.289275
22.340000
22.390075
22.398525
22.470525
22.504425
22.556400
22.571700
22.626325
22.663275
22.728450
22.751650
22.823600
22.847325
22.910600
22.945725
22.956375
22.994225
23.010725
23.120425
23.198950
23.238325
23.323275
23.426000
23.458600
23.549175
23.575250
23.584050
23.597475
23.612250
23.633950
23.644900
23.657625
23.677775
23.695900
23.718625
23.749150
23.766525
23.779200
23.815100
23.837500
23.861075
23.895900
23.923225
23.951625
24.054725
24.093125
24.117025
24.136250
24.195675
24.209575
24.223450
24.282100
24.298800
24.332775
24.358000
24.372375
24.391475
24.414075
24.441875
24.447825
24.471425
24.484175
24.510075
24.530625
24.551875
24.576875
24.588050
24.621000
24.638800
24.646975
24.664775
24.683675
24.701200
24.712125
24.728775
24.751450
24.792850
24.808275
24.866875
24.884775
24.904050
24.929450
24.952475
25.045550
25.070775
25.081375
25.111300
25.119550
25.134175
25.162550
25.182700
25.234650
25.256050
25.286000
25.322775
25.361225
25.405150
25.475750
25.493300
25.520650
25.541725
25.574775
25.599525
25.620275
25.644100
25.691100
25.700800
25.726525
25.758300
25.780875
25.800525
25.819175
25.886700
25.965400
26.000300
26.017250
26.095800
26.114050
26.131275
26.189000
26.197900
26.271275
26.314800
26.329325
26.345050
26.359125
26.372675
26.388425
26.399800
26.444900
26.471575
26.478200
26.507150
26.532750
26.622150
26.649575
26.663825
26.668200
26.690850
26.703125
26.713450
26.731300
26.766950
26.784825
26.833375
26.930850
26.980850
26.993325
27.000450
27.011275
27.014700
27.029375
27.046825
27.094575
27.109400
27.149900
27.170125
27.216250
27.244225
27.359925
27.382375
27.429050
27.433325
27.450875
27.481125
27.506675
27.521550
27.541500
27.562075
27.600100
27.671625
27.707325
27.719925
27.812650
27.839850
27.854425
27.876875
27.903175
27.919100
27.960325
27.986275
28.018400
28.082975
28.163100
28.191600
28.208600
28.266550
28.328625
28.363875
28.391250
28.474350
28.519600
28.645050
28.669150
28.704200
28.721925
28.743925
28.763675
28.772850
28.896550
28.919425
28.957175
28.984050
29.039725
29.077900
29.132275
29.185300
29.222625
29.238100
29.246650
29.263675
29.300625
29.327350
29.357350
29.465000
29.482825
29.505600
29.545450
29.582350
29.607075
29.626400
29.644575
29.681600
29.741725
29.760050
29.808225
29.833625
29.906575
29.913675
29.948900
29.956900
29.983725
