0.013450
0.027300
0.046225
0.060400
0.073350
0.084775
0.094825
0.106600
0.122175
0.135475
0.151950
0.170375
0.185325
0.204500
0.220525
0.231475
0.244700
0.258775
0.273175
0.283025
0.292925
0.303525
0.316750
0.330275
0.344075
0.357175
0.373125
0.389575
0.410525
0.451150
0.473750
0.496175
0.517325
0.539600
0.560775
0.582775
0.601825
0.618875
0.638675
0.652500
0.662050
0.671975
0.679575
0.686875
0.718300
0.726825
0.735000
0.744475
0.752100
0.760550
0.769650
0.780775
0.792075
0.802450
0.812025
0.824025
0.835775
0.848075
0.860875
0.888825
0.904575
0.922350
0.937725
0.952775
0.965550
0.978325
0.995125
1.008850
1.023525
1.040725
1.053200
1.067100
1.083450
1.100650
1.120900
1.141825
1.162700
1.177800
1.187775
1.210175
1.216200
1.222975
1.230925
1.239075
1.248325
1.256025
1.266775
1.283600
1.303950
1.319600
1.337925
1.354700
1.378075
1.392025
1.402875
1.420450
1.448100
1.456650
1.464150
1.484850
1.508375
1.520950
1.527325
1.535675
1.544150
1.553950
1.561800
1.571000
1.578675
1.589075
1.603550
1.617900
1.632350
1.653450
1.667675
1.688150
1.704075
1.724000
1.741100
1.773425
1.790275
1.798850
1.805425
1.811100
1.823000
1.841325
1.853375
1.862825
1.871675
1.885125
1.891475
1.906950
1.917850
1.931275
1.942450
1.958075
1.989425
2.008475
2.022125
2.038875
2.055125
2.068000
2.087000
2.102475
2.128275
2.142475
2.158875
2.175800
2.192725
2.212300
2.225250
2.257975
2.279175
2.293125
2.304800
2.313825
2.318650
2.324375
2.329725
2.336025
2.347650
2.353575
2.358525
2.365050
2.384850
2.391050
2.398825
2.403975
2.410225
2.416325
2.422175
2.437750
2.443200
2.466350
2.482575
2.488275
2.494675
2.499975
2.505325
2.512750
2.519700
2.525675
2.533650
2.563075
2.570875
2.586700
2.595850
2.605400
2.613500
2.624225
2.632400
2.639825
2.648050
2.654500
2.661325
2.668225
2.676400
2.683075
2.696450
2.704600
2.714225
2.723100
2.732400
2.742925
2.754550
2.769850
2.805075
2.822700
2.834575
2.862400
2.879525
2.898150
2.914300
2.931200
2.960350
2.967175
2.994025
3.004375
3.014425
3.019775
3.036900
3.043400
3.053625
3.059225
3.067650
3.076475
3.083100
3.097500
3.104750
3.117650
3.123550
3.131350
3.137150
3.142350
3.155375
3.161300
3.167175
3.180875
3.187200
3.200350
3.206975
3.222125
3.237625
3.248600
3.261150
3.274750
3.287275
3.301350
3.315525
3.345925
3.364300
3.381850
3.396500
3.408525
3.422975
3.433200
3.439700
3.457875
3.462200
3.466700
3.471450
3.475625
3.485200
3.490625
3.503075
3.509125
3.516350
3.523150
3.541425
3.552500
3.563025
3.577050
3.603825
3.613175
3.630450
3.637625
3.643650
3.656975
3.663675
3.669775
3.681250
3.687700
3.698525
3.703050
3.707675
3.714325
3.730600
3.736775
3.741475
3.746600
3.754100
3.761175
3.766675
3.771225
3.787250
3.798000
3.803375
3.813375
3.824400
3.835175
3.845450
3.851200
3.857900
3.864500
3.872650
3.883500
3.894775
3.904800
3.915375
3.928725
3.940500
3.954850
3.965425
3.978800
3.990450
4.003300
4.020900
4.033125
4.048525
4.063450
4.078800
4.092875
4.106125
4.112850
4.118050
4.123050
4.139750
4.154550
4.169650
4.175400
4.189750
4.202450
4.213100
4.218900
4.225750
4.243550
4.253350
4.257350
4.261275
4.267175
4.272375
4.277825
4.284925
4.290675
4.311825
4.322150
4.354775
4.360625
4.366650
4.374250
4.393325
4.399550
4.405950
4.423250
4.446925
4.468325
4.479200
4.484100
4.493700
4.506175
4.511925
4.519125
4.530625
4.541050
4.547675
4.562550
4.574550
4.581050
4.593125
4.601725
4.607625
4.614100
4.636900
4.643775
4.650300
4.660650
4.674950
4.689550
4.703600
4.717875
4.732750
4.747175
4.759050
4.766100
4.781900
4.789250
4.799850
4.815300
4.821875
4.827300
4.833975
4.839225
4.850900
4.878225
4.898075
4.905050
4.911400
4.916450
4.920225
4.925075
4.936550
4.942275
4.948500
4.954475
4.974400
4.987125
5.006775
5.013150
5.019100
5.034100
5.040175
5.052050
5.057200
5.063800
5.069200
5.075900
5.082975
5.089375
5.111275
5.118450
5.125825
5.134025
5.141775
5.153350
5.170050
5.231000
5.242075
5.255150
5.266600
5.278025
5.289100
5.299850
5.309000
5.322625
5.335100
5.348625
5.382675
5.401400
5.419325
5.435400
5.449725
5.461275
5.487525
5.502775
5.514350
5.525425
5.534675
5.541250
5.556800
5.563875
5.571725
5.578550
5.605950
5.614575
5.624525
5.630950
5.638150
5.644450
5.652875
5.669725
5.692625
5.706275
5.717950
5.747050
5.775725
5.790450
5.804475
5.818425
5.830975
5.838925
5.846700
5.853025
5.858050
5.867425
5.874025
5.879700
5.890750
5.896325
5.903000
5.909575
5.915100
5.926850
5.934050
5.941600
5.949400
5.966925
5.976375
5.991725
5.998075
6.005475
6.020925
6.025925
6.030425
6.035450
6.044275
6.062775
6.067850
6.072475
6.090025
6.112425
6.142000
6.163400
6.189550
6.196875
6.211975
6.230425
6.238400
6.246100
6.254800
6.262825
6.271775
6.281325
6.293250
6.301950
6.324325
6.339375
6.355750
6.371300
6.385475
6.403175
6.421300
6.437350
6.454225
6.467725
6.494500
6.501775
6.520175
6.524875
6.530925
6.535650
6.541250
6.555325
6.568250
6.576450
6.590700
6.597150
6.613625
6.628550
6.643300
6.655175
6.664000
6.676550
6.709150
6.725700
6.737850
6.752325
6.777025
6.784000
6.789600
6.803175
6.819525
6.830275
6.840750
6.851000
6.856800
6.862400
6.868600
6.874725
6.881150
6.887550
6.893375
6.901400
6.913450
6.919350
6.926375
6.949250
6.955875
6.962075
6.973400
6.980750
6.985775
6.996900
7.001675
7.009100
7.013825
7.025650
7.031400
7.038600
7.052525
7.068225
7.087225
7.105575
7.110675
7.120100
7.132400
7.138525
7.155700
7.161850
7.166800
7.171800
7.184500
7.191000
7.197575
7.204175
7.210750
7.216875
7.232200
7.239175
7.246475
7.253225
7.259625
7.266750
7.274600
7.280975
7.288250
7.294575
7.319525
7.325050
7.339750
7.347150
7.353950
7.372825
7.387900
7.395575
7.404825
7.411750
7.422600
7.432875
7.447675
7.494850
7.506875
7.520825
7.541500
7.559400
7.581475
7.607575
7.622975
7.645200
7.651675
7.668650
7.686175
7.692275
7.704225
7.717225
7.723925
7.731775
7.746025
7.754800
7.764775
7.776375
7.801800
7.815550
7.826800
7.836850
7.848100
7.866175
7.886300
7.913050
7.921750
7.929750
7.937550
7.944325
7.956725
7.966075
7.974500
7.984450
7.998975
8.007550
8.027925
8.036575
8.047125
8.061475
8.075525
8.092000
8.106725
8.120250
8.138200
8.154175
8.172550
8.203450
8.212625
8.225300
8.231250
8.240650
8.245900
8.257275
8.263500
8.269900
8.278225
8.285700
8.295725
8.305450
8.315225
8.326325
8.336425
8.350450
8.364425
8.379875
8.411750
8.429700
8.444475
8.459125
8.474800
8.490825
8.508000
8.521100
8.530625
8.538350
8.545700
8.559300
8.567875
8.582050
8.589250
8.596350
8.604175
8.613875
8.623250
8.633400
8.654300
8.664750
8.676950
8.686775
8.700650
8.731625
8.747725
8.763150
8.782825
8.805100
8.822125
8.838950
8.864350
8.877225
8.885525
8.908175
8.915975
8.925200
8.933925
8.953625
8.965600
8.977825
8.991175
9.016500
9.029150
9.043425
9.052900
9.064300
9.074625
9.088275
9.104400
9.122075
9.137750
9.160025
9.180025
9.193200
9.207825
9.230475
9.238325
9.245800
9.252475
9.258800
9.266125
9.272575
9.293675
9.299350
9.306575
9.316175
9.334300
9.347450
9.364425
9.382475
9.400300
9.414400
9.425975
9.439475
9.456200
9.469175
9.482100
9.520600
9.534550
9.548150
9.565625
9.579625
9.593600
9.601475
9.608600
9.615800
9.629025
9.633975
9.641200
9.655450
9.662575
9.669100
9.683425
9.695575
9.701175
9.715125
9.720475
9.725925
9.754350
9.768050
9.774450
9.780925
9.788075
9.804050
9.812575
9.818325
9.824975
9.854700
9.867975
9.890600
9.898550
9.906975
9.913975
9.924400
9.935300
9.944150
9.953425
9.963450
9.971900
9.983425
9.993925
10.005850
10.056125
10.071625
10.084900
10.112100
10.129300
10.154500
10.168000
10.179150
10.183850
10.190825
10.196250
10.200350
10.212500
10.224400
10.230800
10.239700
10.247550
10.257575
10.274200
10.283075
10.292100
10.301725
10.324475
10.334750
10.345700
10.354100
10.362600
10.376150
10.381875
10.389200
10.406725
10.418400
10.428875
10.433875
10.438450
10.449850
10.460600
10.466450
10.472750
10.485425
10.517050
10.523550
10.529575
10.547250
10.553050
10.559100
10.566575
10.580150
10.588425
10.595975
10.602125
10.608050
10.614150
10.621400
10.628650
10.635525
10.643025
10.650075
10.670850
10.680125
10.688475
10.695750
10.703700
10.712525
10.719425
10.732475
10.741050
10.749200
10.768250
10.781725
10.789350
10.795450
10.803725
10.810000
10.831625
10.847275
10.865725
10.880250
10.912450
10.927725
10.951575
10.964975
10.978275
10.995550
11.008300
11.019875
11.026725
11.051725
11.058100
11.069350
11.075600
11.087675
11.094625
11.101600
11.122725
11.131150
11.140725
11.150150
11.162900
11.171900
11.183750
11.209750
11.222925
11.235250
11.251525
11.261275
11.277400
11.290800
11.301700
11.307425
11.318350
11.332850
11.340150
11.354375
11.359350
11.374200
11.380900
11.395950
11.404625
11.413350
11.431600
11.439250
11.446225
11.453225
11.460850
11.479000
11.485800
11.497275
11.520575
11.536750
11.544700
11.568175
11.576125
11.583150
11.591400
11.606850
11.629500
11.637850
11.648975
11.656775
11.665800
11.676525
11.686200
11.696850
11.706050
11.716675
11.740900
11.752125
11.774550
11.788175
11.802050
11.817500
11.831000
11.845400
11.868575
11.880175
11.889975
11.898850
11.905625
11.912575
11.926050
11.931900
11.938875
11.946425
11.953700
11.966875
11.972825
11.980675
11.996050
12.003050
12.013575
12.023200
12.035125
12.047675
12.074900
12.088125
12.101250
12.118575
12.135975
12.159200
12.166250
12.171300
12.176100
12.182025
12.186500
12.207675
12.214400
12.229125
12.265900
12.274175
12.298875
12.311625
12.323350
12.335250
12.355650
12.361000
12.366150
12.376275
12.400650
12.407250
12.412825
12.419900
12.431325
12.437225
12.454500
12.467775
12.480250
12.491150
12.496475
12.502000
12.514550
12.546450
12.560950
12.565825
12.572225
12.594450
12.600000
12.606400
12.611550
12.620950
12.632150
12.648200
12.653600
12.665400
12.676075
12.685550
12.691550
12.697675
12.715425
12.728150
12.734350
12.742375
12.756650
12.770775
12.778325
12.805325
12.828650
12.836075
12.845475
12.860600
12.885325
12.895150
12.934500
12.947875
12.968700
12.979525
12.991300
13.001600
13.010925
13.022900
13.038025
13.045750
13.063050
13.076325
13.083025
13.089675
13.096850
13.102925
13.109200
13.117350
13.135725
13.142075
13.149850
13.155375
13.164475
13.170825
13.185650
13.210550
13.220300
13.226875
13.248725
13.257050
13.263975
13.271725
13.279725
13.298725
13.309450
13.318550
13.330850
13.354300
13.363950
13.372825
13.382700
13.396700
13.406675
13.416400
13.424450
13.433650
13.443300
13.454375
13.468075
13.480950
13.495650
13.506000
13.519650
13.533125
13.542525
13.556400
13.578325
13.619150
13.653675
13.669450
13.681100
13.690600
13.700075
13.707550
13.724975
13.733725
13.745875
13.770625
13.784875
13.801350
13.820350
13.832925
13.847000
13.854875
13.861725
13.868425
13.876475
13.883100
13.889900
13.905700
13.914675
13.924575
13.940700
13.976375
13.998325
14.006950
14.018625
14.026975
14.039975
14.063675
14.078875
14.089475
14.105375
14.117425
14.131000
14.146550
14.154200
14.160650
14.167750
14.177025
14.184750
14.192475
14.201175
14.211725
14.236900
14.248625
14.262125
14.278050
14.300000
14.319675
14.337475
14.353875
14.367000
14.380275
14.410500
14.426325
14.440550
14.453950
14.464575
14.479550
14.486625
14.494050
14.500975
14.507725
14.515950
14.522625
14.531175
14.540875
14.553000
14.580800
14.595375
14.608900
14.624600
14.643950
14.658550
14.671975
14.687275
14.701550
14.718825
14.732650
14.745200
14.753550
14.761150
14.783650
14.790150
14.797375
14.810725
14.816900
14.823550
14.831725
14.840100
14.856575
14.868050
14.877800
14.894100
14.909500
14.926250
14.940900
14.957125
14.977275
15.008625
15.023450
15.038600
15.051950
15.067950
15.074600
15.080950
15.087625
15.093125
15.104300
15.110725
15.123125
15.137050
15.145025
15.155050
15.174075
15.183500
15.195425
15.212500
15.225100
15.240500
15.257675
15.274125
15.288100
15.303275
15.314825
15.333250
15.343725
15.352325
15.359050
15.366350
15.373550
15.380950
15.387325
15.406675
15.413175
15.419975
15.428000
15.436800
15.445325
15.452850
15.466200
15.499025
15.514350
15.526725
15.542875
15.572175
15.588975
15.603125
15.619900
15.635250
15.649400
15.680275
15.692675
15.709825
15.731775
15.741850
15.750400
15.759675
15.779075
15.786700
15.801600
15.807825
15.813475
15.820800
15.828700
15.837700
15.846350
15.868250
15.882850
15.892000
15.907175
15.940450
15.954175
15.966375
15.977250
16.006575
16.021550
16.034775
16.051575
16.070025
16.086725
16.110275
16.129100
16.148875
16.167200
16.188050
16.207325
16.222450
16.238350
16.252875
16.271800
16.289325
16.302075
16.315375
16.335100
16.343325
16.355075
16.360250
16.366175
16.371150
16.411125
16.442650
16.451750
16.469825
16.484625
16.498250
16.523275
16.534275
16.555975
16.565700
16.574675
16.583675
16.594075
16.602825
16.611825
16.620325
16.628600
16.651075
16.658350
16.666625
16.673525
16.682125
16.690525
16.698825
16.707575
16.715675
16.722000
16.728775
16.735775
16.744100
16.751950
16.758075
16.764850
16.771450
16.779250
16.804150
16.813175
16.823550
16.834375
16.845825
16.859000
16.870450
16.885825
16.902075
16.913875
16.928475
16.948000
16.960125
16.970950
16.982250
16.995200
17.007650
17.022050
17.038200
17.055050
17.072325
17.087050
17.104025
17.114200
17.122800
17.130525
17.138025
17.145200
17.157925
17.169750
17.176425
17.184425
17.192050
17.198925
17.205025
17.213775
17.222800
17.231225
17.263675
17.289950
17.298700
17.312375
17.318825
17.325225
17.337525
17.343300
17.350150
17.365825
17.372375
17.389150
17.396775
17.446975
17.460925
17.467300
17.473400
17.492050
17.515200
17.521300
17.532525
17.538400
17.544725
17.550125
17.555475
17.569550
17.583275
17.589325
17.596375
17.603750
17.628925
17.648425
17.656950
17.670900
17.684950
17.698825
17.712275
17.727025
17.756525
17.770050
17.800150
17.813625
17.831600
17.849425
17.858225
17.876750
17.886625
17.894300
17.899650
17.905425
17.910300
17.916425
17.929150
17.935475
17.941750
17.948900
17.956675
17.964225
17.980775
17.989825
17.998225
18.009500
18.021375
18.042425
18.056275
18.070775
18.084325
18.104100
18.116400
18.134275
18.164625
18.180325
18.196000
18.215175
18.227050
18.237450
18.247100
18.254475
18.262700
18.269650
18.275225
18.281350
18.288425
18.299825
18.313100
18.320925
18.335950
18.343125
18.355725
18.371000
18.379175
18.387425
18.394100
18.402325
18.408300
18.423400
18.430950
18.438400
18.448925
18.467975
18.477600
18.494875
18.502600
18.509050
18.516675
18.524700
18.542200
18.551175
18.561025
18.570425
18.579075
18.591075
18.600300
18.619350
18.628600
18.636050
18.645375
18.656075
18.666575
18.678650
18.706975
18.754050
18.765150
18.779475
18.792050
18.805800
18.818925
18.835325
18.862975
18.874575
18.883925
18.894600
18.901875
18.908475
18.915275
18.924075
18.931250
18.947050
18.953775
18.961600
18.971175
18.992475
19.005525
19.020075
19.032475
19.046925
19.059550
19.072175
19.105400
19.120275
19.130575
19.145175
19.156675
19.176000
19.185125
19.202050
19.224200
19.233650
19.244825
19.253900
19.262475
19.279675
19.286625
19.295950
19.304775
19.313050
19.321225
19.330775
19.337250
19.347250
19.355450
19.363225
19.372600
19.383250
19.395750
19.407350
19.417925
19.431850
19.445350
19.480300
19.502150
19.516625
19.531500
19.549500
19.582250
19.599725
19.616375
19.627700
19.644875
19.654250
19.663025
19.679850
19.691475
19.702775
19.708050
19.713975
19.745625
19.752875
19.760675
19.775050
19.809500
19.819750
19.826750
19.842050
19.858250
19.867500
19.872675
19.877875
19.884275
19.891000
19.897275
19.909350
19.915425
19.922325
19.928025
19.932700
19.952800
19.966775
19.974575
19.987525
20.005875
20.012500
20.026650
20.034225
20.040425
20.069175
20.074800
20.081575
20.088550
20.095875
20.103475
20.113850
20.121450
20.132225
20.141525
20.153625
20.165100
20.179650
20.192950
20.206550
20.219725
20.230200
20.243525
20.261350
20.280525
20.302475
20.324600
20.337575
20.362750
20.378425
20.389950
20.398575
20.407800
20.423350
20.430200
20.438150
20.444625
20.450875
20.456950
20.464675
20.470975
20.477825
20.486825
20.496150
20.516350
20.530875
20.545950
20.562750
20.578825
20.594825
20.609600
20.624750
20.637625
20.652650
20.669525
20.683275
20.698275
20.711050
20.727150
20.741675
20.768125
20.775250
20.797375
20.821750
20.828025
20.832225
20.837350
20.842025
20.848125
20.854775
20.876225
20.883200
20.889950
20.896775
20.913650
20.922050
20.931250
20.939625
20.949525
20.957850
20.967050
20.975925
20.984575
20.994200
21.002950
21.011975
21.022975
21.033200
21.043200
21.054500
21.063750
21.086650
21.115800
21.131325
21.145425
21.165550
21.182075
21.198475
21.214050
21.233275
21.247775
21.255475
21.270600
21.275925
21.290525
21.297725
21.321675
21.330000
21.339250
21.346975
21.354475
21.361950
21.368400
21.382450
21.389025
21.397325
21.405150
21.413950
21.420775
21.427675
21.435475
21.443275
21.451525
21.458525
21.473025
21.480350
21.488850
21.497150
21.512450
21.521150
21.531675
21.555100
21.566950
21.580950
21.595900
21.609225
21.626400
21.654425
21.673450
21.695025
21.717625
21.733725
21.750975
21.764375
21.781975
21.795600
21.805675
21.814950
21.823250
21.830550
21.842375
21.854750
21.862300
21.868025
21.873575
21.880400
21.887650
21.904550
21.916300
21.929775
21.942850
21.955875
21.980575
22.007825
22.019700
22.032800
22.044325
22.054225
22.064975
22.071900
22.077700
22.081775
22.090900
22.101050
22.108100
22.113050
22.118475
22.131100
22.143750
22.153150
22.160850
22.182825
22.191625
22.199300
22.208250
22.220725
22.239950
22.254900
22.285250
22.300325
22.306600
22.312925
22.336500
22.346325
22.363000
22.371500
22.379525
22.388100
22.396150
22.413650
22.424700
22.435250
22.470550
22.497450
22.511150
22.522000
22.535025
22.565625
22.579650
22.601900
22.619500
22.645900
22.682025
22.697400
22.718800
22.728350
22.740650
22.747400
22.754500
22.762775
22.770725
22.787925
22.795475
22.802300
22.810800
22.817675
22.826300
22.834825
22.843750
22.862575
22.904600
22.915050
22.925900
22.941625
22.948825
22.968650
22.974975
22.981650
22.995150
23.002500
23.009700
23.048200
23.062800
23.077325
23.091900
23.110950
23.126975
23.146300
23.160050
23.175975
23.190000
23.206250
23.219925
23.232500
23.258675
23.272425
23.284725
23.296200
23.304775
23.310825
23.316150
23.333550
23.339500
23.344725
23.351175
23.357600
23.362175
23.367250
23.383550
23.406500
23.433025
23.439825
23.464650
23.471100
23.478750
23.491950
23.514475
23.522550
23.530700
23.564975
23.582125
23.590600
23.603025
23.614300
23.624175
23.635375
23.646950
23.659025
23.683725
23.697950
23.708375
23.716325
23.725475
23.747800
23.758400
23.770150
23.779325
23.787725
23.798725
23.807325
23.819325
23.831550
23.845925
23.862900
23.877825
23.897075
23.913275
23.946225
23.980075
23.990900
23.999700
24.007550
24.022300
24.044400
24.055625
24.062825
24.068800
24.075075
24.082050
24.088150
24.095300
24.101250
24.109375
24.118600
24.127500
24.138650
24.155775
24.163825
24.171975
24.186125
24.194150
24.202550
24.218700
24.228600
24.240450
24.253275
24.266325
24.279400
24.289250
24.302925
24.315575
24.326875
24.354075
24.374550
24.389100
24.450725
24.460900
24.468300
24.485850
24.497625
24.502875
24.511350
24.512925
24.516100
24.521400
24.525975
24.535750
24.541325
24.547675
24.559350
24.566300
24.573275
24.580800
24.624125
24.631900
24.639675
24.649625
24.658275
24.677225
24.688750
24.726825
24.736625
24.749350
24.762250
24.775425
24.797775
24.811775
24.824625
24.837400
24.857525
24.868150
24.890000
24.901725
24.912475
24.923050
24.935750
24.952875
24.961700
24.970000
24.979050
24.992850
24.999900
25.014225
25.022100
25.029700
25.038050
25.059000
25.073100
25.085875
25.113675
25.126500
25.140150
25.157475
25.204350
25.214525
25.224675
25.230900
25.237325
25.244800
25.251450
25.263000
25.270275
25.275675
25.288675
25.294850
25.302550
25.309450
25.315500
25.328450
25.341275
25.348900
25.357375
25.364800
25.379725
25.385625
25.392250
25.400125
25.406250
25.414300
25.434825
25.444425
25.456350
25.470025
25.483975
25.498975
25.514725
25.531250
25.549700
25.585025
25.599000
25.636100
25.653100
25.666050
25.677525
25.686725
25.699300
25.707200
25.712900
25.730800
25.736500
25.742050
25.754075
25.758375
25.766125
25.771550
25.781775
25.787175
25.804500
25.822125
25.834025
25.843350
25.849125
25.854525
25.866025
25.872325
25.879825
25.893050
25.899775
25.904525
25.910175
25.915250
25.922125
25.934000
25.944650
25.951200
25.958625
25.970950
25.976775
25.995525
26.005150
26.013250
26.022175
26.033025
26.043250
26.055025
26.078500
26.089150
26.099725
26.119800
26.128650
26.156000
26.169250
26.183400
26.207200
26.235150
26.271025
26.286300
26.291725
26.299350
26.312075
26.319175
26.325750
26.333625
26.348525
26.362875
26.387525
26.398025
26.408450
26.419750
26.432125
26.445450
26.458850
26.473500
26.508025
26.531200
26.546575
26.559650
26.578425
26.593375
26.606600
26.618925
26.634575
26.647650
26.658450
26.668350
26.676200
26.684000
26.691200
26.699825
26.706475
26.721775
26.733225
26.740125
26.755250
26.770200
26.790775
26.799400
26.809450
26.817800
26.827425
26.841025
26.863250
26.874000
26.886575
26.896900
26.910800
26.922275
26.934700
26.946900
26.959325
26.970875
26.984400
26.994175
27.002100
27.009425
27.016875
27.030075
27.049900
27.068000
27.081550
27.092150
27.101425
27.107575
27.119675
27.137175
27.142625
27.147575
27.159100
27.164725
27.170650
27.176025
27.186975
27.208475
27.213175
27.226825
27.241650
27.250675
27.277100
27.283350
27.286925
27.291350
27.302700
27.318650
27.329625
27.334750
27.353575
27.369400
27.375525
27.381075
27.391200
27.401425
27.408025
27.413650
27.419025
27.425550
27.431400
27.451325
27.457675
27.463750
27.469100
27.480000
27.488325
27.496100
27.501700
27.507350
27.518650
27.525275
27.529450
27.540975
27.546925
27.552950
27.562850
27.570425
27.596975
27.604025
27.618675
27.644075
27.651400
27.656750
27.665000
27.672250
27.680100
27.697100
27.712075
27.720225
27.727350
27.741675
27.751050
27.777875
27.787800
27.797125
27.808425
27.840325
27.852000
27.862575
27.873350
27.883500
27.895275
27.912400
27.922100
27.931275
27.948075
27.957875
27.975800
27.984000
27.992550
28.000850
28.008075
28.025325
28.035800
28.045450
28.054825
28.063675
28.077375
28.094875
28.109325
28.123025
28.136900
28.150925
28.166775
28.181800
28.198600
28.215550
28.229000
28.243750
28.255500
28.264550
28.271050
28.276400
28.281100
28.286400
28.292725
28.304825
28.310575
28.322075
28.328450
28.335425
28.343050
28.350650
28.364650
28.377425
28.402375
28.416250
28.432225
28.445600
28.459575
28.477700
28.508350
28.521725
28.534175
28.542950
28.550375
28.556275
28.560850
28.574675
28.584575
28.589850
28.602250
28.615150
28.621000
28.636725
28.654900
28.660075
28.671050
28.677025
28.683200
28.688575
28.694125
28.699400
28.704150
28.709625
28.735100
28.739000
28.761875
28.765625
28.770925
28.775625
28.785475
28.799950
28.804375
28.809925
28.825375
28.837125
28.841625
28.847625
28.858850
28.872500
28.885775
28.909650
28.921800
28.926700
28.943325
28.961725
28.968400
28.974425
28.978750
28.994450
29.001950
29.008700
29.026975
29.045350
29.053325
29.060750
29.069175
29.077075
29.095975
29.104325
29.111200
29.118625
29.124675
29.134450
29.145700
29.155025
29.165625
29.189825
29.201525
29.212500
29.222500
29.234875
29.244600
29.252375
29.261700
29.271025
29.281600
29.289225
29.296075
29.304525
29.310525
29.317500
29.324575
29.330700
29.338325
29.350875
29.372000
29.380275
29.389425
29.401325
29.409500
29.417400
29.424375
29.447000
29.452675
29.460975
29.467625
29.476425
29.515275
29.525425
29.536025
29.547025
29.556050
29.564875
29.574375
29.583100
29.620475
29.632250
29.641875
29.663450
29.674375
29.702000
29.715275
29.750825
29.763625
29.798900
29.817400
29.823050
29.833650
29.839675
29.844975
29.849925
29.855375
29.862475
29.875900
29.881225
29.886725
29.901225
29.907350
29.924700
29.942650
29.947900
29.953575
29.959275
29.965750
29.971575
29.993325
29.998325
