0.016025
0.040025
0.074300
0.098850
0.128175
0.148400
0.176625
0.371300
0.402900
0.429850
0.461450
0.475500
0.493250
0.518825
0.538750
0.562850
0.596100
0.616950
0.641875
0.702700
0.745900
0.769075
0.795725
0.817900
0.834475
0.849825
0.869675
0.890225
0.916650
0.940275
0.963575
1.002225
1.142875
1.159425
1.174675
1.193725
1.204325
1.224200
1.234000
1.254700
1.272375
1.297850
1.314600
1.336775
1.365550
1.387875
1.428400
1.606450
1.631300
1.638400
1.653000
1.671175
1.687750
1.704950
1.721225
1.739800
1.749025
1.769475
1.787925
1.810875
1.835225
1.866450
1.882600
1.902625
1.931450
1.943900
1.952200
1.969700
1.986225
2.007500
2.029000
2.042075
2.065000
2.086250
2.114875
2.143575
2.188525
2.266600
2.335500
2.388200
2.409050
2.438650
2.465325
2.480125
2.494350
2.509700
2.516725
2.530475
2.539400
2.558325
2.576800
2.817750
2.833475
2.850175
2.866750
2.893250
2.905425
2.927000
2.948025
2.968850
3.008650
3.059600
3.104700
3.184150
3.199025
3.214575
3.225825
3.252550
3.272700
3.294300
3.309500
3.345850
3.395025
3.448150
3.483325
3.508550
3.545250
3.571025
3.586375
3.600150
3.621325
3.639225
3.651950
3.674000
3.915775
3.939075
3.956575
3.965925
3.990325
4.005625
4.027300
4.037300
4.063575
4.083800
4.093675
4.113350
4.135500
4.204575
4.232050
4.282275
4.319375
4.330125
4.345400
4.364800
4.392175
4.414925
4.433425
4.451700
4.467850
4.485925
4.517150
4.548950
4.671400
4.741750
4.759850
4.783700
4.810425
4.840725
5.010600
5.058950
5.090275
5.101900
5.118025
5.139475
5.274900
5.316875
5.353350
5.375425
5.393325
5.415475
5.445850
5.469475
5.492525
5.760950
5.776900
5.797075
5.815925
5.833125
5.858525
5.871550
5.889300
5.911300
5.928825
6.167650
6.182000
6.201550
6.222275
6.236900
6.256825
6.281600
6.299375
6.372875
6.576500
6.586475
6.602650
6.623150
6.649325
6.677875
6.736300
6.782400
6.822200
6.850175
6.866200
6.886350
6.906225
6.928050
6.954700
6.987150
7.010950
7.031500
7.060675
7.312400
7.324875
7.337550
7.346050
7.357000
7.372100
7.393275
7.408025
7.423975
7.433225
7.447000
7.458700
7.474575
7.486775
7.499100
7.515675
7.537625
7.556325
7.582825
7.604725
7.637375
7.712575
7.967375
7.995600
8.025675
8.048700
8.065200
8.082425
8.099600
8.115150
8.132225
8.151550
8.170350
8.194425
8.247975
8.357600
8.393150
8.436175
8.472575
8.499900
8.522750
8.533125
8.541725
8.553625
8.585225
8.802475
8.817875
8.838850
8.849175
8.865450
8.885875
8.898250
9.113050
9.127050
9.148925
9.168900
9.184500
9.198975
9.209225
9.225525
9.238575
9.286800
9.307750
9.342525
9.366950
9.377650
9.397125
9.417725
9.444975
9.482250
9.503150
9.537650
9.621675
9.690500
9.741250
9.778250
9.796225
9.822375
9.842250
9.868450
10.133550
10.147300
10.155750
10.176400
10.196250
10.214725
10.231700
10.252000
10.273625
10.316850
10.346400
10.376325
10.412750
10.433075
10.460650
10.488925
10.507075
10.523025
10.545125
10.579050
10.625500
10.646050
10.667750
10.688550
10.709025
10.725175
10.741150
10.769350
10.780975
10.803000
10.818475
10.833950
10.846475
10.860500
10.883475
10.901275
10.927400
10.949850
10.989675
11.005325
11.029075
11.059025
11.109450
11.134950
11.153400
11.173200
11.195950
11.257275
11.278050
11.332350
11.465850
11.498450
11.517900
11.545075
11.571925
11.604825
11.626575
11.653875
11.689600
11.887575
11.912950
11.933950
11.951225
11.976775
12.004775
12.016875
12.035800
12.052750
12.064875
12.081500
12.097625
12.113375
12.126775
12.139100
12.154175
12.167950
12.179675
12.200750
12.215475
12.229775
12.243975
12.266300
12.301675
12.532925
12.558375
12.577525
12.594325
12.613850
12.629400
12.643025
12.664600
12.682100
12.699925
12.708550
12.725475
12.738800
12.752800
12.765100
12.777000
12.797800
12.966775
13.013500
13.058225
13.075475
13.090925
13.103225
13.125750
13.139025
13.149150
13.160050
13.168925
13.178825
13.191400
13.209975
13.224500
13.248875
13.273200
13.300000
13.319075
13.338450
13.352400
13.367875
13.389025
13.409250
13.424000
13.449625
13.478525
13.516500
13.535950
13.564850
13.602600
13.639025
13.717675
13.755175
13.765075
13.779950
13.788150
13.805575
13.820900
13.830975
13.848225
13.864675
13.884550
13.895350
13.907975
13.922225
13.935275
13.952225
13.964225
13.975800
13.998150
14.024500
14.055525
14.085675
14.111400
14.161425
14.206525
14.266500
14.292650
14.320825
14.355100
14.373450
14.395700
14.422000
14.458525
14.497700
14.513975
14.536175
14.577425
14.615700
14.663800
14.701875
14.726925
14.758000
14.779850
14.812950
14.836000
14.857850
15.054150
15.097400
15.113800
15.131500
15.144075
15.169075
15.187675
15.498875
15.508750
15.521775
15.534375
15.545750
15.561200
15.582125
15.598425
15.609550
15.631375
15.648775
15.660875
15.668725
15.681525
15.700975
15.713925
15.724575
15.737975
15.749475
15.766825
15.778300
15.802875
15.813825
15.832525
15.881325
15.952975
15.978725
16.005400
16.029500
16.047325
16.063375
16.081350
16.101425
16.130700
16.176450
16.205350
16.231875
16.254250
16.272050
16.282650
16.297150
16.307450
16.323150
16.334700
16.350125
16.368825
16.388250
16.409200
16.426400
16.441850
16.461125
16.473925
16.497625
16.684825
16.717175
16.743375
16.764550
16.920125
16.944325
16.964275
16.973875
16.986825
17.001525
17.014700
17.025800
17.044025
17.063700
17.088525
17.294200
17.310475
17.323525
17.342675
17.358800
17.373150
17.388650
17.402250
17.420450
17.456475
17.506775
17.624600
17.671275
17.688275
17.701850
17.713250
17.724600
17.737250
17.754775
17.767700
17.774125
17.792525
17.810750
17.822450
17.847075
17.895425
17.969800
18.013975
18.055975
18.086600
18.118425
18.140600
18.162075
18.180275
18.204350
18.226800
18.241600
18.252875
18.267475
18.280325
18.296700
18.310975
18.337950
18.364225
18.637450
18.662825
18.688550
18.703375
18.721350
18.746675
18.764100
18.776775
18.799300
18.815100
18.842100
18.862825
18.909700
18.951175
18.974550
19.004575
19.058025
19.093100
19.111850
19.124625
19.144825
19.165800
19.185350
19.205675
19.234475
19.494850
19.511800
19.526625
19.536250
19.563975
19.576850
19.592875
19.603825
19.624875
19.640100
19.674250
19.723075
20.005300
20.031175
20.058675
20.079500
20.101800
20.113075
20.130675
20.156950
20.177975
20.196450
20.215900
20.228200
20.242225
20.254775
20.273425
20.294275
20.304575
20.331850
20.354250
20.367225
20.388575
20.422125
20.438775
20.456625
20.479125
20.489225
20.517225
20.790025
20.814675
20.831550
20.852475
20.870850
20.881175
20.904375
20.924650
20.945625
20.963675
20.973875
20.989225
21.009025
21.027875
21.044600
21.067025
21.082450
21.101800
21.122000
21.371150
21.386075
21.401950
21.421300
21.440325
21.459350
21.477950
21.506150
21.517625
21.540775
21.568750
21.589700
21.616350
21.638750
21.679100
21.700075
21.715575
21.739000
21.758850
21.994275
22.014500
22.038225
22.051900
22.066450
22.085025
22.109450
22.129275
22.152175
22.174825
22.199725
22.221450
22.244075
22.432475
22.449300
22.465450
22.485650
22.514075
22.532175
22.569125
22.591450
22.611700
22.632175
22.653750
22.675000
22.697125
22.725575
22.769250
22.792100
22.810425
22.827600
22.934925
22.957375
22.968375
22.977775
23.000200
23.017825
23.042025
23.060650
23.076925
23.332950
23.355125
23.395425
23.426875
23.459800
23.479350
23.500525
23.518350
23.542600
23.569400
23.614675
23.712350
23.740225
23.758150
23.772075
24.017875
24.038425
24.052150
24.062050
24.070075
24.084825
24.096950
24.109750
24.119225
24.126250
24.138900
24.147800
24.163525
24.175100
24.183900
24.193175
24.198975
24.207550
24.225050
24.234250
24.246525
24.257900
24.268850
24.281275
24.293450
24.302200
24.313750
24.608725
24.619475
24.629175
24.645800
24.664475
24.681700
24.701225
24.720475
24.737400
24.748575
24.761000
24.769875
24.781650
24.789400
24.804625
24.821000
24.837150
24.850050
24.856375
24.863175
24.868900
24.877175
24.886900
24.897125
24.908050
24.918775
24.928625
24.937725
24.946300
24.953800
24.964750
24.973325
24.984750
24.996275
25.008100
25.017200
25.030750
25.043700
25.053200
25.064350
25.072225
25.083550
25.103775
25.119300
25.133625
25.149325
25.174100
25.195100
25.214275
25.230100
25.258275
25.330625
25.559600
25.566150
25.574050
25.582150
25.591650
25.600625
25.612025
25.622150
25.631000
25.638675
25.646400
25.655300
25.670225
25.681525
25.712725
25.732600
25.913475
25.922050
25.930625
25.941925
25.948550
25.960350
25.970025
25.979900
25.991425
26.001250
26.021400
26.037225
26.056450
26.067475
26.315175
26.323675
26.331175
26.342100
26.355775
26.360350
26.372750
26.384050
26.391500
26.402025
26.413400
26.424800
26.439725
26.448875
26.465975
26.499725
26.756250
26.763250
26.771350
26.794200
26.804375
26.819050
26.830625
26.838275
26.862175
26.883900
27.195725
27.205100
27.212500
27.222100
27.234525
27.246100
27.254600
27.266875
27.282825
27.300125
27.309025
27.320450
27.331900
27.343425
27.359225
27.374825
27.386125
27.403600
27.415900
27.428900
27.442900
27.458775
27.504475
27.531725
27.568575
27.589850
27.607375
27.626525
27.913225
27.935600
27.952725
27.970125
27.984025
28.001025
28.016875
28.048775
28.072500
28.093250
28.120450
28.150250
28.167500
28.195250
28.418000
28.448950
28.471350
28.487550
28.501850
28.516275
28.537175
28.561700
28.585125
28.599575
28.623900
28.639800
28.665000
28.679650
28.700025
28.722675
28.745425
28.769850
28.793300
28.821050
28.852925
28.959200
28.968850
28.981000
28.996375
29.020850
29.039450
29.053475
29.078825
29.093900
29.110300
29.134000
29.150525
29.161125
29.182675
29.197050
29.210950
29.225600
29.243800
29.257700
29.271050
29.289025
29.302725
29.325500
29.350425
29.378775
29.630225
29.654800
29.677425
29.692925
29.704400
29.724350
29.741800
29.765650
29.784975
29.806475
29.832075
29.840375
29.862325
29.919575
29.940050
29.964775
29.987075
