0.013950
0.048425
0.098050
0.120325
0.171900
0.201200
0.288275
0.319075
0.332850
0.375325
0.405875
0.421150
0.447200
0.615250
0.651700
0.701675
0.783225
0.808325
0.840050
0.886525
0.907025
1.007125
1.043525
1.112050
1.140350
1.151125
1.199800
1.216725
1.232550
1.249250
1.292075
1.327725
1.415075
1.429400
1.442650
1.480175
1.512575
1.519550
1.538250
1.555350
1.573100
1.636375
1.693075
1.737350
1.780025
1.798450
1.810225
1.829250
1.846525
1.906375
1.957925
1.996775
2.023900
2.062400
2.102675
2.154100
2.167175
2.197600
2.213075
2.231725
2.276325
2.307550
2.327325
2.431825
2.456275
2.482025
2.514425
2.643050
2.689450
2.721150
2.751725
2.804400
2.832125
2.849450
2.866000
2.916725
2.949275
2.981325
3.017100
3.061150
3.121325
3.172950
3.206225
3.215575
3.240425
3.273400
3.361550
3.392275
3.429625
3.477575
3.541525
3.611750
3.646500
3.695675
3.809050
3.843425
3.892900
3.949975
3.977375
4.002925
4.041150
4.079350
4.101450
4.133200
4.167325
4.183300
4.247000
4.281075
4.322075
4.378075
4.505600
4.520700
4.535300
4.564425
4.579025
4.596675
4.622475
4.643450
4.675750
4.722475
4.753700
4.839300
4.945950
4.958875
4.972700
4.984275
4.998875
5.017175
5.059775
5.087300
5.099525
5.120175
5.142475
5.177625
5.216675
5.240875
5.273300
5.303450
5.345925
5.392400
5.434250
5.478225
5.512450
5.535275
5.568375
5.593450
5.618625
5.648775
5.667850
5.694000
5.710975
5.728500
5.749925
5.778475
5.807525
5.837000
5.868550
5.902350
5.987700
6.028725
6.043200
6.065050
6.076600
6.095050
6.141425
6.175800
6.197950
6.265000
6.323975
6.380650
6.410200
6.460350
6.467925
6.502825
6.515400
6.524075
6.543075
6.561125
6.589825
6.606125
6.625875
6.646700
6.683900
6.844800
6.862725
6.875675
6.885800
6.897050
6.916875
6.926975
6.942850
6.955875
7.129775
7.179500
7.197325
7.222225
7.239400
7.250250
7.288350
7.305225
7.349250
7.497300
7.557650
7.567600
7.570750
7.587000
7.596650
7.601925
7.617975
7.636125
7.661050
7.682575
7.704700
7.746025
7.840775
7.871050
7.875575
7.882125
7.919175
7.947150
7.984400
8.027100
8.064500
8.085900
8.114425
8.133575
8.165425
8.194500
8.257475
8.311000
8.399350
8.478225
8.500175
8.569675
8.603700
8.627550
8.663800
8.676375
8.689200
8.706875
8.727550
8.739725
8.753150
8.763975
8.785050
8.813250
8.849625
8.880325
8.933800
8.984725
9.064075
9.077650
9.089725
9.112600
9.123750
9.169500
9.194725
9.222600
9.249425
9.280200
9.317900
9.341025
9.358900
9.381300
9.406800
9.489475
9.547400
9.602950
9.658750
9.708550
9.719700
9.726975
9.735425
9.768025
9.786025
9.798750
9.834975
9.852525
9.890950
9.932025
9.974275
10.015550
10.064450
10.114800
10.144750
10.159325
10.176425
10.257875
10.305450
10.328600
10.365275
10.390400
10.412275
10.485425
10.532300
10.582850
10.656150
10.676250
10.721475
10.737175
10.749375
10.758300
10.792675
10.869300
10.910200
10.956400
10.984475
11.008525
11.047425
11.089575
11.105300
11.119525
11.131450
11.151150
11.208775
11.223350
11.246100
11.284325
11.313850
11.339525
11.366900
11.380100
11.390400
11.429475
11.465925
11.489925
11.549325
11.591775
11.630425
11.701750
11.744800
11.810325
11.861175
11.899600
11.918325
11.934350
11.947850
11.980225
11.997150
12.017700
12.039150
12.063975
12.108725
12.221225
12.270950
12.295575
12.313075
12.325050
12.340525
12.381900
12.403400
12.463700
12.499150
12.525025
12.549650
12.644075
12.684875
12.820350
12.866175
12.883850
12.904150
12.915375
12.929225
12.947025
12.967650
12.991775
13.124275
13.158125
13.173375
13.193450
13.222675
13.243575
13.254000
13.282600
13.383700
13.456275
13.549875
13.582250
13.618425
13.671250
13.683475
13.712575
13.728325
13.745350
13.760275
13.801875
13.837025
13.880500
13.946775
14.070825
14.101725
14.109100
14.120550
14.127950
14.187550
14.213575
14.271475
14.329350
14.349900
14.367125
14.382175
14.422725
14.451275
14.471150
14.494775
14.518100
14.537650
14.548825
14.561000
14.576300
14.688425
14.759875
14.865700
14.945675
14.961000
14.977075
14.999125
15.018275
15.033125
15.057375
15.071025
15.090675
15.108900
15.131650
15.187350
15.231975
15.270425
15.308300
15.352500
15.370225
15.381625
15.397850
15.411800
15.421350
15.451600
15.483025
15.591400
15.631500
15.654925
15.675700
15.690950
15.710275
15.721225
15.730675
15.742950
15.758550
15.774175
15.788250
15.800400
15.821700
15.851200
15.904450
15.962650
16.180725
16.213875
16.255200
16.293525
16.334825
16.367225
16.402300
16.434925
16.445950
16.483400
16.504250
16.524950
16.546750
16.562300
16.595250
16.613925
16.672575
16.703275
16.726100
16.756475
16.824350
16.846325
16.855250
16.869250
16.896025
16.920475
16.976275
16.995950
17.043600
17.106250
17.148975
17.241050
17.286850
17.307600
17.329750
17.339700
17.366000
17.386200
17.417125
17.440875
17.471550
17.487725
17.540325
17.700075
17.720875
17.733200
17.752600
17.766725
17.820350
17.838200
17.880575
17.898550
17.912600
17.959550
17.982850
18.139600
18.179725
18.234625
18.274575
18.324450
18.359175
18.393625
18.418050
18.476100
18.532825
18.558925
18.581575
18.598200
18.617450
18.658825
18.683900
18.730125
18.827500
18.885650
18.902275
18.926675
18.942225
18.985050
19.005950
19.023200
19.042550
19.120775
19.185350
19.215450
19.285075
19.315050
19.331875
19.345350
19.379250
19.396950
19.503925
19.541750
19.578300
19.623425
19.735475
19.810175
19.859325
19.868425
19.878675
19.885500
19.900350
19.912625
19.926600
19.933225
20.135700
20.166125
20.209200
20.287350
20.304950
20.321050
20.341050
20.355050
20.406050
20.422450
20.473550
20.493825
20.517450
20.542275
20.619450
20.650375
20.711250
20.737625
20.753900
20.806725
20.843725
20.867275
20.892475
20.936450
20.972750
21.005675
21.048300
21.080450
21.113000
21.122975
21.142925
21.156650
21.169325
21.191050
21.211175
21.302275
21.332075
21.359025
21.380650
21.419375
21.435650
21.465075
21.481575
21.493650
21.510600
21.549950
21.607950
21.708600
21.786575
21.822350
21.847250
21.861900
21.874775
21.907675
21.973175
21.984950
22.028775
22.169225
22.236175
22.269700
22.336450
22.360500
22.412675
22.439650
22.456625
22.476525
22.501050
22.528525
22.592275
22.651850
22.685000
22.731725
22.777325
22.853825
22.868925
22.891350
22.949475
22.973225
23.076625
23.196825
23.268875
23.303675
23.362450
23.395725
23.409450
23.442250
23.459350
23.472650
23.490975
23.508400
23.566825
23.597550
23.676550
23.706050
23.758925
23.901325
23.929950
23.942225
23.973775
24.009150
24.056750
24.130825
24.213425
24.231925
24.256350
24.270775
24.310800
24.336350
24.354550
24.373850
24.396625
24.424000
24.498250
24.696000
24.737975
24.752550
24.765725
24.778125
24.815575
24.831025
24.854075
24.874875
24.904225
24.950975
24.993625
25.056275
25.105700
25.157200
25.174900
25.193425
25.263450
25.285275
25.309100
25.363900
25.419700
25.452075
25.486025
25.515850
25.541975
25.568000
25.583375
25.597500
25.624075
25.638950
25.670600
25.723700
25.777550
25.839700
25.881750
25.956550
26.012250
26.022300
26.034150
26.048825
26.068625
26.135625
26.160050
26.189000
26.222625
26.253325
26.289250
26.330300
26.363225
26.399700
26.446075
26.480725
26.494475
26.511175
26.528650
26.547775
26.604300
26.642425
26.691325
26.731850
26.881925
26.931450
26.978900
27.028675
27.065025
27.082350
27.093175
27.103625
27.114400
27.127100
27.193600
27.238375
27.253000
27.320025
27.348700
27.396250
27.483575
27.502325
27.514875
27.529525
27.542150
27.590375
27.615200
27.674375
27.702100
27.729225
27.784425
27.814000
27.833150
27.848900
27.887175
27.944925
28.110550
28.177350
28.256300
28.300250
28.322050
28.328025
28.344975
28.353025
28.400700
28.423525
28.481975
28.555450
28.595200
28.633050
28.651200
28.675025
28.710950
28.728175
28.775575
28.816925
28.850400
28.904725
28.975400
29.029325
29.057600
29.082850
29.104375
29.121850
29.136450
29.147225
29.159900
29.174225
29.189600
29.211975
29.228100
29.245850
29.274150
29.337975
29.425700
29.501825
29.539250
29.581300
29.612675
29.717775
29.744175
29.762350
29.783500
29.792850
29.804375
29.903075
29.934000
29.973650
29.998350
