0.008000
0.045225
0.085600
0.105375
0.134775
0.166250
0.205875
0.230650
0.293900
0.326925
0.414400
0.448875
0.475850
0.529850
0.561325
0.652825
0.673800
0.746300
0.783175
0.799400
0.848625
0.884725
0.940225
0.995250
1.044300
1.077925
1.101025
1.168275
1.277650
1.357575
1.392650
1.407875
1.435175
1.457425
1.482875
1.504850
1.543875
1.557475
1.590850
1.604375
1.623775
1.639750
1.661175
1.719225
1.742925
1.768100
1.803125
1.854575
1.876175
1.893500
1.932600
1.950675
1.972100
1.984225
1.994425
2.011400
2.035625
2.062700
2.100575
2.139775
2.214975
2.264225
2.284050
2.306800
2.326400
2.368800
2.389250
2.418225
2.432350
2.454650
2.463575
2.501200
2.548350
2.579900
2.623775
2.664150
2.709650
2.729775
2.748175
2.788100
2.834600
2.859200
2.891575
2.917550
2.945750
2.979675
3.012500
3.027325
3.059075
3.093350
3.159525
3.169750
3.237900
3.250600
3.297050
3.316000
3.327250
3.339575
3.361100
3.400925
3.434925
3.476950
3.507800
3.550225
3.584875
3.620275
3.634775
3.654050
3.674525
3.722425
3.763150
3.800275
3.850225
3.900350
3.942550
3.999375
4.041225
4.092875
4.116525
4.201500
4.231425
4.260350
4.291850
4.327100
4.357275
4.390225
4.418575
4.459350
4.506675
4.546800
4.574575
4.604525
4.651550
4.679625
4.759425
4.805700
4.859650
4.899950
4.933350
4.961575
4.978600
5.004075
5.105375
5.142975
5.207825
5.268050
5.361175
5.392300
5.435975
5.473825
5.509100
5.615900
5.634225
5.666100
5.711675
5.751500
5.796425
5.849875
5.874175
5.923900
5.976775
6.004000
6.049775
6.088725
6.123925
6.166725
6.214025
6.244400
6.308350
6.337100
6.352875
6.403425
6.437475
6.459200
6.485625
6.503475
6.567350
6.617075
6.652825
6.689425
6.714050
6.758325
6.781900
6.812000
6.864450
6.901675
6.940725
6.962650
7.005400
7.039950
7.063025
7.086925
7.131800
7.151500
7.191850
7.213325
7.239925
7.264950
7.303700
7.324950
7.339250
7.380800
7.403650
7.438425
7.481650
7.525250
7.572775
7.596950
7.612150
7.660100
7.717600
7.731925
7.763675
7.799225
7.831875
7.861850
7.896450
7.920275
7.939550
7.951175
7.963000
7.976600
7.994325
8.006650
8.045175
8.061725
8.100825
8.110700
8.127450
8.170100
8.202400
8.223850
8.244400
8.263400
8.313675
8.373925
8.411350
8.451750
8.478350
8.524600
8.547875
8.592325
8.648425
8.677475
8.729450
8.768125
8.806100
8.840225
8.868875
8.894450
8.923925
8.951975
8.983350
9.012450
9.048325
9.081675
9.111775
9.132425
9.184725
9.255825
9.282550
9.333850
9.367875
9.398250
9.431350
9.447875
9.488875
9.518225
9.547200
9.637650
9.692825
9.742125
9.777400
9.805500
9.831650
9.854800
9.884225
9.917675
9.938725
9.960725
10.000000
10.059850
10.096300
10.139125
10.164325
10.207925
10.236475
10.262200
10.318075
10.354075
10.383400
10.411725
10.422175
10.454600
10.495675
10.519700
10.557275
10.576500
10.607700
10.627225
10.696625
10.750000
10.774825
10.797825
10.840500
10.875625
10.900875
10.933700
10.967725
11.002525
11.028025
11.058650
11.078450
11.102050
11.123875
11.171300
11.214650
11.241225
11.258675
11.302750
11.349200
11.367425
11.401600
11.440850
11.473125
11.510825
11.552150
11.592125
11.630750
11.669450
11.685975
11.705475
11.723375
11.743550
11.771325
11.787300
11.830750
11.849550
11.909475
11.929100
11.951100
11.998825
12.037275
12.095100
12.143600
12.170800
12.189900
12.237075
12.279725
12.309525
12.333600
12.383400
12.402250
12.433725
12.445100
12.464125
12.505850
12.534925
12.583275
12.623800
12.651375
12.671950
12.752825
12.778550
12.795175
12.818050
12.843850
12.877450
12.934425
12.996625
13.030775
13.052575
13.096050
13.123150
13.187825
13.209150
13.234100
13.279275
13.324750
13.368375
13.407900
13.449075
13.476075
13.512475
13.541750
13.590325
13.641275
13.683100
13.707525
13.748575
13.780575
13.823375
13.849025
13.874775
13.903500
13.932725
13.956075
13.998150
14.057875
14.155025
14.170725
14.199475
14.224450
14.242225
14.279725
14.306800
14.341050
14.376075
14.419725
14.441350
14.473475
14.497825
14.523675
14.557300
14.613375
14.637150
14.655200
14.754125
14.785475
14.808000
14.849225
14.895625
14.959025
14.984675
15.001100
15.077050
15.101900
15.134325
15.159500
15.192900
15.227475
15.268975
15.347150
15.402700
15.495925
15.562250
15.590150
15.647450
15.673425
15.716750
15.809775
15.850225
15.886975
15.924300
15.969400
16.023825
16.053175
16.077050
16.101050
16.130300
16.148200
16.174100
16.220125
16.244325
16.264725
16.317800
16.368475
16.401300
16.461125
16.494625
16.562950
16.615175
16.658700
16.691225
16.739250
16.776925
16.807300
16.838875
16.868025
16.898725
16.917975
16.927500
16.948050
17.016375
17.076225
17.111325
17.138825
17.182325
17.215000
17.251600
17.273225
17.304375
17.340725
17.381750
17.434650
17.468075
17.493075
17.504875
17.564675
17.623625
17.684425
17.726475
17.746975
17.792850
17.843375
17.863425
17.887775
17.931825
17.979850
17.993500
18.053300
18.087100
18.104275
18.136075
18.180125
18.200925
18.211600
18.265250
18.314150
18.335125
18.386075
18.412450
18.433500
18.472950
18.499900
18.537650
18.590075
18.624850
18.683525
18.721925
18.741500
18.765950
18.795000
18.812200
18.857350
18.905325
18.971725
19.047025
19.078375
19.114850
19.156200
19.167675
19.188625
19.202075
19.223850
19.238500
19.262300
19.277350
19.311325
19.330275
19.378500
19.418175
19.479275
19.496650
19.546925
19.565975
19.581625
19.605025
19.674075
19.703650
19.735750
19.801475
19.834325
19.865125
19.889600
19.936725
19.958725
19.980825
20.016200
20.041650
20.071825
20.093125
20.112125
20.137750
20.187900
20.235825
20.267750
20.290000
20.325250
20.368150
20.394500
20.442150
20.469400
20.512450
20.526275
20.560600
20.592000
20.613875
20.674300
20.720875
20.752650
20.804825
20.821275
20.867125
20.906600
20.923075
20.958575
21.002675
21.044225
21.079100
21.124175
21.146500
21.192950
21.247250
21.287225
21.323775
21.373625
21.385850
21.430625
21.445375
21.478250
21.518000
21.562175
21.590450
21.625550
21.648025
21.678875
21.717425
21.753150
21.775225
21.816325
21.854325
21.883075
21.929875
21.954325
21.986100
22.015750
22.030850
22.059400
22.111675
22.140600
22.159100
22.204025
22.234600
22.266250
22.283600
22.363250
22.403700
22.457400
22.474975
22.529125
22.564875
22.609800
22.655950
22.688250
22.712800
22.765075
22.783475
22.846900
22.914125
22.939975
22.970125
22.998600
23.062975
23.087950
23.121400
23.162875
23.231800
23.265375
23.292575
23.310600
23.337325
23.362525
23.432650
23.488525
23.517500
23.526375
23.542250
23.568675
23.589825
23.622425
23.675275
23.712150
23.740575
23.869775
23.892850
23.937950
23.950900
23.983650
24.056350
24.072325
24.126875
24.153675
24.171500
24.221575
24.276275
24.301175
24.316725
24.336125
24.375975
24.440600
24.490925
24.550475
24.585375
24.610150
24.632175
24.668475
24.710100
24.743550
24.758675
24.804125
24.845650
24.885250
24.913925
24.951150
24.981225
25.015675
25.044875
25.096175
25.155450
25.176975
25.216775
25.250575
25.268075
25.335400
25.371750
25.420650
25.455700
25.492525
25.516450
25.574475
25.597550
25.646975
25.697050
25.755900
25.822650
25.866750
25.895575
25.915775
25.950100
25.992775
26.010125
26.062425
26.089200
26.148875
26.184200
26.241425
26.282375
26.333700
26.394550
26.438875
26.456750
26.483300
26.517450
26.534700
26.574600
26.596875
26.633250
26.667000
26.698450
26.753925
26.794375
26.840725
26.866450
26.954900
26.989950
27.035175
27.080125
27.121475
27.159875
27.213725
27.255250
27.317400
27.340450
27.364025
27.399550
27.444175
27.485750
27.535800
27.601850
27.645625
27.676275
27.711675
27.744450
27.762800
27.780775
27.825975
27.887475
27.913525
27.961550
27.975675
28.029825
28.053350
28.087400
28.114500
28.144600
28.159600
28.180825
28.219400
28.292600
28.350400
28.389775
28.424175
28.508525
28.561350
28.614575
28.669825
28.690325
28.712350
28.751675
28.879575
28.951125
28.979550
28.988200
29.006425
29.072250
29.112675
29.151400
29.188450
29.216750
29.268575
29.305450
29.341975
29.381350
29.403150
29.437450
29.440125
29.470400
29.505875
29.539925
29.604425
29.637500
29.654600
29.710700
29.745900
29.788300
29.838875
29.862425
29.891250
29.908050
29.929975
29.953625
29.969825
