0.015875
0.038850
0.059175
0.078350
0.101350
0.127875
0.148150
0.204025
0.214100
0.235225
0.288000
0.307150
0.322225
0.334650
0.346650
0.360375
0.376675
0.400475
0.419325
0.445150
0.466900
0.491900
0.511575
0.530475
0.554250
0.576975
0.595675
0.608450
0.623625
0.643700
0.661950
0.674875
0.702400
0.714350
0.727775
0.747275
0.772350
0.796850
0.820325
0.836225
0.859625
0.897225
0.907600
0.920575
0.931450
0.971400
0.986050
1.002200
1.016925
1.046050
1.064925
1.078075
1.092375
1.107725
1.116100
1.131450
1.148550
1.183175
1.209475
1.241925
1.264075
1.284550
1.300500
1.337000
1.360025
1.378700
1.412600
1.430750
1.446075
1.460200
1.480450
1.491775
1.521850
1.534225
1.540075
1.549175
1.566300
1.579225
1.594225
1.610025
1.670575
1.692250
1.714775
1.733175
1.751350
1.774325
1.806675
1.827800
1.844600
1.851750
1.863375
1.908575
1.914750
1.924225
1.969850
1.989375
2.009075
2.023775
2.049400
2.060950
2.088475
2.108400
2.142175
2.167875
2.191825
2.201350
2.227675
2.247000
2.253700
2.271075
2.279925
2.301850
2.319200
2.333175
2.348875
2.364200
2.375900
2.411725
2.433850
2.455200
2.475825
2.507050
2.526400
2.553775
2.556425
2.580750
2.610500
2.642075
2.655400
2.663700
2.675575
2.684000
2.696600
2.714075
2.724900
2.738175
2.759175
2.769950
2.780475
2.787850
2.802350
2.817375
2.836825
2.862925
2.891525
2.914125
2.943250
2.966300
3.000475
3.018050
3.038475
3.059200
3.080475
3.085125
3.095725
3.100150
3.111875
3.119150
3.140425
3.218325
3.243125
3.263925
3.287175
3.300725
3.342825
3.361475
3.380975
3.396525
3.398950
3.418075
3.436850
3.476150
3.492575
3.511125
3.533325
3.558825
3.593925
3.614775
3.642750
3.672250
3.691900
3.726450
3.741425
3.777875
3.795150
3.818175
3.829375
3.851775
3.865400
3.878275
3.892200
3.919200
3.940900
3.966550
3.997075
4.015125
4.034900
4.064750
4.102100
4.124675
4.158975
4.166500
4.174325
4.179825
4.185075
4.196525
4.211975
4.219475
4.232825
4.246825
4.259500
4.274550
4.283475
4.294800
4.306400
4.321250
4.334800
4.357650
4.385225
4.401600
4.422625
4.446200
4.472375
4.496025
4.516875
4.540450
4.554800
4.566225
4.584500
4.619300
4.668950
4.680600
4.705025
4.727975
4.741625
4.763300
4.776950
4.793125
4.813025
4.837175
4.856275
4.910525
4.943700
4.964050
4.995225
5.021650
5.047375
5.078375
5.084975
5.091875
5.096525
5.105975
5.113600
5.118900
5.129075
5.135700
5.156150
5.193700
5.217725
5.241800
5.263700
5.291475
5.331100
5.351800
5.392825
5.406475
5.415300
5.423750
5.430475
5.438750
5.452275
5.459550
5.501350
5.527425
5.563775
5.596425
5.627225
5.653700
5.686775
5.705300
5.725200
5.746200
5.758875
5.769600
5.779850
5.784975
5.789650
5.798950
5.804975
5.812600
5.833475
5.849550
5.861425
5.874050
5.884225
5.897875
5.907325
5.915275
5.941625
5.953575
5.972800
6.018200
6.035925
6.056225
6.086100
6.110375
6.136475
6.152975
6.172750
6.197775
6.219300
6.232900
6.246200
6.254675
6.270150
6.304100
6.325675
6.343775
6.363925
6.385550
6.414675
6.443450
6.467150
6.494950
6.523125
6.538850
6.573500
6.581300
6.588900
6.654900
6.675075
6.696625
6.709200
6.735000
6.782225
6.797600
6.824150
6.856800
6.922375
6.946700
6.961375
6.968025
6.975675
6.997650
7.017000
7.025025
7.039250
7.053825
7.060150
7.071300
7.092550
7.104150
7.115300
7.153300
7.175250
7.213750
7.234750
7.259225
7.298275
7.336750
7.381275
7.413050
7.441075
7.448125
7.464925
7.471650
7.478750
7.489950
7.501525
7.531875
7.544725
7.561400
7.584700
7.605100
7.631175
7.660975
7.688300
7.711375
7.736550
7.766050
7.793525
7.809000
7.815850
7.821750
7.825775
7.830650
7.835325
7.840550
7.845725
7.862325
7.888125
7.908550
7.928825
7.955500
7.982950
8.001450
8.018875
8.051225
8.077775
8.110000
8.132425
8.150450
8.163200
8.171850
8.174975
8.176275
8.183425
8.192725
8.203150
8.215175
8.237125
8.254425
8.271300
8.282800
8.326200
8.340100
8.359025
8.381225
8.405425
8.427950
8.450425
8.501675
8.535475
8.570325
8.622275
8.640100
8.683250
8.691400
8.709675
8.750075
8.768325
8.790450
8.807825
8.831650
8.856275
8.881150
8.910525
8.938625
8.949350
8.955350
8.959350
8.966850
8.972350
8.991175
9.001125
9.015575
9.035500
9.058475
9.074825
9.095500
9.111875
9.136100
9.175150
9.201750
9.225150
9.246375
9.267475
9.285600
9.302825
9.312150
9.320175
9.324850
9.333425
9.340375
9.353800
9.362900
9.374000
9.383200
9.397350
9.410250
9.417825
9.461125
9.482725
9.512700
9.536025
9.572325
9.595825
9.625450
9.649275
9.676825
9.719750
9.759875
9.782875
9.803800
9.818650
9.827425
9.832525
9.836950
9.842125
9.853725
9.864400
9.880650
9.894900
9.903650
9.932775
9.940275
9.957850
9.969775
9.985375
9.997225
10.022875
10.038400
10.050250
10.061050
10.066225
10.088450
10.112100
10.150550
10.172475
10.195550
10.212150
10.231025
10.246725
10.266075
10.285700
10.303325
10.318175
10.337250
10.353025
10.372100
10.385200
10.401500
10.416475
10.435475
10.442425
10.464300
10.472725
10.488875
10.505650
10.525200
10.549075
10.568950
10.591000
10.600600
10.633700
10.657500
10.682125
10.709975
10.726650
10.737550
10.747600
10.765825
10.811425
10.835025
10.859100
10.882075
10.927500
10.951200
10.991775
11.007475
11.017600
11.031925
11.042450
11.053375
11.068350
11.099500
11.112075
11.124675
11.135150
11.164125
11.185300
11.199875
11.245125
11.271250
11.284025
11.307800
11.326150
11.340750
11.352000
11.367750
11.374500
11.379375
11.386975
11.416975
11.427050
11.445075
11.503525
11.522275
11.551250
11.567650
11.590925
11.603400
11.621375
11.639550
11.659450
11.677225
11.697125
11.727525
11.740600
11.762550
11.775425
11.802550
11.823725
11.842600
11.866650
11.886075
11.908375
11.929425
11.948775
11.969575
11.992725
12.018075
12.030725
12.052325
12.073150
12.093525
12.131375
12.150400
12.168325
12.190350
12.208825
12.235400
12.249450
12.276925
12.299800
12.329625
12.356900
12.377625
12.400450
12.416925
12.435850
12.444425
12.455325
12.464150
12.475925
12.492650
12.508000
12.521925
12.543400
12.580700
12.597150
12.608000
12.621050
12.652525
12.671350
12.688550
12.717200
12.742150
12.760625
12.813250
12.833750
12.843675
12.873475
12.887850
12.901150
12.913900
12.933150
12.947625
12.962650
12.980900
12.990225
12.998850
13.013150
13.040175
13.056850
13.072825
13.084225
13.100850
13.110925
13.128225
13.147775
13.164925
13.206850
13.222175
13.240675
13.263025
13.282075
13.309600
13.321625
13.345950
13.366925
13.382050
13.397500
13.417925
13.435650
13.447725
13.462575
13.476325
13.495000
13.518100
13.537425
13.553650
13.577100
13.592500
13.610750
13.626525
13.644025
13.665475
13.687325
13.712100
13.736600
13.758025
13.783800
13.806925
13.833475
13.853650
13.874375
13.891600
13.905450
13.930450
13.950375
13.962400
13.969900
13.981125
13.993350
14.001625
14.019550
14.036475
14.057275
14.069400
14.093625
14.124325
14.151300
14.171000
14.199675
14.248600
14.290175
14.304450
14.332450
14.341075
14.351475
14.370675
14.392825
14.415875
14.430475
14.454125
14.478850
14.503875
14.526725
14.552725
14.579875
14.601325
14.620450
14.634200
14.641600
14.651725
14.654275
14.671550
14.681950
14.703375
14.736525
14.764450
14.778550
14.801350
14.817775
14.838600
14.858950
14.873500
14.898550
14.909675
14.920375
14.945650
14.995700
15.017275
15.041300
15.061050
15.083100
15.106900
15.136275
15.157525
15.194975
15.227575
15.245025
15.269550
15.286700
15.305200
15.316800
15.332925
15.342150
15.356100
15.365300
15.376700
15.390000
15.395775
15.441425
15.452675
15.467500
15.485050
15.517200
15.542250
15.566675
15.588125
15.607525
15.627625
15.642325
15.665525
15.680975
15.702775
15.727175
15.762375
15.773100
15.787150
15.804450
15.813675
15.825650
15.836750
15.847675
15.859075
15.871050
15.885975
15.900700
15.918050
15.934025
15.955000
15.976400
15.996425
16.017525
16.040125
16.065850
16.090575
16.123750
16.136125
16.160025
16.174575
16.182075
16.195175
16.207375
16.217975
16.225425
16.234325
16.246750
16.275075
16.289475
16.298900
16.306425
16.314175
16.322200
16.334325
16.345925
16.356925
16.368150
16.406700
16.435275
16.462325
16.475625
16.515900
16.542425
16.558825
16.575225
16.596450
16.611050
16.626550
16.641475
16.659275
16.691600
16.714725
16.734275
16.758100
16.783650
16.815675
16.840500
16.866700
16.896350
16.912750
16.936700
16.959200
16.974300
16.991000
17.010150
17.016675
17.025175
17.034300
17.042275
17.065775
17.069700
17.080800
17.086125
17.100250
17.108025
17.114125
17.146475
17.154075
17.173550
17.221775
17.290200
17.321225
17.348725
17.379225
17.412125
17.439125
17.453175
17.471650
17.493375
17.522725
17.550075
17.575000
17.596250
17.620100
17.640125
17.667625
17.699125
17.715575
17.733650
17.747100
17.764075
17.784300
17.802425
17.820075
17.845525
17.877675
17.906275
17.930125
17.953950
17.972625
18.025350
18.048475
18.058650
18.068525
18.070225
18.073850
18.078200
18.087725
18.115375
18.151125
18.176100
18.207000
18.256475
18.282900
18.300150
18.333700
18.353375
18.369450
18.399800
18.408600
18.430000
18.451375
18.469850
18.496950
18.513525
18.540600
18.571700
18.596300
18.610950
18.634250
18.655550
18.681450
18.703575
18.730025
18.771825
18.807300
18.829800
18.853375
18.868600
18.879225
18.889900
18.908850
18.930375
18.949450
18.966475
19.003775
19.043175
19.075825
19.109600
19.140750
19.168675
19.185000
19.224750
19.248975
19.261075
19.268700
19.295850
19.313675
19.338375
19.361100
19.384000
19.408725
19.434300
19.459475
19.488150
19.508150
19.533000
19.560400
19.575825
19.596500
19.621675
19.652075
19.670900
19.686075
19.704700
19.717800
19.748400
19.771725
19.791775
19.809125
19.826750
19.838300
19.856925
19.873675
19.897175
19.918800
19.950525
19.982650
20.021500
20.045700
20.074925
20.094950
20.112100
20.138000
20.158575
20.186800
20.203250
20.219900
20.234875
20.260175
20.270650
20.289925
20.299925
20.314075
20.331075
20.339425
20.353050
20.364125
20.394875
20.402925
20.416700
20.429950
20.431925
20.442900
20.463925
20.512650
20.539100
20.572275
20.599725
20.630825
20.652800
20.673150
20.689850
20.705400
20.724900
20.742150
20.757400
20.770075
20.778425
20.786825
20.796075
20.804225
20.818775
20.829650
20.848500
20.858050
20.863075
20.873225
20.893400
20.916275
20.930575
20.949625
20.963700
20.975825
20.986175
21.033925
21.070425
21.074850
21.088600
21.096900
21.119325
21.130775
21.140700
21.165350
21.188125
21.220975
21.243900
21.267525
21.303975
21.328500
21.353300
21.373850
21.393525
21.423900
21.452975
21.484900
21.503325
21.527500
21.561250
21.593325
21.630550
21.663575
21.684225
21.698150
21.718950
21.731250
21.747050
21.771550
21.796975
21.827850
21.839400
21.853450
21.869775
21.877475
21.890275
21.900300
21.911800
21.937375
21.960800
21.979825
21.990850
22.008850
22.020150
22.034425
22.048625
22.061900
22.076525
22.087425
22.112850
22.123150
22.148225
22.159700
22.168525
22.211350
22.223900
22.235825
22.248250
22.295575
22.318400
22.348200
22.370325
22.400900
22.430425
22.445675
22.473250
22.482300
22.498375
22.513425
22.529150
22.540150
22.551525
22.576175
22.590250
22.599075
22.615525
22.639950
22.650700
22.663425
22.674425
22.684700
22.699075
22.714600
22.730650
22.745450
22.760700
22.777350
22.798675
22.821050
22.847200
22.870950
22.902550
22.927275
22.956575
22.978425
23.001925
23.018450
23.033575
23.058650
23.084525
23.095575
23.110950
23.121525
23.137650
23.147800
23.156875
23.175450
23.185525
23.197550
23.215900
23.250850
23.269025
23.283625
23.307225
23.324925
23.345975
23.358450
23.374975
23.389375
23.399150
23.402725
23.418550
23.427700
23.432975
23.441050
23.472425
23.483600
23.503625
23.515075
23.527475
23.540525
23.572550
23.590525
23.605600
23.637175
23.651750
23.682175
23.710400
23.728275
23.761725
23.777900
23.805300
23.827375
23.842175
23.864000
23.885700
23.900375
23.910750
23.917050
23.929175
23.934500
23.945075
23.952850
23.960125
23.974225
23.981575
24.007025
24.015675
24.022775
24.033250
24.045375
24.055875
24.067400
24.080750
24.093750
24.107050
24.119625
24.141325
24.159725
24.175125
24.206625
24.226950
24.242000
24.267525
24.296075
24.325125
24.349250
24.370325
24.389975
24.407425
24.448325
24.459800
24.478700
24.494900
24.503425
24.514600
24.526550
24.540975
24.563350
24.581175
24.598775
24.613750
24.647850
24.657900
24.672200
24.683900
24.693550
24.701025
24.725800
24.736225
24.754775
24.768550
24.789250
24.809000
24.826375
24.849600
24.876150
24.900900
24.924550
24.955000
24.977150
25.003925
25.027225
25.035350
25.042800
25.049075
25.053200
25.073475
25.081775
25.135625
25.151000
25.160450
25.172700
25.182550
25.195925
25.210575
25.224950
25.242775
25.257725
25.277000
25.292900
25.330850
25.356175
25.374575
25.397775
25.425625
25.447400
25.478450
25.505250
25.527075
25.543200
25.555200
25.569925
25.578025
25.582925
25.593500
25.601825
25.608850
25.622375
25.631625
25.643125
25.668500
25.676175
25.693775
25.710750
25.732525
25.749525
25.763650
25.779450
25.803425
25.824025
25.850450
25.871575
25.893500
25.914225
25.937175
25.962950
25.998975
26.016800
26.035475
26.056625
26.066975
26.074325
26.082350
26.115525
26.136400
26.143300
26.155525
26.165375
26.173300
26.189650
26.204175
26.231425
26.252750
26.276525
26.293250
26.319175
26.353800
26.379850
26.403775
26.419600
26.441650
26.465550
26.485375
26.513650
26.538575
26.550575
26.568050
26.579350
26.592750
26.599225
26.610350
26.626600
26.633650
26.646650
26.653500
26.695550
26.724950
26.740475
26.751025
26.764650
26.793475
26.806450
26.825500
26.851925
26.874275
26.906575
26.921900
26.951725
26.982400
27.013750
27.033425
27.053225
27.079550
27.106000
27.121650
27.130700
27.140600
27.149900
27.165150
27.185375
27.206925
27.217350
27.243350
27.262650
27.289200
27.319000
27.346200
27.366575
27.443575
27.472650
27.499075
27.520325
27.551275
27.569425
27.599100
27.632200
27.652625
27.679375
27.708475
27.734375
27.764675
27.794150
27.822650
27.849050
27.865625
27.909525
27.927275
27.940375
27.953975
27.978250
27.994650
28.013300
28.036000
28.050675
28.068975
28.096425
28.118600
28.142800
28.163825
28.189025
28.221925
28.278075
28.310425
28.331400
28.349175
28.365725
28.367800
28.374500
28.387775
28.404175
28.413475
28.419375
28.428125
28.439850
28.446225
28.453550
28.461075
28.489925
28.512975
28.518250
28.526475
28.535375
28.563825
28.583450
28.613275
28.640375
28.660300
28.686900
28.715625
28.747275
28.768925
28.787125
28.813150
28.822800
28.831850
28.841900
28.850025
28.862250
28.870525
28.894625
28.915300
28.925275
28.956425
28.965050
28.970325
28.981075
28.992675
29.000900
29.038500
29.054700
29.060600
29.069125
29.077025
29.101325
29.113525
29.123925
29.137550
29.148250
29.178825
29.191050
29.211750
29.239950
29.270150
29.323850
29.345275
29.389025
29.405400
29.416075
29.428325
29.442250
29.454900
29.486750
29.505175
29.526500
29.546975
29.567250
29.585375
29.609625
29.632025
29.654200
29.675175
29.716775
29.745825
29.757750
29.777875
29.788050
29.792225
29.797850
29.811175
29.815600
29.832325
29.851900
29.866100
29.883200
29.900925
29.920750
29.939950
29.959325
29.975050
29.989150
