0.078400
0.276175
0.285075
0.297325
0.343575
0.713450
0.865725
0.880200
0.945050
1.102700
1.167350
1.282650
1.511975
1.567900
1.578875
1.637250
1.659275
1.674600
1.800550
1.888350
1.903400
1.920925
1.968850
2.118450
2.171975
2.201050
2.384675
2.395575
2.464675
2.545575
2.712325
2.725475
2.869025
3.006150
3.122825
3.140000
3.303875
3.326050
3.539250
3.550450
3.941200
4.009100
4.043575
4.071700
4.258300
4.397250
4.443000
4.460600
4.584350
4.615725
4.664625
4.672975
4.730750
4.858425
4.894325
4.962850
5.045650
5.210925
5.255150
5.288775
5.312950
5.405325
5.420825
5.609500
5.620600
5.642550
5.678325
5.723925
5.877100
5.923800
6.260700
6.395675
6.424200
6.509675
6.580300
6.708000
6.754800
6.828400
6.867650
7.000025
7.028900
7.053000
7.059300
7.088325
7.103175
7.352500
7.377925
7.475050
7.521525
7.536850
7.561650
7.569375
7.604825
7.652300
7.789300
7.830400
7.955075
7.970500
8.021125
8.046725
8.215825
8.246950
8.261200
8.275825
8.457875
8.465575
8.509400
8.518775
8.547375
8.584125
8.596300
8.724200
8.801775
8.925550
8.938425
8.997025
9.042275
9.085350
9.207500
9.250500
9.283100
9.373250
9.396100
9.431825
9.569600
9.622975
9.801875
9.845750
9.982850
10.164025
10.195375
10.710375
10.771800
10.807600
10.927400
11.003425
11.048900
11.082500
11.283850
11.298800
11.321825
11.383200
11.419550
11.528225
11.621300
11.878200
12.120450
12.188725
12.237550
12.254075
12.294350
12.465325
12.594975
12.612250
12.670175
12.704875
12.741650
12.826500
12.839775
12.870825
12.923675
12.966750
12.983950
13.029525
13.090825
13.128325
13.147675
13.189175
13.200975
13.212575
13.238525
13.271775
13.454150
13.796850
13.951400
13.968000
14.063250
14.262050
14.318425
14.346275
14.367100
14.442325
14.536325
14.584275
14.655475
14.734425
14.754025
14.850875
14.887550
14.929900
14.948200
14.958750
15.026500
15.132900
15.148375
15.177150
15.203775
15.349025
15.400475
15.456200
15.616600
15.642350
15.672775
15.768325
15.793775
15.923650
16.010925
16.043925
16.053400
16.086975
16.099950
16.270275
16.332325
16.372100
16.432500
16.636250
16.664025
16.695200
16.724600
16.731725
16.770350
16.776800
16.852250
17.262950
17.308725
17.319600
17.340900
17.362525
17.516900
17.556425
17.711050
17.796850
17.811500
17.902275
17.934025
18.070650
18.091525
18.106025
18.170575
18.203250
18.246600
18.266750
18.283225
18.345725
18.357325
18.363675
18.399875
18.463900
18.489750
18.612325
18.709275
18.787775
18.829250
18.849075
18.939825
19.004600
19.012650
19.126625
19.187575
19.200125
19.218450
19.380550
19.392875
19.578025
19.723775
19.772025
19.801075
19.875425
19.897800
19.919925
20.059275
20.120700
20.215800
20.405200
20.508800
20.561475
20.570325
20.601575
20.724975
21.044625
21.147975
21.194325
21.205900
21.214625
21.295175
21.307975
21.317375
21.340050
21.374975
21.423525
21.532275
21.730550
21.839950
21.928125
22.007100
22.049900
22.067500
22.161450
22.170350
22.217375
22.293475
22.389050
22.492100
22.525275
22.534375
22.551025
22.590175
22.650425
22.658525
22.748475
22.950975
23.004425
23.072025
23.091850
23.155450
23.237000
23.329525
23.343475
23.357825
23.475475
23.516625
23.672575
23.760100
23.793950
23.864650
23.911975
23.929400
23.968425
24.080250
24.138175
24.176150
24.266300
24.489500
24.551350
24.588200
24.621925
24.657625
24.732825
24.790175
24.831150
24.951650
25.051950
25.062625
25.073700
25.119225
25.158375
25.244250
25.298875
25.482600
25.489425
25.594875
25.711200
25.719850
25.735275
25.875575
25.898525
25.934325
25.999275
26.077575
26.150450
26.266100
26.340450
26.365550
26.400150
26.416175
26.621075
26.658200
26.679150
26.727100
26.831175
26.873875
26.942625
26.981300
27.053525
27.067300
27.113500
27.226550
27.242925
27.262825
27.303950
27.336150
27.402350
27.444375
27.766050
27.833500
27.890175
27.911650
27.948900
27.994100
28.018950
28.055625
28.172125
28.328450
28.626425
28.670825
28.732875
28.790250
28.814475
28.886725
29.038800
29.258550
29.267175
29.383850
29.515575
29.525925
29.609250
29.624350
29.742775
29.794275
29.899225
29.941925
29.954875
