0.121725
0.135075
0.158200
0.216250
0.250450
0.260275
0.284725
0.299000
0.325825
0.350150
0.380925
0.393925
0.408525
0.420725
0.427150
0.440350
0.449400
0.484350
0.498425
0.523375
0.542775
0.576875
0.608275
0.623100
0.630075
0.675150
0.692950
0.956600
0.973800
1.001550
1.013825
1.023650
1.034725
1.055350
1.109500
1.119375
1.145650
1.153700
1.172200
1.433900
1.446175
1.456925
1.476775
1.505475
1.515150
1.528325
1.557825
1.576275
1.896000
1.924150
1.932950
1.961000
1.992350
2.026875
2.037775
2.046550
2.114175
2.158600
2.477600
2.489225
2.514175
2.549250
2.565000
2.604400
2.670500
2.695100
2.716700
2.737925
2.779275
2.830350
2.971900
2.985150
3.009575
3.023625
3.028400
3.038675
3.045000
3.066700
3.088675
3.132825
3.152600
3.168750
3.200075
3.218275
3.272250
3.295975
3.405200
3.415700
3.454500
3.479100
3.530175
3.549975
3.580575
3.604550
3.621375
3.640300
3.658500
3.674850
3.730075
3.781275
3.806650
3.820025
3.845750
3.862275
3.886125
3.907400
3.920125
3.953750
3.963400
3.999675
4.014050
4.031400
4.040500
4.053525
4.072200
4.102975
4.145725
4.159250
4.172900
4.217075
4.251800
4.272650
4.321725
4.342675
4.437350
4.458050
4.522550
4.545050
4.559425
4.588100
4.608600
4.631975
4.661550
4.705300
4.718925
4.731775
4.748425
4.757025
4.784700
4.794925
4.808550
4.857000
4.970350
5.000100
5.040775
5.054775
5.100925
5.111225
5.123600
5.133575
5.142125
5.158525
5.178925
5.231375
5.245200
5.253625
5.277025
5.305775
5.345725
5.355400
5.393175
5.407875
5.420700
5.460200
5.473275
5.490975
5.505425
5.520575
5.564125
5.598100
5.663475
5.698375
5.712575
5.731250
5.806175
5.818350
5.829750
5.848425
5.878700
5.927275
5.940300
5.948850
5.956500
5.967025
5.979150
5.989700
6.041350
6.061450
6.084225
6.104525
6.145250
6.172775
6.178550
6.187050
6.199875
6.222650
6.231050
6.253650
6.270150
6.294200
6.306675
6.322075
6.361975
6.368800
6.377750
6.386875
6.401050
6.455850
6.481500
6.492325
6.529900
6.542075
6.551950
6.603525
6.613725
6.625800
6.648100
6.659000
6.666600
6.694250
6.705175
6.711300
6.725525
6.735350
6.743550
6.751175
6.776050
6.783450
6.803600
6.868225
6.908600
6.925850
6.938350
6.951750
7.006525
7.026275
7.087350
7.144850
7.176225
7.251475
7.295825
7.319600
7.404900
7.502700
7.517425
7.522350
7.570200
7.599175
7.611600
7.631575
7.683200
7.700150
7.732225
7.738625
7.758325
7.775675
7.794650
7.842400
7.871725
7.927150
7.975950
8.005150
8.013450
8.090275
8.142025
8.168250
8.210200
8.254525
8.280675
8.300300
8.317825
8.329450
8.342775
8.368775
8.387650
8.406800
8.421400
8.458025
8.479900
8.486075
8.492825
8.606475
8.660875
8.714550
8.749650
8.774875
8.826575
8.839325
8.870575
8.880150
8.899900
8.950700
8.969500
8.979175
9.017325
9.069700
9.097025
9.110175
9.169175
9.208475
9.247825
9.280200
9.299250
9.313825
9.374000
9.388600
9.405550
9.443375
9.450375
9.519850
9.543325
9.569075
9.584775
9.594600
9.609700
9.615775
9.648150
9.669875
9.693575
9.701050
9.721775
9.776125
9.791125
9.833850
9.863350
9.875550
9.895900
9.915125
9.928600
9.953100
9.958500
9.966475
9.972000
9.981150
9.988900
9.995400
10.033750
10.046675
10.052850
10.057400
10.061600
10.069000
10.105525
10.147575
10.168525
10.187050
10.205125
10.262675
10.270475
10.276800
10.288750
10.307650
10.312900
10.356750
10.367325
10.393275
10.402650
10.448775
10.459075
10.465200
10.480625
10.498450
10.508675
10.516450
10.542725
10.551100
10.560050
10.587675
10.593725
10.619925
10.631700
10.705825
10.759400
10.772200
10.794475
10.799825
10.809050
10.816675
10.821750
10.855600
10.877275
10.883000
10.909750
10.914600
10.991025
11.016250
11.058350
11.072525
11.089800
11.113025
11.131925
11.142000
11.213675
11.237575
11.254375
11.261800
11.307525
11.329625
11.397375
11.428300
11.496325
11.545150
11.556550
11.576950
11.592525
11.607250
11.622800
11.668300
11.679825
11.730450
11.774925
11.829750
11.844875
11.982300
11.989925
11.998575
12.003975
12.027875
12.033050
12.042100
12.065325
12.070800
12.084600
12.090650
12.099825
12.107450
12.119350
12.151775
12.179725
12.228725
12.242950
12.282525
12.308775
12.326275
12.353925
12.372400
12.392875
12.515550
12.525000
12.538150
12.570775
12.584500
12.607050
12.615950
12.633850
12.685600
12.936175
12.985025
12.992925
13.026125
13.045275
13.056075
13.104125
13.116475
13.136350
13.161875
13.175250
13.193475
13.207050
13.230200
13.237550
13.318700
13.377575
13.469725
13.486800
13.683275
13.701175
13.723200
13.760100
13.775250
13.809450
13.834200
13.893625
13.943575
14.120575
14.126875
14.131800
14.138000
14.227900
14.250400
14.263650
14.269125
14.320750
14.326550
14.338275
14.354975
14.382575
14.391850
14.403725
14.434175
14.441950
14.449575
14.473525
14.483825
14.535375
14.555375
14.563050
14.574700
14.598300
14.628650
14.642700
14.715475
14.755275
14.764050
14.776075
14.789575
14.802325
14.808950
14.829500
14.842025
14.873150
14.889900
14.906600
14.959575
14.979950
15.018925
15.099075
15.122625
15.168450
15.189375
15.257000
15.267350
15.308350
15.318750
15.332150
15.364450
15.389350
15.399475
15.419100
15.442850
15.501900
15.528825
15.576475
15.599850
15.623925
15.665400
15.678000
15.720850
15.738450
15.747375
15.761000
15.812950
15.818000
15.831400
15.841175
15.863475
15.878300
15.887150
15.909025
15.929375
15.936675
15.947950
15.959300
15.990625
16.011175
16.019400
16.030850
16.057500
16.068225
16.081375
16.102900
16.113450
16.140375
16.240450
16.251275
16.260075
16.282875
16.300900
16.317250
16.342075
16.354300
16.410500
16.426950
16.444175
16.455325
16.479400
16.526075
16.532550
16.562875
16.592350
16.621400
16.629725
16.656700
16.690250
16.731575
16.758175
16.766025
16.783275
16.799050
16.808150
16.827300
16.847125
16.870700
16.896650
16.911925
16.931700
16.940750
16.970750
16.981500
17.015175
17.033575
17.043500
17.054625
17.065050
17.099025
17.129525
17.135700
17.142175
17.156075
17.179275
17.194050
17.244725
17.290450
17.299100
17.324650
17.329925
17.346225
17.404150
17.418000
17.501350
17.511525
17.520550
17.538575
17.545350
17.553375
17.561475
17.578300
17.620275
17.628200
17.641450
17.654350
17.679125
17.701100
17.717400
17.744550
17.753200
17.771125
17.783300
17.833825
17.844325
17.851875
17.885575
17.901800
17.916350
17.934075
17.976100
18.032575
18.061200
18.089175
18.097200
18.116600
18.159000
18.179600
18.196400
18.211325
18.286000
18.307150
18.343975
18.386750
18.397775
18.428275
18.441800
18.548225
18.578925
18.636625
18.661975
18.730100
18.905025
18.914450
18.922400
18.946950
18.958950
18.971100
18.982500
19.027050
19.094725
19.183450
19.212525
19.220300
19.230450
19.245250
19.257000
19.265800
19.273575
19.286875
19.304500
19.313075
19.331600
19.366200
19.379325
19.394175
19.414175
19.437050
19.452475
19.472600
19.544350
19.562125
19.772275
19.814625
19.853300
19.879150
19.938825
19.969525
19.978800
19.987775
20.000600
20.051200
20.077250
20.164125
20.326350
20.339450
20.350250
20.357475
20.416500
20.430475
20.441400
20.453150
20.487675
20.500850
20.525650
20.543250
20.573075
20.604400
20.610925
20.640175
20.661100
20.671875
20.681825
20.688000
20.719800
20.736475
20.761000
20.792425
21.033500
21.045400
21.066725
21.105675
21.118150
21.135950
21.148450
21.162325
21.176275
21.215925
21.327450
21.354125
21.400625
21.443925
21.469075
21.515975
21.592325
21.659100
21.666700
21.674825
21.680500
21.698900
21.714475
21.721700
21.731075
21.751075
21.771675
21.794450
21.825750
21.841925
21.874425
21.880450
21.950475
21.962325
21.981200
22.011025
22.044025
22.087225
22.104675
22.117250
22.174425
22.198775
22.234750
22.242900
22.258525
22.264850
22.314425
22.323550
22.338050
22.353375
22.384250
22.417850
22.427325
22.439825
22.454200
22.534750
22.544350
22.563200
22.579475
22.614750
22.624300
22.665800
22.673550
22.679075
22.699275
22.708625
22.736050
22.746275
22.761650
22.772575
22.828600
22.881700
22.913125
22.949975
22.973225
22.979900
23.046450
23.078025
23.110075
23.116175
23.133475
23.141350
23.214350
23.260375
23.288575
23.300150
23.330350
23.391975
23.431200
23.486175
23.549850
23.590750
23.628600
23.662100
23.695900
23.730175
23.787875
23.795300
23.813950
23.845925
23.883300
23.912375
23.924925
23.960125
23.976225
24.022625
24.041975
24.074625
24.092375
24.104975
24.191650
24.208700
24.228150
24.246750
24.259400
24.268500
24.298900
24.310050
24.365075
24.386950
24.405275
24.507125
24.584075
24.708300
24.728450
24.753025
24.810125
24.829050
24.840325
24.871325
24.913175
25.110075
25.120000
25.158025
25.168000
25.185775
25.206875
25.231050
25.265750
25.302150
25.329325
25.352750
25.470975
25.588950
25.599025
25.607775
25.616525
25.632325
25.651750
25.682925
25.861625
25.874875
25.882575
25.894875
25.904850
25.913275
25.930000
25.954300
25.963750
25.973925
25.992825
25.998425
26.005900
26.021300
26.057550
26.075875
26.101400
26.113225
26.126700
26.131925
26.147325
26.153475
26.160025
26.167275
26.187600
26.215500
26.255700
26.262275
26.283775
26.326950
26.339450
26.388900
26.410150
26.422100
26.462050
26.483150
26.507425
26.561000
26.575575
26.641850
26.680800
26.695850
26.711075
26.720125
26.728600
26.741650
26.751875
26.764025
26.809875
26.817450
26.827425
26.836925
26.903950
26.928625
26.938475
26.984000
27.020725
27.037450
27.098000
27.126775
27.179650
27.253975
27.292550
27.311350
27.323500
27.336200
27.362525
27.378875
27.389825
27.404075
27.421075
27.458625
27.522425
27.550575
27.575550
27.593450
27.622425
27.630175
27.639100
27.662625
27.806500
27.847675
27.855100
27.864500
27.896250
27.946875
27.959025
27.993900
28.002950
28.013550
28.030775
28.058550
28.076050
28.098575
28.111375
28.143300
28.191300
28.208700
28.232900
28.242275
28.249725
28.263850
28.279375
28.303700
28.398650
28.421300
28.457100
28.490600
28.507125
28.558625
28.596000
28.622975
28.650150
28.679350
28.693425
28.703275
28.726625
28.777600
28.792500
28.809325
28.859875
28.870425
28.902325
28.914175
28.947225
28.958300
29.010275
29.041075
29.053525
29.095825
29.131900
29.145525
29.156375
29.177900
29.198400
29.208025
29.230525
29.236725
29.262575
29.269900
29.297050
29.314175
29.325875
29.341100
29.360825
29.376400
29.388425
29.408100
29.419275
29.454700
29.474675
29.485500
29.514425
29.524000
29.551650
29.571625
29.605650
29.676550
29.685675
29.696800
29.704175
29.712775
29.730275
29.743125
29.778325
29.789100
29.834225
29.841225
29.847850
29.878000
29.898400
29.906700
29.947650
29.971675
29.977075
29.987400
29.995500
