0.518350
0.826775
0.851150
0.890975
0.923200
1.108550
1.358775
1.955725
2.039475
2.421800
2.447675
2.531000
2.547175
2.809725
3.318050
3.483850
3.522300
3.637750
3.726025
3.748800
3.814575
3.905850
4.008675
4.179575
4.699800
4.784000
5.213025
5.368775
5.410600
5.550150
6.307975
6.326150
6.466775
6.522525
6.564125
6.625150
6.666750
6.784175
6.987175
7.120000
7.272125
7.853550
7.905900
8.659750
8.740900
8.790200
8.867350
8.966800
9.708800
10.019900
10.055550
10.133975
10.282475
10.420975
10.699400
11.509225
11.590750
11.626675
11.693950
11.723150
11.809200
11.905325
12.142400
12.344025
12.416400
12.634050
12.887225
12.952425
13.119775
13.205575
13.311350
13.391950
13.443125
13.445250
13.712175
13.950225
14.351725
14.669600
14.951525
15.277375
15.437775
15.461150
15.696850
15.771150
15.975250
16.022250
16.266250
16.553775
16.609475
16.726550
16.733850
17.295700
17.526950
17.575700
18.224075
18.588475
18.683675
19.033725
19.051125
19.213075
19.293225
19.410600
19.798375
19.889175
19.987375
19.998275
20.044200
20.172350
20.309300
20.324050
20.486075
20.607550
20.635950
20.691100
20.840775
21.084725
21.139850
21.482900
21.670675
21.901775
22.284950
22.344800
22.593375
22.725400
22.803275
22.912650
23.029300
23.170800
23.187025
23.377875
24.063325
24.095700
24.466075
25.575600
25.873100
26.012775
26.378000
26.694975
27.169400
27.285950
27.705375
28.253250
28.926075
29.487675
29.620525
29.792725
