0.011725
0.108850
0.184550
0.227875
0.273625
0.340800
0.478150
0.732900
0.760550
0.955400
1.043275
1.116625
1.159150
1.214850
1.255100
1.463750
1.646700
1.749300
1.803675
1.844800
1.846325
1.944025
1.997925
2.043125
2.049675
2.117875
2.156350
2.428050
2.443200
2.468400
2.536375
2.582150
2.615050
2.637725
2.656875
2.747350
2.823000
2.844850
2.847750
2.870500
2.922450
3.045775
3.069975
3.078725
3.218850
3.376050
3.676675
3.698600
3.974375
4.096075
4.110500
4.223400
4.396175
4.734300
4.748500
4.820125
4.844175
5.155175
5.194850
5.491300
5.566150
5.629875
5.630900
5.698550
5.723325
5.772375
6.060825
6.066325
6.074925
6.080025
6.097675
6.161900
6.224600
6.538875
6.548450
6.625200
6.757775
6.915900
6.951875
7.073850
7.111675
7.234050
7.255600
7.312450
7.391400
7.463325
7.497050
7.808950
7.832175
7.958700
7.989625
8.020000
8.056025
8.075550
8.096750
8.102350
8.131675
8.236550
8.276500
8.479400
8.492000
8.527850
8.577450
8.662225
8.843875
8.857800
8.861050
8.870450
9.058675
9.103175
9.301950
9.367950
9.509100
9.650225
9.704600
9.974950
10.091650
10.102300
10.141150
10.331475
10.587900
10.681275
10.729875
10.817575
10.839550
11.130375
11.136500
11.171000
11.248075
11.288675
11.300525
11.481800
11.549400
11.553875
11.589750
11.666875
11.672150
11.685525
11.809975
11.898975
11.962625
12.141525
12.223050
12.286050
12.414000
12.440350
12.465300
12.594900
12.618025
12.908900
12.936525
12.987150
13.244450
13.258400
13.305300
13.313775
13.353800
13.409725
13.992250
14.002775
14.204950
14.365350
14.414350
14.543475
14.576975
14.622250
15.005525
15.235150
15.240825
15.264550
15.457875
15.543475
15.707050
15.863150
15.922600
15.941825
15.978825
16.104900
16.112125
16.119425
16.178625
16.211725
16.217450
16.253375
16.308775
16.329150
16.397400
16.675925
16.694600
16.960150
17.331150
17.379600
17.407725
17.415450
17.714050
17.833350
17.984875
18.029175
18.053550
18.059050
18.211925
18.400875
18.437750
18.482550
18.527825
18.757925
18.839150
18.908825
18.994800
19.000825
19.006825
19.057250
19.088800
19.348225
19.519775
19.596425
19.627775
19.823100
19.957775
19.980300
19.986625
20.065225
20.392300
20.405850
20.414700
20.418925
20.458050
20.551425
20.707625
20.785300
20.842325
20.954725
21.138000
21.546600
21.570100
21.769900
21.834300
21.927675
22.107075
22.129375
22.194200
22.388350
22.701700
23.016475
23.032950
23.063075
23.181100
23.308175
23.667000
23.701175
23.786725
23.798925
23.841450
24.257900
24.875475
24.897900
25.001875
25.273700
25.444725
25.472300
25.501200
25.512700
25.546825
25.639525
25.682725
25.745475
25.780825
25.950600
26.085500
26.099475
26.103550
26.124500
26.254825
26.390800
26.530100
26.953700
27.359275
27.462825
27.532050
27.745675
27.806525
28.011125
28.041400
28.312750
29.034025
29.139150
29.248025
29.390425
29.443100
29.608375
29.704375
29.740100
29.946400
