0.952075
1.697025
2.243150
2.477175
2.609500
2.626300
3.551550
4.146275
4.184700
4.530825
4.642550
4.904175
5.363500
5.830625
6.144450
6.265850
6.402950
6.522650
6.751375
6.944225
7.335000
7.420275
7.660600
8.314025
8.634050
8.652350
8.722025
9.104375
9.270725
9.381950
9.515175
9.544650
9.638900
9.859925
10.124650
10.202175
10.204575
10.411300
10.480750
10.574400
10.687500
10.778575
10.908375
11.053425
11.266225
11.306775
11.417950
11.734125
11.815375
11.941325
12.258450
12.306650
12.442625
12.618975
12.710550
12.771225
12.845950
12.911375
13.051150
13.196850
13.246050
14.194450
14.427175
14.529700
14.565800
14.689600
14.815175
14.962775
15.268025
15.308900
15.426425
15.565200
15.695925
15.743575
15.779425
15.783025
15.851675
15.877600
15.938275
16.035750
16.096850
16.133625
16.304350
16.333025
16.439500
16.484950
16.604550
16.663150
17.045750
17.234700
17.381450
17.436250
17.498975
17.901850
17.991375
18.355225
18.486125
18.556750
18.933075
19.347350
19.428850
19.483575
19.817250
19.925225
20.082975
20.610675
20.852525
20.941400
21.132400
21.719350
21.785175
21.978275
22.087625
22.239275
22.338400
22.471600
23.047850
23.169050
23.252600
23.326625
23.365175
23.381950
23.407625
23.516200
23.563800
23.595475
23.661250
23.694450
24.061200
24.184700
24.515475
24.672350
24.977125
25.850400
26.016175
26.149725
26.389475
26.417300
26.466325
26.630775
26.758325
26.765475
26.922750
27.251100
27.295525
27.633850
27.760150
27.831725
27.872900
28.224200
28.263475
28.308550
28.443400
28.548650
28.629225
28.746925
29.115750
29.322950
29.391950
29.557725
29.746575
29.870925
29.989475
