0.006025
0.024175
0.055275
0.075200
0.106575
0.158000
0.175250
0.193250
0.214650
0.248800
0.269325
0.304750
0.338675
0.372325
0.416850
0.436950
0.458825
0.473675
0.490075
0.507775
0.531100
0.562400
0.575550
0.619675
0.629625
0.648325
0.680775
0.728725
0.748150
0.769150
0.798475
0.829000
0.860400
0.893625
0.978500
1.016525
1.040350
1.071725
1.081725
1.094900
1.142875
1.179450
1.195350
1.245075
1.307975
1.353750
1.386200
1.402750
1.419875
1.438875
1.473850
1.504250
1.526975
1.537825
1.580625
1.628225
1.687075
1.766625
1.798425
1.821425
1.837225
1.864800
1.885675
1.921550
1.946325
1.963125
1.991350
2.036425
2.096475
2.177100
2.200675
2.226300
2.269600
2.291775
2.333500
2.366300
2.389525
2.439275
2.487075
2.655000
2.695550
2.717350
2.746525
2.760800
2.775025
2.793150
2.839800
2.911500
2.961175
3.052550
3.080350
3.117600
3.143575
3.171000
3.190400
3.209125
3.236450
3.269575
3.295975
3.357775
3.422000
3.472975
3.534225
3.574500
3.591500
3.614725
3.637500
3.671375
3.691900
3.715425
3.744525
3.797275
3.827950
3.941175
3.954150
3.986850
4.026800
4.058225
4.112025
4.136250
4.168925
4.198350
4.233075
4.263950
4.298600
4.343025
4.373975
4.403500
4.437600
4.475675
4.507525
4.555675
4.591525
4.631275
4.659675
4.712725
4.742775
4.784550
4.811225
4.838650
4.881075
4.941375
4.961000
4.984950
5.003250
5.029175
5.052950
5.083375
5.118400
5.147750
5.195775
5.225175
5.244175
5.289900
5.319475
5.348200
5.367125
5.408425
5.429275
5.463125
5.486025
5.517125
5.546000
5.610075
5.637775
5.657500
5.675225
5.684325
5.707200
5.742775
5.770775
5.799900
5.820825
5.843125
5.863425
5.895175
5.911675
5.963850
6.025850
6.042925
6.106275
6.141825
6.174200
6.198425
6.220025
6.252750
6.325125
6.352475
6.424425
6.462500
6.468750
6.487350
6.516375
6.558450
6.576550
6.596425
6.610800
6.648250
6.679775
6.727025
6.768450
6.830175
6.887250
6.938625
6.965250
6.995050
7.038725
7.055250
7.091750
7.129600
7.166575
7.223100
7.267900
7.324875
7.418925
7.442175
7.461800
7.488175
7.507875
7.528175
7.573525
7.590400
7.610175
7.631975
7.658775
7.677600
7.696875
7.746525
7.768350
7.799450
7.876475
7.976525
8.000350
8.019200
8.034250
8.059125
8.094550
8.110125
8.128600
8.143925
8.160675
8.203850
8.221000
8.236350
8.281025
8.329650
8.363400
8.394300
8.427175
8.476200
8.493350
8.518325
8.535100
8.552200
8.570950
8.600050
8.633150
8.672650
8.697925
8.729975
8.770725
8.846850
8.938650
8.959700
8.987900
8.997300
9.010225
9.031375
9.054025
9.094050
9.138675
9.173075
9.212575
9.263025
9.286475
9.309975
9.329800
9.354400
9.360450
9.383450
9.397450
9.415025
9.450925
9.467625
9.512650
9.540575
9.569375
9.601375
9.691850
9.716400
9.750025
9.774625
9.801125
9.824000
9.847100
9.866000
9.910175
9.921550
9.937525
9.967950
9.987550
10.022000
10.038125
10.085450
10.138100
10.177950
10.199175
10.214925
10.253750
10.281250
10.287975
10.308750
10.324725
10.348350
10.377550
10.394000
10.417200
10.436775
10.462500
10.481275
10.506900
10.537425
10.559175
10.588750
10.619675
10.654950
10.686450
10.747550
10.809875
10.861475
10.882800
10.911700
10.948900
10.970875
11.024225
11.058650
11.090925
11.116850
11.157900
11.193750
11.214800
11.240075
11.250200
11.292750
11.333025
11.361250
11.384950
11.418875
11.502250
11.531475
11.555575
11.583575
11.604275
11.651375
11.672025
11.695850
11.744700
11.763400
11.795200
11.828925
11.857600
11.892725
11.918700
11.946900
11.993025
12.048700
12.085800
12.118975
12.166025
12.217375
12.266550
12.302850
12.364025
12.382200
12.398750
12.417425
12.469975
12.498475
12.534850
12.568650
12.600225
12.647350
12.686075
12.716250
12.755025
12.773100
12.808275
12.838900
12.870100
12.903325
12.933800
12.983750
13.009550
13.043925
13.086450
13.114775
13.146700
13.163475
13.181050
13.200075
13.226800
13.244925
13.280025
13.317725
13.355800
13.379150
13.408025
13.470500
13.511000
13.565675
13.625650
13.678000
13.698325
13.727300
13.747550
13.788500
13.824100
13.843675
13.862600
13.879625
13.898975
13.930375
13.978850
14.001375
14.092425
14.135375
14.162100
14.198800
14.222700
14.241300
14.290125
14.319025
14.353625
14.389650
14.437900
14.460350
14.494475
14.528275
14.543850
14.573050
14.598350
14.624325
14.738450
14.778825
14.832125
14.858600
14.877500
14.899425
14.920250
14.959500
14.985300
15.015325
15.047950
15.070850
15.093150
15.127600
15.172425
15.242825
15.311050
15.341500
15.374725
15.390850
15.416650
15.473975
15.509350
15.556975
15.583125
15.607700
15.632750
15.660375
15.686675
15.708650
15.731625
15.750400
15.763425
15.819875
15.836825
15.854400
15.879225
15.903500
15.945875
16.005050
16.042900
16.124600
16.143425
16.163150
16.176850
16.191200
16.207075
16.227925
16.251625
16.270075
16.297500
16.321550
16.338850
16.359300
16.381600
16.409500
16.435675
16.467025
16.503725
16.575325
16.643675
16.654700
16.663800
16.674450
16.690825
16.708625
16.729650
16.753650
16.795600
16.831200
16.852375
16.886875
16.914300
16.935475
16.958375
16.988950
17.009100
17.028975
17.043450
17.059575
17.074100
17.093650
17.134800
17.157600
17.180275
17.220800
17.261725
17.310525
17.373875
17.391925
17.404300
17.420700
17.456000
17.482125
17.502975
17.519550
17.529400
17.545125
17.669875
17.742450
17.759050
17.763725
17.776450
17.786725
17.802525
17.821850
17.852800
17.878100
17.895925
17.924500
17.948375
18.009600
18.059275
18.115725
18.128950
18.146400
18.159600
18.185475
18.204425
18.257175
18.297300
18.323275
18.334850
18.377250
18.452150
18.497650
18.523250
18.531100
18.548050
18.565700
18.582900
18.616350
18.637300
18.663600
18.690275
18.709850
18.778450
18.810275
18.836725
18.868775
18.891700
18.898325
18.915225
18.945250
18.962775
18.992775
19.039125
19.059875
19.072300
19.101700
19.128925
19.158725
19.215350
19.243025
19.275250
19.307600
19.319400
19.335125
19.351450
19.367825
19.389850
19.419900
19.461725
19.524825
19.537925
19.566675
19.598575
19.629150
19.689675
19.723300
19.746825
19.753550
19.766250
19.773975
19.784150
19.803500
19.855700
19.906875
19.933600
19.977250
20.015925
20.043700
20.068225
20.087575
20.102725
20.132475
20.159625
20.223175
20.255625
20.288775
20.317850
20.348600
20.367400
20.388375
20.438025
20.464925
20.512525
20.539525
20.558675
20.586075
20.618950
20.636150
20.649475
20.719000
20.742600
20.765000
20.789450
20.810425
20.840425
20.868025
20.897450
20.924500
20.962175
21.004150
21.063225
21.101075
21.118450
21.148525
21.169100
21.195675
21.239275
21.265025
21.288650
21.298900
21.315450
21.335325
21.358575
21.379350
21.389125
21.408700
21.424575
21.445900
21.464575
21.481800
21.503975
21.522125
21.540200
21.569800
21.625175
21.672850
21.684975
21.708775
21.726750
21.741400
21.757200
21.767825
21.780425
21.796850
21.820775
21.842900
21.886800
21.921350
21.938100
22.001625
22.104375
22.131025
22.160775
22.168175
22.207325
22.223700
22.237750
22.243900
22.261550
22.272350
22.285250
22.312175
22.333475
22.357975
22.399850
22.421625
22.440475
22.494250
22.529200
22.634125
22.669650
22.700225
22.718750
22.749800
22.776700
22.798375
22.820275
22.847875
22.889600
23.008275
23.040725
23.065000
23.087475
23.109800
23.127750
23.151475
23.174625
23.231575
23.270650
23.312075
23.348650
23.386425
23.417450
23.470275
23.556425
23.597775
23.640575
23.690225
23.744675
23.778575
23.789825
23.810900
23.893500
23.925400
23.953750
24.124325
24.172425
24.205075
24.244625
24.267925
24.289050
24.310350
24.331600
24.347625
24.370375
24.396150
24.422150
24.440275
24.455275
24.468250
24.506075
24.563325
24.593850
24.631550
24.680775
24.705750
24.736100
24.760675
24.800400
24.861225
24.901500
24.927200
24.950775
24.991525
25.040800
25.073325
25.085875
25.114250
25.151900
25.181075
25.201825
25.230800
25.304250
25.331350
25.359950
25.385925
25.414050
25.428050
25.443875
25.469550
25.484925
25.498975
25.527550
25.561125
25.599700
25.644750
25.693875
25.743625
25.768325
25.849325
25.862950
25.882200
25.902050
25.913325
25.936325
25.985800
26.005250
26.026625
26.050600
26.081700
26.102500
26.130475
26.148025
26.172425
26.202950
26.253275
26.293950
26.342850
26.398175
26.433025
26.448325
26.483300
26.499275
26.535150
26.560475
26.578050
26.618775
26.676600
26.715675
26.829175
26.851000
26.859150
26.883150
26.890175
26.902150
26.914400
26.931450
26.948750
26.971575
26.995775
27.029750
27.053300
27.075100
27.099950
27.140100
27.163225
27.209550
27.219000
27.222425
27.237025
27.245775
27.260275
27.280075
27.288400
27.345275
27.362050
27.379950
27.406475
27.427400
27.474450
27.505100
27.538025
27.578750
27.598850
27.612325
27.619400
27.626750
27.635475
27.652725
27.705625
27.752250
27.771950
27.791775
27.819250
27.844600
27.860550
27.916450
27.951500
28.049800
28.087675
28.097075
28.111825
28.118175
28.133950
28.185450
28.204575
28.218175
28.237550
28.256150
28.278075
28.310225
28.347125
28.382625
28.437625
28.474250
28.522225
28.532475
28.539750
28.573925
28.594825
28.620075
28.639425
28.653300
28.677475
28.696650
28.716075
28.745950
28.767800
28.783875
28.800300
28.833650
28.849800
28.867375
28.883225
28.888200
28.959325
28.991300
29.009650
29.046650
29.062700
29.090625
29.139650
29.220725
29.231975
29.249325
29.264375
29.279075
29.291025
29.307275
29.327100
29.347775
29.387775
29.413025
29.435525
29.457425
29.485200
29.509050
29.560650
29.607075
29.639325
29.675450
29.692850
29.701200
29.716625
29.725700
29.749025
29.807225
29.819250
29.860075
29.879200
29.890450
29.913850
29.947125
29.999125
