0.031850
0.103275
0.106625
0.131950
0.603900
0.810525
0.930925
0.944375
1.925150
2.053675
2.101850
2.152075
2.211700
2.230150
2.251350
2.279300
2.461850
2.490900
2.524325
2.541175
2.634875
2.685975
2.856850
2.953725
2.976825
3.016250
3.152975
3.224100
3.326300
3.364050
3.445100
3.606900
3.633150
3.679250
3.738475
3.792700
3.904075
4.046450
4.093425
5.055950
5.064850
5.086325
5.164050
5.669575
5.762950
5.837450
5.859825
6.040150
6.105650
6.123125
6.211450
6.325050
6.360500
6.390850
6.425200
6.431600
6.495450
6.509775
6.526550
6.609300
6.646950
6.683000
6.730400
6.886200
6.916975
6.958025
6.968100
7.009100
7.028725
7.061100
7.108850
7.132125
7.165925
7.222050
7.257875
7.272325
7.299750
7.309350
7.338225
7.362625
7.385625
7.422750
7.429325
7.464150
7.474250
7.495625
7.514075
7.678300
7.861275
7.911625
7.976125
8.187475
8.274825
8.289350
8.294200
8.308550
8.365475
8.410975
8.528425
8.571725
8.585750
8.590325
8.597075
8.640775
8.776075
8.974425
9.008075
9.122825
9.139250
9.157375
9.180000
9.203675
9.298900
9.332575
9.609200
9.617775
9.659800
9.686175
9.809000
9.830500
9.853350
9.883300
10.010125
10.044425
10.066150
10.092300
10.233275
10.284000
10.325225
10.369850
10.390100
10.405200
10.433750
10.517050
10.595925
10.643225
10.672325
10.737075
10.917050
10.933500
10.953425
10.970625
11.007925
11.042650
11.079700
11.085125
11.108275
11.112275
11.116750
11.121100
11.139000
11.191300
11.228525
11.291375
11.427550
11.441400
11.462925
11.477250
11.488025
11.546125
11.623000
11.778300
11.818650
11.837575
11.846825
11.924200
11.940775
11.999525
12.029100
12.057225
12.141025
12.164000
12.201350
12.229475
12.292100
12.305400
12.343550
12.374350
12.394825
12.412150
12.460675
12.479900
12.508575
12.535400
12.558200
12.602200
12.642875
12.706450
12.763925
12.777850
12.791125
12.808825
12.826775
12.881450
12.893675
12.941325
12.979050
12.994950
13.046225
13.065975
13.169200
13.222375
13.291000
13.357000
13.387200
13.432100
13.478850
13.542275
13.629875
13.664125
13.678475
13.752450
13.809175
13.858275
14.016500
14.048725
14.082925
14.103925
14.158000
14.215000
14.238325
14.272275
14.313125
14.424175
14.444950
14.466475
14.493775
14.504075
14.507950
14.511925
14.530150
14.534275
14.549350
14.560900
14.566875
14.573450
14.597250
14.624075
14.633250
14.643025
14.672100
14.681050
14.741675
14.778275
14.802950
14.820150
14.836925
14.864275
14.882400
14.908650
14.930375
14.970750
15.040550
15.071200
15.080000
15.087175
15.100250
15.133525
15.157350
15.167275
15.209625
15.215300
15.249200
15.288150
15.310850
15.343250
15.366575
15.404250
15.421550
15.445625
15.524625
15.581125
15.610025
15.627375
15.648750
15.653175
15.727750
15.737275
15.799925
15.813125
15.832300
15.854225
15.879125
15.974350
15.997100
16.005400
16.023975
16.042000
16.046450
16.051750
16.061325
16.119750
16.131975
16.155075
16.167100
16.190000
16.233175
16.272875
16.329125
16.383175
16.412275
16.478250
16.513375
16.581350
16.598000
16.611675
16.626550
16.642775
16.672175
16.701600
16.719175
16.738125
16.759350
16.909700
16.939925
16.951775
16.967875
16.973550
16.980100
16.987700
16.993150
17.003750
17.057025
17.089150
17.115500
17.138775
17.152425
17.201625
17.256300
17.289000
17.303250
17.347575
17.373200
17.431625
17.439400
17.455600
17.514400
17.598450
17.671450
17.736200
17.769025
17.779025
17.787700
17.794875
17.802100
17.848525
17.856925
17.911925
17.917500
17.968225
18.024400
18.060525
18.078950
18.099725
18.118175
18.145200
18.170925
18.203925
18.231725
18.265000
18.385150
18.424025
18.488425
18.509300
18.524850
18.546900
18.560475
18.584950
18.592000
18.615900
18.619000
18.648975
18.651800
18.674500
18.738100
18.766825
18.774075
18.817825
18.829300
18.841025
18.853875
18.901325
18.914850
18.928575
19.031300
19.087450
19.129850
19.161525
19.180025
19.194900
19.213825
19.373625
19.399475
19.433500
19.475375
19.496600
19.513950
19.529200
19.552725
19.574625
19.586125
19.612625
19.668625
19.768625
19.791750
19.874825
19.883500
19.887025
19.890425
19.924375
19.946250
19.967175
19.977775
19.987500
20.001425
20.099425
20.147775
20.179500
20.190550
20.199425
20.214625
20.222250
20.237200
20.263475
20.289250
20.301275
20.336925
20.485300
20.505675
20.521400
20.548800
20.645875
20.671800
20.696250
20.752450
20.777800
20.828950
20.851150
20.915700
20.948225
20.955175
20.970200
20.991250
20.994225
21.006375
21.034100
21.055300
21.059050
21.103725
21.231975
21.245950
21.333350
21.347475
21.359500
21.373850
21.467175
21.615750
21.662250
21.706075
21.725025
21.748175
21.756650
21.764350
21.781900
21.795500
21.807525
21.826125
21.913450
21.961225
21.987425
22.046075
22.077225
22.114200
22.141575
22.165200
22.187675
22.208750
22.255125
22.344975
22.375725
22.411800
22.427475
22.471725
22.501525
22.514200
22.546000
22.562200
22.684625
22.716000
22.754950
22.786775
22.812200
22.826100
22.875000
22.905725
22.932925
22.951350
22.958450
22.996450
23.038650
23.044000
23.092125
23.117375
23.140375
23.153450
23.204050
23.286125
23.304550
23.399325
23.419025
23.433175
23.444825
23.455500
23.511950
23.618875
23.647200
23.686700
23.760800
23.795750
23.811975
23.825325
23.839825
23.860325
23.870325
23.888725
23.976700
24.005525
24.037075
24.103375
24.138875
24.210750
24.252950
24.279225
24.289775
24.346175
24.405050
24.414050
24.445475
24.465925
24.481150
24.488025
24.503125
24.542350
24.552550
24.627675
24.662050
24.677725
24.869625
24.953800
24.998525
25.018000
25.034600
25.040300
25.045975
25.052350
25.079250
25.101550
25.119700
25.128575
25.184575
25.194625
25.213050
25.268975
25.283950
25.325600
25.378650
25.413475
25.455975
25.490250
25.519050
25.562425
25.591325
25.614200
25.672025
25.693425
25.724700
25.752450
25.764200
25.773850
25.789675
25.803175
25.812475
25.826425
25.863300
25.887600
25.893600
25.981900
26.015425
26.048725
26.079450
26.113025
26.181625
26.198775
26.255750
26.319275
26.326575
26.342125
26.352075
26.384800
26.423750
26.447975
26.505900
26.579875
26.620400
26.664925
26.690575
26.718325
26.764925
26.780425
26.793325
26.907900
26.965025
26.985525
27.009125
27.019075
27.045725
27.099400
27.114675
27.146550
27.161025
27.186425
27.339000
27.374175
27.436475
27.453100
27.478825
27.559925
27.602225
27.657725
27.713275
27.741300
27.812650
27.856200
27.953375
28.020875
28.074300
28.133325
28.153125
28.268725
28.335625
28.421150
28.493875
28.506325
28.512025
28.516925
28.522225
28.578375
28.584250
28.661625
28.672875
28.825625
28.914450
28.952450
29.052425
29.093775
29.136300
29.185325
29.205050
29.231000
29.253525
29.282725
29.317950
29.324100
29.331025
29.338775
29.367325
29.392925
29.451475
29.487675
29.596075
29.613200
29.627350
29.659050
29.686250
29.730275
29.785050
29.802300
29.843575
29.860525
29.870900
29.888725
29.898200
29.918450
29.937250
29.944050
29.960275
29.980200
