0.033075
0.063675
0.079250
0.098025
0.132000
0.146550
0.157625
0.176125
0.183975
0.318350
0.390900
0.494400
0.697900
0.759825
0.845325
0.857725
1.195525
1.265975
1.361500
1.402850
1.550275
1.563825
1.614275
1.630150
1.674025
1.728750
1.896475
1.972700
2.033625
2.079800
2.111475
2.148650
2.164975
2.197400
2.231100
2.554875
2.612300
2.630350
2.689050
2.711950
2.832275
2.979750
2.993050
3.036250
3.074850
3.102100
3.166275
3.192050
3.436325
3.510825
3.531100
3.543300
3.569875
3.599275
3.622300
3.721625
3.736600
3.771675
3.847100
3.893725
3.922200
3.930150
3.948450
4.002950
4.038775
4.070500
4.091575
4.100325
4.109375
4.130200
4.323400
4.341375
4.362175
4.392350
4.448625
4.463775
4.473425
4.511475
4.537200
4.551350
4.567925
4.729675
4.742925
4.754925
4.821525
4.858625
4.882375
4.916300
4.943325
4.953825
4.971600
4.986650
5.228975
5.242525
5.261575
5.356325
5.412600
5.612200
5.632375
5.688700
5.729050
5.743350
5.759125
5.777600
5.803925
5.828025
5.868800
6.095475
6.151225
6.171775
6.191250
6.227125
6.535775
6.645875
6.683000
6.698825
6.709975
6.738300
6.788925
6.995775
7.030075
7.043100
7.139050
7.151575
7.157525
7.319450
7.333450
7.390750
7.404400
7.452050
7.469725
7.609400
7.621750
7.633400
7.645250
7.663425
7.675475
7.855950
7.887300
7.944250
7.972075
8.006600
8.019125
8.034450
8.046300
8.085325
8.096475
8.103925
8.273325
8.287300
8.306600
8.323000
8.335975
8.380675
8.435025
8.452450
8.479300
8.491125
8.598600
8.643200
8.661325
8.693075
8.718750
8.766425
8.908325
8.922300
8.932925
8.957800
9.061575
9.109450
9.151025
9.206475
9.277025
9.317725
9.325200
9.350750
9.563675
9.625875
9.700050
9.795425
9.814975
9.827600
9.857925
9.865000
9.880475
10.077925
10.095375
10.111400
10.130950
10.159750
10.199800
10.248700
10.264875
10.319725
10.329600
10.339950
10.354625
10.368175
10.379625
10.552100
10.581825
10.593325
10.645000
10.658100
10.704950
10.919400
10.933350
10.960525
10.996825
11.031625
11.061725
11.076375
11.092025
11.236050
11.323200
11.546825
11.592825
11.607150
11.648650
11.682975
11.733675
11.834875
11.858100
11.911275
11.988100
12.002650
12.094175
12.107150
12.151175
12.164050
12.181150
12.207875
12.217550
12.226450
12.268000
12.277825
12.320325
12.331450
12.401625
12.416425
12.432675
12.464875
12.485625
12.515800
12.547575
12.558600
12.568825
12.584275
12.597700
12.648300
12.675550
12.725500
12.788475
12.846350
12.883050
12.988800
13.047000
13.063500
13.094575
13.128975
13.244725
13.285175
13.325525
13.405625
13.431475
13.456425
13.499175
13.513350
13.541600
13.655900
13.660350
13.684450
13.706050
13.715625
13.732275
13.777725
13.817650
14.033050
14.050150
14.172175
14.186350
14.218675
14.253150
14.266275
14.278800
14.299225
14.441600
14.464750
14.508250
14.519975
14.554150
14.627275
14.740950
14.792775
14.820525
14.834150
14.846950
14.860600
14.973775
14.986950
14.996700
15.008275
15.026675
15.082575
15.097100
15.129975
15.163600
15.183325
15.391600
15.438725
15.535150
15.547625
15.559775
15.572875
15.697325
15.716300
15.741625
15.758750
15.836400
15.884425
16.034925
16.060975
16.077550
16.094825
16.143450
16.214350
16.305750
16.337700
16.489450
16.504850
16.528075
16.546025
16.565250
16.578525
16.590100
16.670250
16.687775
16.752625
16.798175
17.116175
17.156225
17.197625
17.213600
17.294650
17.345050
17.378900
17.389100
17.423050
17.434050
17.450575
17.590875
17.606600
17.623450
17.805025
17.862175
17.911725
17.956600
18.029075
18.081600
18.095850
18.111400
18.126600
18.143200
18.197425
18.212600
18.230350
18.254350
18.278750
18.390575
18.409150
18.424400
18.473850
18.490475
18.581950
18.599125
18.628275
18.638375
18.679425
18.687525
18.813100
18.830375
18.911975
18.974875
18.994000
19.179825
19.193775
19.211900
19.314750
19.369900
19.463500
19.563575
19.627975
19.647625
19.680150
19.750575
19.770850
19.809975
19.884250
19.904350
19.956800
19.967150
19.986000
20.020225
20.037950
20.056925
20.079050
20.118250
20.144825
20.180825
20.192800
20.274150
20.365675
20.380375
20.466175
20.706725
20.762050
20.924925
20.942500
20.957750
21.001175
21.020800
21.174400
21.213950
21.268100
21.278500
21.306075
21.339325
21.388400
21.438125
21.446875
21.475275
21.742975
21.773550
21.794850
21.845200
21.846800
21.866825
21.903675
21.967025
22.005000
22.022000
22.034200
22.093675
22.188700
22.305200
22.430975
22.460525
22.504500
22.543425
22.557150
22.595800
22.616800
22.827300
22.840900
22.922300
22.967875
22.976425
23.011550
23.023875
23.176100
23.212750
23.359975
23.413125
23.433675
23.465175
23.481975
23.645500
23.702975
23.714775
23.734575
23.810375
23.827025
23.860075
23.861250
23.877150
23.891450
23.907825
23.957600
24.175675
24.192225
24.274750
24.594675
24.642950
24.694025
24.726975
24.841625
24.879150
24.917600
24.965700
24.985550
25.134825
25.248675
25.260725
25.272025
25.273275
25.319600
25.343100
25.447000
25.502300
25.580400
25.595100
25.619700
25.792675
25.820100
25.833400
25.842025
25.876975
25.886200
25.923450
26.079225
26.093650
26.108300
26.141825
26.159675
26.186600
26.243450
26.261050
26.272650
26.380150
26.419600
26.447675
26.480275
26.493425
26.507125
26.538575
26.554350
26.569850
26.577650
26.585550
26.676150
26.707350
26.782450
26.832775
26.838400
26.884675
26.913375
26.927625
27.011150
27.105950
27.136950
27.170400
27.187075
27.203150
27.224050
27.300650
27.344725
27.370400
27.387625
27.424625
27.553450
27.613950
27.627400
27.655750
27.687125
27.712525
27.722125
27.740500
27.755225
28.000400
28.008375
28.020275
28.023200
28.024625
28.034050
28.052800
28.063850
28.077225
28.094650
28.123225
28.140600
28.156550
28.241475
28.275750
28.282000
28.305675
28.380475
28.465075
28.522975
28.681200
28.725425
28.737700
28.747450
28.765325
28.793925
28.828550
28.843525
28.855125
28.894300
28.927825
28.942900
28.960325
28.972575
28.983025
29.013800
29.151050
29.162475
29.170550
29.221550
29.277500
29.312625
29.390175
29.405125
29.422500
29.486475
29.516750
29.525000
29.557325
29.816550
29.834800
29.851575
29.865800
29.877575
29.884675
29.912775
