0.026125
0.054800
0.064750
0.078475
0.105175
0.145475
0.164375
0.180350
0.194950
0.214225
0.230175
0.249075
0.317225
0.345975
0.380200
0.392175
0.419050
0.484125
0.495525
0.508525
0.519900
0.563650
0.576175
0.607400
0.623700
0.643350
0.670000
0.727850
0.748975
0.777925
0.811300
0.838175
0.847850
0.898050
0.913550
0.927150
0.937350
0.974650
0.984275
1.004950
1.029275
1.038475
1.047675
1.096675
1.104700
1.125225
1.156225
1.179925
1.236950
1.302975
1.376425
1.392750
1.420700
1.437250
1.451700
1.477450
1.489175
1.498325
1.510650
1.545975
1.556800
1.582075
1.594475
1.630675
1.653600
1.683975
1.737600
1.793725
1.813300
1.823375
1.841275
1.859350
1.875175
1.942900
1.988825
2.017800
2.037475
2.078925
2.107725
2.128575
2.184025
2.236325
2.245600
2.276575
2.304100
2.325350
2.344200
2.352550
2.401650
2.413325
2.473125
2.490425
2.500575
2.536525
2.552675
2.570650
2.588275
2.654800
2.673525
2.702125
2.736225
2.750650
2.772525
2.799000
2.834250
2.908700
2.946050
2.970875
3.070800
3.085150
3.096025
3.107250
3.117050
3.146875
3.183625
3.200550
3.222650
3.275100
3.311900
3.335125
3.369100
3.399425
3.408325
3.436325
3.465325
3.496825
3.508525
3.607375
3.620275
3.629925
3.638925
3.664950
3.675000
3.693450
3.713425
3.734125
3.778125
3.801750
3.819150
3.845300
3.867000
3.887250
3.916150
3.949550
3.953825
4.000375
4.025900
4.051100
4.082275
4.111325
4.134875
4.207975
4.246350
4.278925
4.300975
4.316025
4.328350
4.342675
4.390725
4.407025
4.455050
4.491775
4.527300
4.560825
4.576850
4.596900
4.642875
4.680325
4.698200
4.727025
4.764700
4.798950
4.825950
4.852675
4.872000
4.922225
4.943275
5.003550
5.019575
5.042700
5.062650
5.076000
5.100650
5.121850
5.140375
5.170650
5.218200
5.238775
5.262650
5.309500
5.365675
5.400850
5.425625
5.445300
5.464600
5.485400
5.540750
5.567950
5.601275
5.632775
5.701250
5.729350
5.748975
5.769650
5.793800
5.820750
5.837225
5.874250
5.887325
5.918000
5.929125
5.948075
5.957875
6.004700
6.019050
6.021825
6.031125
6.052325
6.061725
6.082500
6.125075
6.150175
6.167525
6.182675
6.230375
6.251925
6.285075
6.321325
6.476050
6.485250
6.575225
6.597400
6.622500
6.644550
6.651925
6.703875
6.734025
6.752825
6.797675
6.829350
6.832650
6.842700
6.851625
6.861825
6.888325
6.897800
6.934150
6.954225
6.977350
7.001675
7.027475
7.060725
7.135600
7.211625
7.224050
7.238025
7.250850
7.268025
7.286850
7.304200
7.326025
7.333925
7.340225
7.365425
7.387775
7.404900
7.414875
7.424850
7.439925
7.490050
7.524975
7.559050
7.590100
7.635500
7.659475
7.679550
7.736575
7.759150
7.784600
7.798525
7.827575
7.879875
7.902200
7.926825
7.950575
7.996275
8.032650
8.079100
8.101850
8.127950
8.151875
8.176300
8.213675
8.229200
8.255750
8.278475
8.318650
8.345850
8.359950
8.375200
8.385850
8.399550
8.413600
8.425275
8.448575
8.491725
8.517450
8.544300
8.574500
8.590650
8.605550
8.643200
8.657475
8.672800
8.686300
8.689375
8.712375
8.732900
8.776200
8.806975
8.826175
8.844350
8.857675
8.875850
8.892900
8.922800
8.939050
9.068300
9.122150
9.143925
9.233025
9.261550
9.284525
9.333350
9.344025
9.348400
9.364325
9.373800
9.390950
9.408575
9.431525
9.472875
9.527375
9.551025
9.603250
9.640425
9.710350
9.740150
9.752425
9.788600
9.814475
9.829125
9.847700
9.870125
9.878850
9.890700
9.907550
9.982975
9.995525
10.011925
10.027325
10.058200
10.105950
10.128175
10.143875
10.159200
10.189500
10.244650
10.294425
10.305400
10.312050
10.334975
10.350125
10.364050
10.375375
10.384850
10.436375
10.472725
10.499300
10.517200
10.555550
10.580850
10.632400
10.656525
10.673825
10.701175
10.739000
10.740975
10.763300
10.792750
10.833900
10.896400
10.916000
10.942350
10.995000
11.043400
11.060925
11.077725
11.098200
11.136050
11.153950
11.177350
11.204025
11.222475
11.243375
11.262825
11.304150
11.323550
11.341825
11.400200
11.407625
11.418075
11.441150
11.450875
11.464625
11.478450
11.503550
11.530050
11.550000
11.581975
11.598600
11.620325
11.636550
11.654850
11.667750
11.684675
11.707075
11.728500
11.787900
11.806275
11.821625
11.835675
11.851100
11.864825
11.880500
11.884025
11.896750
11.907950
11.956400
12.011025
12.016900
12.027850
12.049250
12.061950
12.070075
12.098825
12.106950
12.115825
12.123525
12.130975
12.147575
12.170275
12.185325
12.237525
12.254525
12.272725
12.444550
12.462725
12.500075
12.525900
12.639550
12.669625
12.676825
12.693200
12.701725
12.710075
12.720775
12.766300
12.779550
12.790325
12.800900
12.815500
12.828625
12.842300
12.855175
12.882025
12.902650
12.937450
12.971200
13.006575
13.043825
13.081200
13.124400
13.138100
13.154000
13.169675
13.184325
13.201950
13.224825
13.246625
13.261175
13.279425
13.311875
13.324425
13.338775
13.342500
13.366375
13.395375
13.409275
13.434575
13.452025
13.467100
13.479600
13.509950
13.522025
13.533700
13.557875
13.566200
13.613700
13.652550
13.675025
13.695750
13.738150
13.763450
13.818625
13.849525
13.881750
13.911600
13.960375
13.982275
13.995525
14.014425
14.032350
14.055425
14.072825
14.096900
14.116975
14.135025
14.173075
14.197000
14.231650
14.266425
14.296550
14.364450
14.410150
14.435200
14.472875
14.531925
14.553825
14.571775
14.597600
14.615200
14.625250
14.642375
14.653875
14.687975
14.699400
14.714400
14.752925
14.785425
14.822825
14.852250
14.871250
14.914900
14.932775
14.938300
14.941425
14.949625
14.965325
14.996725
15.039950
15.107575
15.135325
15.163175
15.194425
15.233825
15.293350
15.315600
15.332700
15.347725
15.378425
15.399775
15.414975
15.434150
15.451000
15.464025
15.477950
15.493550
15.513400
15.547600
15.564125
15.604425
15.644975
15.661225
15.683550
15.702375
15.753175
15.777150
15.793950
15.813300
15.836950
15.867925
15.877000
15.889375
15.943125
15.949400
15.958325
15.979800
16.022100
16.059550
16.077550
16.129075
16.157700
16.198025
16.220925
16.361425
16.398875
16.414925
16.454175
16.479600
16.499425
16.513100
16.554925
16.605225
16.638050
16.650475
16.703625
16.720075
16.736625
16.770525
16.797725
16.816725
16.835825
16.860125
16.879500
16.904300
16.925925
16.946525
16.967775
16.991450
17.012550
17.035450
17.047900
17.059775
17.087825
17.130750
17.170225
17.227150
17.250075
17.271850
17.294025
17.336025
17.351000
17.371950
17.397850
17.429225
17.448600
17.472925
17.513175
17.532550
17.564975
17.585850
17.615375
17.653250
17.664600
17.682150
17.700125
17.720275
17.755600
17.794725
17.825150
17.872050
17.898000
17.997025
18.014025
18.024900
18.051400
18.065300
18.084400
18.129100
18.150875
18.192525
18.207650
18.250425
18.285450
18.319250
18.345625
18.365400
18.485100
18.507325
18.532950
18.552175
18.561150
18.569725
18.581525
18.594675
18.602725
18.610650
18.629650
18.650750
18.664050
18.673375
18.691050
18.710575
18.744675
18.770800
18.804200
18.908725
18.949325
18.966800
19.002125
19.021000
19.032800
19.042475
19.061650
19.084275
19.139200
19.151200
19.161250
19.164675
19.180775
19.195550
19.295325
19.342475
19.367875
19.397150
19.439700
19.475900
19.491850
19.510450
19.521900
19.570600
19.581450
19.599125
19.655800
19.666775
19.680950
19.688850
19.704150
19.725975
19.756375
19.776025
19.863025
19.886850
19.914575
19.942075
19.965775
19.983275
20.003325
20.056400
20.102400
20.122425
20.139575
20.153500
20.174175
20.195700
20.231600
20.264875
20.356025
20.378125
20.421175
20.442750
20.492925
20.535150
20.582925
20.610825
20.633850
20.678025
20.682725
20.708175
20.727125
20.821225
20.846775
20.873100
20.898175
20.957600
20.987800
21.007000
21.026275
21.038325
21.062100
21.074425
21.084075
21.113425
21.152325
21.170475
21.191300
21.236400
21.257550
21.312600
21.334850
21.359350
21.387700
21.403850
21.422000
21.437125
21.448750
21.459575
21.486175
21.493875
21.506075
21.515325
21.524850
21.536475
21.588975
21.605275
21.628375
21.664150
21.682575
21.731175
21.815125
21.849550
21.866200
21.891000
21.950025
21.960075
21.992025
22.005900
22.053350
22.075800
22.093675
22.141500
22.188750
22.224300
22.243325
22.281150
22.303775
22.382350
22.400100
22.435650
22.468250
22.487925
22.529350
22.552325
22.602600
22.650575
22.664750
22.677150
22.736200
22.748800
22.780825
22.793300
22.815525
22.832575
22.847050
22.877200
22.919875
22.938925
22.958475
22.980625
23.036375
23.108225
23.158900
23.187700
23.216325
23.238950
23.268300
23.274550
23.290200
23.311750
23.329700
23.353900
23.411375
23.421575
23.436900
23.454875
23.465775
23.479300
23.540825
23.567750
23.584400
23.619200
23.642100
23.660025
23.699525
23.861775
23.934675
23.943700
23.953375
23.962925
23.978475
23.990700
24.026875
24.066750
24.145675
24.185200
24.231125
24.245275
24.274850
24.299725
24.311050
24.323875
24.336825
24.388650
24.410475
24.431450
24.447800
24.459675
24.513825
24.520425
24.526875
24.542225
24.553175
24.556825
24.565725
24.584675
24.591700
24.599675
24.618350
24.636275
24.664675
24.677900
24.687525
24.718825
24.731000
24.739225
24.747425
24.758250
24.767450
24.778425
24.789300
24.795450
24.802175
24.809775
24.840750
24.871525
24.891075
24.928075
24.978925
25.011100
25.097825
25.114225
25.130775
25.199375
25.214350
25.229425
25.256525
25.277625
25.309950
25.332250
25.355125
25.369825
25.393275
25.412125
25.430100
25.447075
25.462750
25.478750
25.503550
25.520050
25.555250
25.575750
25.593950
25.608525
25.621475
25.649775
25.664150
25.707200
25.732075
25.734350
25.768300
25.781525
25.806000
25.863850
25.891975
25.939325
25.945075
25.991475
26.004125
26.030575
26.063600
26.078850
26.109625
26.160550
26.178100
26.200200
26.229300
26.241550
26.263600
26.299900
26.347400
26.363175
26.368075
26.375300
26.390975
26.414725
26.443075
26.453750
26.467925
26.523875
26.542125
26.564175
26.591525
26.613825
26.634125
26.670325
26.679700
26.701750
26.741700
26.758675
26.775075
26.782950
26.790200
26.798875
26.806325
26.813625
26.864725
26.925400
26.951450
26.981575
27.018600
27.036075
27.052625
27.076050
27.089875
27.117075
27.154450
27.178250
27.201200
27.272575
27.301075
27.342675
27.356575
27.419800
27.455775
27.465375
27.475425
27.484800
27.493025
27.500075
27.505175
27.547725
27.567125
27.584000
27.618675
27.648650
27.667350
27.680100
27.713900
27.811200
27.823300
27.839050
27.848175
27.855625
27.862800
27.871775
27.880175
27.887850
27.896550
27.917425
27.939275
27.967250
27.991725
28.009550
28.032000
28.100375
28.137850
28.164325
28.181800
28.196075
28.232725
28.249350
28.262825
28.282700
28.301500
28.317200
28.337300
28.402400
28.418800
28.434125
28.453125
28.478075
28.499925
28.519225
28.547475
28.580400
28.616450
28.637600
28.661575
28.687850
28.709975
28.726375
28.773450
28.791125
28.832825
28.851400
28.874925
28.925675
28.946950
28.966575
28.981575
28.998150
29.024575
29.062200
29.099975
29.119100
29.138450
29.158900
29.169575
29.210850
29.237525
29.252525
29.283650
29.304700
29.345650
29.377350
29.390325
29.429600
29.438675
29.448800
29.472400
29.495800
29.524250
29.576375
29.611650
29.635050
29.730575
29.807050
29.822700
29.831550
29.836500
29.843675
29.866050
29.887900
29.894350
29.912375
29.940625
29.954900
29.982775
