0.005500
0.032375
0.064200
0.097875
0.133825
0.174525
0.192525
0.215900
0.272550
0.311925
0.341500
0.372525
0.402825
0.436300
0.457925
0.482350
0.497525
0.511900
0.522850
0.538350
0.550575
0.568150
0.574325
0.580075
0.589700
0.597675
0.616825
0.637175
0.675775
0.696525
0.725550
0.742825
0.771225
0.791150
0.817525
0.852400
0.896150
0.908800
0.929375
0.960750
1.007950
1.023200
1.067250
1.107225
1.124100
1.136350
1.150875
1.162325
1.169525
1.182800
1.187775
1.205525
1.231250
1.251825
1.266600
1.285275
1.315475
1.335925
1.347975
1.420600
1.437075
1.450825
1.462450
1.476325
1.488025
1.506700
1.537200
1.557150
1.579425
1.599950
1.608150
1.634025
1.646375
1.667250
1.696950
1.716750
1.745550
1.789825
1.810400
1.840825
1.866825
1.901825
1.923425
1.963075
1.991975
2.030825
2.059125
2.083475
2.106450
2.124650
2.142900
2.161375
2.179050
2.190625
2.204475
2.218000
2.223575
2.234025
2.239550
2.248750
2.259500
2.295425
2.317975
2.337525
2.352550
2.379875
2.390675
2.414675
2.443700
2.470375
2.503325
2.553125
2.588850
2.603075
2.627275
2.640025
2.649125
2.658700
2.674775
2.698900
2.726975
2.751025
2.768725
2.800100
2.823075
2.862900
2.902450
2.939925
2.959450
2.982300
3.000050
3.021875
3.031550
3.046250
3.060675
3.076825
3.090150
3.097875
3.110475
3.117500
3.131100
3.146350
3.164325
3.200575
3.220350
3.236300
3.256025
3.274875
3.292425
3.325575
3.360225
3.409825
3.430150
3.440250
3.451500
3.460275
3.472200
3.504425
3.523975
3.547700
3.559350
3.574775
3.594300
3.635075
3.676875
3.695475
3.709250
3.728600
3.741225
3.753225
3.769825
3.798975
3.810225
3.817175
3.830225
3.843675
3.849775
3.862275
3.916600
3.955225
3.997450
4.010950
4.033275
4.051900
4.063275
4.076950
4.094900
4.126625
4.154375
4.164775
4.188075
4.213500
4.237600
4.303975
4.346350
4.359000
4.369200
4.386000
4.406450
4.429725
4.461550
4.479150
4.493525
4.528050
4.549825
4.581300
4.602925
4.624400
4.643400
4.659725
4.674925
4.690750
4.712925
4.728625
4.742325
4.753825
4.769950
4.798800
4.834975
4.859300
4.885025
4.909750
4.927850
4.955900
4.985125
5.006125
5.038075
5.066900
5.082150
5.096900
5.113325
5.131000
5.151725
5.170875
5.186275
5.200425
5.216700
5.244550
5.277250
5.291425
5.318675
5.343075
5.374875
5.407725
5.423275
5.466400
5.480275
5.495150
5.513050
5.527725
5.542825
5.563875
5.579550
5.591725
5.613100
5.629450
5.642900
5.662825
5.681275
5.720525
5.748700
5.804075
5.832925
5.857500
5.872150
5.882025
5.898075
5.934350
5.960175
5.977125
5.991625
6.012975
6.039550
6.072625
6.096950
6.146050
6.173025
6.184600
6.199375
6.218950
6.241575
6.269500
6.285225
6.311225
6.331625
6.375375
6.405175
6.444450
6.477450
6.504900
6.531325
6.565450
6.610625
6.653250
6.677625
6.709900
6.736575
6.756050
6.775600
6.795725
6.810400
6.817050
6.827075
6.841750
6.864375
6.900500
6.922425
6.936050
6.953400
6.973450
7.007575
7.053200
7.093200
7.117525
7.137950
7.151950
7.158375
7.174775
7.194625
7.231200
7.253225
7.278625
7.304775
7.352825
7.375050
7.417950
7.475200
7.509675
7.523950
7.540800
7.553875
7.572400
7.594175
7.604450
7.629500
7.655425
7.673875
7.693450
7.717000
7.735825
7.766900
7.813300
7.846800
7.883925
7.907225
7.943350
8.020575
8.042850
8.062125
8.088300
8.122850
8.141825
8.164100
8.186725
8.229800
8.267125
8.302450
8.332775
8.378375
8.414525
8.433925
8.461600
8.478500
8.488025
8.496050
8.505325
8.521000
8.537475
8.557125
8.584450
8.641850
8.649075
8.668625
8.684700
8.719500
8.759475
8.807325
8.840100
8.872850
8.902075
8.924775
8.942375
8.970650
9.003975
9.030275
9.077950
9.116375
9.163675
9.193400
9.232475
9.255550
9.278775
9.300675
9.315875
9.360825
9.388850
9.437950
9.451050
9.467150
9.486850
9.508725
9.568625
9.600775
9.631400
9.668600
9.696450
9.713175
9.723525
9.735200
9.751800
9.771950
9.784375
9.799775
9.812650
9.829650
9.859925
9.886725
9.906375
9.921700
9.943950
9.965425
9.983375
10.021575
10.045500
10.069900
10.097800
10.118250
10.134475
10.152225
10.171000
10.189625
10.201300
10.209850
10.234000
10.263350
10.294400
10.316950
10.353700
10.383350
10.423825
10.481725
10.516500
10.535100
10.544925
10.564625
10.580025
10.622625
10.660250
10.689325
10.716825
10.752250
10.796650
10.833350
10.861000
10.891100
10.908375
10.928775
10.940350
10.958575
10.974675
10.988350
11.031325
11.080600
11.102475
11.122325
11.165825
11.202425
11.229150
11.256600
11.282500
11.322500
11.364300
11.396050
11.429100
11.472400
11.517825
11.553675
11.568875
11.605375
11.631025
11.644700
11.668375
11.690975
11.710325
11.728725
11.737875
11.750900
11.764850
11.789750
11.822750
11.837350
11.865025
11.877875
11.898275
11.926775
11.952250
11.970800
11.996900
12.009025
12.016575
12.031725
12.036775
12.052325
12.072400
12.119775
12.144000
12.166675
12.188425
12.205625
12.240075
12.280425
12.318575
12.337275
12.359175
12.396000
12.417525
12.433400
12.448500
12.474850
12.504725
12.531325
12.567075
12.589175
12.608100
12.646300
12.679775
12.703850
12.720900
12.756425
12.774275
12.796200
12.817150
12.839725
12.859900
12.891525
12.925450
12.950025
12.975050
12.989925
13.010725
13.034625
13.106125
13.126025
13.145725
13.180075
13.207375
13.221875
13.237925
13.251300
13.266350
13.281075
13.302600
13.321700
13.343475
13.364975
13.378450
13.415800
13.460000
13.480550
13.504700
13.530625
13.560600
13.582975
13.593350
13.613150
13.628700
13.648300
13.669850
13.693025
13.711750
13.730775
13.761825
13.783575
13.813875
13.832175
13.853825
13.901875
13.930475
13.957200
13.979600
13.998700
14.021850
14.051300
14.089600
14.108125
14.130700
14.163425
14.188250
14.205100
14.229750
14.267925
14.294975
14.332925
14.350750
14.365325
14.392925
14.418250
14.447075
14.465025
14.478550
14.486050
14.502225
14.519725
14.544075
14.569375
14.587550
14.604750
14.631925
14.655225
14.683650
14.726125
14.774425
14.801750
14.822375
14.836725
14.854525
14.879925
14.916000
14.934875
14.964475
14.981550
15.004825
15.053700
15.073850
15.124075
15.140200
15.164825
15.182875
15.197750
15.211375
15.230600
15.258975
15.278075
15.295450
15.319175
15.342350
15.366625
15.411550
15.457850
15.514475
15.546600
15.558950
15.563500
15.569700
15.577975
15.584950
15.596725
15.614600
15.627700
15.658225
15.679425
15.695725
15.705250
15.718875
15.735300
15.771725
15.804950
15.832900
15.869350
15.906425
15.936150
15.963450
15.991525
16.028850
16.036075
16.047700
16.050900
16.058850
16.066025
16.080500
16.093500
16.123000
16.142925
16.170875
16.194150
16.213850
16.244325
16.274825
16.293375
16.341575
16.392425
16.419025
16.438600
16.453325
16.466925
16.486500
16.517025
16.529075
16.551350
16.580275
16.615100
16.641925
16.676650
16.692150
16.715600
16.733600
16.757150
16.778350
16.801150
16.816025
16.832800
16.841900
16.853725
16.866325
16.872750
16.885275
16.897325
16.920250
16.941975
16.956800
16.968850
16.982175
17.010225
17.025575
17.043625
17.062650
17.076150
17.090850
17.104700
17.120100
17.136550
17.156075
17.173650
17.189575
17.211400
17.223050
17.239000
17.258025
17.278800
17.295675
17.297575
17.306875
17.320300
17.337425
17.345100
17.361075
17.376900
17.394450
17.406700
17.434050
17.449450
17.465625
17.479900
17.496300
17.506700
17.533850
17.549150
17.564325
17.583950
17.597225
17.614300
17.635325
17.653625
17.668200
17.685850
17.705225
17.717850
17.730400
17.745625
17.760900
17.774325
17.785000
17.798875
17.813900
17.832900
17.849000
17.861400
17.877300
17.888750
17.910850
17.925175
17.936425
17.953300
17.980875
17.998650
18.010025
18.026900
18.042525
18.051900
18.069475
18.085525
18.101125
18.114950
18.127125
18.144075
18.160650
18.172000
18.184200
18.199925
18.218125
18.230600
18.241075
18.257600
18.266075
18.279725
18.296750
18.311500
18.324525
18.334500
18.349825
18.364150
18.380100
18.394375
18.408000
18.420200
18.430200
18.463875
18.475925
18.495825
18.507075
18.521675
18.539950
18.548900
18.563250
18.577800
18.590800
18.604275
18.624800
18.640425
18.655050
18.672025
18.684550
18.696000
18.707825
18.719525
18.733875
18.748175
18.762200
18.774000
18.783800
18.796300
18.810375
18.823250
18.834850
18.850425
18.865500
18.879700
18.892700
18.917350
18.932025
18.944275
18.961550
18.973925
18.989125
19.002225
19.019125
19.033000
19.049125
19.059500
19.075825
19.086650
19.099650
19.107925
19.119525
19.134500
19.145475
19.157675
19.168150
19.185825
19.197225
19.208625
19.221800
19.236025
19.250000
19.266725
19.282525
19.293725
19.308250
19.319400
19.328000
19.339700
19.351525
19.364100
19.377850
19.387975
19.401100
19.412475
19.425025
19.434025
19.438925
19.456350
19.469325
19.486400
19.497150
19.506975
19.521225
19.536750
19.551975
19.565950
19.582525
19.599275
19.611975
19.620325
19.635750
19.645175
19.658075
19.673300
19.686050
19.703725
19.720375
19.726950
19.740925
19.752250
19.765500
19.782075
19.792300
19.804525
19.821725
19.835075
19.850825
19.871350
19.885750
19.904475
19.919875
19.933575
19.952700
19.979725
19.993000
20.004900
20.025925
20.043375
20.056050
20.068025
20.081800
20.093675
20.105375
20.116250
20.139075
20.152200
20.168000
20.179100
20.191700
20.208800
20.225025
20.238375
20.249350
20.267025
20.283050
20.298150
20.315350
20.330525
20.346375
20.355975
20.372650
20.377950
20.391500
20.410125
20.430075
20.444100
20.466850
20.479900
20.501950
20.525650
20.546450
20.559375
20.575700
20.590000
20.615425
20.631500
20.648575
20.664675
20.681550
20.694850
20.706675
20.722350
20.743375
20.753650
20.777325
20.801325
20.821200
20.845125
20.876225
20.904900
20.923925
20.934525
20.942500
20.952325
20.978475
20.990600
21.003275
21.011525
21.030425
21.050450
21.066550
21.084375
21.102150
21.119500
21.130500
21.143625
21.157100
21.166350
21.178000
21.190750
21.206700
21.226825
21.247675
21.261250
21.279500
21.294925
21.313650
21.332800
21.350100
21.369575
21.385400
21.399400
21.425050
21.436700
21.451925
21.463125
21.479300
21.493375
21.495775
21.512350
21.530500
21.552125
21.578475
21.597525
21.617250
21.635350
21.652800
21.682475
21.706875
21.739700
21.751175
21.770050
21.782675
21.793800
21.802250
21.814200
21.829800
21.863725
21.883775
21.902950
21.921900
21.932575
21.966450
21.996950
21.999750
22.013925
22.046300
22.069150
22.091225
22.110225
22.135250
22.153825
22.175050
22.197600
22.215550
22.231925
22.246825
22.258650
22.274800
22.292350
22.312450
22.332450
22.353825
22.381525
22.405975
22.421150
22.449525
22.480600
22.512200
22.529650
22.551100
22.571600
22.590825
22.609075
22.638425
22.653525
22.668125
22.690700
22.706700
22.734975
22.757050
22.768525
22.791950
22.817725
22.849375
22.865875
22.889475
22.934075
22.957475
22.973450
22.995325
23.013900
23.041000
23.067225
23.088125
23.103500
23.126600
23.148800
23.168425
23.182350
23.207600
23.222975
23.236475
23.250850
23.273075
23.291875
23.322750
23.349125
23.375950
23.397175
23.414500
23.437250
23.478100
23.497350
23.520100
23.535950
23.549775
23.572350
23.585650
23.606450
23.622600
23.642175
23.659350
23.686575
23.713600
23.733225
23.753125
23.756000
23.763000
23.794350
23.822175
23.845025
23.865050
23.879400
23.898425
23.925600
23.960775
23.997750
24.022675
24.052600
24.069150
24.089600
24.101150
24.116925
24.134000
24.146875
24.171650
24.211975
24.230700
24.258300
24.282500
24.294150
24.330225
24.361100
24.382950
24.394725
24.411225
24.413325
24.422800
24.442050
24.464275
24.501325
24.530300
24.552200
24.569525
24.601850
24.628725
24.657050
24.676900
24.695625
24.705800
24.715950
24.738225
24.763250
24.783100
24.799950
24.818275
24.839300
24.857850
24.885300
24.912250
24.927475
24.937175
24.950275
24.963375
24.979100
25.002975
25.018450
25.042200
25.069875
25.087275
25.111100
25.137800
25.155475
25.181350
25.196700
25.211575
25.224300
25.242200
25.255025
25.278100
25.289575
25.304900
25.340575
25.377200
25.401450
25.419725
25.436450
25.450775
25.469625
25.487825
25.523750
25.542000
25.555675
25.580575
25.598400
25.622400
25.639100
25.658275
25.681025
25.699125
25.726075
25.743575
25.768350
25.787675
25.799525
25.823100
25.841225
25.857150
25.884950
25.914275
25.938800
25.956100
25.967100
25.984800
25.995450
26.020575
26.045150
26.057075
26.081400
26.102475
26.115950
26.130850
26.146650
26.179375
26.196400
26.206400
26.226900
26.241925
26.265825
26.282875
26.304575
26.321500
26.337950
26.355175
26.367800
26.391525
26.424075
26.450350
26.480175
26.488875
26.504450
26.523675
26.543100
26.558975
26.580150
26.596175
26.611950
26.635300
26.652950
26.666200
26.686275
26.715475
26.730800
26.746400
26.766275
26.796175
26.807850
26.831400
26.851100
26.873450
26.896925
26.922325
26.937550
26.966050
26.983875
27.004575
27.023925
27.066200
27.112725
27.155525
27.177775
27.216950
27.243325
27.263200
27.296350
27.318150
27.336800
27.352725
27.379475
27.412225
27.439475
27.475050
27.506575
27.542050
27.571850
27.608575
27.646775
27.671550
27.687075
27.697825
27.706900
27.718900
27.761200
27.783625
27.800600
27.831875
27.874550
27.889575
27.919675
27.963100
27.975975
28.000975
28.010700
28.021175
28.026300
28.047975
28.081600
28.104625
28.119950
28.145275
28.166450
28.194450
28.233250
28.275700
28.316075
28.344875
28.369400
28.405950
28.434250
28.462225
28.486150
28.503300
28.520500
28.542350
28.564250
28.590250
28.613775
28.634150
28.667500
28.707050
28.728725
28.753075
28.792075
28.834350
28.859275
28.882500
28.913525
28.939450
28.957000
28.973675
28.988825
29.008000
29.021600
29.036100
29.056225
29.079750
29.084800
29.128050
29.150000
29.174125
29.248775
29.267650
29.297700
29.322625
29.345650
29.403175
29.434950
29.460600
29.499550
29.538550
29.609375
29.656900
29.673425
29.687950
29.700400
29.702050
29.730075
29.754000
29.770900
29.793775
29.824425
29.847400
29.885500
29.907725
29.935000
29.981775
29.994000
