0.016150
0.025300
0.040975
0.061050
0.081575
0.103000
0.115050
0.144650
0.161225
0.175725
0.191875
0.210800
0.232875
0.349625
0.366800
0.383000
0.396175
0.422675
0.439775
0.457350
0.533475
0.565850
0.599475
0.660400
0.676900
0.687950
0.706625
0.723500
0.742500
0.755100
0.773425
0.801625
0.817225
0.852325
0.867825
0.880050
0.894425
0.920550
0.932525
0.945125
0.978000
0.998100
1.015250
1.030875
1.046725
1.065675
1.095175
1.107675
1.119375
1.133775
1.144475
1.186975
1.202250
1.238525
1.249225
1.261075
1.276325
1.292550
1.309275
1.341425
1.357975
1.379275
1.419325
1.431150
1.443950
1.493400
1.551000
1.566350
1.581575
1.596525
1.616775
1.632500
1.647500
1.661500
1.674100
1.686000
1.695450
1.729475
1.743000
1.757425
1.767725
1.782425
1.802475
1.816600
1.829725
1.856350
1.878300
1.893250
1.920250
1.931875
1.945450
1.958550
1.967200
2.027225
2.068500
2.077300
2.129375
2.145675
2.166025
2.180225
2.199450
2.248575
2.264900
2.274075
2.293650
2.314400
2.333425
2.376450
2.410725
2.446800
2.459475
2.476300
2.494250
2.537475
2.546300
2.559100
2.567725
2.587475
2.597625
2.615100
2.639450
2.667675
2.692150
2.717650
2.740425
2.760225
2.809050
2.827700
2.872500
2.888450
2.907450
2.922050
2.941650
2.957400
2.973950
3.027575
3.074125
3.107450
3.123150
3.160125
3.174750
3.187425
3.215525
3.243475
3.256175
3.306625
3.328200
3.347950
3.364325
3.382725
3.399625
3.443600
3.486375
3.499850
3.518475
3.531625
3.599225
3.623050
3.675775
3.726375
3.772975
3.790450
3.821575
3.841450
3.854125
3.907800
3.922550
3.942775
3.992075
4.024925
4.054825
4.082550
4.095550
4.126875
4.172600
4.194925
4.260725
4.274675
4.300275
4.323650
4.346375
4.360850
4.389450
4.423975
4.453075
4.472100
4.489425
4.567050
4.593500
4.616200
4.637400
4.653925
4.668925
4.693700
4.734125
4.750075
4.767025
4.789700
4.830150
4.848175
4.875225
4.900225
4.934950
4.959325
4.992325
5.011225
5.026975
5.052075
5.073450
5.107225
5.124350
5.162675
5.185475
5.216850
5.234500
5.261600
5.290000
5.305125
5.318225
5.332825
5.360425
5.381225
5.401950
5.424075
5.445125
5.467350
5.477475
5.522900
5.562325
5.607725
5.621675
5.641625
5.657550
5.672225
5.706500
5.717075
5.733775
5.760500
5.782600
5.804600
5.823300
5.838800
5.922550
5.935750
5.981800
5.998425
6.017625
6.057850
6.073650
6.086550
6.101025
6.118300
6.136825
6.149800
6.168250
6.186975
6.197475
6.229900
6.244900
6.255700
6.268500
6.283975
6.304025
6.339325
6.366775
6.383675
6.399025
6.430725
6.443600
6.456550
6.473850
6.506650
6.522225
6.543900
6.557875
6.567700
6.592875
6.616000
6.634025
6.649450
6.672900
6.694275
6.704325
6.726425
6.746625
6.761175
6.775400
6.789725
6.806700
6.831425
6.845825
6.866700
6.880775
6.898000
6.923400
6.938925
6.969050
6.980375
7.024300
7.043125
7.058550
7.072150
7.086900
7.104425
7.113325
7.129400
7.156650
7.171275
7.194825
7.210175
7.224325
7.244675
7.259175
7.309600
7.345475
7.382500
7.408025
7.425775
7.452050
7.479325
7.501575
7.518475
7.568650
7.614600
7.635725
7.659325
7.692000
7.704975
7.765800
7.797075
7.811825
7.833075
7.880425
7.903350
7.921300
7.939775
7.990025
8.008550
8.029350
8.041975
8.060175
8.084650
8.157675
8.172125
8.211350
8.226700
8.242575
8.272925
8.300925
8.313650
8.337125
8.360950
8.391050
8.418375
8.455450
8.481375
8.499850
8.514000
8.531200
8.567775
8.580125
8.594600
8.605475
8.626075
8.663400
8.680100
8.693825
8.774725
8.794625
8.808250
8.872450
8.885725
8.902675
8.919250
8.959950
8.978975
8.999375
9.040800
9.058525
9.075450
9.128725
9.143750
9.163550
9.175725
9.184225
9.206500
9.220875
9.237450
9.289900
9.307350
9.355875
9.375500
9.412075
9.427025
9.436275
9.450450
9.463625
9.498350
9.514200
9.532750
9.555950
9.567775
9.581525
9.632275
9.639000
9.659075
9.676550
9.699250
9.714150
9.737350
9.758800
9.814275
9.828650
9.853050
9.868675
9.885500
9.896325
9.911225
9.934650
9.950350
9.968850
9.984175
10.007575
10.051825
10.071850
10.087400
10.099800
10.147000
10.168725
10.202300
10.219550
10.235275
10.291950
10.308100
10.319075
10.349475
10.375500
10.391125
10.411700
10.429100
10.445725
10.465650
10.490025
10.508725
10.520925
10.531000
10.553450
10.573900
10.611600
10.627500
10.637475
10.676225
10.688800
10.710750
10.754000
10.765300
10.787200
10.832800
10.864925
10.874375
10.913375
10.925925
10.941025
10.959425
10.978500
11.011325
11.052850
11.067500
11.082025
11.098650
11.111250
11.178325
11.190600
11.218075
11.230450
11.239825
11.257925
11.272925
11.317775
11.334600
11.341150
11.355625
11.370625
11.381375
11.439775
11.450150
11.475050
11.493350
11.507950
11.523625
11.529925
11.541375
11.571725
11.600875
11.661725
11.742350
11.765550
11.781200
11.795025
11.828950
11.845000
11.881400
11.918125
11.939725
11.983950
12.005250
12.044950
12.069975
12.086350
12.097450
12.103900
12.129900
12.148550
12.171925
12.192575
12.204850
12.222150
12.231200
12.247600
12.277200
12.289875
12.300375
12.322800
12.336250
12.379250
12.402275
12.448350
12.460300
12.472325
12.489400
12.532750
12.553650
12.570700
12.609750
12.627275
12.642300
12.657350
12.708900
12.731500
12.752975
12.779575
12.803575
12.832425
12.863425
12.929075
12.936575
13.001075
13.083125
13.109675
13.135625
13.152025
13.173575
13.192225
13.229075
13.310725
13.362025
13.372975
13.438250
13.472600
13.500975
13.517975
13.536000
13.567650
13.585075
13.606850
13.624600
13.646450
13.659675
13.692675
13.724475
13.741750
13.800675
13.823325
13.839325
13.861775
13.874000
13.894000
13.908075
13.915675
13.934675
13.952150
13.970525
13.985900
14.010875
14.044875
14.065600
14.091200
14.125850
14.158775
14.173450
14.191275
14.206500
14.225000
14.283450
14.305150
14.321425
14.357925
14.417375
14.448350
14.463250
14.480175
14.514875
14.530400
14.547875
14.560750
14.591425
14.609425
14.647400
14.670075
14.682400
14.710250
14.730150
14.742100
14.763775
14.777675
14.788425
14.801300
14.823225
14.835725
14.859400
14.870650
14.924500
14.930750
14.941675
14.950050
14.970975
14.984625
14.994550
15.007150
15.019050
15.030150
15.045025
15.066950
15.075650
15.092800
15.101000
15.120150
15.135200
15.153175
15.209950
15.223275
15.254950
15.286050
15.332350
15.357650
15.387475
15.398575
15.410100
15.422150
15.442025
15.479825
15.495825
15.529025
15.551050
15.568925
15.584575
15.597325
15.625525
15.637300
15.652350
15.662700
15.689525
15.702275
15.713950
15.724575
15.741425
15.769850
15.779225
15.795125
15.827550
15.842625
15.858800
15.877225
15.890925
15.911100
15.932825
15.967075
15.989275
16.029950
16.045725
16.075225
16.097775
16.111275
16.151425
16.192775
16.214300
16.257000
16.282950
16.305475
16.322250
16.365650
16.378250
16.391575
16.404925
16.453050
16.481225
16.497675
16.519600
16.538175
16.560950
16.603725
16.617475
16.676300
16.708125
16.723125
16.787325
16.818600
16.835575
16.849400
16.870825
16.915675
16.936600
16.960175
16.975300
17.037250
17.079975
17.095725
17.127100
17.143800
17.164575
17.185175
17.230850
17.278125
17.327725
17.354175
17.390675
17.413400
17.434325
17.452100
17.472550
17.492200
17.508825
17.539900
17.565650
17.585675
17.614125
17.641225
17.685400
17.734750
17.786375
17.802550
17.847250
17.869125
17.896350
17.913000
17.962775
17.988525
18.004025
18.019425
18.031750
18.041175
18.057450
18.066375
18.097950
18.112025
18.132875
18.148500
18.188500
18.207075
18.219775
18.249700
18.274075
18.328350
18.350200
18.368525
18.409850
18.427250
18.455400
18.466300
18.498400
18.519200
18.540925
18.567900
18.587050
18.616075
18.635525
18.665725
18.681075
18.703200
18.723225
18.747600
18.768025
18.808625
18.828875
18.854975
18.877700
18.907175
18.919050
18.945525
18.964850
18.996025
19.046250
19.066625
19.092925
19.128050
19.136475
19.149375
19.163450
19.175050
19.184275
19.199200
19.207975
19.221075
19.234650
19.262150
19.274625
19.301050
19.312300
19.323875
19.359525
19.373250
19.395850
19.415725
19.436175
19.449425
19.460675
19.480675
19.489875
19.502350
19.537050
19.560250
19.577700
19.603475
19.616650
19.699200
19.712700
19.744775
19.777800
19.792825
19.818375
19.833550
19.849225
19.867050
19.888425
19.909075
19.926775
19.948925
19.967050
19.983125
20.003300
20.032350
20.057350
20.083000
20.099625
20.131350
20.157675
20.171775
20.196275
20.217225
20.236350
20.252775
20.265775
20.284350
20.294100
20.329225
20.367575
20.411925
20.440475
20.455550
20.475600
20.525225
20.560175
20.596225
20.663525
20.681550
20.761050
20.776800
20.787875
20.798375
20.818000
20.844050
20.857900
20.873550
20.911725
20.943075
20.956425
20.974575
20.991600
21.046650
21.064975
21.086550
21.103175
21.136250
21.157450
21.178975
21.194375
21.230500
21.248125
21.270475
21.298375
21.320175
21.340100
21.356350
21.397750
21.424450
21.468600
21.487700
21.499050
21.527875
21.547475
21.561050
21.580750
21.597425
21.611525
21.626400
21.656275
21.675025
21.688300
21.722575
21.735250
21.748300
21.762550
21.772350
21.791100
21.804050
21.838525
21.853400
21.884850
21.898325
21.919175
21.932100
21.959650
21.982100
21.996125
22.009000
22.024450
22.051275
22.081850
22.110875
22.124025
22.142825
22.160600
22.173050
22.195700
22.214425
22.290050
22.316900
22.348875
22.372825
22.391000
22.421575
22.471700
22.481375
22.494725
22.535000
22.544675
22.559575
22.571800
22.590250
22.606950
22.621875
22.639850
22.684075
22.753775
22.764200
22.837975
22.854100
22.879775
22.911225
22.924250
22.942750
22.968750
22.983100
22.995350
23.052150
23.068050
23.103875
23.145800
23.182825
23.217975
23.234700
23.323275
23.340500
23.359700
23.384050
23.396325
23.409100
23.424400
23.433800
23.449375
23.464225
23.493725
23.533400
23.548075
23.565200
23.592950
23.613100
23.632125
23.658850
23.682925
23.706275
23.730675
23.759825
23.782600
23.807750
23.849625
23.868975
23.881575
23.904175
23.939275
23.986300
24.009200
24.034225
24.059300
24.109450
24.131425
24.159600
24.183775
24.272750
24.293950
24.384175
24.404625
24.417800
24.435700
24.463950
24.486250
24.518700
24.562400
24.581825
24.604400
24.640575
24.700125
24.714400
24.735050
24.776875
24.791050
24.810725
24.828825
24.846450
24.875175
24.898550
24.922200
24.983150
25.020225
25.034200
25.071300
25.086075
25.138150
25.167175
25.185550
25.208825
25.222100
25.237025
25.251975
25.272575
25.294475
25.320700
25.345875
25.363300
25.378375
25.426225
25.458950
25.477325
25.493300
25.508400
25.523750
25.539525
25.572025
25.613275
25.632050
25.652200
25.666500
25.692700
25.743400
25.799300
25.810300
25.850150
25.880175
25.910150
25.918525
25.937850
25.953300
25.972825
25.984150
25.995700
26.038575
26.054625
26.074750
26.091200
26.114325
26.178000
26.191200
26.206050
26.218975
26.283875
26.341450
26.359175
26.371950
26.394150
26.430025
26.447875
26.463750
26.531800
26.568375
26.587175
26.614000
26.654300
26.676100
26.757125
26.780125
26.796375
26.812500
26.834175
26.862825
26.883475
26.899300
26.913075
26.928925
26.953425
26.978400
27.001325
27.033175
27.045450
27.062900
27.078825
27.123400
27.138675
27.156800
27.189425
27.220275
27.238950
27.252475
27.265000
27.290650
27.321775
27.341725
27.356350
27.382200
27.402600
27.433175
27.513425
27.528725
27.561250
27.575850
27.607550
27.632850
27.655650
27.696900
27.713475
27.734125
27.752200
27.814650
27.834725
27.844325
27.866350
27.914900
27.938950
27.952025
28.003800
28.016475
28.041150
28.055975
28.065600
28.078825
28.090750
28.120225
28.138875
28.161525
28.177575
28.218250
28.233775
28.261100
28.301450
28.321975
28.343575
28.408350
28.421575
28.440950
28.480775
28.501775
28.522775
28.537900
28.560300
28.583775
28.604625
28.630325
28.656650
28.687700
28.727300
28.772375
28.787850
28.820375
28.852100
28.880875
28.895825
28.923250
28.937775
28.964475
28.981300
29.009875
29.027900
29.045150
29.052900
29.061600
29.074925
29.094475
29.122625
29.142625
29.170625
29.188875
29.219650
29.239950
29.255000
29.268200
29.285625
29.299775
29.328050
29.366150
29.381875
29.402150
29.422025
29.450000
29.467600
29.483525
29.495975
29.514250
29.529600
29.564875
29.580525
29.602175
29.639200
29.665775
29.687650
29.729425
29.756700
29.779975
29.801975
29.815700
29.835150
29.852475
29.869250
29.886575
29.924525
29.953200
29.972475
29.979375
29.996625
