0.095325
0.115825
0.138025
0.241300
0.264175
0.288850
0.304525
0.338125
0.394850
0.438725
0.452525
0.478225
0.504325
0.542075
0.587875
0.607425
0.632450
0.664675
0.676325
0.687350
0.696100
0.709425
0.718275
0.827725
0.844100
0.857325
0.873225
0.922675
0.981675
0.999400
1.010650
1.036575
1.048800
1.061675
1.081925
1.092975
1.148850
1.435250
1.450000
1.478475
1.489850
1.504700
1.519500
1.551600
1.585125
1.640125
1.698025
1.728400
1.771525
1.792450
1.929350
1.990675
2.003500
2.020800
2.042875
2.121700
2.176125
2.325375
2.390950
2.437650
2.448650
2.522750
2.558625
2.594275
2.610325
2.698550
2.744475
2.784525
2.800800
2.822425
2.849925
2.861950
2.889650
2.977050
2.987500
2.996725
3.046100
3.053625
3.072525
3.099575
3.121250
3.204700
3.328775
3.354875
3.369000
3.408275
3.419175
3.428675
3.445075
3.512400
3.537925
3.554375
3.574300
3.605425
3.617150
3.659000
3.702575
3.756750
3.941975
3.988725
4.061725
4.087150
4.139150
4.218550
4.229675
4.324875
4.507375
4.620575
4.681750
4.717900
4.740525
4.801325
5.026575
5.077250
5.145275
5.194725
5.203425
5.231775
5.253100
5.332375
5.342125
5.354975
5.364000
5.543325
5.573625
5.584950
5.604975
5.646875
5.715150
5.765250
5.887300
5.893900
5.954950
6.021400
6.079650
6.137575
6.170875
6.179125
6.201250
6.217975
6.250875
6.287675
6.365600
6.402875
6.455975
6.468450
6.601775
6.610525
6.693950
6.716475
6.810375
6.834325
6.907375
6.957100
7.021150
7.073325
7.143900
7.179125
7.199100
7.281850
7.304300
7.346875
7.492475
7.531650
7.692475
7.719650
7.791425
7.869250
7.951300
7.967925
8.007225
8.057400
8.091000
8.126400
8.147425
8.158775
8.185500
8.230675
8.248050
8.272500
8.283600
8.339225
8.508925
8.563225
8.585850
8.652150
8.691825
8.706500
8.718250
8.734575
8.763800
8.825800
8.976600
9.001500
9.094250
9.105450
9.119575
9.134025
9.174025
9.217175
9.306275
9.335875
9.347000
9.378400
9.438075
9.451200
9.531175
9.545350
9.561725
9.587650
9.630950
9.670500
9.718700
9.763925
9.782475
9.819025
9.835550
9.858075
9.878475
9.941675
9.959625
10.078800
10.174125
10.183625
10.197375
10.292050
10.400900
10.436425
10.474750
10.505975
10.523250
10.554000
10.636550
10.676375
10.685350
10.717125
10.738500
10.771275
10.803875
10.813375
10.834925
10.899675
10.966800
10.985175
11.095875
11.110350
11.153700
11.168675
11.271150
11.359275
11.470225
11.479200
11.503850
11.737925
11.790425
11.849425
11.914950
11.929400
11.957275
11.976150
12.002550
12.019625
12.126250
12.218725
12.228450
12.237825
12.246925
12.257375
12.291400
12.315350
12.329300
12.391500
12.460000
12.597675
12.637600
12.646900
12.659825
12.695850
12.842275
12.864350
12.882200
12.987200
13.097575
13.128175
13.181875
13.240975
13.258050
13.269975
13.360525
13.393500
13.451350
13.481300
13.554975
13.578700
13.712675
13.748425
13.767675
13.776000
13.791350
13.850875
13.864000
13.891725
13.924575
13.970950
13.999025
14.184450
14.192325
14.318025
14.345050
14.367275
14.385500
14.393550
14.422750
14.454025
14.462050
14.492200
14.630225
14.699400
14.724650
14.789650
14.800450
14.828625
14.898925
14.938800
15.007150
15.047050
15.094600
15.110075
15.249025
15.302550
15.363125
15.380075
15.459500
15.488525
15.570725
15.620625
15.638850
15.660775
15.689350
15.787300
15.850500
15.865075
15.914325
15.948575
15.975975
16.037000
16.183200
16.261975
16.530075
16.566600
16.625700
16.646275
16.711100
16.771925
16.780925
16.790275
17.003500
17.017525
17.045625
17.076450
17.179200
17.189475
17.209175
17.308900
17.366450
17.404025
17.482350
17.497475
17.639200
17.771275
17.792850
17.829650
17.850700
17.941650
18.001975
18.047400
18.059225
18.122150
18.236275
18.271700
18.290850
18.335300
18.394400
18.417675
18.456825
18.468950
18.539150
18.652225
18.685125
18.710700
18.771575
18.796275
18.841775
18.954000
19.005800
19.034575
19.126700
19.165475
19.264350
19.410475
19.457450
19.515625
19.527925
19.546425
19.557550
19.607900
19.637300
19.707850
19.721625
19.739750
19.753875
19.828425
20.101725
20.126775
20.150625
20.164625
20.177475
20.189150
20.203825
20.216300
20.476525
20.488525
20.507325
20.538250
20.579825
20.604175
20.611150
20.637050
20.668475
20.699800
20.729425
20.769300
20.885550
20.899000
20.918900
20.985000
21.101600
21.235400
21.319700
21.330500
21.380225
21.395050
21.445400
21.542450
21.574925
21.589150
21.703875
21.750275
21.772675
21.782625
21.810350
21.842800
21.870075
21.948225
21.965100
22.195250
22.280400
22.480000
22.597850
22.685300
22.713025
22.722400
22.781350
22.807125
22.830400
22.908200
22.925075
22.953675
23.024375
23.087275
23.132825
23.143975
23.325425
23.389650
23.426625
23.514575
23.551950
23.569875
23.597000
23.750450
24.088650
24.113225
24.162725
24.426325
24.433625
24.593250
24.653000
24.715500
24.793900
24.806025
24.886375
24.979750
24.990700
25.230950
25.268575
25.368875
25.422650
25.445350
25.495175
25.504775
25.577550
25.626100
25.636925
25.714750
25.748900
25.782450
25.834900
25.861575
25.941125
25.963825
26.102125
26.128825
26.169525
26.183050
26.193025
26.197950
26.206400
26.226150
26.276325
26.423950
26.565250
26.576775
26.617625
26.661500
26.776475
26.903950
26.987825
27.065300
27.130300
27.153250
27.187525
27.228700
27.254925
27.346150
27.641100
27.653450
27.753850
27.782175
27.831925
27.927650
27.935475
27.946850
27.988200
27.997600
28.102250
28.130075
28.172225
28.286400
28.415575
28.454325
28.474150
28.629675
28.653575
28.659475
28.670000
28.717950
28.725150
28.766925
28.812225
28.864450
28.955100
29.017700
29.109225
29.117900
29.129400
29.184675
29.192800
29.255175
29.317100
29.432925
29.505050
29.596450
29.671400
29.728900
29.747800
29.766925
29.838100
29.864625
29.905950
29.997275
