0.056775
0.102375
0.208400
0.283700
0.357225
0.526250
0.782150
0.937375
1.088975
1.118050
1.151350
1.219725
1.278750
1.310225
1.408100
1.587350
1.628350
1.698075
1.726550
1.738875
1.744725
1.817900
1.869525
1.890225
2.029400
2.077000
2.108075
2.135950
2.149300
2.212950
2.221675
2.233550
2.314275
2.332550
2.346600
2.527525
2.694575
2.702675
2.718900
2.727800
2.738275
2.762375
2.856325
2.864225
2.895675
2.933000
2.986475
2.992625
3.040650
3.072950
3.094700
3.128725
3.140400
3.194450
3.203425
3.241000
3.269875
3.333175
3.369475
3.543375
3.648875
3.759775
3.795425
3.862425
3.917700
3.964275
4.061725
4.074325
4.107950
4.116550
4.123075
4.128850
4.167500
4.209050
4.212300
4.250700
4.331375
4.494600
4.500325
4.531000
4.564000
4.571275
4.599125
4.621325
4.656450
4.686300
4.737750
4.791375
4.813800
4.842950
4.905775
4.941200
5.058250
5.155900
5.390800
5.406350
5.459700
5.475600
5.544300
5.549900
5.618750
5.629800
5.664225
5.689975
5.748450
5.812500
5.878100
5.891850
6.063550
6.192600
6.235525
6.344575
6.469200
6.492000
6.512775
6.522275
6.540900
6.608875
6.735550
6.775825
6.861250
6.898325
6.936225
6.969150
7.000350
7.140175
7.210250
7.216950
7.222125
7.238850
7.281075
7.289050
7.306150
7.339975
7.364925
7.392800
7.422500
7.426700
7.432525
7.447650
7.458150
7.478375
7.507175
7.514650
7.559575
7.829000
7.849625
7.872225
7.895100
7.962150
8.000475
8.019600
8.055475
8.211325
8.281700
8.301025
8.356825
8.453300
8.466225
8.484875
8.493950
8.523625
8.558625
8.585250
8.600250
8.608550
8.629175
8.654125
8.666025
8.676125
8.687875
8.746875
8.777025
8.837275
9.043850
9.153450
9.180025
9.192625
9.331450
9.445525
9.473175
9.546600
9.568825
9.578275
9.696275
9.710275
9.917650
9.934675
9.941850
9.946725
9.954800
9.987075
10.009750
10.202325
10.277700
10.330775
10.346575
10.351625
10.367700
10.380650
10.418175
10.505250
10.791675
10.803125
10.862825
10.889775
10.928525
10.987100
11.071875
11.101625
11.105050
11.128900
11.225525
11.276400
11.304900
11.348825
11.399300
11.454750
11.456925
11.474550
11.496025
11.522425
11.567700
11.701100
11.853625
11.872225
11.908025
11.924075
12.064600
12.095400
12.133450
12.146350
12.158050
12.181975
12.198225
12.419075
12.455350
12.462375
12.473200
12.522025
12.574950
12.590025
12.602875
12.635225
12.711750
12.870050
12.933025
12.978575
13.090300
13.138850
13.194750
13.236425
13.321450
13.366325
13.386075
13.501550
13.635150
13.727000
13.749425
13.780425
13.834450
13.881725
13.915150
13.942725
13.981575
14.128400
14.157775
14.208625
14.314750
14.356425
14.456400
14.607725
14.697850
14.769025
14.879075
14.891975
14.929150
15.013175
15.038475
15.065000
15.147550
15.203000
15.240050
15.252100
15.258350
15.296650
15.338225
15.431450
15.480925
15.557350
15.619475
15.642325
15.690825
15.703550
15.711850
15.744225
15.763825
15.912150
15.938650
15.972625
16.058900
16.067275
16.104450
16.125875
16.166550
16.271075
16.342150
16.434000
16.451625
16.537125
16.573975
16.598000
16.620150
16.653525
16.659800
16.734975
16.746050
16.784375
16.802750
16.813600
16.911750
17.016400
17.143725
17.150575
17.154625
17.160350
17.174625
17.227475
17.258325
17.330625
17.382950
17.404875
17.510650
17.517100
17.564350
17.648350
17.683000
17.731575
17.837175
17.934875
17.949225
17.960900
17.965675
17.986175
18.000475
18.048225
18.086425
18.098700
18.153425
18.242150
18.273275
18.294650
18.414050
18.421125
18.432925
18.442750
18.596075
18.609825
18.641300
18.767950
18.880475
19.062975
19.082975
19.151575
19.190725
19.204875
19.214450
19.243300
19.335075
19.532725
19.561350
19.603625
19.650975
19.681550
19.702900
19.707750
19.718475
19.823650
20.052575
20.101600
20.174500
20.184400
20.253150
20.259100
20.292200
20.316500
20.345300
20.380150
20.437225
20.503600
20.519200
20.717150
20.781875
20.811875
20.857175
20.866450
20.896525
21.162775
21.181025
21.203150
21.222100
21.231375
21.299275
21.330275
21.343150
21.402150
21.465225
21.485075
21.562750
21.791775
21.812625
21.895050
21.911925
21.924175
21.942925
21.962500
21.984975
22.000175
22.017450
22.120425
22.176575
22.270675
22.316350
22.352000
22.388650
22.394125
22.406900
22.419125
22.427325
22.498275
22.524625
22.537500
22.563750
22.582500
22.600250
22.674675
22.741925
22.810675
22.821700
22.866700
22.872225
23.066100
23.141225
23.187175
23.204875
23.240875
23.249425
23.259575
23.281450
23.289900
23.310050
23.348475
23.360400
23.374100
23.390800
23.409400
23.427375
23.441350
23.450750
23.499900
23.691925
23.954450
24.004625
24.247450
24.275250
24.294075
24.299850
24.306750
24.311475
24.393800
24.405325
24.423200
24.468400
24.500500
24.585775
24.602425
24.620025
24.724775
24.735925
24.756875
24.777575
24.829175
24.856800
24.866550
24.877000
24.938625
25.005400
25.072500
25.104225
25.164050
25.234675
25.264275
25.279075
25.290525
25.306900
25.347600
25.404725
25.421150
25.448300
25.494025
25.518100
25.547700
25.594300
25.834850
25.899375
26.031750
26.050675
26.112700
26.136150
26.178000
26.192850
26.243800
26.331000
26.468400
26.480875
26.494625
26.641625
26.675075
26.683825
26.703625
26.726375
26.836975
26.873950
27.075925
27.090925
27.126675
27.199550
27.229900
27.297200
27.373975
27.421025
27.442625
27.461075
27.476475
27.557625
27.628550
27.662525
27.671700
27.680800
27.723600
27.730725
27.739200
27.809850
27.837225
27.910250
27.987925
28.007025
28.054000
28.067125
28.100850
28.158450
28.186300
28.208200
28.290375
28.301300
28.311150
28.322925
28.407300
28.500800
28.544000
28.587575
28.696950
28.774000
28.817475
28.847925
28.865925
28.889050
29.015475
29.059875
29.132450
29.238675
29.251125
29.260925
29.272250
29.297025
29.300175
29.348150
29.380000
29.394875
29.400950
29.406600
29.454400
29.484100
29.549050
29.696650
29.707750
29.961775
29.995550
