0.006300
0.040425
0.064700
0.101650
0.131175
0.160225
0.200975
0.223000
0.260200
0.293225
0.348200
0.370350
0.395275
0.463250
0.511900
0.519800
0.542075
0.562950
0.575050
0.602525
0.620625
0.635325
0.711325
0.741350
0.761950
0.791950
0.804875
0.819700
0.830450
0.844300
0.862375
0.880000
0.930000
0.949150
0.981475
1.016725
1.059300
1.080950
1.104725
1.117150
1.142925
1.173125
1.206375
1.227300
1.242175
1.258525
1.281050
1.307200
1.335225
1.391100
1.442675
1.446925
1.468825
1.493475
1.551550
1.584050
1.612075
1.623000
1.641125
1.665925
1.679950
1.696100
1.708025
1.743925
1.767650
1.837825
1.886900
1.904625
1.935050
1.987350
2.026500
2.132850
2.206700
2.216625
2.235175
2.263750
2.283225
2.309175
2.341700
2.361800
2.389075
2.407325
2.466125
2.495750
2.522175
2.547325
2.578025
2.593950
2.607500
2.637400
2.657100
2.678050
2.696875
2.721025
2.769575
2.792200
2.811550
2.821700
2.864500
2.882225
2.905500
2.931850
2.943075
2.976600
3.077925
3.118975
3.160150
3.188275
3.198825
3.211775
3.219625
3.238375
3.251775
3.261725
3.374075
3.394950
3.460750
3.471150
3.481925
3.498425
3.514325
3.542525
3.556575
3.566100
3.607900
3.675275
3.720275
3.737675
3.760400
3.775550
3.785225
3.833275
3.873400
3.899025
3.964200
4.039075
4.078575
4.086250
4.108450
4.147650
4.160825
4.172375
4.195700
4.206350
4.248800
4.288275
4.336725
4.378625
4.408850
4.441450
4.452175
4.465450
4.480925
4.512500
4.575425
4.597075
4.617075
4.634200
4.645175
4.679375
4.709775
4.776650
4.808275
4.841150
4.864200
4.881650
4.891775
4.910625
4.923475
4.938750
4.979675
5.015825
5.041875
5.079450
5.098475
5.182275
5.227875
5.262000
5.301650
5.313650
5.321850
5.346650
5.383625
5.440475
5.486475
5.503900
5.535775
5.556100
5.573050
5.591500
5.603450
5.639100
5.702200
5.719850
5.766325
5.835000
5.855900
5.884325
5.895000
5.915225
5.969000
6.042125
6.084550
6.156800
6.203050
6.220750
6.233575
6.250500
6.264725
6.285850
6.297450
6.321550
6.359925
6.417900
6.435225
6.449975
6.543425
6.581825
6.632325
6.647725
6.659150
6.678425
6.715900
6.727325
6.744350
6.761675
6.781250
6.801575
6.882150
6.922325
6.957275
6.991075
7.009575
7.057075
7.114375
7.176575
7.207725
7.230850
7.311225
7.349875
7.370350
7.400225
7.445500
7.509575
7.546525
7.593425
7.606625
7.643900
7.668500
7.738525
7.759875
7.775425
7.785650
7.849975
7.868350
7.886925
7.905025
7.922425
7.974100
8.004425
8.098875
8.131825
8.142900
8.173600
8.185225
8.210200
8.222875
8.247925
8.271225
8.287300
8.307350
8.349650
8.369350
8.398400
8.417000
8.446125
8.470175
8.553925
8.572850
8.592975
8.625700
8.644300
8.654825
8.673375
8.681000
8.690000
8.704475
8.718000
8.739850
8.754650
8.819300
8.858650
8.987750
9.066600
9.127475
9.144050
9.155925
9.175775
9.188850
9.223625
9.287700
9.318175
9.340200
9.370950
9.395925
9.411900
9.528950
9.546000
9.597875
9.629450
9.663625
9.684900
9.698975
9.712475
9.728550
9.741150
9.753300
9.786700
9.809550
9.942950
10.007075
10.025300
10.051275
10.070850
10.118000
10.129350
10.165550
10.177900
10.205100
10.269600
10.320450
10.346850
10.394050
10.409550
10.432550
10.452800
10.469500
10.494275
10.508800
10.535025
10.551175
10.578025
10.633850
10.682275
10.700550
10.721775
10.735950
10.824325
10.857625
10.874025
10.895975
10.988625
11.006425
11.056100
11.068925
11.094100
11.113600
11.131100
11.150800
11.164750
11.172050
11.181575
11.197200
11.232950
11.326000
11.415650
11.448600
11.469700
11.483975
11.553650
11.581075
11.593825
11.607950
11.626725
11.670375
11.685775
11.742825
11.766925
11.872425
11.895425
11.906850
11.917000
11.928575
11.960725
12.012150
12.034525
12.075500
12.107275
12.122900
12.156325
12.172475
12.207800
12.268025
12.294400
12.321325
12.369950
12.438975
12.467550
12.479375
12.500950
12.513425
12.561850
12.627625
12.647400
12.679550
12.691050
12.699800
12.732725
12.753275
12.830175
12.860300
12.884325
12.967975
13.037350
13.057150
13.083200
13.095125
13.147825
13.185950
13.198375
13.238725
13.325000
13.342975
13.356800
13.395600
13.439750
13.459675
13.516725
13.542950
13.668475
13.767150
13.782425
13.807675
13.829725
13.851125
13.890000
13.900075
13.919750
13.942550
13.967750
14.040225
14.057650
14.074150
14.112650
14.178800
14.200000
14.292575
14.344100
14.357675
14.367950
14.385225
14.398300
14.418825
14.451575
14.492000
14.504075
14.521825
14.595425
14.620200
14.647275
14.659675
14.688975
14.883425
14.901800
14.922650
14.932225
14.966850
14.998150
15.045075
15.102925
15.133175
15.167000
15.202775
15.210525
15.228350
15.255925
15.293525
15.330450
15.356100
15.378375
15.396150
15.433425
15.441100
15.459775
15.469550
15.486100
15.514900
15.544125
15.562750
15.616225
15.633325
15.717575
15.732625
15.789400
15.873675
15.907775
15.928175
15.945175
15.972025
15.992900
16.002225
16.019125
16.029975
16.050925
16.060725
16.068625
16.084500
16.098850
16.110225
16.152350
16.202400
16.246150
16.284500
16.318925
16.345900
16.374750
16.393875
16.433025
16.453000
16.473275
16.503600
16.550050
16.572575
16.609050
16.656650
16.704175
16.717875
16.745400
16.762575
16.795250
16.813525
16.829450
16.881400
16.920925
16.939125
17.063525
17.126900
17.151925
17.163075
17.189050
17.204725
17.226200
17.284575
17.528950
17.551700
17.583025
17.602700
17.624700
17.664075
17.707750
17.735825
17.786300
17.798400
17.864050
17.893325
18.157825
18.175175
18.187400
18.212100
18.346925
18.423850
18.452225
18.463800
18.512375
18.539600
18.567100
18.576200
18.621125
18.699475
18.817175
18.872425
18.889325
18.905800
18.933200
18.953975
18.972850
19.009975
19.025475
19.119975
19.217175
19.249050
19.293875
19.346825
19.384875
19.395175
19.422600
19.436500
19.457625
19.499550
19.508500
19.532425
19.573500
19.676525
19.700600
19.758150
19.780450
19.798350
19.813175
19.889125
19.992050
20.014775
20.030025
20.049150
20.062100
20.073425
20.133000
20.145700
20.156975
20.198350
20.223550
20.236425
20.271375
20.343550
20.415450
20.444025
20.514825
20.535675
20.553100
20.566400
20.598625
20.645075
20.751250
20.767300
20.796550
20.807300
20.824300
20.838850
20.860850
20.871125
20.903775
20.958125
21.015400
21.070075
21.110675
21.192750
21.218225
21.243500
21.266950
21.287200
21.306275
21.328800
21.349450
21.406900
21.448525
21.502200
21.561150
21.574000
21.607950
21.655750
21.686675
21.696350
21.709325
21.725325
21.765475
21.801300
21.841400
21.877475
21.956800
21.974775
21.986650
21.998075
22.058375
22.116100
22.155400
22.176300
22.214975
22.240950
22.419500
22.444800
22.459125
22.480475
22.496500
22.534575
22.561575
22.598675
22.620200
22.667100
22.714000
22.733575
22.808675
22.835600
22.856775
22.882350
22.899475
22.918575
22.970300
23.006175
23.026575
23.039850
23.074125
23.145050
23.191850
23.245425
23.265025
23.319475
23.329175
23.366450
23.382750
23.399375
23.438325
23.463675
23.490050
23.519775
23.534250
23.558625
23.574425
23.631375
23.653500
23.673125
23.703150
23.727575
23.762900
23.782000
23.826200
23.862700
24.009475
24.028975
24.040350
24.074350
24.116125
24.194700
24.255800
24.263700
24.297425
24.316925
24.330350
24.353700
24.385925
24.408625
24.426775
24.444275
24.493150
24.542125
24.561425
24.589925
24.621975
24.654350
24.678475
24.718075
24.773350
24.817125
24.997425
25.034725
25.070200
25.089950
25.140250
25.174450
25.214375
25.244075
25.262800
25.293350
25.343625
25.357650
25.386300
25.450900
25.585725
25.663400
25.718600
25.731250
25.760025
25.775450
25.796450
25.827350
25.862575
25.885050
25.954925
25.965150
25.982225
26.035200
26.049725
26.103075
26.135125
26.184525
26.210450
26.255475
26.276975
26.305650
26.322325
26.361675
26.452725
26.483975
26.499375
26.523350
26.543175
26.562025
26.588700
26.608050
26.652550
26.681850
26.707725
26.733500
26.768225
26.787875
26.799725
26.839900
26.871750
26.897200
26.928175
26.976275
27.009725
27.030400
27.115550
27.184675
27.195900
27.245475
27.260050
27.285325
27.320450
27.341325
27.383750
27.492600
27.525700
27.539225
27.565250
27.589450
27.660700
27.685875
27.718725
27.724225
27.752575
27.821825
27.838525
27.878950
27.907825
27.970725
27.975975
28.114150
28.138800
28.177425
28.194125
28.220400
28.264675
28.281450
28.329800
28.411875
28.425150
28.480525
28.492550
28.547925
28.579625
28.592325
28.647150
28.752175
28.763000
28.796200
28.835750
28.845875
28.913425
28.947525
28.964975
28.985125
29.027225
29.068250
29.084950
29.116975
29.220925
29.317650
29.331025
29.360300
29.380100
29.412050
29.428125
29.470650
29.553225
29.628525
29.693125
29.747425
29.768300
29.806900
29.820375
29.849725
29.886125
29.934150
