0.025550
0.036675
0.092950
0.108100
0.132250
0.171600
0.240600
0.258475
0.274350
0.317125
0.335775
0.361900
0.384550
0.413225
0.437525
0.464425
0.528525
0.562425
0.599250
0.623625
0.659375
0.725925
0.791025
0.907200
0.921850
0.938800
0.973950
0.999700
1.041450
1.068950
1.095725
1.117975
1.142475
1.161875
1.192825
1.209500
1.229075
1.291350
1.346925
1.371725
1.394600
1.449425
1.468075
1.504525
1.529275
1.554425
1.622200
1.635100
1.673275
1.729150
1.780325
1.861200
1.879425
1.894325
1.935825
1.953550
2.009325
2.091575
2.108550
2.124675
2.140425
2.166700
2.189325
2.212275
2.239325
2.268550
2.288350
2.301150
2.311700
2.321700
2.326825
2.345925
2.364400
2.386850
2.431450
2.464000
2.532225
2.595350
2.607000
2.676900
2.728675
2.759225
2.806300
2.822425
2.844700
2.866675
2.884600
2.902875
2.958325
2.982200
3.001875
3.051350
3.078975
3.101400
3.114650
3.156750
3.170400
3.181325
3.278625
3.285600
3.291200
3.298100
3.305300
3.313100
3.349000
3.366325
3.397500
3.443150
3.473625
3.493700
3.531800
3.560825
3.603700
3.642550
3.651600
3.660500
3.669450
3.674150
3.690775
3.730000
3.786275
3.845425
3.909625
3.952850
4.011025
4.023500
4.041000
4.058375
4.108300
4.129450
4.191275
4.220225
4.239950
4.266925
4.318675
4.360425
4.376375
4.442975
4.461025
4.475075
4.486200
4.514175
4.527600
4.531625
4.557200
4.572400
4.604900
4.612525
4.698125
4.710175
4.721075
4.766450
4.799675
4.821950
4.868875
4.897450
4.914625
5.011800
5.038775
5.070475
5.113825
5.179325
5.215075
5.235650
5.248450
5.301125
5.334200
5.349375
5.365250
5.405350
5.423925
5.436525
5.466925
5.498050
5.527925
5.545250
5.571950
5.589875
5.658250
5.702650
5.717550
5.784450
5.808050
5.828675
5.870500
5.886325
5.907900
5.957000
5.974600
5.984500
5.998875
6.018525
6.045825
6.079625
6.091125
6.099400
6.117900
6.128850
6.165200
6.173600
6.184825
6.217700
6.229875
6.248675
6.271225
6.332550
6.366625
6.394650
6.418250
6.432625
6.451000
6.467950
6.489200
6.526600
6.554750
6.597925
6.657525
6.677375
6.719575
6.741350
6.759625
6.821850
6.845350
6.865825
6.922075
7.036100
7.125900
7.163750
7.192500
7.224025
7.368075
7.423150
7.435625
7.491850
7.535975
7.553100
7.575450
7.595200
7.623950
7.648475
7.664625
7.704150
7.725475
7.744875
7.762925
7.780400
7.801425
7.813300
7.825750
7.895325
7.920700
7.950950
7.957000
7.963325
8.030150
8.171100
8.185400
8.290825
8.340200
8.383325
8.439475
8.465450
8.495325
8.505900
8.514325
8.540175
8.559600
8.581450
8.589000
8.646400
8.660600
8.679700
8.732150
8.773025
8.787850
8.828175
8.850425
8.865850
8.883775
8.904675
8.929775
8.962150
9.012125
9.068000
9.098550
9.119725
9.137275
9.171150
9.189275
9.216050
9.235125
9.260500
9.280800
9.309475
9.326375
9.393350
9.455500
9.488225
9.540925
9.566700
9.585525
9.607575
9.626375
9.700900
9.719075
9.727675
9.734975
9.779350
9.845750
9.859500
9.971650
9.982300
10.031350
10.060200
10.122025
10.143275
10.158825
10.236175
10.264400
10.330225
10.362500
10.373700
10.396150
10.411775
10.420250
10.426575
10.457050
10.464775
10.475100
10.487750
10.495475
10.529175
10.539525
10.566925
10.589350
10.607800
10.639425
10.716875
10.741850
10.762350
10.778900
10.862925
10.894925
10.931025
10.956000
11.011975
11.029275
11.045300
11.063175
11.123400
11.180125
11.199450
11.223075
11.275125
11.312825
11.343175
11.364075
11.379650
11.393025
11.411450
11.454650
11.479350
11.523600
11.543625
11.662650
11.727000
11.746025
11.817775
11.826650
11.833950
11.840800
11.848450
11.855775
11.861425
11.876875
11.936350
11.976875
11.990650
12.004425
12.021600
12.030650
12.040975
12.063925
12.069525
12.102425
12.133225
12.186875
12.195850
12.256675
12.299875
12.325025
12.437825
12.506525
12.567825
12.615725
12.646825
12.659550
12.692500
12.815575
12.846875
12.865325
12.915950
12.955825
12.990100
13.068725
13.130325
13.204975
13.263775
13.356575
13.374550
13.437175
13.461525
13.509100
13.526475
13.551825
13.577725
13.627600
13.649125
13.670150
13.689875
13.734150
13.929525
13.944050
13.972700
13.981500
14.133000
14.147025
14.157650
14.207200
14.284350
14.296075
14.324100
14.381700
14.467175
14.482500
14.526800
14.551375
14.558850
14.564700
14.641750
14.661850
14.678150
14.688400
14.703775
14.743325
14.785900
14.801475
14.814575
14.842925
14.878125
14.896875
14.929200
14.960650
14.975700
14.990900
15.007375
15.022350
15.048725
15.076625
15.092550
15.099100
15.136375
15.155400
15.236325
15.249050
15.285875
15.315850
15.339500
15.361600
15.380550
15.427550
15.498900
15.518975
15.550925
15.565325
15.629525
15.645850
15.663850
15.677900
15.730075
15.796575
15.859875
15.893850
15.915550
15.969325
15.992400
16.021100
16.040250
16.089600
16.116325
16.183350
16.210075
16.233075
16.249000
16.290675
16.327925
16.380350
16.402200
16.430050
16.448750
16.467400
16.480150
16.505525
16.521525
16.529975
16.584875
16.654575
16.671025
16.691550
16.705375
16.740600
16.749850
16.757175
16.764975
16.770425
16.835425
16.872575
16.911250
16.925075
16.966800
16.985250
17.030475
17.046225
17.064175
17.145800
17.164575
17.316350
17.335700
17.348825
17.358325
17.370950
17.385100
17.463075
17.497000
17.524900
17.530775
17.609750
17.620750
17.669275
17.691125
17.703875
17.733550
17.806100
17.905050
17.931675
17.948600
18.009325
18.032400
18.287900
18.301500
18.378825
18.396375
18.497825
18.518625
18.537550
18.645775
18.686750
18.715775
18.735900
18.751500
18.766300
18.794500
18.864375
18.972350
18.996100
19.069325
19.127050
19.142900
19.224600
19.267125
19.343225
19.379950
19.427000
19.450550
19.468600
19.487300
19.532075
19.647500
19.663425
19.685275
19.719925
19.756300
19.766850
19.784950
19.846800
19.866325
19.889650
19.974975
20.001425
20.036750
20.043050
20.055100
20.125575
20.164175
20.179950
20.215900
20.232200
20.265575
20.297850
20.373625
20.408375
20.451925
20.489800
20.524600
20.556200
20.582350
20.612875
20.632200
20.708250
20.723225
20.754675
20.795375
20.813100
20.836150
20.853900
20.871400
20.890850
20.905950
20.926350
20.952650
20.973425
20.996850
21.038850
21.070725
21.087250
21.102175
21.164725
21.181725
21.206500
21.224650
21.248900
21.283500
21.319750
21.343800
21.376325
21.388575
21.434350
21.466650
21.502200
21.521275
21.538150
21.559525
21.569850
21.593300
21.599550
21.608100
21.639125
21.673150
21.731600
21.784025
21.801625
21.809400
21.825400
21.892550
21.925200
21.988125
22.088475
22.134600
22.197350
22.216850
22.263325
22.274750
22.315425
22.332525
22.375075
22.410600
22.527375
22.595250
22.622375
22.668700
22.678675
22.772550
22.782200
22.798950
22.940875
22.949875
22.962300
22.969225
22.996825
23.063025
23.073450
23.179725
23.222400
23.288625
23.346725
23.378825
23.411100
23.462700
23.474175
23.482400
23.652050
23.670325
23.768575
23.787325
23.854575
23.869575
23.887225
23.979700
24.000750
24.065425
24.112450
24.132075
24.149925
24.259050
24.298325
24.335175
24.451250
24.473825
24.545175
24.565650
24.596850
24.610250
24.637975
24.674200
24.679950
24.857100
24.907400
25.063150
25.089025
25.103575
25.124025
25.155275
25.174600
25.307150
25.342300
25.367575
25.746025
25.780925
25.817550
25.832425
25.865250
25.930925
25.959625
25.975725
25.987925
26.022750
26.159925
26.620700
26.685850
26.717100
26.860700
26.865275
26.959525
26.973875
26.980125
27.117550
27.251350
27.336950
27.356475
27.372750
27.479000
27.552475
27.587650
27.705575
27.767550
27.778450
27.858775
27.876300
27.889200
27.956600
27.969500
27.987450
28.082650
28.333425
28.345975
28.383100
28.476750
28.538675
28.655650
28.798850
28.816725
28.981425
29.157325
29.274100
29.344225
29.421975
29.460725
29.489625
29.617475
29.647800
29.779275
29.832350
29.873050
29.910200
29.932750
