0.235225
0.575275
0.607575
0.635675
0.788100
0.928625
0.983825
1.003200
1.378750
1.500550
1.550275
1.757875
1.939850
2.082350
2.675800
2.891075
2.993125
3.183450
3.244775
3.549800
3.593150
3.631150
3.894325
4.245200
4.744450
4.784525
5.339000
5.731850
5.802925
6.191825
6.219625
6.258675
6.287275
6.440050
6.485675
6.597500
6.672550
6.694075
7.013075
7.085325
7.181450
7.240100
7.492300
7.548025
7.630050
7.736050
7.784525
7.956650
8.003325
8.059625
8.450650
8.513825
8.591775
8.960975
9.036425
9.336475
9.441775
9.595825
9.872725
10.602250
11.140125
11.207150
11.723175
11.754525
11.902950
12.075375
12.326350
12.563250
12.668850
12.803525
13.281025
13.288950
13.469325
13.531075
13.582075
13.625275
13.812050
14.054575
14.399150
14.698200
14.744900
14.775675
14.939950
14.941325
14.998800
15.158475
15.632925
15.675100
16.262375
16.391725
16.688350
16.758375
16.793950
16.881925
17.015525
17.138325
17.201550
17.292225
17.448775
17.495725
17.534075
17.701325
17.780200
17.878475
17.910750
17.971475
18.005550
18.335050
18.554725
19.552725
19.730025
19.812900
19.902600
19.982275
20.504250
20.917325
21.499225
21.579075
21.814300
21.885900
21.968150
22.247450
22.379875
22.438175
22.484775
22.565025
23.364425
23.508350
23.637825
23.850800
24.474225
24.645425
24.969900
25.373450
25.591400
25.777050
25.946275
26.141275
26.180700
26.217050
26.298200
26.661250
26.772875
27.156550
27.282900
27.418650
27.663850
27.773200
27.851900
27.904000
28.040675
28.099675
28.584800
28.703175
28.775725
28.912475
28.988650
29.082375
29.201650
29.277825
29.384050
29.489375
29.790575
29.860250
29.899825
