0.000300
0.063450
0.084225
0.174375
0.193925
0.218225
0.305225
0.345250
0.369500
0.391400
0.410225
0.433450
0.477900
0.508925
0.526925
0.542750
0.558175
0.574525
0.639125
0.670375
0.710225
0.726675
0.768550
0.813150
0.827025
0.846500
0.865450
0.891175
0.919100
0.934850
0.947225
0.965625
0.998125
1.014625
1.029025
1.041875
1.059850
1.073800
1.102625
1.116050
1.132300
1.150825
1.171875
1.199575
1.216675
1.228900
1.262650
1.270775
1.307475
1.331875
1.348950
1.361875
1.402825
1.420075
1.466125
1.499475
1.528650
1.545350
1.560675
1.578375
1.605700
1.630775
1.650475
1.669725
1.684575
1.703175
1.716600
1.726925
1.746650
1.757225
1.770625
1.785550
1.798925
1.854075
1.870225
1.889375
1.900900
1.924450
1.941525
1.996450
2.036175
2.057325
2.069500
2.089775
2.124550
2.162750
2.179800
2.194300
2.209300
2.221700
2.239325
2.264925
2.284175
2.297700
2.316800
2.330775
2.349575
2.375275
2.416800
2.534250
2.567250
2.795200
2.817300
2.881150
2.910575
2.932775
2.970900
3.011600
3.024600
3.048250
3.069025
3.081350
3.098075
3.117625
3.130950
3.153800
3.170525
3.202950
3.262300
3.340525
3.400775
3.415850
3.432350
3.440825
3.453050
3.471200
3.480625
3.497575
3.513250
3.658925
3.701525
3.716000
3.765700
3.833150
3.852650
3.874600
3.890125
3.904100
3.934600
3.952025
4.002600
4.019700
4.034050
4.071200
4.087800
4.106450
4.119200
4.150650
4.173800
4.185225
4.195025
4.216125
4.230175
4.241575
4.341025
4.358050
4.376100
4.390975
4.409075
4.701275
4.730075
4.756775
4.774650
4.829075
4.870775
4.885250
4.916625
4.981000
5.003725
5.101300
5.118375
5.134825
5.164050
5.183850
5.198325
5.209625
5.234300
5.258425
5.282600
5.348300
5.365750
5.377250
5.393800
5.405800
5.427250
5.446800
5.467525
5.499500
5.527850
5.555375
5.570700
5.579025
5.592325
5.605900
5.621450
5.643275
5.663000
5.718725
5.737400
5.752675
5.772300
5.787725
5.806025
5.822500
5.839900
5.856475
5.868150
5.906550
5.921825
5.935525
5.947675
5.964925
5.978100
5.990200
6.015550
6.043875
6.063500
6.081900
6.094375
6.104500
6.124650
6.138100
6.145825
6.160800
6.176875
6.186400
6.205075
6.226700
6.279400
6.308750
6.347875
6.363125
6.380150
6.395950
6.414275
6.428800
6.446900
6.466675
6.482950
6.501400
6.514750
6.535175
6.562825
6.578350
6.591100
6.605950
6.618200
6.634225
6.658175
6.674675
6.688750
6.701825
6.714850
6.735725
6.749375
6.763525
6.792025
6.814675
6.824875
6.839750
6.848875
6.859025
6.874325
6.891100
6.907725
6.938475
6.950700
6.965925
6.994675
7.016000
7.045475
7.110625
7.151200
7.169850
7.196650
7.241950
7.264225
7.283700
7.304975
7.326650
7.343650
7.370025
7.396950
7.409750
7.436175
7.450625
7.467700
7.487150
7.511675
7.526550
7.543075
7.571025
7.587800
7.601500
7.617175
7.628125
7.792500
7.954850
7.986325
8.031925
8.070575
8.100100
8.117175
8.143175
8.169175
8.201475
8.222250
8.247175
8.268525
8.292700
8.348425
8.366275
8.392300
8.415350
8.431950
8.451525
8.478075
8.491125
8.522400
8.538775
8.548650
8.563650
8.577550
8.599500
8.618700
8.639500
8.668025
8.681675
8.700875
8.717675
8.749725
8.767425
8.790925
8.805425
8.841100
8.859100
8.877200
8.891950
8.906950
8.947750
9.009600
9.057675
9.079300
9.104975
9.121725
9.145575
9.180400
9.197750
9.226000
9.252275
9.271350
9.290675
9.307350
9.329500
9.344350
9.352925
9.370925
9.395825
9.412500
9.445150
9.480525
9.500425
9.512675
9.539175
9.555675
9.579825
9.624125
9.642750
9.661550
9.680475
9.699625
9.714575
9.734850
9.752300
9.768450
9.778775
9.862350
9.884800
9.923700
9.940225
9.956775
9.984450
10.003125
10.024550
10.044400
10.057100
10.070225
10.084425
10.098650
10.114650
10.129750
10.144050
10.169400
10.184700
10.201900
10.215525
10.241400
10.260600
10.270075
10.310925
10.337575
10.362575
10.384400
10.403650
10.442625
10.477625
10.507275
10.532875
10.578425
10.600350
10.636150
10.649300
10.657600
10.684025
10.703600
10.720750
10.730525
10.753075
10.775475
10.799425
10.810325
10.834350
10.846950
10.861325
10.875625
10.889275
10.912350
10.937125
10.962000
10.988275
11.002025
11.027075
11.042775
11.059500
11.091950
11.127875
11.149850
11.165450
11.199750
11.216675
11.235775
11.252825
11.297650
11.332450
11.374675
11.409000
11.445925
11.461175
11.482175
11.507775
11.525000
11.547125
11.565525
11.597600
11.624875
11.690650
11.709975
11.728725
11.742350
11.758050
11.817050
11.864150
11.883175
11.928775
11.997625
12.021125
12.034850
12.051125
12.074225
12.093500
12.128925
12.150075
12.158275
12.178100
12.196050
12.218100
12.235050
12.259725
12.280550
12.297300
12.321475
12.340275
12.357825
12.377025
12.413225
12.431850
12.453100
12.466850
12.504875
12.524125
12.544575
12.562225
12.581175
12.601225
12.615650
12.642550
12.661675
12.687775
12.707000
12.718800
12.728775
12.737475
12.757900
12.778125
12.792925
12.807800
12.816975
12.831100
12.847450
12.863400
12.879825
12.895350
12.908200
12.935825
12.954100
12.973025
13.027100
13.046750
13.062525
13.090850
13.106075
13.120300
13.137750
13.154750
13.168800
13.206175
13.228800
13.255225
13.283425
13.293300
13.304775
13.323950
13.334525
13.362225
13.390200
13.403375
13.424525
13.473175
13.511650
13.535600
13.546000
13.562725
13.573900
13.592075
13.605625
13.628025
13.648900
13.666050
13.683375
13.699550
13.713550
13.723775
13.738050
13.756125
13.782475
13.859175
13.878850
13.896825
13.913650
13.938225
13.957125
13.971000
14.008950
14.034650
14.056500
14.083575
14.105625
14.125975
14.145375
14.178300
14.222325
14.263150
14.367575
14.523850
14.547700
14.580875
14.620275
14.639150
14.658400
14.672900
14.687125
14.704575
14.730100
14.754375
14.843325
14.863050
14.877250
14.894850
14.912150
14.930300
14.941525
14.953575
14.971425
14.986000
14.996200
15.008775
15.055600
15.167450
15.193550
15.204250
15.238675
15.280900
15.325900
15.345725
15.368475
15.383950
15.404375
15.425100
15.449350
15.467750
15.515150
15.534400
15.559025
15.581100
15.593850
15.605000
15.621400
15.636700
15.664575
15.692325
15.707675
15.725400
15.741775
15.791350
15.796375
15.820850
15.865975
15.867225
15.879900
15.940400
16.152775
16.190150
16.218325
16.241350
16.406800
16.735250
16.895450
16.974800
16.993075
17.116525
17.237325
17.321075
17.701450
17.724675
18.040900
18.122150
18.149500
18.158700
18.175550
18.194425
18.217200
18.254925
18.270325
18.284250
18.299575
18.320250
18.508150
18.529100
18.559425
18.700425
18.723400
18.742475
18.757425
18.776400
18.802400
18.980150
19.019675
19.069750
19.102050
19.267275
19.289600
19.730900
19.858825
19.886675
19.916375
19.958450
20.004900
20.049475
20.072100
20.127400
20.162475
20.174550
20.186300
20.214675
20.228150
20.245125
20.432275
20.456975
20.480475
20.502800
20.638600
20.745700
20.810325
20.827075
20.842100
20.858525
20.894675
20.931325
20.952325
20.973575
21.045700
21.065550
21.081625
21.101100
21.120800
21.133100
21.155625
21.168700
21.183350
21.196425
21.211850
21.254975
21.292675
21.510675
21.549575
21.569325
21.593400
21.610175
21.626100
21.646025
21.659825
21.671700
21.686100
21.698700
21.865375
21.928875
21.994850
22.032775
22.551075
22.577675
22.633075
22.656200
22.692775
22.786550
23.079975
23.323700
23.379275
23.432775
23.453950
23.477200
23.508250
23.524975
23.548000
23.564075
23.574100
23.590825
23.602000
23.618725
23.631150
23.649950
23.665000
23.689900
23.701725
23.724675
23.806475
23.827500
23.848000
23.894625
23.916825
24.121900
24.171000
24.221300
24.283075
24.295450
24.311375
24.331925
24.347500
24.365925
24.384475
24.403075
24.430125
24.439775
24.451675
24.468125
24.633475
24.655375
24.681650
24.699675
24.720750
24.733800
24.767150
24.900425
24.933150
24.951975
24.973325
24.992875
25.023475
25.052350
25.200850
25.246275
25.278750
25.298975
25.355200
25.393025
25.461975
25.760600
25.864800
25.886475
25.906350
25.927500
25.949825
25.982250
25.999225
26.019575
26.032400
26.103975
26.128425
26.147400
26.439350
26.452850
26.500375
26.526125
26.592425
26.626150
26.646700
26.698450
26.737925
26.749475
26.779900
26.949000
27.010825
27.044725
27.068500
27.091975
27.113875
27.134100
27.151275
27.166400
27.180025
27.199325
27.210850
27.222150
27.242850
27.261425
27.280550
27.297250
27.329450
27.359800
27.378300
27.399650
27.427725
27.449300
27.469075
27.489500
27.503950
27.530400
27.550800
27.647450
28.047775
28.087125
28.104725
28.127200
28.159200
28.217300
28.259400
28.272975
28.304450
28.318050
28.344700
28.374250
28.398550
28.454150
28.655700
28.670600
28.706475
28.722975
28.752925
28.772750
28.794275
28.810075
28.843075
28.862575
28.892525
28.910750
28.945050
28.963800
29.010525
29.028200
29.058575
29.084350
29.103300
29.123900
29.261950
29.286425
29.323775
29.343775
29.355625
29.385125
29.401200
29.433600
29.474325
29.495225
29.516050
29.531125
29.570825
29.635850
29.958125
29.988100
29.999475
