0.078525
0.145500
0.270850
0.308150
0.364875
0.513375
0.542175
0.568225
0.587425
0.608375
0.633350
0.724200
0.789450
0.849000
0.925075
0.958575
0.991625
1.058600
1.127250
1.157525
1.179150
1.201050
1.354450
1.382325
1.410375
1.522425
1.621200
1.680400
1.707675
1.727075
1.749950
1.779875
1.839550
1.869925
1.902075
1.927150
2.025975
2.028125
2.052300
2.092950
2.161050
2.354400
2.394850
2.428175
2.470300
2.510800
2.544325
2.614675
2.674350
2.702150
2.740300
2.777025
2.806150
2.876225
2.905325
2.970375
2.999450
3.024925
3.053500
3.122875
3.159850
3.186875
3.244075
3.312200
3.340375
3.375975
3.449350
3.489125
3.539175
3.566925
3.633650
3.709400
3.738800
3.798800
3.835125
3.870050
3.900275
3.931325
3.971050
4.074225
4.111500
4.185500
4.270675
4.291375
4.402450
4.543575
4.597575
4.707125
4.734375
4.835175
4.867850
4.901700
4.956900
5.003425
5.022400
5.049275
5.202550
5.231700
5.320900
5.347925
5.373250
5.421750
5.487775
5.559300
5.600050
5.669625
5.700600
5.710175
5.736675
5.766375
5.791700
5.876875
5.901125
5.929725
5.955775
5.986875
6.024650
6.109950
6.195700
6.237700
6.287000
6.303050
6.377725
6.395575
6.541300
6.580350
6.852850
6.907975
6.951575
6.982225
7.003625
7.032050
7.164275
7.196700
7.231075
7.324950
7.350400
7.378100
7.436725
7.465675
7.490450
7.516050
7.600975
7.643275
7.751750
7.792200
7.833950
7.891325
7.905650
7.951075
8.024300
8.081450
8.113250
8.148950
8.208575
8.264900
8.306300
8.347850
8.404125
8.426700
8.450800
8.479625
8.542625
8.613075
8.669675
8.696925
8.715900
8.738850
8.765250
8.780225
8.809275
8.810875
8.832525
8.962125
9.013375
9.107050
9.293625
9.386450
9.413925
9.435950
9.522050
9.589300
9.618925
9.650825
9.691675
9.718350
9.754200
9.788825
9.849525
9.913250
9.936350
9.968750
9.998500
10.055850
10.089425
10.143800
10.179100
10.198675
10.220925
10.304125
10.349575
10.423025
10.427125
10.451700
10.477625
10.516275
10.529100
10.552875
10.576425
10.624225
10.651150
10.731400
10.743425
10.768450
10.794150
10.802700
10.899800
10.925075
10.984850
11.013825
11.044425
11.072325
11.100325
11.130850
11.188975
11.216800
11.253650
11.329000
11.359000
11.414825
11.438175
11.450875
11.459325
11.477900
11.535725
11.570475
11.595825
11.625700
11.658150
11.691975
11.717675
11.734350
11.757125
11.776600
11.800000
11.830050
11.853700
11.878300
11.908525
11.933950
11.966150
12.014850
12.081275
12.104450
12.148525
12.151400
12.169325
12.311350
12.337200
12.363025
12.387150
12.450450
12.473300
12.517825
12.543650
12.549925
12.572975
12.598775
12.644725
12.664225
12.686575
12.729500
12.752675
12.803300
12.828300
12.871525
12.904025
12.928100
13.136375
13.212150
13.310725
13.333600
13.348750
13.378275
13.465100
13.495025
13.574125
13.576650
13.606825
13.615825
13.649625
13.682850
13.703900
13.733625
13.759850
13.814950
13.870950
13.930950
13.952900
13.977875
14.054000
14.095100
14.121625
14.149450
14.248525
14.290325
14.356825
14.377350
14.398200
14.416150
14.434450
14.461475
14.482375
14.522725
14.546600
14.578725
14.587875
14.603750
14.622550
14.710050
14.760825
14.787500
14.831925
14.858225
14.879350
14.906525
14.960100
14.985525
15.018050
15.118575
15.141150
15.191625
15.217375
15.240175
15.326975
15.344325
15.364650
15.381750
15.385525
15.446625
15.489825
15.516950
15.670450
15.697275
15.719225
15.806125
15.871850
15.956725
16.015575
16.034350
16.056475
16.084300
16.124275
16.225825
16.244500
16.289650
16.375675
16.499100
16.542950
16.632300
16.673175
16.699000
16.756900
16.788075
16.852325
16.875825
16.908050
16.934200
17.037675
17.062675
17.140400
17.173300
17.265425
17.304175
17.315925
17.416750
17.520225
17.550400
17.566100
17.690850
17.710425
17.730875
17.780975
18.040025
18.100675
18.124975
18.152775
18.275225
18.302150
18.342325
18.387175
18.418225
18.475675
18.533150
18.570350
18.687450
18.728000
18.919750
19.012100
19.058775
19.173375
19.467175
19.494450
19.524375
19.581725
19.746025
19.772875
19.809775
19.866125
19.895000
19.922350
19.945875
19.968700
20.004250
20.045150
20.066525
20.151725
20.204225
20.299650
20.365375
20.421775
20.540525
20.583325
20.620725
20.737600
20.843350
20.908300
20.977350
21.017750
21.075075
21.159575
21.203575
21.225375
21.266100
21.371950
21.410825
21.448675
21.472800
21.489350
21.508625
21.572350
21.610300
21.669900
21.742300
21.779575
22.104525
22.135425
22.175725
22.227275
22.267325
22.300925
22.377125
22.435600
22.539700
22.557450
22.642475
22.699600
22.736275
22.928725
22.985050
23.000450
23.030250
23.082300
23.173675
23.196900
23.471050
23.551875
23.680700
23.749375
23.847775
23.874500
23.890700
23.913025
23.976300
23.996925
24.277600
24.306800
24.418325
24.511075
24.571525
24.651750
24.696975
24.754575
24.893425
24.913050
24.962775
24.978575
25.037800
25.046725
25.127625
25.162150
25.207150
25.254100
25.363175
25.430975
25.455625
25.483600
25.671475
25.776700
25.801000
25.857025
25.871500
26.022475
26.069750
26.198750
26.237325
26.298650
26.336000
26.348300
26.410050
26.428350
26.444475
26.474025
26.523550
26.544400
26.616750
26.641250
26.721350
26.789425
26.810250
26.877650
26.926075
27.020075
27.080175
27.152975
27.157425
27.184050
27.245775
27.284875
27.443175
27.464800
27.576025
27.622925
27.771200
27.797700
27.913475
28.018175
28.041000
28.068025
28.095625
28.131900
28.216125
28.285300
28.329175
28.460550
28.525700
28.548250
28.567950
28.645150
28.702175
28.741250
28.808350
28.845200
28.948775
28.993750
29.017175
29.039850
29.145450
29.189125
29.217450
29.312225
29.349950
29.404050
29.616350
29.657675
29.742575
29.769150
29.789700
29.898075
29.939000
29.984700
