0.169300
0.262050
0.300425
0.374850
0.457600
0.497375
0.525425
0.634075
0.673675
0.749150
0.893175
1.140100
1.162950
1.217425
1.262600
1.287675
1.340275
1.443475
1.507725
1.573925
1.630675
1.672050
1.739950
1.754700
1.792125
1.846475
1.856425
1.911350
1.948425
1.991250
2.008600
2.099225
2.115250
2.163550
2.315325
2.458725
2.480400
2.485050
2.512475
2.585325
2.615925
2.671250
2.747025
2.860275
2.923600
3.012950
3.068775
3.091100
3.109725
3.152675
3.542775
3.815675
4.146725
4.225600
4.413550
4.544750
4.616875
5.010000
5.015850
5.131250
5.502200
5.531000
5.599275
5.665775
5.803175
5.887850
5.972050
6.099775
6.265425
6.312625
6.411100
6.446675
6.467275
6.552000
6.609375
6.648175
6.702875
6.890225
6.983175
7.024200
7.050100
7.066975
7.273725
7.960425
8.146900
8.186525
8.326125
8.345325
8.367025
8.597600
8.923400
9.038850
9.316875
9.322225
9.419000
9.852750
9.871375
9.958875
10.186325
10.465625
10.603975
10.718775
10.941325
11.085400
11.296725
11.380750
11.792200
11.843025
12.084300
12.166450
12.186475
12.400875
13.198100
13.646450
13.860850
13.913425
13.997125
14.426975
14.532925
14.929125
15.288975
15.345675
15.424050
15.728025
15.843050
16.051400
16.216200
16.573175
16.740625
17.121150
17.177400
17.504250
17.721575
18.012000
18.269300
19.065075
19.138950
19.233100
19.603775
19.675350
19.991425
20.212175
20.566950
20.840250
21.218650
21.424050
21.572275
21.723425
21.811375
21.846225
22.107875
22.515050
22.612950
22.663125
23.469625
23.650625
24.635000
24.820500
25.042625
25.851750
26.189425
26.263475
26.755800
26.838425
26.968225
27.083175
27.283800
27.309450
27.808800
28.106525
28.134325
28.434825
28.485225
28.753100
28.843850
28.889425
29.513400
29.534750
29.646625
