0.011950
0.021600
0.041675
0.062700
0.081875
0.090825
0.099025
0.110650
0.133175
0.145175
0.154975
0.205150
0.222600
0.233925
0.259350
0.275150
0.285150
0.293775
0.316575
0.345075
0.376675
0.388050
0.400350
0.409900
0.424275
0.454950
0.476775
0.488450
0.493925
0.510800
0.526850
0.537950
0.553875
0.563125
0.622600
0.636800
0.673000
0.686075
0.691600
0.700900
0.710500
0.716575
0.729575
0.738600
0.752525
0.764850
0.774325
0.778000
0.788075
0.797875
0.808900
0.825475
0.839450
0.848300
0.874125
0.954650
0.981825
1.004325
1.017925
1.023850
1.031400
1.039975
1.065050
1.080050
1.091200
1.101450
1.128300
1.156925
1.163675
1.336275
1.393150
1.423825
1.446525
1.475375
1.484750
1.508075
1.520250
1.530300
1.549925
1.581350
1.606525
1.615150
1.620000
1.635725
1.648175
1.661475
1.689925
1.700825
1.716675
1.753850
1.771325
1.802850
1.818175
1.835625
1.870200
1.883200
1.911600
1.924300
1.932500
1.946400
1.958400
1.964900
1.987150
1.998950
2.009450
2.019500
2.043550
2.045925
2.054000
2.070975
2.083625
2.127750
2.135850
2.152950
2.165450
2.177025
2.190125
2.206100
2.221750
2.233325
2.250300
2.259875
2.275650
2.297150
2.307825
2.330575
2.339950
2.387350
2.396850
2.406700
2.420700
2.428925
2.455825
2.470075
2.481275
2.491075
2.498400
2.508200
2.511800
2.527075
2.531825
2.537600
2.545875
2.550800
2.567975
2.584875
2.604375
2.625600
2.649375
2.662000
2.679525
2.698750
2.745200
2.759775
2.788875
2.802525
2.839050
2.847475
2.862600
2.874050
2.885125
2.899825
2.922075
2.931375
2.944900
2.954800
2.965275
2.977250
3.009150
3.034225
3.053750
3.078400
3.086325
3.112725
3.126750
3.147825
3.154600
3.174100
3.187225
3.221450
3.242550
3.255175
3.265975
3.269625
3.280950
3.300550
3.311425
3.324825
3.344800
3.360050
3.370850
3.392325
3.402450
3.421650
3.429150
3.439275
3.449225
3.459875
3.469150
3.489975
3.541025
3.551175
3.576000
3.603850
3.609250
3.631375
3.658150
3.687050
3.698475
3.710575
3.724575
3.745725
3.777900
3.795625
3.803975
3.819300
3.826975
3.843550
3.854950
3.883900
3.894625
3.915025
3.925975
3.941675
3.954425
3.960975
3.982750
3.998825
4.019425
4.033200
4.068150
4.099550
4.110850
4.124350
4.140600
4.160350
4.170200
4.198225
4.209300
4.237275
4.257200
4.260600
4.286750
4.302625
4.313200
4.331000
4.347800
4.359575
4.370175
4.375575
4.402625
4.413750
4.425475
4.466650
4.510250
4.546500
4.554800
4.576400
4.582325
4.598150
4.605150
4.614450
4.625800
4.657000
4.673275
4.752950
4.773475
4.796975
4.815050
4.821650
4.877225
4.928650
4.934575
4.951725
4.975850
4.983550
5.005025
5.016300
5.031275
5.040625
5.050000
5.062725
5.078850
5.098100
5.119850
5.130550
5.136200
5.137400
5.141850
5.146375
5.159275
5.219525
5.234500
5.250950
5.257325
5.266825
5.276025
5.286525
5.293725
5.318075
5.323250
5.346000
5.354175
5.396225
5.435200
5.447300
5.453500
5.487675
5.495450
5.501000
5.507300
5.515650
5.525550
5.539575
5.549025
5.551800
5.560025
5.570150
5.578025
5.590825
5.600225
5.613550
5.628100
5.642975
5.659700
5.668575
5.679700
5.686550
5.695950
5.703950
5.716500
5.744575
5.751025
5.781575
5.801375
5.809575
5.819200
5.836600
5.858500
5.875475
5.888025
5.898300
5.907100
5.915575
5.925025
5.940050
5.954275
5.962950
5.978075
5.996225
6.012675
6.024925
6.037600
6.049800
6.057425
6.065075
6.079625
6.095575
6.112325
6.127975
6.140825
6.174950
6.183625
6.201600
6.207100
6.240875
6.250225
6.263325
6.269550
6.276225
6.286300
6.297500
6.305325
6.314075
6.324375
6.333800
6.359125
6.394725
6.406725
6.418925
6.437050
6.447875
6.461350
6.469825
6.480125
6.511700
6.535325
6.552900
6.564875
6.574425
6.584625
6.605950
6.615175
6.617300
6.633025
6.642500
6.652150
6.666950
6.690375
6.737175
6.765550
6.801650
6.857150
6.874950
6.915000
6.923825
6.934850
6.942625
6.963775
6.982550
6.998250
7.008550
7.038425
7.060175
7.079975
7.133725
7.173775
7.188025
7.196875
7.213200
7.234225
7.239500
7.252075
7.270225
7.280400
7.297800
7.319275
7.328350
7.369725
7.377925
7.402750
7.413775
7.429175
7.461475
7.470850
7.477075
7.481025
7.501200
7.519975
7.530750
7.533775
7.565575
7.576875
7.582900
7.588500
7.601825
7.608350
7.619925
7.652575
7.656575
7.669025
7.703250
7.713350
7.732000
7.760025
7.770725
7.803375
7.812650
7.825325
7.835125
7.851775
7.854225
7.888950
7.945750
7.970950
7.982125
8.045400
8.054275
8.109050
8.119575
8.128800
8.141450
8.166675
8.179125
8.189950
8.267250
8.277550
8.288925
8.298350
8.302625
8.338150
8.381850
8.417750
8.425475
8.463725
8.484425
8.503750
8.516400
8.534375
8.558075
8.565600
8.575475
8.588025
8.601650
8.617850
8.635725
8.645850
8.671000
8.687625
8.699625
8.712650
8.723025
8.738600
8.744400
8.784700
8.788100
8.819225
8.831900
8.853525
8.878700
8.888025
8.902100
8.941650
8.948750
8.973150
8.999625
9.025275
9.037250
9.044950
9.075075
9.082825
9.089675
9.116300
9.125050
9.139250
9.147600
9.150600
9.167600
9.172275
9.192100
9.195975
9.205450
9.214900
9.223850
9.225375
9.262400
9.299975
9.317125
9.335700
9.348875
9.363275
9.377525
9.392650
9.417175
9.452075
9.464225
9.486625
9.515725
9.550075
9.560825
9.565425
9.584975
9.591850
9.612375
9.635625
9.648150
9.662150
9.673725
9.696450
9.706300
9.718000
9.724000
9.735275
9.747150
9.778150
9.786475
9.806800
9.813225
9.823175
9.833700
9.837600
9.848100
9.855450
9.871175
9.886950
9.899750
9.906875
9.916800
9.957900
9.970925
9.993975
9.997775
10.008850
10.026575
10.042300
10.054225
10.065175
10.069875
10.085200
10.087850
10.092775
10.106500
10.114350
10.123550
10.131550
10.151850
10.192000
10.211725
10.234700
10.255500
10.268000
10.286450
10.319525
10.349625
10.380300
10.407200
10.420425
10.432225
10.447700
10.457500
10.513650
10.528750
10.571000
10.585300
10.597975
10.638975
10.656225
10.678275
10.702025
10.718650
10.730975
10.742425
10.747050
10.759750
10.778525
10.793100
10.796475
10.816450
10.824525
10.839475
10.854950
10.869250
10.884425
10.904000
10.922325
10.938450
10.949925
10.968000
10.981900
10.990500
11.002375
11.021425
11.032875
11.042900
11.054075
11.060350
11.071725
11.080450
11.084100
11.106875
11.124525
11.143600
11.167400
11.193675
11.201550
11.215975
11.227175
11.235050
11.255350
11.263525
11.288175
11.296525
11.309825
11.319275
11.328875
11.337875
11.369575
11.378825
11.382550
11.393800
11.421625
11.433525
11.462050
11.484625
11.495925
11.510850
11.531825
11.540800
11.548675
11.564500
11.573600
11.592625
11.603975
11.610650
11.627350
11.645950
11.662825
11.689350
11.693425
11.702150
11.715150
11.720775
11.728950
11.744650
11.761600
11.767400
11.779100
11.786250
11.794625
11.811550
11.823000
11.855875
11.878250
11.889800
11.916375
11.922625
11.964525
11.990750
12.009850
12.053600
12.067025
12.084900
12.088775
12.097325
12.101500
12.114525
12.177175
12.229050
12.241175
12.288300
12.322550
12.340775
12.350225
12.353350
12.367000
12.387225
12.406000
12.422025
12.427325
12.437500
12.461050
12.475275
12.516750
12.535400
12.594900
12.635375
12.643850
12.658075
12.680425
12.692900
12.718075
12.848950
12.872875
12.930025
12.939475
12.988150
13.005050
13.028600
13.036175
13.050950
13.086550
13.099025
13.106875
13.119450
13.132950
13.135100
13.145175
13.159225
13.167800
13.179775
13.187600
13.198450
13.227400
13.233725
13.268850
13.284575
13.378075
13.402675
13.414075
13.424725
13.438300
13.450150
13.473275
13.480900
13.491775
13.508725
13.522950
13.536225
13.550325
13.560300
13.588825
13.600450
13.612175
13.623350
13.633350
13.645325
13.650325
13.661250
13.681525
13.699250
13.707450
13.714925
13.716275
13.728250
13.747775
13.760100
13.767375
13.775900
13.791575
13.798450
13.819950
13.857900
13.901625
13.926750
13.968425
13.977800
13.987450
13.999050
14.016500
14.024200
14.036175
14.051500
14.070325
14.088350
14.109375
14.131700
14.143775
14.155875
14.176225
14.209575
14.224975
14.238125
14.260575
14.272200
14.287075
14.312775
14.323200
14.342700
14.362525
14.389950
14.401475
14.433425
14.443225
14.508775
14.520900
14.532025
14.543025
14.553000
14.580575
14.595575
14.608675
14.650125
14.657075
14.665475
14.678750
14.704375
14.715525
14.723725
14.730550
14.741475
14.758250
14.781775
14.820975
14.843400
14.856775
14.867100
14.881575
14.891475
14.899350
14.913475
14.944775
14.951950
14.962625
14.981500
15.000650
15.010175
15.017600
15.027400
15.047175
15.057475
15.081350
15.099150
15.108650
15.145900
15.204025
15.211525
15.226200
15.237525
15.240725
15.249150
15.269825
15.273700
15.284525
15.290825
15.314425
15.322700
15.347450
15.351100
15.363100
15.378825
15.407725
15.428300
15.440375
15.461025
15.483300
15.505675
15.519775
15.547850
15.557175
15.565925
15.588275
15.607475
15.618725
15.644325
15.654875
15.671500
15.694175
15.722475
15.735125
15.753625
15.830475
15.855325
15.877100
15.890775
15.902675
15.924900
15.946850
15.955125
15.968900
15.982600
15.996075
16.006000
16.095750
16.111050
16.150300
16.167550
16.176650
16.199200
16.228200
16.241825
16.251975
16.269675
16.285375
16.289000
16.300525
16.322175
16.328525
16.337400
16.347625
16.380900
16.399750
16.424900
16.435350
16.447100
16.481450
16.501500
16.513325
16.542700
16.556350
16.563025
16.569575
16.583500
16.590925
16.599175
16.608275
16.620250
16.633825
16.652275
16.681300
16.690200
16.700750
16.747175
16.761650
16.787325
16.795675
16.810775
16.824400
16.864050
16.881050
16.934250
16.945625
16.955500
16.973400
16.987075
17.007050
17.031175
17.041600
17.077150
17.089400
17.100900
17.113350
17.124700
17.145550
17.154525
17.169150
17.176575
17.196325
17.208825
17.219625
17.229375
17.234375
17.240150
17.254450
17.266775
17.295575
17.329600
17.347250
17.389050
17.391575
17.400025
17.428600
17.443425
17.457675
17.474200
17.484475
17.508200
17.516550
17.527325
17.559875
17.572675
17.578050
17.591550
17.607625
17.638000
17.654550
17.666200
17.681875
17.708675
17.746100
17.755825
17.761525
17.777775
17.791400
17.810800
17.820925
17.832100
17.875250
17.888575
17.900850
17.907325
17.918750
17.936050
17.967300
17.986750
18.000950
18.020175
18.030275
18.077050
18.100300
18.127325
18.157425
18.179550
18.191725
18.210425
18.222300
18.244800
18.254975
18.264925
18.277400
18.293625
18.316025
18.320150
18.332725
18.336125
18.346200
18.370850
18.378600
18.388100
18.403925
18.416250
18.435100
18.449500
18.463700
18.482200
18.499875
18.509600
18.523125
18.548450
18.560925
18.573925
18.582825
18.605525
18.623775
18.640200
18.656375
18.671800
18.679475
18.714400
18.728525
18.739725
18.764725
18.778925
18.800725
18.805800
18.835425
18.848975
18.858925
18.880450
18.895000
18.906800
18.925125
18.953725
18.972325
18.983525
19.003325
19.026950
19.052500
19.063825
19.105950
19.113650
19.127675
19.135400
19.143975
19.155600
19.167900
19.188525
19.240625
19.254650
19.268525
19.284050
19.299250
19.315600
19.329050
19.336450
19.343950
19.355325
19.363500
19.375225
19.392300
19.417775
19.427575
19.435300
19.449425
19.463500
19.469925
19.486875
19.517550
19.540600
19.558425
19.578675
19.589200
19.599700
19.632550
19.641625
19.657800
19.666475
19.690450
19.696825
19.721025
19.800775
19.809400
19.817475
19.860425
19.873400
19.885450
19.910100
19.928475
19.935550
19.961000
19.972550
19.983050
19.992200
20.006550
20.019150
20.023850
20.032250
20.044450
20.051650
20.061275
20.073025
20.083725
20.103375
20.119275
20.134925
20.144425
20.162250
20.176075
20.197950
20.210975
20.220375
20.242475
20.255775
20.265200
20.295725
20.304825
20.324275
20.341050
20.374475
20.392875
20.416475
20.425400
20.429525
20.437150
20.461700
20.476450
20.501150
20.527375
20.554775
20.571025
20.577775
20.600750
20.608875
20.629150
20.638850
20.663050
20.672975
20.682425
20.689200
20.708050
20.724125
20.731300
20.774275
20.792800
20.800150
20.814550
20.828100
20.866600
20.882325
20.906075
20.924575
20.937300
20.952625
20.987225
20.998475
21.018850
21.025275
21.060625
21.067500
21.083300
21.117100
21.128575
21.174625
21.190175
21.224225
21.235150
21.244775
21.257350
21.300275
21.313500
21.331850
21.363125
21.382850
21.412025
21.421850
21.452500
21.460575
21.495900
21.497475
21.508225
21.522350
21.538550
21.548475
21.551600
21.588925
21.608325
21.631425
21.658525
21.673425
21.682400
21.693575
21.774725
21.795350
21.803750
21.838400
21.844525
21.852675
21.862500
21.878725
21.889900
21.901425
21.930750
21.944150
21.984725
21.995300
22.016550
22.028400
22.038400
22.055200
22.064825
22.078125
22.086050
22.096950
22.110475
22.123925
22.139125
22.149675
22.152700
22.167875
22.170600
22.189525
22.197475
22.234325
22.241125
22.250400
22.269000
22.308600
22.313300
22.338475
22.351325
22.358625
22.375500
22.393125
22.398850
22.407775
22.417600
22.430450
22.470475
22.475575
22.488050
22.490650
22.505425
22.523375
22.536525
22.569400
22.577425
22.592975
22.600425
22.611875
22.636125
22.656900
22.692525
22.704975
22.718350
22.763925
22.765400
22.774975
22.786150
22.792275
22.803775
22.819275
22.824125
22.834525
22.847350
22.867675
22.880175
22.885750
22.897800
22.926625
22.933825
22.957450
22.978850
22.987325
22.995925
23.006650
23.016225
23.028425
23.036725
23.057700
23.069175
23.076650
23.091825
23.112750
23.125425
23.129000
23.139300
23.156625
23.161300
23.179625
23.191400
23.194975
23.234800
23.245425
23.255350
23.287000
23.290500
23.302250
23.326900
23.334425
23.354125
23.364700
23.373850
23.413325
23.427650
23.437075
23.449550
23.459175
23.469175
23.481850
23.498300
23.524425
23.546850
23.559075
23.570250
23.578525
23.599425
23.610700
23.629000
23.642800
23.675900
23.700725
23.727850
23.736775
23.746875
23.788950
23.793925
23.807125
23.818225
23.828475
23.842675
23.852500
23.862525
23.876100
23.886275
23.896650
23.909875
23.922650
23.934850
23.960350
23.971575
23.999675
24.007625
24.016475
24.027325
24.042125
24.092075
24.104700
24.107100
24.129500
24.139100
24.146375
24.148225
24.163825
24.178650
24.186600
24.208675
24.227350
24.236075
24.244950
24.262775
24.272700
24.284850
24.326075
24.378625
24.389000
24.398050
24.403075
24.429700
24.455800
24.473025
24.480125
24.489625
24.504450
24.526650
24.540450
24.552575
24.565550
24.592075
24.604275
24.610100
24.620600
24.632250
24.643250
24.673150
24.681075
24.690025
24.697600
24.708975
24.722175
24.726100
24.736325
24.755700
24.757050
24.764475
24.771800
24.780925
24.800900
24.812175
24.831150
24.854750
24.867175
24.881050
24.894000
24.902075
24.911625
24.925325
24.935300
24.947750
24.956150
24.964900
24.977375
24.991500
25.009400
25.019400
25.027500
25.087100
25.102650
25.108850
25.110125
25.126925
25.139650
25.152525
25.163100
25.172500
25.179975
25.183950
25.226575
25.234375
25.254225
25.265600
25.280300
25.297000
25.307075
25.323975
25.344425
25.354225
25.372325
25.376450
25.382975
25.397625
25.405675
25.415275
25.424025
25.439825
25.453825
25.475800
25.485875
25.505900
25.523900
25.534850
25.546350
25.558975
25.574575
25.583975
25.587400
25.602700
25.614450
25.619150
25.630225
25.641075
25.651675
25.657050
25.676900
25.685650
25.698450
25.710375
25.733500
25.743975
25.766750
25.773725
25.783900
25.798150
25.813275
25.823700
25.840075
25.861550
25.871700
25.893325
25.905825
25.921950
25.942850
25.998525
26.009050
26.020450
26.031550
26.044325
26.055650
26.063475
26.075725
26.090300
26.110400
26.123975
26.139700
26.147550
26.161250
26.172875
26.183875
26.187050
26.216125
26.224375
26.257425
26.261500
26.271700
26.282825
26.303125
26.320675
26.332700
26.347500
26.362025
26.384925
26.395075
26.416450
26.431800
26.441625
26.452425
26.474775
26.486025
26.493850
26.509200
26.526350
26.537875
26.549375
26.562225
26.569025
26.582000
26.593650
26.603600
26.616350
26.627450
26.663725
26.686100
26.696075
26.707950
26.735250
26.757225
26.792700
26.800575
26.816200
26.836325
26.865350
26.906575
26.927700
26.942825
26.946825
27.018450
27.030350
27.062600
27.102975
27.110325
27.119375
27.151325
27.166125
27.176675
27.189950
27.202050
27.218050
27.226075
27.237575
27.240050
27.251475
27.281050
27.283900
27.292325
27.300750
27.311175
27.321600
27.334625
27.351075
27.361175
27.400475
27.405625
27.447475
27.458975
27.466875
27.469450
27.485425
27.503300
27.514575
27.527050
27.540075
27.544300
27.584925
27.591800
27.605075
27.618575
27.656850
27.686200
27.708650
27.745350
27.760450
27.780600
27.800150
27.864150
27.869125
27.886075
27.899725
27.910375
27.920000
27.932275
27.943550
27.946775
27.959100
27.978250
27.993225
28.006125
28.020275
28.035425
28.047125
28.053775
28.067700
28.077400
28.089875
28.110675
28.139625
28.161475
28.186000
28.203775
28.206075
28.217425
28.234000
28.246650
28.259000
28.267900
28.275525
28.280775
28.288775
28.306325
28.314175
28.324900
28.336525
28.345950
28.348600
28.371825
28.392825
28.403200
28.419075
28.427125
28.441800
28.476750
28.484725
28.497525
28.516450
28.536500
28.540200
28.559725
28.565175
28.581025
28.596475
28.599300
28.616650
28.654500
28.676475
28.703350
28.711650
28.726875
28.736550
28.755625
28.768675
28.790275
28.806825
28.816750
28.835575
28.858175
28.879150
28.899400
28.917200
28.922750
28.933275
28.971275
28.983725
28.993450
29.005425
29.025200
29.035975
29.053925
29.058025
29.065675
29.090125
29.097750
29.107725
29.142400
29.163800
29.180000
29.201225
29.221625
29.235950
29.262700
29.272225
29.285925
29.308450
29.321400
29.332650
29.342250
29.353425
29.401300
29.462150
29.516775
29.530125
29.539850
29.562775
29.577600
29.597675
29.616900
29.625675
29.642350
29.649125
29.666700
29.686925
29.698375
29.720025
29.737075
29.752350
29.761625
29.773700
29.784525
29.796450
29.829875
29.862950
29.880850
29.892300
29.952150
29.961400
29.991700
