0.018900
0.266150
0.358575
0.374825
0.440050
0.486475
0.516775
0.770675
0.824475
1.001600
1.265475
1.433225
1.475625
1.716775
1.799950
1.938625
2.414025
2.498550
3.095650
3.124400
3.161975
3.394900
3.505675
3.529150
3.549075
3.577375
3.670675
3.676600
3.858275
3.879425
4.094125
4.487375
4.553775
4.569125
4.763600
4.793650
4.862475
4.882775
4.895900
4.914150
4.933300
4.979625
5.046400
5.103850
5.305625
5.422325
5.496975
5.724075
5.749200
6.219500
6.274650
6.325550
6.573950
6.614675
6.650725
6.665875
6.700475
6.807600
6.908850
7.076575
7.101650
7.220300
7.385475
7.737775
7.790825
7.940325
8.114500
8.420075
8.650025
8.753900
8.779250
8.978600
9.026275
9.230700
9.566025
9.618025
9.634250
9.931225
10.008950
10.091625
10.324750
10.427475
10.657925
10.673000
10.744100
10.896250
11.043350
11.108450
11.136900
11.143025
11.170525
11.194875
11.403100
11.557775
11.579925
11.707325
11.896250
11.926775
11.993050
12.513275
12.678050
12.780750
12.847575
12.955000
13.025200
13.038900
13.102325
13.220350
13.899225
13.934850
13.946550
13.952750
13.972575
14.037025
14.171525
14.402650
14.587425
14.645975
14.672800
14.707300
14.790700
14.793175
14.840575
14.940250
15.125625
15.248775
15.262825
15.299275
15.475075
15.531500
15.610425
15.791225
15.978875
16.095000
16.106150
16.155650
16.426425
16.498075
16.640675
16.725000
16.886775
17.124525
17.188850
17.213875
17.334850
17.466550
17.506175
17.604550
17.615775
17.627425
17.847000
17.959850
18.116600
18.128275
18.310225
18.637500
18.655450
18.737000
18.763075
18.780550
18.936100
19.095725
19.158550
19.338300
19.347550
19.398750
19.700850
19.716925
19.769250
19.786500
19.836875
20.179075
20.201700
20.270850
20.305800
20.587575
20.611450
20.624975
20.663900
20.710925
20.729375
20.818575
20.933000
20.962200
21.020725
21.141225
21.379900
21.642700
21.818650
22.004975
22.110550
22.118500
22.167950
22.205500
22.250250
22.349200
22.363975
22.466300
22.538100
22.873375
22.937975
23.033800
23.067000
23.144725
23.202425
23.278325
23.412175
23.457225
23.496575
23.538275
23.724050
23.730425
23.749450
23.758250
23.767425
23.835475
23.851125
23.912775
23.931875
23.985200
23.998225
24.407125
24.575650
24.720725
24.908125
25.243450
25.462575
25.469300
25.560725
25.891000
25.919700
25.954050
25.959750
26.090875
26.260600
26.437900
26.638175
26.706475
26.754300
26.758375
26.797525
26.815325
26.919300
27.003150
27.059800
27.192125
27.232025
27.522925
27.652750
27.770700
27.854325
27.935450
28.009125
28.171300
28.280350
28.770625
28.902225
28.909100
28.915375
28.921800
28.962550
29.128350
29.147900
29.252525
29.579600
29.701000
29.760900
29.895250
