0.020250
0.048675
0.069975
0.094025
0.112575
0.141000
0.166575
0.193900
0.207675
0.217325
0.223850
0.230950
0.236700
0.242650
0.247650
0.254250
0.261200
0.267350
0.273200
0.282425
0.291325
0.299825
0.307900
0.317675
0.327225
0.335625
0.347400
0.359850
0.376400
0.390750
0.415050
0.441150
0.470375
0.494050
0.519125
0.547525
0.567500
0.584350
0.597725
0.606850
0.613200
0.618725
0.623725
0.627575
0.631150
0.633600
0.637550
0.640550
0.643300
0.650275
0.653400
0.657125
0.662000
0.665250
0.669425
0.673675
0.678575
0.684325
0.689475
0.695600
0.701100
0.705375
0.711300
0.717450
0.723325
0.729175
0.736425
0.743575
0.749025
0.756550
0.761725
0.776775
0.783650
0.789500
0.796200
0.802100
0.810700
0.818000
0.824325
0.832975
0.845525
0.851125
0.858050
0.865250
0.875075
0.891300
0.902675
0.911950
0.921775
0.931525
0.946775
0.956925
0.970725
0.984600
1.002800
1.027375
1.048875
1.072600
1.094250
1.120425
1.145850
1.169400
1.194225
1.219475
1.231100
1.236875
1.243725
1.248475
1.251925
1.257800
1.263550
1.268025
1.271825
1.277475
1.282825
1.290375
1.296925
1.302850
1.310600
1.320625
1.326975
1.334850
1.345125
1.358250
1.365775
1.375525
1.386975
1.404200
1.435225
1.459325
1.490375
1.514525
1.531375
1.551575
1.584475
1.614825
1.639425
1.657475
1.671575
1.681900
1.690200
1.696300
1.702025
1.707725
1.712675
1.717500
1.721875
1.727800
1.733875
1.738675
1.744200
1.750350
1.755075
1.763375
1.771525
1.790725
1.805950
1.828625
1.862775
1.885125
1.912975
1.931275
1.961500
1.978575
2.000125
2.009350
2.023675
2.035725
2.052325
2.065850
2.079025
2.090925
2.102075
2.111600
2.118000
2.126925
2.134100
2.143400
2.153900
2.169450
2.181150
2.192000
2.217075
2.234150
2.264225
2.298250
2.332000
2.357325
2.383475
2.396300
2.408575
2.418175
2.427625
2.440575
2.452125
2.465175
2.475700
2.484050
2.495150
2.510775
2.523550
2.537375
2.550975
2.572250
2.609025
2.640075
2.676025
2.706750
2.728200
2.753075
2.764525
2.773475
2.779750
2.785600
2.795625
2.800650
2.806625
2.812725
2.818100
2.824725
2.832000
2.838250
2.848075
2.856875
2.866500
2.874400
2.881900
2.887975
2.894700
2.902675
2.910400
2.917675
2.927200
2.936750
2.949050
2.958825
2.966975
2.980225
2.992925
3.005350
3.017525
3.034275
3.097700
3.122350
3.163825
3.198150
3.227275
3.244625
3.257950
3.264800
3.271600
3.278450
3.283900
3.290800
3.297200
3.301925
3.307100
3.313250
3.319700
3.325875
3.330850
3.338125
3.344175
3.351075
3.358800
3.365775
3.371175
3.376300
3.381850
3.387550
3.391725
3.398525
3.405625
3.412800
3.419800
3.430175
3.439850
3.446900
3.456175
3.467300
3.481300
3.492725
3.502125
3.512025
3.524100
3.538325
3.556500
3.575950
3.593250
3.611375
3.620150
3.631500
3.642125
3.653175
3.664025
3.675375
3.686875
3.705275
3.733050
3.752125
3.787300
3.815850
3.840150
3.857850
3.888975
3.920400
3.954225
3.968850
3.982525
3.995500
4.003125
4.010475
4.018550
4.025750
4.032575
4.039725
4.048625
4.056125
4.065350
4.074400
4.082625
4.091125
4.100900
4.109900
4.117550
4.126600
4.136750
4.151575
4.160000
4.167975
4.180650
4.188725
4.197975
4.205575
4.218350
4.231700
4.240050
4.249150
4.259000
4.269775
4.279275
4.286900
4.294475
4.302700
4.310625
4.320075
4.329025
4.339275
4.352375
4.364675
4.377950
4.394125
4.425850
4.457025
4.486025
4.512050
4.541275
4.584725
4.617950
4.635650
4.659875
4.667500
4.672825
4.676475
4.680050
4.683675
4.686575
4.689775
4.694300
4.697975
4.702075
4.705475
4.710200
4.714875
4.719550
4.724475
4.731000
4.735150
4.740575
4.748050
4.752200
4.759300
4.764700
4.770575
4.777775
4.782950
4.790025
4.798275
4.805250
4.811700
4.818300
4.824775
4.830700
4.836275
4.841100
4.855025
4.875475
4.889000
4.899725
4.918600
4.932150
4.950325
4.964150
4.987625
5.030850
5.061050
5.099550
5.120075
5.142950
5.166750
5.181325
5.189450
5.193275
5.197675
5.201375
5.204750
5.208025
5.211975
5.215025
5.218750
5.222050
5.226450
5.230175
5.235100
5.239475
5.245225
5.250300
5.255250
5.260550
5.267425
5.272825
5.277625
5.282650
5.288150
5.294350
5.301075
5.306625
5.315125
5.320100
5.327750
5.333600
5.340650
5.346975
5.353300
5.358625
5.373250
5.380375
5.386425
5.392125
5.402725
5.410650
5.416900
5.424350
5.432075
5.440750
5.446475
5.453800
5.460700
5.468400
5.475175
5.485775
5.493200
5.500575
5.507875
5.516775
5.529650
5.547875
5.613725
5.668425
5.701325
5.738125
5.764375
5.795375
5.804450
5.810625
5.823475
5.835050
5.841725
5.849100
5.855250
5.862300
5.869000
5.875400
5.881200
5.888425
5.894300
5.902625
5.913775
5.922650
5.934800
5.941775
5.952775
5.972150
5.988825
6.037475
6.099050
6.125025
6.150125
6.179275
6.201375
6.223525
6.233300
6.242375
6.249900
6.257600
6.263700
6.269100
6.275375
6.280775
6.286850
6.292900
6.300850
6.307050
6.314100
6.320550
6.327575
6.335975
6.344150
6.354750
6.363650
6.373800
6.401900
6.430575
6.467625
6.503925
6.538125
6.565325
6.596775
6.644125
6.681250
6.695300
6.704275
6.713775
6.721050
6.729900
6.736350
6.742375
6.748125
6.755250
6.760525
6.766375
6.772125
6.778025
6.784125
6.791250
6.796975
6.802600
6.811325
6.819550
6.826600
6.835875
6.842825
6.852900
6.867650
6.889100
6.901325
6.915975
6.929200
6.943500
6.967225
6.982425
6.991625
7.005500
7.016550
7.026525
7.040225
7.052350
7.064700
7.077000
7.088100
7.099175
7.113750
7.131225
7.146950
7.159750
7.171575
7.183625
7.195600
7.207475
7.216000
7.228875
7.238025
7.247950
7.261700
7.287975
7.341100
7.375200
7.395500
7.403200
7.411350
7.421000
7.430075
7.437850
7.447975
7.456525
7.466125
7.481000
7.492025
7.504850
7.517275
7.527575
7.536925
7.547775
7.559550
7.569275
7.582000
7.602425
7.622150
7.647875
7.668775
7.687475
7.707975
7.720850
7.728350
7.737275
7.746175
7.753750
7.761925
7.769025
7.778500
7.787525
7.794625
7.807150
7.816475
7.825025
7.834200
7.844675
7.855350
7.868400
7.878800
7.893450
7.910825
7.928175
7.940050
7.951175
7.965700
7.981600
7.996725
8.008575
8.017000
8.024500
8.032500
8.040300
8.047525
8.052950
8.061450
8.069075
8.076875
8.083225
8.090525
8.098875
8.108275
8.119875
8.131725
8.151175
8.168950
8.196175
8.240000
8.268225
8.304325
8.323775
8.342750
8.355375
8.375200
8.386700
8.396925
8.404700
8.412500
8.420600
8.426675
8.433625
8.440125
8.446850
8.454325
8.460675
8.475350
8.482525
8.488750
8.496175
8.505125
8.511625
8.522975
8.540625
8.564650
8.601325
8.645150
8.684125
8.704025
8.724325
8.740400
8.753675
8.761950
8.770625
8.780700
8.787725
8.795975
8.805425
8.814000
8.824000
8.836050
8.848075
8.868600
8.903075
8.919400
8.933725
8.948300
8.958625
8.969825
8.983075
9.000325
9.015700
9.037350
9.065675
9.096550
9.131550
9.174725
9.208775
9.264275
9.291675
9.301400
9.307975
9.312600
9.317950
9.322150
9.328400
9.332575
9.337475
9.344375
9.351550
9.359525
9.365200
9.374300
9.380675
9.389625
9.397325
9.407000
9.413750
9.419950
9.428000
9.436025
9.447725
9.457000
9.467850
9.476450
9.487875
9.499150
9.505675
9.516350
9.541275
9.554200
9.563725
9.578325
9.598200
9.620500
9.644200
9.713325
9.748350
9.775575
9.783400
9.793075
9.796850
9.801275
9.805225
9.810325
9.815375
9.820850
9.833825
9.838175
9.845275
9.851450
9.858250
9.864475
9.872150
9.877950
9.884325
9.890075
9.897275
9.906175
9.912950
9.919975
9.924825
9.931975
9.948675
9.955600
9.971250
9.982650
9.990675
9.998775
10.009575
10.018825
10.032700
10.052750
10.103800
10.131575
10.159525
10.193850
10.224000
10.233200
10.243000
10.252550
10.263000
10.271275
10.282300
10.293025
10.302925
10.312650
10.322475
10.331650
10.343075
10.370225
10.383025
10.400925
10.423575
10.441125
10.455750
10.466150
10.474500
10.484800
10.494875
10.505550
10.515875
10.525025
10.532750
10.545425
10.554175
10.567825
10.585050
10.602125
10.620075
10.635550
10.667375
10.685150
10.704225
10.731275
10.757525
10.782050
10.792825
10.812200
10.847050
10.870650
10.894575
10.917925
10.949200
10.990600
11.048750
11.085925
11.118225
11.147125
11.196375
11.207875
11.214475
11.221450
11.227500
11.231000
11.235050
11.238650
11.242675
11.253525
11.260475
11.264825
11.269050
11.275750
11.282150
11.294750
11.300175
11.306200
11.311175
11.319325
11.324700
11.329725
11.340250
11.346225
11.351850
11.357525
11.371150
11.376375
11.381500
11.388425
11.393175
11.398975
11.404425
11.410325
11.422300
11.427350
11.433650
11.440525
11.447475
11.452575
11.458925
11.463575
11.469825
11.474900
11.479950
11.486325
11.496825
11.502000
11.507125
11.512600
11.518375
11.522750
11.527875
11.533425
11.538200
11.542700
11.548400
11.554350
11.560825
11.566950
11.573050
11.578700
11.584500
11.589000
11.594275
11.605100
11.611600
11.622350
11.630200
11.636375
11.643400
11.648150
11.654575
11.660475
11.672750
11.683825
11.691950
11.697400
11.707900
11.719825
11.733900
11.751725
11.776425
11.797550
11.834275
11.861700
11.902250
11.918525
11.922825
11.929450
11.935225
11.946575
11.955100
11.960250
11.967325
11.972125
11.979500
11.987225
11.998075
12.005600
12.011750
12.019150
12.025750
12.032600
12.037775
12.044025
12.050050
12.056875
12.062475
12.069125
12.076700
12.084775
12.090950
12.101375
12.111200
12.119725
12.124125
12.133425
12.140025
12.149225
12.157325
12.166475
12.176700
12.186425
12.196300
12.214825
12.231425
12.251150
12.309225
12.333075
12.350900
12.362700
12.371250
12.379400
12.386425
12.393675
12.401075
12.409275
12.415425
12.424550
12.434950
12.447000
12.477600
12.512650
12.533625
12.547975
12.567850
12.580475
12.603825
12.647650
12.677125
12.705300
12.741575
12.766825
12.787975
12.797925
12.807400
12.817050
12.824725
12.835050
12.844975
12.857100
12.871850
12.892400
12.926350
12.971025
13.037450
13.086600
13.124375
13.142250
13.150225
13.156025
13.161575
13.166175
13.170600
13.174425
13.180050
13.185100
13.190825
13.198450
13.205025
13.213200
13.219450
13.230625
13.244800
13.277775
13.297525
13.309025
13.324800
13.338925
13.349600
13.360400
13.366100
13.374625
13.383950
13.388025
13.394275
13.399925
13.404850
13.417700
13.424300
13.433450
13.439650
13.448750
13.454925
13.469125
13.483350
13.491275
13.499250
13.516650
13.525875
13.535550
13.549525
13.561825
13.570875
13.581475
13.590100
13.598900
13.618025
13.631350
13.642050
13.653425
13.663300
13.678600
13.705650
13.729475
13.782125
13.800975
13.819475
13.839600
13.858550
13.873725
13.887325
13.907150
13.941475
13.955775
13.965575
13.975850
13.984975
13.994275
14.001900
14.011525
14.021150
14.027375
14.035600
14.043950
14.053100
14.065275
14.080775
14.096425
14.106975
14.118975
14.137525
14.146425
14.157050
14.165500
14.179200
14.200850
14.224925
14.274900
14.319900
14.353575
14.373725
14.389925
14.411725
14.427875
14.448250
14.464950
14.478650
14.495625
14.507750
14.526550
14.543925
14.560150
14.583725
14.600025
14.622300
14.629875
14.638450
14.647175
14.657400
14.670050
14.679200
14.688600
14.697100
14.705150
14.716450
14.726550
14.739050
14.753075
14.768375
14.785525
14.797650
14.812700
14.824500
14.838050
14.864650
14.887300
14.902225
14.912750
14.925375
14.937225
14.959600
15.016850
15.060525
15.117625
15.131625
15.140425
15.148200
15.154525
15.162850
15.169075
15.178350
15.187250
15.195775
15.203275
15.211400
15.219250
15.228600
15.238775
15.250050
15.276550
15.304725
15.322625
15.338200
15.349950
15.363800
15.374150
15.395425
15.414425
15.441775
15.464625
15.490800
15.504850
15.518000
15.526150
15.535100
15.542350
15.550675
15.558250
15.569100
15.578500
15.590225
15.600825
15.614500
15.632500
15.646425
15.660675
15.675375
15.689000
15.699925
15.709300
15.724900
15.739325
15.757150
15.774775
15.802175
15.816200
15.834325
15.861200
15.884850
15.919150
15.947775
15.977825
15.996825
16.024325
16.046475
16.062300
16.072875
16.085775
16.118000
16.148350
16.171050
16.184725
16.198000
16.215975
16.233925
16.253925
16.266425
16.277575
16.287125
16.295600
16.302925
16.311950
16.330000
16.338375
16.355550
16.363825
16.370650
16.377225
16.384925
16.393900
16.454925
16.477150
16.516575
16.584050
16.604925
16.610625
16.614200
16.617350
16.625100
16.629450
16.633425
16.637325
16.641625
16.645750
16.649875
16.654850
16.661100
16.664750
16.669800
16.675625
16.681525
16.688500
16.694625
16.700600
16.706475
16.714000
16.720175
16.727500
16.734850
16.743075
16.750225
16.758300
16.764600
16.779675
16.787950
16.796550
16.802950
16.809200
16.817225
16.828750
16.836750
16.843125
16.851450
16.859700
16.868375
16.871225
16.887775
16.919700
16.956800
16.972975
16.994675
17.012550
17.027075
17.038850
17.049900
17.063400
17.072900
17.082300
17.090400
17.100650
17.110175
17.122175
17.133800
17.147325
17.162475
17.175950
17.189325
17.200700
17.209850
17.216650
17.226200
17.233250
17.241300
17.247575
17.255325
17.263175
17.268350
17.275375
17.282700
17.289575
17.297500
17.306050
17.320525
17.331525
17.343225
17.352675
17.361125
17.379925
17.392950
17.402425
17.413925
17.426375
17.443650
17.524300
17.601450
17.658000
17.673000
17.681325
17.689725
17.695375
17.701700
17.708625
17.715950
17.724500
17.730575
17.738025
17.745825
17.753450
17.762025
17.774075
17.785225
17.796650
17.811575
17.834075
17.851425
17.877175
17.894900
17.920175
18.007925
18.085575
18.106750
18.123075
18.133950
18.142375
18.149375
18.156725
18.164850
18.171825
18.178475
18.187925
18.194775
18.205075
18.212900
18.221400
18.229425
18.244975
18.253150
18.263225
18.271200
18.279800
18.292350
18.302275
18.323400
18.341725
18.366200
18.382875
18.403600
18.429075
18.446350
18.464150
18.488400
18.504750
18.525250
18.539575
18.544725
18.551000
18.573225
18.593525
18.608925
18.621975
18.639075
18.648125
18.660900
18.671575
18.702150
18.773375
18.828200
18.895475
18.919250
18.936700
18.951500
18.960000
18.967850
18.975225
18.982200
18.991750
18.999925
19.006775
19.015650
19.024625
19.034750
19.043750
19.056275
19.066400
19.076700
19.084225
19.095250
19.104325
19.112900
19.122125
19.134300
19.167800
19.186475
19.200975
19.220950
19.250575
19.283325
19.348025
19.414575
19.439050
19.452775
19.463100
19.471850
19.481175
19.488625
19.495125
19.504400
19.509350
19.515300
19.520700
19.529325
19.533950
19.541475
19.547575
19.553500
19.560500
19.567750
19.574950
19.579175
19.590825
19.597175
19.603275
19.610100
19.614950
19.620250
19.625575
19.630575
19.636325
19.641475
19.647575
19.652875
19.658325
19.664400
19.669650
19.673500
19.680700
19.685800
19.705400
19.715575
19.721375
19.726650
19.733200
19.739700
19.745750
19.751200
19.756775
19.762725
19.767675
19.774850
19.780600
19.786700
19.792850
19.798200
19.803075
19.808300
19.814300
19.819325
19.824550
19.830350
19.835575
19.840375
19.846575
19.852450
19.858000
19.863550
19.868075
19.873725
19.879425
19.885225
19.890400
19.895925
19.901525
19.907150
19.913175
19.919250
19.924900
19.930850
19.940350
19.951125
19.959300
19.971225
19.982875
19.997625
20.010075
20.041225
20.080900
20.111125
20.126725
20.131500
20.136125
20.141750
20.145525
20.150600
20.155300
20.162625
20.166175
20.169900
20.175400
20.180650
20.185200
20.189250
20.193450
20.197950
20.201550
20.206525
20.211800
20.217175
20.226675
20.232100
20.236925
20.241300
20.246850
20.251750
20.256150
20.261300
20.266350
20.271375
20.277850
20.282600
20.288775
20.293250
20.298425
20.310650
20.316050
20.321275
20.326700
20.332525
20.337875
20.345175
20.351875
20.358075
20.364700
20.371700
20.377000
20.383625
20.393425
20.402675
20.417275
20.432200
20.461850
20.479275
20.518250
20.555400
20.621400
20.631450
20.637675
20.645400
20.650650
20.655050
20.660375
20.666250
20.672700
20.677875
20.684550
20.691400
20.699200
20.707200
20.721250
20.729350
20.743800
20.760425
20.816700
20.828100
20.837125
20.846425
20.853175
20.859650
20.864875
20.871375
20.877450
20.884575
20.891750
20.898325
20.906175
20.914125
20.920550
20.926550
20.934375
20.942625
20.950400
20.957875
20.978025
21.001775
21.031900
21.047150
21.061350
21.176300
21.239325
21.259525
21.268500
21.278000
21.285775
21.293975
21.303975
21.312150
21.320825
21.333100
21.347200
21.374775
21.431300
21.498525
21.509275
21.520925
21.529600
21.535850
21.541275
21.546950
21.551975
21.557625
21.563150
21.569550
21.575275
21.582700
21.589750
21.598500
21.607575
21.615150
21.624175
21.634675
21.644525
21.661400
21.679600
21.763525
21.795200
21.840025
21.853000
21.863450
21.871475
21.879225
21.884750
21.891300
21.897775
21.903275
21.909375
21.914850
21.919650
21.925675
21.930725
21.934425
21.940000
21.945625
21.951475
21.956550
21.961250
21.967625
21.973050
21.979925
21.986875
21.993500
22.005125
22.025350
22.063600
22.121125
22.135625
22.148325
22.159500
22.166600
22.177125
22.185550
22.195450
22.206850
22.219000
22.229925
22.255550
22.270325
22.293050
22.313225
22.405425
22.443300
22.488225
22.503900
22.515275
22.523800
22.531000
22.537775
22.546600
22.554250
22.567800
22.576150
22.583725
22.592200
22.600675
22.610200
22.620000
22.629100
22.640375
22.658000
22.672525
22.688575
22.697850
22.703575
22.712025
22.718150
22.726575
22.734525
22.742700
22.750975
22.760350
22.778425
22.787900
22.799350
22.808650
22.819975
22.828975
22.838000
22.843875
22.853900
22.862275
22.869325
22.878875
22.889450
22.899950
22.908825
22.919725
22.927900
22.936550
22.946350
22.961025
22.975625
23.025225
23.116675
23.181675
23.192200
23.200550
23.206200
23.211800
23.218550
23.224000
23.230400
23.237850
23.245450
23.251550
23.258850
23.265125
23.272375
23.286950
23.295200
23.301625
23.311100
23.318950
23.329375
23.339425
23.357175
23.378750
23.436475
23.515900
23.545650
23.571200
23.585450
23.590425
23.594750
23.599625
23.602425
23.606750
23.611375
23.617725
23.626925
23.631300
23.637525
23.646075
23.654200
23.658425
23.662775
23.668600
23.674650
23.679975
23.686600
23.692575
23.699100
23.706125
23.711825
23.719650
23.726675
23.734625
23.742350
23.748475
23.756425
23.761100
23.768800
23.775775
23.786600
23.796000
23.811150
23.818150
23.833550
23.855500
23.885250
23.917275
23.956925
23.991175
24.039750
24.057425
24.068375
24.075950
24.083675
24.091875
24.110350
24.119750
24.126775
24.133625
24.142300
24.155250
24.165050
24.178300
24.188325
24.197750
24.206725
24.220050
24.229850
24.238075
24.248325
24.256550
24.267025
24.283325
24.294800
24.317225
24.333825
24.348600
24.375225
24.386825
24.396925
24.408025
24.416800
24.425800
24.437300
24.449525
24.456625
24.467525
24.478100
24.490375
24.501400
24.530925
24.550875
24.579175
24.628275
24.723325
24.876475
24.898550
24.907000
24.915600
24.921600
24.928125
24.932950
24.939850
24.946175
24.953850
24.959475
24.967675
24.978700
24.992800
25.004475
25.022975
25.034950
25.044975
25.054625
25.069925
25.079725
25.097975
25.130350
25.151025
25.165800
25.179200
25.200250
25.216250
25.235975
25.269375
25.283075
25.313000
25.339925
25.361900
25.384775
25.405975
25.465975
25.493975
25.508100
25.519950
25.531925
25.540425
25.557450
25.575500
25.611225
25.630900
25.652650
25.710425
25.737325
25.769300
25.783750
25.795650
25.801475
25.808600
25.815925
25.821325
25.827500
25.833475
25.841675
25.848875
25.854450
25.861775
25.869400
25.876225
25.883550
25.891500
25.897850
25.905200
25.915250
25.922175
25.929150
25.935550
25.943275
25.953350
25.962575
25.974025
25.985100
26.002975
26.014125
26.025175
26.033425
26.042225
26.049750
26.057825
26.067825
26.077700
26.090050
26.117600
26.128325
26.149100
26.166275
26.183225
26.188950
26.201575
26.214625
26.235150
26.274675
26.353325
26.388450
26.423575
26.435225
26.448550
26.456850
26.464225
26.470325
26.476125
26.483650
26.491100
26.498825
26.504050
26.509525
26.517550
26.528300
26.542900
26.549250
26.555175
26.562875
26.569050
26.578050
26.585800
26.594700
26.604475
26.612300
26.620075
26.626925
26.633100
26.639050
26.645600
26.649750
26.654700
26.658600
26.663150
26.668800
26.670100
26.674125
26.680300
26.685175
26.690650
26.695625
26.701400
26.709325
26.713575
26.717725
26.723075
26.727600
26.733425
26.738075
26.743700
26.748675
26.752425
26.758325
26.763600
26.769400
26.773350
26.779875
26.786125
26.791400
26.795925
26.799975
26.805850
26.810975
26.821600
26.826950
26.832900
26.837200
26.842600
26.848675
26.853200
26.857350
26.861700
26.868075
26.873525
26.878750
26.884325
26.889150
26.893950
26.900500
26.912450
26.918150
26.924000
26.931625
26.937550
26.943050
26.949050
26.955650
26.961800
26.970425
26.977650
26.999150
27.011550
27.027500
27.087450
27.147550
27.204875
27.220900
27.228275
27.235750
27.242100
27.250700
27.256000
27.263025
27.269550
27.284150
27.292675
27.308375
27.316200
27.325850
27.342100
27.356300
27.370300
27.419925
27.447050
27.500975
27.517800
27.529025
27.538100
27.545650
27.551650
27.559375
27.563250
27.571300
27.579550
27.584800
27.592625
27.607550
27.618450
27.630225
27.641325
27.650600
27.659650
27.675400
27.699575
27.741500
27.787350
27.867850
27.907750
27.917350
27.922975
27.927975
27.932675
27.935625
27.939800
27.943600
27.947275
27.951800
27.956025
27.960525
27.966250
27.971675
27.976250
27.981175
27.988100
27.996750
28.005025
28.013425
28.024175
28.036925
28.047800
28.060675
28.075900
28.090200
28.167025
28.189100
28.201600
28.218800
28.234550
28.244500
28.254225
28.263525
28.272400
28.281350
28.295400
28.314375
28.443575
28.491275
28.513000
28.524075
28.536575
28.547425
28.554625
28.563325
28.571675
28.586950
28.603600
28.621700
28.657250
28.713525
28.748050
28.763775
28.772925
28.780450
28.788775
28.796775
28.803025
28.813650
28.824200
28.853950
28.877475
28.899825
28.906650
28.911825
28.916375
28.920475
28.924900
28.929500
28.934950
28.940325
28.944850
28.950750
28.956500
28.963725
28.969475
28.976075
28.982500
28.989900
28.995800
29.004050
29.010125
29.016975
29.023375
29.030550
29.037200
29.045975
29.051625
29.057825
29.063425
29.070475
29.076675
29.082825
29.090375
29.095225
29.102425
29.109825
29.116825
29.124675
29.132600
29.141725
29.149475
29.172800
29.185825
29.194300
29.206175
29.250700
29.348550
29.409075
29.430275
29.438775
29.446300
29.454450
29.463625
29.469525
29.475000
29.482975
29.488925
29.497875
29.510025
29.522075
29.535525
29.549700
29.569750
29.602050
29.626450
29.648500
29.664600
29.687100
29.707150
29.727750
29.736375
29.747475
29.765825
29.890525
29.947000
29.981975
29.994850
