0.023725
0.089725
0.143850
0.185975
0.222325
0.237725
0.251275
0.265525
0.282750
0.295150
0.313450
0.331800
0.350375
0.367075
0.394250
0.424550
0.461175
0.495675
0.537750
0.550100
0.568325
0.583775
0.596025
0.657325
0.674075
0.690375
0.713850
0.754450
0.776750
0.830975
0.854475
0.889875
0.951475
0.980425
1.012675
1.048050
1.123325
1.142900
1.171775
1.176250
1.184250
1.193450
1.226100
1.239575
1.251300
1.272650
1.309125
1.325850
1.343550
1.360850
1.376850
1.389175
1.398250
1.405125
1.412650
1.418075
1.425225
1.432350
1.438450
1.443000
1.447850
1.452175
1.455125
1.462550
1.478575
1.483050
1.488700
1.492500
1.499150
1.504850
1.511150
1.516275
1.523975
1.534475
1.541625
1.591900
1.607975
1.624975
1.640300
1.662700
1.674750
1.690850
1.719800
1.746650
1.755900
1.762875
1.772050
1.776175
1.781775
1.784850
1.790775
1.795675
1.798725
1.803275
1.809875
1.813325
1.817775
1.822325
1.827950
1.832725
1.836475
1.845325
1.850725
1.855875
1.862025
1.866800
1.874575
1.883825
1.891950
1.899525
1.918950
1.932350
1.943625
1.956775
1.971875
1.987500
2.006500
2.016925
2.032450
2.046650
2.089500
2.114525
2.152875
2.168100
2.184350
2.214700
2.243500
2.263425
2.280400
2.293525
2.332225
2.343200
2.347400
2.354675
2.359275
2.365350
2.371900
2.375900
2.382625
2.386475
2.395850
2.400750
2.409550
2.413250
2.421075
2.425575
2.437025
2.441475
2.451525
2.458900
2.465375
2.472875
2.477750
2.484025
2.491375
2.497675
2.504475
2.511000
2.517325
2.527725
2.535125
2.542900
2.552850
2.564025
2.574275
2.586475
2.614875
2.625125
2.636950
2.653225
2.662650
2.672600
2.685325
2.699050
2.710725
2.723250
2.739700
2.768250
2.805750
2.831725
2.848600
2.869625
2.889275
2.903725
2.935525
2.946725
2.954825
2.970550
2.975850
2.979400
2.986275
2.989700
2.992075
2.995475
3.003425
3.007550
3.011800
3.020425
3.023925
3.029225
3.032800
3.037250
3.044875
3.051200
3.060700
3.065950
3.071375
3.081300
3.086525
3.092950
3.106725
3.115925
3.132775
3.143425
3.168500
3.181700
3.194325
3.206525
3.220200
3.231750
3.239800
3.249075
3.260625
3.273825
3.298100
3.307975
3.321075
3.332000
3.349200
3.367600
3.384725
3.396000
3.407725
3.434025
3.448900
3.456125
3.461975
3.466275
3.469500
3.473725
3.481625
3.493175
3.497575
3.501225
3.506025
3.514625
3.517525
3.521675
3.526450
3.529750
3.533175
3.539450
3.554750
3.560150
3.565700
3.574775
3.579375
3.585675
3.590725
3.595200
3.607225
3.617250
3.621525
3.625875
3.629700
3.634600
3.646200
3.651750
3.656725
3.662200
3.667200
3.671300
3.675750
3.683750
3.687150
3.692825
3.697950
3.701875
3.706725
3.714775
3.718600
3.729575
3.732975
3.746850
3.752775
3.768175
3.773975
3.780650
3.792100
3.799225
3.804725
3.810475
3.822925
3.833250
3.844875
3.852200
3.861650
3.869800
3.883375
3.893750
3.908925
3.926300
3.941125
3.948200
3.972975
3.992950
4.005850
4.026625
4.040150
4.049200
4.060275
4.075350
4.091175
4.111375
4.114950
4.125150
4.127675
4.131175
4.136425
4.139575
4.146350
4.150950
4.158725
4.172100
4.175225
4.179650
4.187125
4.198600
4.202375
4.206375
4.209425
4.214775
4.223125
4.236350
4.241350
4.243825
4.249425
4.254200
4.261825
4.267500
4.282550
4.286300
4.294650
4.298025
4.301800
4.310050
4.315125
4.324350
4.332650
4.336750
4.340825
4.345450
4.351550
4.356525
4.365000
4.390425
4.393575
4.399375
4.412100
4.421400
4.424725
4.427250
4.432275
4.438550
4.441175
4.445150
4.449125
4.452650
4.455775
4.461475
4.480850
4.483625
4.488250
4.507625
4.514275
4.523800
4.528050
4.532325
4.540250
4.545925
4.552275
4.561750
4.570825
4.575975
4.585450
4.589650
4.599150
4.609700
4.618925
4.623550
4.651650
4.668525
4.685000
4.694125
4.700525
4.726425
4.730675
4.737225
4.749325
4.765575
4.771750
4.778325
4.790475
4.795225
4.813475
4.823000
4.836050
4.839550
4.851900
4.859075
4.865425
4.871900
4.885700
4.890450
4.904500
4.908025
4.914225
4.924950
4.937300
4.941975
4.947925
4.952900
4.957850
4.972475
4.996825
5.002450
5.011575
5.036475
5.042825
5.054750
5.064750
5.098850
5.117450
5.132250
5.147575
5.171150
5.214350
5.236425
5.262900
5.276350
5.285675
5.291575
5.304250
5.311425
5.316475
5.323125
5.326350
5.344275
5.350375
5.359475
5.369875
5.382250
5.394850
5.413825
5.440625
5.450575
5.466100
5.482725
5.498400
5.509175
5.533850
5.551575
5.569825
5.575400
5.579900
5.585075
5.589600
5.599350
5.604350
5.607825
5.613575
5.618300
5.624675
5.629950
5.635975
5.644125
5.651575
5.662500
5.673825
5.688225
5.700650
5.717850
5.734325
5.752600
5.767925
5.787950
5.803350
5.824625
5.830875
5.840525
5.843800
5.848325
5.855100
5.858750
5.865825
5.868550
5.873300
5.877725
5.881500
5.884300
5.889575
5.894600
5.903225
5.908875
5.914775
5.920150
5.925800
5.932250
5.937875
5.955675
5.964975
6.001700
6.021800
6.033025
6.039675
6.043750
6.048275
6.051625
6.059125
6.062375
6.065700
6.070350
6.074025
6.081150
6.084950
6.104075
6.112700
6.127875
6.133050
6.147400
6.160650
6.171025
6.185050
6.198775
6.235825
6.268125
6.315150
6.332350
6.345675
6.365525
6.379225
6.393900
6.403475
6.409225
6.416100
6.438800
6.442975
6.452800
6.456050
6.460500
6.469700
6.484850
6.489375
6.492975
6.512775
6.523950
6.533600
6.544450
6.557625
6.571725
6.587475
6.604525
6.621425
6.640400
6.662225
6.674825
6.698725
6.714175
6.721675
6.738050
6.755250
6.763200
6.767525
6.770425
6.788700
6.792775
6.822575
6.827875
6.831175
6.834025
6.836425
6.841850
6.870225
6.875600
6.882675
6.893675
6.906700
6.910325
6.914025
6.917025
6.919600
6.926250
6.935375
6.941775
6.957350
6.971350
6.975175
6.994225
7.000500
7.017700
7.033275
7.036700
7.064600
7.070050
7.079275
7.090300
7.095225
7.103950
7.107825
7.114800
7.117675
7.128525
7.131675
7.138850
7.155425
7.178050
7.182250
7.195250
7.200650
7.213050
7.223225
7.228150
7.233000
7.237950
7.243050
7.248375
7.252125
7.257425
7.268325
7.280050
7.289225
7.295625
7.301875
7.307925
7.324875
7.340325
7.360800
7.372975
7.389650
7.407475
7.424525
7.444025
7.459125
7.485200
7.503650
7.521800
7.556050
7.580700
7.591675
7.601100
7.606975
7.621275
7.625575
7.634075
7.637975
7.641400
7.648200
7.652700
7.655750
7.667000
7.683125
7.699600
7.705975
7.727175
7.739700
7.770450
7.784950
7.817500
7.840950
7.860300
7.875075
7.888375
7.897350
7.904375
7.908925
7.917225
7.924800
7.929975
7.933975
7.937100
7.942150
7.948925
7.952550
7.956625
7.962975
7.968025
7.972525
7.978900
7.985075
7.991800
7.999350
8.017000
8.026625
8.034500
8.050725
8.067025
8.083875
8.104750
8.124525
8.143475
8.158450
8.168650
8.177525
8.185000
8.189050
8.194900
8.201675
8.206350
8.227150
8.229850
8.236475
8.248800
8.256650
8.271250
8.283800
8.297075
8.305250
8.318975
8.327800
8.344275
8.363175
8.399550
8.429950
8.445575
8.458400
8.473075
8.486400
8.501150
8.511300
8.515075
8.518675
8.523025
8.530875
8.537000
8.542325
8.546475
8.554200
8.558050
8.583500
8.595150
8.611875
8.627825
8.641675
8.660425
8.703275
8.728275
8.762625
8.776975
8.794000
8.807525
8.815825
8.821100
8.826575
8.831475
8.844200
8.852600
8.857125
8.861475
8.865750
8.870100
8.885650
8.890875
8.896575
8.902100
8.912975
8.952375
8.963700
8.975325
8.981900
9.003125
9.032875
9.052700
9.094875
9.118825
9.132775
9.149600
9.169925
9.186600
9.203700
9.215225
9.227950
9.235475
9.246875
9.253125
9.266400
9.272400
9.276850
9.284950
9.289625
9.296550
9.301925
9.307850
9.313775
9.322250
9.333875
9.351125
9.361725
9.380300
9.397500
9.421875
9.452525
9.477350
9.496750
9.529200
9.544050
9.567425
9.573075
9.577400
9.582025
9.590425
9.594450
9.603425
9.616875
9.622250
9.639750
9.644150
9.653150
9.656750
9.669550
9.676950
9.693850
9.699175
9.704000
9.713400
9.717875
9.724100
9.727250
9.733175
9.736725
9.740025
9.746650
9.754500
9.760475
9.764475
9.778925
9.782850
9.788825
9.812450
9.822800
9.842475
9.849875
9.856800
9.867300
9.901350
9.935000
9.948475
9.959600
9.972050
9.994300
10.013875
10.030550
10.047425
10.068775
10.088450
10.105575
10.116775
10.128450
10.134425
10.138400
10.150475
10.156350
10.161275
10.182300
10.191675
10.195700
10.206575
10.210875
10.220675
10.227000
10.232450
10.247950
10.255900
10.264325
10.286400
10.301300
10.311750
10.324650
10.341575
10.395575
10.403350
10.408500
10.421775
10.437475
10.444175
10.460450
10.463800
10.467700
10.478800
10.481800
10.484150
10.491825
10.513350
10.521400
10.525300
10.528025
10.535050
10.542925
10.547875
10.551225
10.553875
10.568275
10.575125
10.582400
10.585775
10.590000
10.625225
10.633225
10.640175
10.644000
10.664825
10.684475
10.693000
10.699450
10.705800
10.716000
10.731575
10.738150
10.746050
10.754775
10.781075
10.814675
10.832325
10.872600
10.895250
10.928175
10.993325
11.002075
11.006900
11.016350
11.022025
11.029400
11.032500
11.035700
11.043575
11.046425
11.053900
11.068750
11.093850
11.098500
11.108475
11.113350
11.156275
11.200925
11.219625
11.247550
11.259900
11.273650
11.276375
11.289075
11.292450
11.299125
11.304075
11.312575
11.317200
11.322375
11.331450
11.340100
11.344650
11.357025
11.362375
11.367775
11.372075
11.381100
11.387600
11.399800
11.407250
11.410900
11.416775
11.432950
11.441050
11.449825
11.455325
11.467125
11.479650
11.486375
11.497400
11.508525
11.517300
11.529125
11.531900
11.553100
11.563775
11.591175
11.602700
11.615800
11.639075
11.653475
11.688375
11.704400
11.721925
11.753950
11.781350
11.791225
11.813075
11.829075
11.848450
11.869600
11.886025
11.898300
11.913675
11.921850
11.931500
11.937200
11.941550
11.944825
11.960825
11.972325
11.988250
11.998425
12.024150
12.047875
12.068200
12.089725
12.144875
12.154575
12.157375
12.162075
12.165100
12.168425
12.179425
12.183025
12.187775
12.190950
12.196825
12.203025
12.217425
12.225300
12.233600
12.239375
12.255050
12.299475
12.309675
12.328225
12.333375
12.343150
12.354725
12.358275
12.363775
12.370225
12.372675
12.382150
12.393850
12.403575
12.409375
12.413125
12.432375
12.441950
12.445525
12.465375
12.469400
12.473175
12.477725
12.480850
12.485075
12.489375
12.493225
12.497400
12.504875
12.522825
12.530775
12.535025
12.538525
12.551025
12.554800
12.563550
12.568700
12.577150
12.618525
12.621850
12.625825
12.656975
12.666050
12.682550
12.686400
12.702100
12.714125
12.720275
12.742600
12.756525
12.765925
12.776750
12.781875
12.793150
12.800300
12.813025
12.821700
12.880700
12.898875
12.914550
12.977000
12.989750
12.996600
13.010900
13.016000
13.020550
13.027975
13.035450
13.054950
13.063300
13.067500
13.071025
13.075850
13.082500
13.086725
13.099875
13.111750
13.115075
13.153000
13.165325
13.189450
13.211925
13.253300
13.286075
13.304125
13.320750
13.330125
13.343800
13.360375
13.421925
13.451350
13.468875
13.486400
13.496950
13.538700
13.568700
13.586125
13.599475
13.612950
13.648150
13.670350
13.690300
13.708425
13.756775
13.775675
13.797450
13.815050
13.829875
13.839725
13.850325
13.880450
13.892125
13.898975
13.916000
13.923850
13.938900
13.950050
13.975250
13.990825
14.005650
14.033225
14.055750
14.074975
14.097800
14.112500
14.117325
14.124325
14.134675
14.143925
14.153900
14.162150
14.166750
14.175200
14.181600
14.194575
14.205675
14.213200
14.232225
14.247625
14.259800
14.281950
14.295800
14.316575
14.333800
14.354000
14.373100
14.397150
14.423375
14.441800
14.448625
14.455875
14.460575
14.471450
14.475575
14.481500
14.486000
14.491850
14.496575
14.528475
14.568250
14.580925
14.583750
14.601500
14.618475
14.640200
14.663775
14.677800
14.701100
14.717225
14.728975
14.743525
14.749075
14.760000
14.769975
14.783025
14.788550
14.792425
14.797900
14.809125
14.815325
14.822250
14.836150
14.842550
14.856850
14.880475
14.922400
14.939300
14.959375
14.974675
14.994850
15.012325
15.029850
15.039450
15.046000
15.052100
15.061525
15.068775
15.080525
15.084650
15.088925
15.098225
15.108525
15.121925
15.127300
15.142050
15.153675
15.164450
15.177675
15.192150
15.220625
15.239775
15.257375
15.283600
15.309500
15.327175
15.342900
15.360975
15.367575
15.372325
15.377275
15.383625
15.394700
15.398825
15.404350
15.410475
15.414775
15.425250
15.437550
15.444900
15.460100
15.469500
15.484275
15.511600
15.530100
15.546250
15.566900
15.587775
15.607800
15.619350
15.638075
15.656300
15.677925
15.696700
15.709475
15.738875
15.757350
15.762900
15.769000
15.775650
15.782100
15.801275
15.821000
15.836750
15.855850
15.871325
15.890825
15.913100
15.921550
15.935175
15.956325
15.971950
15.990250
16.015750
16.043425
16.069275
16.087650
16.112750
16.136125
16.179825
16.198225
16.220775
16.256350
16.286075
16.339250
16.352275
16.360875
16.369175
16.375300
16.380475
16.392525
16.398450
16.403600
16.408250
16.413300
16.417825
16.423075
16.429250
16.442050
16.448950
16.456475
16.465675
16.492075
16.502325
16.516300
16.530450
16.541075
16.551200
16.569700
16.580975
16.589800
16.596425
16.606450
16.622050
16.634550
16.642275
16.650400
16.657425
16.669175
16.682225
16.708100
16.720075
16.731500
16.745200
16.758600
16.769450
16.788250
16.803675
16.834525
16.856575
16.869300
16.885675
16.900375
16.926400
16.940350
16.949450
17.029450
17.052450
17.076875
17.116700
17.135950
17.156575
17.188700
17.208300
17.230675
17.243475
17.249600
17.256350
17.271475
17.279075
17.284050
17.288950
17.294825
17.299700
17.305000
17.313500
17.318125
17.323175
17.328900
17.333875
17.338450
17.343075
17.349875
17.355750
17.365950
17.377250
17.390425
17.396025
17.400600
17.413000
17.419525
17.433450
17.445000
17.453875
17.460800
17.466050
17.474300
17.490150
17.506600
17.517400
17.529100
17.539225
17.575200
17.616700
17.640025
17.659325
17.690875
17.711925
17.727375
17.751275
17.770500
17.795200
17.814250
17.833775
17.853225
17.878950
17.912775
17.926150
17.932850
17.940700
17.948825
17.956400
17.966175
17.975025
17.985575
17.998900
18.019950
18.064150
18.082200
18.114925
18.133050
18.200900
18.229300
18.235425
18.242175
18.248475
18.253175
18.257325
18.263000
18.279450
18.284400
18.289925
18.296650
18.300600
18.307875
18.315550
18.321150
18.333700
18.343175
18.353000
18.365850
18.381050
18.406475
18.420350
18.439175
18.459275
18.479175
18.496800
18.525900
18.546675
18.563275
18.580325
18.591900
18.604175
18.620700
18.637200
18.652275
18.669925
18.686850
18.712000
18.734175
18.754475
18.777800
18.803825
18.827275
18.850425
18.873050
18.885800
18.893725
18.902900
18.913600
18.921450
18.929375
18.938900
18.961775
18.971650
18.980750
18.990275
19.007325
19.021475
19.033200
19.045575
19.059900
19.085825
19.097825
19.121125
19.134425
19.148900
19.170650
19.184475
19.203500
19.245025
19.258925
19.267675
19.300125
19.337475
19.368525
19.383600
19.409600
19.428525
19.459600
19.487325
19.512500
19.540875
19.563875
19.576050
19.590500
19.616750
19.657725
19.667450
19.672125
19.679275
19.685200
19.690250
19.694725
19.699950
19.703075
19.721075
19.726900
19.738075
19.746925
19.753450
19.759250
19.768300
19.775200
19.791850
19.799950
19.814725
19.822050
19.831675
19.838625
19.843150
19.850550
19.857025
19.862425
19.874125
19.886700
19.893575
19.897950
19.904175
19.908950
19.920975
19.929000
19.937550
19.954425
19.993700
20.004125
20.012600
20.031600
20.045550
20.056775
20.067600
20.078975
20.090775
20.102575
20.129400
20.140375
20.154575
20.187300
20.205275
20.217075
20.229250
20.253150
20.274250
20.289150
20.301850
20.336950
20.357875
20.375100
20.390350
20.400550
20.406575
20.413100
20.419675
20.427325
20.432150
20.437350
20.444475
20.451075
20.459925
20.465300
20.474900
20.482950
20.490700
20.499425
20.521500
20.532700
20.544875
20.558950
20.577550
20.599225
20.616850
20.635750
20.653925
20.669175
20.683750
20.702600
20.714525
20.721775
20.731875
20.746600
20.751800
20.758175
20.764075
20.769650
20.772700
20.777025
20.780450
20.784450
20.788375
20.795325
20.800675
20.805650
20.812825
20.816925
20.820800
20.824475
20.831075
20.844425
20.851100
20.860175
20.867725
20.875700
20.882025
20.889125
20.901600
20.913375
20.928250
20.939900
20.951875
20.964975
20.974750
20.986725
21.000450
21.015800
21.036500
21.045900
21.072150
21.082550
21.100025
21.113850
21.143875
21.162350
21.177750
21.192925
21.206900
21.228200
21.249375
21.265200
21.283575
21.291475
21.296700
21.301750
21.310025
21.314900
21.320400
21.325050
21.329150
21.332700
21.337500
21.344675
21.350875
21.361275
21.369400
21.377675
21.384975
21.392550
21.401025
21.409925
21.416825
21.423600
21.442750
21.452850
21.464000
21.474350
21.486825
21.496850
21.509075
21.523050
21.535150
21.549475
21.571800
21.590725
21.605350
21.618150
21.640625
21.656625
21.674350
21.689750
21.701550
21.718375
21.731100
21.743050
21.754025
21.759050
21.765225
21.772075
21.784175
21.794725
21.798275
21.806675
21.819950
21.825075
21.835450
21.842200
21.853425
21.865300
21.877075
21.889325
21.905925
21.931575
21.945175
21.958075
21.972275
21.986075
22.000400
22.015100
22.041475
22.054650
22.074200
22.088300
22.099500
22.111675
22.115450
22.122300
22.132200
22.136525
22.140650
22.149500
22.155375
22.160025
22.164425
22.168725
22.172025
22.178150
22.183500
22.188000
22.192900
22.198975
22.208875
22.217425
22.227250
22.232825
22.242900
22.257500
22.261375
22.275800
22.284325
22.291100
22.300125
22.308150
22.316125
22.322250
22.334025
22.349800
22.364350
22.380350
22.411900
22.426675
22.441500
22.458300
22.474375
22.483725
22.501475
22.532725
22.562850
22.580225
22.598150
22.613150
22.641025
22.656000
22.669250
22.683100
22.691425
22.722325
22.737325
22.746875
22.753975
22.762250
22.768250
22.775100
22.781350
22.787000
22.794000
22.807450
22.812375
22.817850
22.825125
22.831375
22.837800
22.845500
22.857300
22.873375
22.883375
22.907575
22.927550
22.932550
22.940675
22.947900
22.955850
22.968025
22.988500
22.997350
23.022575
23.031175
23.048850
23.058375
23.073025
23.086000
23.104850
23.125900
23.142575
23.159975
23.178200
23.196925
23.214875
23.228575
23.237800
23.247225
23.257850
23.264325
23.302275
23.308900
23.320400
23.325550
23.332650
23.339700
23.345225
23.353325
23.360775
23.379250
23.394725
23.403475
23.415350
23.430800
23.446550
23.457875
23.466075
23.474650
23.485450
23.510600
23.524225
23.538325
23.553425
23.571275
23.608775
23.632450
23.645800
23.659625
23.676525
23.699775
23.719125
23.732400
23.748475
23.765975
23.783400
23.801200
23.820500
23.838450
23.887400
23.904675
23.920800
23.943225
23.952200
23.974900
23.981475
23.998300
24.002650
24.006125
24.018750
24.022875
24.026400
24.034800
24.042575
24.046600
24.050100
24.055050
24.062950
24.072000
24.085925
24.090925
24.103875
24.110975
24.117400
24.123750
24.147525
24.160050
24.174825
24.189100
24.203625
24.221825
24.238075
24.262375
24.279050
24.299900
24.325375
24.350500
24.374075
24.393825
24.412000
24.429450
24.477050
24.483875
24.490575
24.505550
24.508500
24.515275
24.519950
24.526175
24.530150
24.534425
24.538125
24.542725
24.549775
24.554900
24.559550
24.562825
24.570900
24.581200
24.592525
24.597400
24.602800
24.609200
24.616050
24.623200
24.636375
24.645250
24.659550
24.672925
24.685425
24.697575
24.709825
24.725200
24.739850
24.752025
24.765175
24.781700
24.790975
24.798500
24.812750
24.824000
24.833175
24.842025
24.860600
24.874175
24.886575
24.900625
24.912875
24.928600
24.946150
24.958825
24.976175
24.987650
25.007950
25.034350
25.053925
25.076575
25.097900
25.127475
25.151850
25.162275
25.173575
25.182775
25.204025
25.208375
25.216350
25.222400
25.226725
25.231550
25.241825
25.251875
25.257950
25.262075
25.271525
25.275925
25.280200
25.284550
25.291675
25.297525
25.301175
25.317050
25.334750
25.347800
25.358400
25.375100
25.404350
25.419400
25.437175
25.454375
25.472025
25.493725
25.515000
25.530450
25.545825
25.566175
25.582925
25.599400
25.615875
25.631050
25.654725
25.695900
25.701575
25.706000
25.717875
25.722800
25.727275
25.731000
25.737450
25.746550
25.755100
25.761450
25.763400
25.767650
25.777650
25.782000
25.786600
25.791575
25.797600
25.805850
25.809900
25.814050
25.819375
25.823550
25.827975
25.833250
25.837650
25.841825
25.847725
25.850475
25.854950
25.865300
25.869350
25.874200
25.879225
25.885450
25.891625
25.897175
25.901900
25.909500
25.923575
25.933450
25.942450
25.953700
25.966575
25.975275
25.991075
26.004875
26.030625
26.047775
26.061225
26.078000
26.094400
26.111375
26.128800
26.150300
26.169200
26.189100
26.216425
26.221950
26.232725
26.238100
26.242975
26.250375
26.255450
26.259975
26.279450
26.283700
26.287325
26.291900
26.296600
26.301150
26.305500
26.310675
26.319000
26.328175
26.336950
26.343325
26.349825
26.356600
26.361900
26.370550
26.378025
26.391875
26.402100
26.416875
26.436125
26.449100
26.465750
26.491650
26.503375
26.511750
26.542550
26.564225
26.581825
26.592800
26.611850
26.625750
26.637475
26.657625
26.683450
26.695125
26.699550
26.711400
26.716600
26.724150
26.728025
26.730900
26.740975
26.763050
26.772125
26.780500
26.789100
26.798575
26.808575
26.836725
26.854775
26.872100
26.888075
26.911325
26.921925
26.932625
26.945475
26.955100
26.995775
27.001475
27.021125
27.032425
27.039450
27.047200
27.052550
27.057800
27.062650
27.068600
27.076150
27.080775
27.085600
27.090250
27.102500
27.108225
27.115025
27.120475
27.129050
27.134875
27.140750
27.145650
27.151500
27.165300
27.172350
27.178625
27.184000
27.190925
27.198500
27.202375
27.219550
27.222600
27.230975
27.243075
27.253075
27.268900
27.273525
27.282900
27.290700
27.292825
27.294925
27.313800
27.321625
27.327425
27.333050
27.351525
27.353700
27.360875
27.368325
27.375925
27.392475
27.396725
27.399675
27.402475
27.405975
27.409100
27.415300
27.418025
27.435925
27.449975
27.462100
27.466675
27.490650
27.495625
27.514550
27.517650
27.522825
27.526550
27.529675
27.542575
27.552675
27.572750
27.576275
27.583800
27.606950
27.613675
27.646825
27.673050
27.678350
27.686275
27.690350
27.697000
27.704175
27.725525
27.731375
27.749200
27.758300
27.775000
27.810650
27.820450
27.838775
27.857450
27.904575
27.916875
27.934350
27.946375
27.962000
27.979500
27.991925
28.002250
28.029800
28.040625
28.056125
28.070250
28.079925
28.094725
28.109025
28.135300
28.150825
28.178500
28.230725
28.240500
28.252800
28.258600
28.263100
28.269375
28.273750
28.281300
28.284225
28.291350
28.294275
28.307275
28.312575
28.320675
28.325475
28.332475
28.356525
28.371125
28.386175
28.400375
28.417800
28.431650
28.450925
28.469950
28.490750
28.507375
28.514575
28.518400
28.521675
28.529975
28.532625
28.535650
28.542550
28.545800
28.552700
28.555725
28.565250
28.580575
28.605225
28.613800
28.617100
28.619625
28.629500
28.636550
28.638675
28.658825
28.674250
28.688875
28.711525
28.715000
28.718500
28.721950
28.725500
28.730775
28.733075
28.736650
28.743600
28.746450
28.749350
28.751575
28.811200
28.824600
28.831150
28.843375
28.852675
28.876825
28.880500
28.885050
28.898000
28.900775
28.905875
28.910950
28.918875
28.927450
28.933000
28.935450
28.985475
29.000400
29.011475
29.033425
29.040075
29.072975
29.095800
29.179775
29.199775
29.218825
29.232625
29.243200
29.249025
29.256000
29.281075
29.284275
29.290375
29.297675
29.301975
29.311875
29.317100
29.327800
29.332650
29.336600
29.340375
29.345875
29.363375
29.369800
29.377275
29.381500
29.387050
29.398625
29.409700
29.417775
29.431250
29.438675
29.449075
29.474400
29.485725
29.494800
29.498250
29.508575
29.515150
29.544450
29.557475
29.580850
29.589125
29.598175
29.611850
29.647725
29.670150
29.709425
29.733300
29.743600
29.754475
29.761350
29.766000
29.771200
29.778250
29.780925
29.789100
29.796200
29.821950
29.826050
29.838050
29.855225
29.870600
29.892100
29.916625
29.919450
29.930900
29.935150
29.938750
29.944975
29.951325
29.977175
29.986350
29.994950
