0.043325
0.065625
0.094875
0.122475
0.148275
0.172625
0.200825
0.231925
0.248475
0.280725
0.316050
0.345425
0.385025
0.422000
0.449275
0.478725
0.496150
0.515475
0.545775
0.568850
0.593175
0.642675
0.671050
0.702725
0.715325
0.745775
0.823375
0.851800
0.879850
1.001875
1.083650
1.135950
1.173175
1.198225
1.223525
1.249050
1.295875
1.355025
1.444700
1.464075
1.481225
1.512700
1.530250
1.553175
1.586750
1.597750
1.620825
1.646325
1.680700
1.702875
1.768300
2.002050
2.047700
2.075050
2.097700
2.117975
2.132825
2.196400
2.220225
2.246350
2.260900
2.283350
2.457375
2.570975
2.695150
2.742000
2.777800
2.815525
2.826550
2.843825
2.910800
3.080425
3.146025
3.178875
3.227750
3.247675
3.262600
3.331825
3.351100
3.403500
3.452150
3.469450
3.487050
3.499400
3.542475
3.563850
3.832450
3.882950
3.899650
3.944025
4.005725
4.032825
4.060325
4.103250
4.127600
4.162975
4.180600
4.208450
4.243750
4.279100
4.339725
4.425550
4.483650
4.553350
4.564325
4.593400
4.607550
4.632000
4.652575
4.681400
4.710775
4.743475
4.763800
4.783000
4.796875
4.819350
4.841525
4.885950
4.912850
4.940900
5.123925
5.238525
5.271575
5.310000
5.332500
5.345600
5.369075
5.383400
5.509400
5.542250
5.615925
5.662550
5.698175
5.728200
5.745900
5.788925
5.812750
5.845275
5.891650
5.951650
5.999100
6.104600
6.124225
6.199350
6.243375
6.277700
6.322125
6.354375
6.378700
6.421850
6.443425
6.569575
6.630425
6.796150
6.827200
6.846900
6.909050
6.932800
6.996400
7.017175
7.051750
7.090500
7.128500
7.307000
7.346350
7.368575
7.404950
7.430375
7.469050
7.484600
7.552500
7.716900
7.810975
7.871500
7.909025
7.946825
7.975850
7.997125
8.019400
8.051050
8.079825
8.099225
8.181100
8.219025
8.258275
8.286750
8.336825
8.370125
8.385400
8.438550
8.460500
8.471625
8.491750
8.511225
8.531950
8.549800
8.579775
8.591575
8.631500
8.666975
8.687775
8.713325
8.752925
8.784625
8.816825
8.837475
8.866800
8.893050
8.940425
8.976350
8.995150
9.105950
9.147250
9.172125
9.191625
9.225250
9.241200
9.270750
9.463875
9.481350
9.531600
9.601175
9.643050
9.661425
9.695100
9.716650
9.744650
9.824625
9.869950
9.891775
9.914275
9.927825
10.120600
10.167775
10.262950
10.447225
10.481625
10.637175
10.688750
10.751475
10.798500
10.946175
11.041000
11.111825
11.238525
11.294275
11.364650
11.385775
11.400450
11.438025
11.456125
11.518675
11.570275
11.618050
11.663375
11.711400
11.783000
11.878175
11.911875
11.946850
11.981800
12.024825
12.061350
12.083825
12.102325
12.117850
12.166750
12.222650
12.250725
12.401125
12.499725
12.533725
12.583150
12.609750
12.668125
12.731200
12.881950
12.911800
12.928525
13.053150
13.079625
13.102850
13.137950
13.259850
13.315000
13.362300
13.374500
13.438475
13.461900
13.548675
13.691350
13.732800
13.757625
13.775700
13.805525
13.882625
13.917000
13.934350
14.124625
14.261375
14.291750
14.357050
14.423325
14.454625
14.498175
14.547675
14.579850
14.651575
14.686300
14.715950
14.745975
15.233825
15.355925
15.478300
15.601900
15.624425
15.651150
15.678625
15.693850
15.718525
15.755225
15.789300
15.831675
15.901075
15.999975
16.027375
16.132625
16.149525
16.202575
16.231000
16.263225
16.296775
16.317325
16.331575
16.365925
16.452675
16.691500
16.724800
16.786725
16.836825
16.871825
16.913275
16.925675
16.992000
17.019750
17.041800
17.093275
17.113725
17.161950
17.186175
17.205175
17.227150
17.259725
17.300125
17.322525
17.561475
17.624775
17.686925
17.732125
17.794950
17.837150
17.894475
17.928450
18.101900
18.133125
18.265625
18.308300
18.367375
18.424425
18.470625
18.509325
18.730000
18.745800
18.782675
18.798225
18.821575
18.861800
18.893350
18.921350
18.965000
18.998100
19.018525
19.033000
19.093825
19.144025
19.214250
19.317975
19.331125
19.340850
19.397750
19.421800
19.448250
19.521900
19.616750
19.679100
19.792900
19.817350
19.917975
19.997700
20.017100
20.050950
20.081675
20.106950
20.151600
20.381100
20.422500
20.492275
20.525525
20.542150
20.583600
20.613600
20.639050
20.658425
20.689775
20.722175
20.771275
20.880450
20.918025
20.945500
20.976950
20.998275
21.031400
21.062975
21.100525
21.117125
21.144100
21.178500
21.192200
21.219200
21.233375
21.246000
21.272675
21.410575
21.432425
21.453075
21.478925
21.497150
21.518550
21.538325
21.562225
21.572050
21.631250
21.881775
21.903150
21.943150
21.971350
22.025125
22.056300
22.079650
22.097975
22.142125
22.157150
22.170275
22.192425
22.212250
22.245625
22.277625
22.307300
22.351675
22.394450
22.439125
22.509425
22.542000
22.565975
22.581050
22.599375
22.628075
22.640775
22.654450
22.687250
22.711675
22.746525
22.787250
22.807950
22.859775
22.884975
22.935375
22.976625
22.999050
23.053800
23.065925
23.092175
23.120575
23.132775
23.153475
23.172375
23.187875
23.203650
23.233225
23.251050
23.265575
23.301250
23.369550
23.415450
23.474275
23.496650
23.542425
23.562725
23.588325
23.643700
23.664175
23.780875
23.812075
23.828650
23.842300
23.855325
23.887250
23.914075
23.930800
23.955500
23.975800
24.005050
24.038525
24.069775
24.088825
24.114425
24.137625
24.171275
24.290425
24.325725
24.349850
24.370800
24.382175
24.402925
24.423125
24.441150
24.469375
24.499050
24.572100
24.594500
24.622850
24.641775
24.653675
24.666900
24.695000
24.743650
24.789775
24.839500
24.880400
24.916225
24.934050
24.948600
24.970575
24.987200
25.008875
25.028050
25.064075
25.080275
25.094325
25.125125
25.152650
25.405100
25.455225
25.516875
25.545650
25.582450
25.610100
25.678625
25.709825
25.742375
25.777200
25.894350
25.911000
25.937775
26.015600
26.034700
26.053075
26.072375
26.083100
26.106900
26.129600
26.152125
26.194100
26.211775
26.243850
26.281025
26.340100
26.364600
26.396950
26.451525
26.521475
26.549950
26.615575
26.631250
26.657525
26.699175
26.747025
26.762750
26.834300
26.858350
26.958225
26.989550
27.012400
27.144000
27.182925
27.238925
27.271600
27.300025
27.352500
27.443275
27.474575
27.486625
27.545150
27.571950
27.592500
27.620350
27.641275
27.654000
27.677225
27.706025
27.742600
28.033125
28.074300
28.098125
28.125300
28.158300
28.233650
28.256750
28.283800
28.339275
28.363425
28.407825
28.457575
28.484000
28.549000
28.703200
28.729050
28.767800
28.784575
28.813800
28.851225
28.887525
28.921200
28.951475
28.997850
29.023625
29.052675
29.071450
29.083625
29.106050
29.129100
29.159400
29.202450
29.273900
29.294000
29.493100
29.510475
29.526500
29.575075
29.617300
29.645050
29.657150
29.697575
29.829425
29.857900
29.879075
29.920575
29.947650
29.971225
29.985125
