0.012175
0.023950
0.038150
0.060650
0.096100
0.113850
0.140650
0.161950
0.173625
0.190075
0.201225
0.207250
0.217400
0.225100
0.229450
0.233600
0.240525
0.259450
0.286425
0.297075
0.312750
0.339275
0.370625
0.399175
0.422500
0.443650
0.460925
0.478650
0.502625
0.518525
0.529500
0.538450
0.552650
0.555225
0.583425
0.593650
0.602700
0.606075
0.618275
0.622625
0.654700
0.666175
0.693300
0.718850
0.735825
0.764075
0.790450
0.811625
0.830175
0.858300
0.879175
0.900825
0.924775
0.944625
0.962150
0.975125
0.985525
1.001325
1.018800
1.035975
1.053675
1.070925
1.091425
1.109375
1.131325
1.136900
1.144800
1.151525
1.156850
1.161800
1.169850
1.177400
1.188425
1.201850
1.207675
1.216275
1.226950
1.251475
1.261450
1.330425
1.346150
1.365275
1.404900
1.425550
1.463075
1.481250
1.508375
1.521775
1.535625
1.543175
1.549325
1.554700
1.561925
1.574625
1.589700
1.603025
1.606350
1.649500
1.660800
1.678850
1.694625
1.708800
1.722825
1.738125
1.768250
1.795425
1.809850
1.833000
1.848675
1.866900
1.877100
1.884125
1.893100
1.930800
1.936150
1.946100
1.959550
1.979000
1.986325
2.002850
2.023250
2.029650
2.072050
2.088775
2.101325
2.117050
2.125975
2.139575
2.157075
2.167600
2.193875
2.215825
2.228600
2.248775
2.283500
2.294775
2.308850
2.314825
2.320650
2.325400
2.330650
2.338175
2.351425
2.354275
2.416325
2.428575
2.456900
2.470425
2.485850
2.504225
2.529150
2.541775
2.556150
2.564100
2.578275
2.616000
2.638250
2.653200
2.673225
2.692950
2.711825
2.730200
2.741325
2.764825
2.769650
2.774000
2.777025
2.807550
2.865525
2.883425
2.915275
2.935925
2.975550
2.998050
3.023650
3.038875
3.046975
3.056525
3.062500
3.073025
3.090300
3.096775
3.105575
3.111175
3.119400
3.126250
3.136875
3.155025
3.170050
3.191100
3.205025
3.218225
3.228475
3.241325
3.255675
3.269375
3.291325
3.320700
3.337975
3.357300
3.379925
3.394275
3.409950
3.414575
3.422125
3.436225
3.445050
3.456050
3.460325
3.466900
3.485425
3.509225
3.511650
3.560400
3.573050
3.583150
3.591200
3.601600
3.613425
3.649075
3.671025
3.696150
3.719025
3.737875
3.756725
3.772775
3.790400
3.802100
3.809100
3.813550
3.817275
3.824025
3.826850
3.829625
3.835825
3.854700
3.859625
3.885475
3.898725
3.941500
3.982625
4.001800
4.013125
4.027275
4.048250
4.057325
4.062825
4.077175
4.082600
4.088725
4.092775
4.129500
4.134600
4.152100
4.167550
4.188325
4.206525
4.219225
4.236675
4.255950
4.281425
4.300175
4.321150
4.347175
4.359925
4.374850
4.385175
4.391075
4.396700
4.401300
4.408950
4.412925
4.416225
4.426850
4.430375
4.436875
4.454275
4.481750
4.501750
4.523575
4.533475
4.548550
4.563800
4.582500
4.600000
4.617450
4.634150
4.644600
4.665700
4.681375
4.693625
4.701925
4.713075
4.724550
4.737675
4.749150
4.755825
4.765400
4.776225
4.784375
4.792200
4.798075
4.811775
4.831425
4.842675
4.847050
4.856625
4.872600
4.930550
4.952325
4.967475
4.991050
5.024900
5.033725
5.042750
5.050100
5.060175
5.075250
5.080950
5.090075
5.102575
5.108700
5.113800
5.122350
5.141775
5.155025
5.163950
5.184850
5.193175
5.215950
5.220625
5.226350
5.230950
5.237750
5.245025
5.269600
5.290175
5.294500
5.299825
5.342575
5.373700
5.381425
5.399625
5.420100
5.439250
5.455875
5.476350
5.511075
5.528100
5.537975
5.555325
5.568600
5.574325
5.581675
5.586900
5.608000
5.617100
5.637250
5.649575
5.662250
5.673750
5.689675
5.734450
5.743675
5.784125
5.795400
5.805300
5.815275
5.823800
5.829725
5.838675
5.860950
5.882800
5.898375
5.914075
5.922925
5.943125
5.976300
5.998325
6.024050
6.038675
6.058100
6.071550
6.090875
6.104650
6.116650
6.132325
6.149725
6.166400
6.183150
6.196700
6.215925
6.233425
6.247775
6.283025
6.299650
6.312675
6.335650
6.354050
6.378675
6.406925
6.432925
6.450300
6.476450
6.484300
6.492150
6.501625
6.515925
6.540550
6.552950
6.562425
6.573325
6.587675
6.616675
6.624125
6.640150
6.656200
6.671850
6.683450
6.696700
6.717100
6.734125
6.744175
6.764125
6.789875
6.796325
6.801550
6.812700
6.826825
6.858125
6.868200
6.876700
6.889775
6.915275
6.926400
6.948125
6.975500
7.002925
7.020850
7.035875
7.046050
7.059850
7.076900
7.099625
7.113125
7.131550
7.162000
7.197025
7.212025
7.234425
7.247325
7.262050
7.275325
7.293025
7.305300
7.336325
7.354400
7.366975
7.424400
7.448775
7.464175
7.475375
7.498000
7.526050
7.542875
7.555100
7.565900
7.582950
7.591550
7.602950
7.627375
7.631725
7.638750
7.644525
7.655900
7.676025
7.703250
7.715325
7.721125
7.735650
7.758975
7.764025
7.768450
7.772050
7.801900
7.812675
7.831250
7.840500
7.866225
7.896575
7.918200
7.933600
7.950775
7.991925
8.009100
8.027850
8.044525
8.060150
8.069525
8.080825
8.092550
8.110350
8.130200
8.157825
8.166825
8.173200
8.181100
8.189575
8.210425
8.234525
8.245975
8.258700
8.273825
8.286000
8.301300
8.309900
8.314475
8.329150
8.345125
8.370550
8.395050
8.415075
8.436500
8.454225
8.462325
8.471825
8.481350
8.495850
8.507025
8.526200
8.537650
8.547475
8.558675
8.569975
8.577925
8.584175
8.592425
8.607300
8.612875
8.619000
8.624975
8.647975
8.653225
8.662425
8.695350
8.714075
8.750375
8.763300
8.792275
8.807425
8.826825
8.841825
8.855100
8.862625
8.873475
8.885875
8.896225
8.908625
8.923300
8.934000
8.953950
8.961350
8.975100
8.980700
8.985700
8.998350
9.008625
9.026800
9.036025
9.050650
9.075600
9.092550
9.111775
9.150800
9.163400
9.174850
9.189925
9.201950
9.209900
9.224800
9.232725
9.249750
9.263800
9.276700
9.287200
9.298275
9.313950
9.339850
9.356350
9.364525
9.379750
9.392125
9.405925
9.428900
9.445200
9.462725
9.472875
9.484375
9.495625
9.503400
9.509300
9.523800
9.533100
9.551450
9.596850
9.614250
9.629750
9.678975
9.684650
9.691250
9.716350
9.733175
9.741375
9.761225
9.770925
9.777050
9.786875
9.815100
9.843650
9.851575
9.860625
9.870825
9.877550
9.901550
9.916775
9.930525
9.956850
9.975925
10.004275
10.023375
10.035950
10.047875
10.058900
10.075325
10.094125
10.102825
10.113550
10.160950
10.178500
10.210975
10.222775
10.241275
10.263900
10.280025
10.296700
10.311125
10.326125
10.345175
10.368150
10.383550
10.387175
10.398025
10.410175
10.428225
10.447375
10.469125
10.480575
10.516600
10.531325
10.548975
10.576550
10.600300
10.618225
10.636750
10.657175
10.681400
10.697175
10.717050
10.731325
10.748900
10.778875
10.788800
10.811175
10.825875
10.865650
10.888025
10.906675
10.925600
10.937125
10.970650
10.991700
11.011500
11.040050
11.059825
11.074775
11.093625
11.099700
11.121575
11.138175
11.147350
11.160950
11.174500
11.194900
11.205925
11.225000
11.232675
11.238175
11.243150
11.247850
11.252150
11.262300
11.265825
11.272475
11.279300
11.282675
11.286075
11.308500
11.325675
11.367275
11.375100
11.395125
11.425275
11.440975
11.461525
11.479550
11.501650
11.518925
11.529475
11.540400
11.575575
11.587500
11.599550
11.613075
11.620800
11.633225
11.647925
11.668050
11.708500
11.724650
11.742575
11.775475
11.793550
11.814275
11.839175
11.849925
11.865025
11.888425
11.902225
11.924325
11.947425
11.959450
11.975350
11.996325
12.019275
12.068650
12.079925
12.103075
12.119125
12.146000
12.163625
12.188675
12.216025
12.223850
12.241500
12.260075
12.269700
12.293475
12.313250
12.328075
12.337550
12.349600
12.361175
12.369175
12.371100
12.388650
12.405825
12.427350
12.433850
12.443175
12.454950
12.466700
12.495850
12.517875
12.538200
12.557900
12.582850
12.600425
12.613850
12.620150
12.625800
12.634975
12.639450
12.649350
12.662750
12.670350
12.676725
12.687825
12.716200
12.721675
12.729075
12.737650
12.754350
12.794275
12.811875
12.847175
12.864000
12.877475
12.910975
12.921900
12.940750
12.958125
12.969575
12.984400
13.004575
13.018775
13.034375
13.057025
13.068575
13.084650
13.098875
13.130800
13.146850
13.164775
13.179850
13.195200
13.201675
13.220900
13.266375
13.291925
13.298775
13.333150
13.372575
13.391100
13.414175
13.427825
13.457600
13.508750
13.551400
13.581300
13.599150
13.616750
13.644350
13.674775
13.711500
13.726425
13.751750
13.775225
13.804450
13.827850
13.851600
13.878800
13.902550
13.931450
13.958800
13.975050
14.004200
14.025025
14.048000
14.067600
14.075075
14.096875
14.105300
14.112400
14.122675
14.130300
14.152575
14.171575
14.194675
14.217200
14.236075
14.246100
14.263600
14.284500
14.302075
14.320175
14.331850
14.352325
14.360625
14.379975
14.391225
14.400750
14.407750
14.444000
14.463350
14.481200
14.498800
14.512725
14.527700
14.536950
14.553025
14.565125
14.573275
14.578700
14.589400
14.623325
14.653200
14.691000
14.712575
14.725225
14.736150
14.745125
14.757575
14.776975
14.788875
14.798975
14.808625
14.854725
14.867250
14.891550
14.904300
14.919275
14.925925
14.938675
14.952975
14.981275
15.002750
15.025900
15.038375
15.072475
15.076575
15.102800
15.118500
15.132875
15.152850
15.172125
15.192425
15.218175
15.230100
15.250725
15.266825
15.306500
15.322200
15.334125
15.354550
15.371425
15.391875
15.438375
15.463200
15.478500
15.505325
15.566250
15.589050
15.599100
15.614000
15.626625
15.646400
15.659725
15.683950
15.704650
15.713725
15.755000
15.783200
15.801975
15.821225
15.834225
15.842250
15.846750
15.855675
15.863475
15.868500
15.871225
15.881475
15.904425
15.924600
15.963125
16.000700
16.020125
16.042325
16.064875
16.082500
16.104525
16.120675
16.141325
16.162575
16.181825
16.201325
16.221050
16.236475
16.259650
16.276425
16.278425
16.297500
16.334875
16.352600
16.365350
16.385075
16.412975
16.436500
16.453375
16.465925
16.512600
16.529100
16.541975
16.568150
16.581800
16.608075
16.626325
16.652300
16.670375
16.699775
16.714200
16.734725
16.750525
16.771900
16.796800
16.835000
16.859775
16.881300
16.901425
16.929425
16.950175
16.974625
16.998550
17.019700
17.039650
17.054200
17.076700
17.086550
17.097350
17.108350
17.153550
17.175950
17.195675
17.219250
17.235400
17.258875
17.271350
17.289725
17.310500
17.325275
17.336875
17.355225
17.370400
17.375075
17.383175
17.390800
17.408050
17.436550
17.448700
17.464400
17.477275
17.497075
17.513575
17.534500
17.548675
17.574000
17.608975
17.627650
17.652175
17.682800
17.695850
17.720125
17.753350
17.762025
17.778475
17.805825
17.819475
17.836750
17.844600
17.888100
17.907575
17.923500
17.933650
17.960925
17.983375
18.014325
18.045525
18.063000
18.084425
18.097500
18.135725
18.156450
18.186150
18.222575
18.234500
18.257175
18.278450
18.305725
18.316425
18.326450
18.350250
18.374500
18.402950
18.407875
18.422300
18.444650
18.457100
18.475400
18.485225
18.496550
18.505775
18.539500
18.556375
18.574950
18.590750
18.601225
18.615650
18.626575
18.639875
18.658325
18.672800
18.717025
18.738175
18.766075
18.778700
18.796700
18.819975
18.849975
18.883975
18.904975
18.921925
18.936250
18.953650
18.967325
18.986975
18.995325
19.016150
19.033025
19.055075
19.074850
19.089075
19.103500
19.119925
19.136000
19.154900
19.166900
19.174500
19.189225
19.214175
19.242825
19.270600
19.287700
19.347175
19.366350
19.386675
19.446050
19.466925
19.478500
19.528450
19.552825
19.567600
19.581575
19.603250
19.628375
19.650650
19.672375
19.696925
19.731000
19.754200
19.793250
19.808725
19.824975
19.847800
19.863350
19.877050
19.882500
19.910600
19.918350
19.930125
19.942300
19.955050
19.968025
19.985375
19.997200
20.013800
20.024575
20.033925
20.040250
20.047150
20.057000
20.072625
20.088150
20.106050
20.116000
20.134600
20.156100
20.176625
20.205300
20.229475
20.272475
20.288525
20.311375
20.335400
20.364625
20.386675
20.412325
20.425600
20.441825
20.477700
20.494125
20.515775
20.536975
20.562175
20.579100
20.595375
20.609300
20.630900
20.649475
20.665550
20.681650
20.700225
20.712125
20.744000
20.766775
20.779550
20.796525
20.855425
20.876825
20.905550
20.935175
20.962950
20.986375
21.007725
21.020675
21.035500
21.044400
21.061525
21.069700
21.084850
21.095675
21.114325
21.124100
21.145725
21.157525
21.172000
21.192025
21.220850
21.251025
21.280225
21.321100
21.337250
21.355375
21.363050
21.371900
21.376450
21.389425
21.394575
21.399700
21.404525
21.414925
21.425825
21.434525
21.442700
21.448250
21.494750
21.516425
21.536325
21.555000
21.567825
21.586850
21.602575
21.616400
21.633500
21.647850
21.666900
21.679550
21.689775
21.694500
21.723525
21.737750
21.752375
21.770300
21.779550
21.800225
21.810650
21.818800
21.830300
21.858975
21.872175
21.887350
21.904875
21.935000
21.970300
21.981625
21.999525
22.015375
22.026375
22.041525
22.059725
22.072300
22.079250
22.087875
22.131225
22.144400
22.163250
22.198500
22.211575
22.214525
22.240825
22.259100
22.283775
22.313250
22.330400
22.344775
22.357700
22.379975
22.394575
22.404225
22.418825
22.442750
22.463875
22.480300
22.499275
22.518625
22.539375
22.553850
22.567475
22.587575
22.598175
22.608775
22.627300
22.643450
22.657775
22.677200
22.694675
22.706750
22.731650
22.753125
22.764325
22.779375
22.801975
22.817850
22.832475
22.837600
22.851450
22.865750
22.876325
22.888450
22.899450
22.914950
22.939075
22.958150
22.982100
23.001075
23.023775
23.043900
23.065700
23.086600
23.106850
23.118525
23.135400
23.148675
23.164100
23.176450
23.188525
23.196725
23.201250
23.208325
23.212275
23.216300
23.233900
23.247875
23.256200
23.266350
23.296550
23.306275
23.369050
23.388600
23.406750
23.440650
23.457325
23.476800
23.494800
23.517350
23.529375
23.544125
23.560425
23.625175
23.640750
23.657450
23.676325
23.696650
23.715875
23.762000
23.792775
23.812875
23.844100
23.887750
23.912575
23.947850
23.967475
23.988550
24.006225
24.032225
24.047600
24.061400
24.081000
24.113650
24.133200
24.162225
24.179025
24.191475
24.205175
24.224800
24.256100
24.271575
24.285400
24.303525
24.309825
24.324600
24.345950
24.367675
24.382000
24.391550
24.412325
24.421525
24.466225
24.489700
24.505775
24.526675
24.543300
24.558175
24.574625
24.588100
24.600225
24.615025
24.636925
24.652275
24.662675
24.683200
24.716625
24.738350
24.751325
24.769625
24.782825
24.815850
24.848925
24.885125
24.910700
24.926675
24.944175
24.962950
24.976575
25.025975
25.049200
25.072900
25.092550
25.113675
25.130725
25.166125
25.192975
25.221975
25.253050
25.273350
25.282875
25.291700
25.298000
25.309000
25.323425
25.338600
25.351475
25.369400
25.386050
25.400800
25.410400
25.431650
25.449300
25.475300
25.493050
25.513275
25.534500
25.576950
25.597625
25.615675
25.628300
25.637700
25.651575
25.656925
25.679800
25.706500
25.714625
25.728650
25.748725
25.760850
25.781575
25.795850
25.819825
25.840300
25.850275
25.864200
25.877425
25.895900
25.915450
25.926800
25.945400
25.969375
25.978650
25.997650
26.015300
26.028125
26.043450
26.051625
26.064200
26.074200
26.089950
26.127725
26.140875
26.157775
26.174250
26.188000
26.203875
26.220550
26.232075
26.257200
26.267850
26.272800
26.300625
26.314750
26.332450
26.344675
26.354350
26.371100
26.384550
26.404825
26.427925
26.445825
26.462700
26.491450
26.501950
26.517800
26.533075
26.550900
26.567150
26.582725
26.600175
26.612900
26.622950
26.635925
26.641875
26.649975
26.654225
26.659000
26.664575
26.668675
26.682850
26.687975
26.693025
26.712850
26.729375
26.750950
26.805225
26.820025
26.839450
26.856925
26.870125
26.886025
26.898000
26.914950
26.931650
26.952675
26.958825
26.973350
26.990825
27.002875
27.018100
27.030625
27.040525
27.045550
27.050175
27.054375
27.058850
27.062900
27.066375
27.073575
27.077875
27.101250
27.119725
27.125350
27.130900
27.137900
27.151425
27.158175
27.188475
27.192225
27.204975
27.208275
27.214950
27.230725
27.246500
27.282675
27.299125
27.313000
27.336750
27.369150
27.387150
27.404800
27.412150
27.438425
27.449075
27.461675
27.473400
27.489600
27.527225
27.563925
27.575125
27.588100
27.601075
27.624650
27.641600
27.649625
27.661475
27.677075
27.689550
27.715875
27.741675
27.779000
27.797300
27.818150
27.832750
27.842675
27.861450
27.876900
27.883650
27.901300
27.916350
27.924650
27.941200
27.950800
27.975500
27.991100
28.017450
28.049300
28.075600
28.093025
28.120450
28.141425
28.158025
28.180075
28.199000
28.206625
28.232900
28.247025
28.251300
28.276250
28.292150
28.304800
28.310625
28.326650
28.341425
28.357325
28.379125
28.425225
28.438800
28.467475
28.476750
28.483275
28.495025
28.504450
28.515625
28.542700
28.569075
28.578375
28.590600
28.600425
28.606250
28.611125
28.620575
28.639525
28.646375
28.669600
28.697925
28.711175
28.723475
28.762200
28.792950
28.809725
28.823850
28.842900
28.857350
28.868075
28.881175
28.890375
28.902400
28.917975
28.926275
28.937500
28.961725
28.978900
28.989875
29.003500
29.013300
29.028400
29.089850
29.100950
29.107325
29.126125
29.135375
29.141350
29.150325
29.154625
29.158425
29.164775
29.216350
29.231675
29.279325
29.294150
29.299850
29.304925
29.313825
29.320425
29.338475
29.354125
29.363475
29.369250
29.382050
29.399925
29.410300
29.459075
29.472525
29.483225
29.498100
29.512700
29.530900
29.551850
29.570100
29.586525
29.604350
29.627725
29.637475
29.654500
29.668400
29.673825
29.688850
29.694800
29.699750
29.710050
29.720575
29.742250
29.753675
29.758300
29.764250
29.778850
29.785500
29.803750
29.830325
29.858600
29.868725
29.878650
29.886850
29.894650
29.912625
29.927500
29.943875
29.952000
29.961150
29.973125
29.977725
29.988075
