0.030475
0.219800
0.232500
0.261500
0.282425
0.305250
0.327450
0.384100
0.400725
0.490500
0.542875
0.552975
0.608925
0.620925
0.827500
0.969450
1.071000
1.081375
1.088900
1.159750
1.237250
1.265550
1.286600
1.303325
1.321350
1.481225
1.496225
1.539000
1.559175
1.597875
1.641675
1.663200
1.675475
1.914650
1.951875
2.064325
2.099450
2.168900
2.184450
2.243875
2.440425
2.627275
2.664625
2.687925
2.700025
2.707975
2.719825
2.783700
2.828100
2.860375
2.928450
2.963900
3.012225
3.069125
3.112275
3.138175
3.152225
3.173700
3.275175
3.303800
3.315000
3.342075
3.348850
3.366150
3.461275
3.510400
3.527875
3.558600
3.592225
3.618225
3.677850
3.693125
3.722325
3.738375
3.797150
3.846625
3.858475
3.883925
3.930300
3.959500
3.973325
4.031775
4.127000
4.189950
4.214400
4.237250
4.262500
4.285175
4.378975
4.410900
4.492100
4.505550
4.534000
4.569550
4.623050
4.759175
5.054300
5.079600
5.101225
5.125400
5.132375
5.212650
5.265075
5.313475
5.402550
5.462850
5.510200
5.538500
5.593725
5.693025
5.708625
5.725800
5.742275
5.755700
5.785750
5.796025
5.818700
5.842400
5.861625
5.923350
6.102675
6.111750
6.127525
6.146100
6.320100
6.351625
6.401150
6.454600
6.525750
6.686600
6.711675
6.730375
6.749550
6.769075
6.791525
6.849000
6.882100
6.938350
6.984825
7.001300
7.049575
7.074425
7.181450
7.317075
7.387375
7.451100
7.485375
7.530675
7.572175
7.651900
7.745800
7.972875
7.986475
7.993200
8.051250
8.068850
8.078425
8.129325
8.171100
8.200800
8.297025
8.397000
8.446750
8.457750
8.466050
8.483025
8.614175
8.649325
8.747600
8.815850
8.896550
8.946350
8.964825
8.974000
9.028625
9.050425
9.100325
9.153575
9.186075
9.212975
9.259250
9.285325
9.301900
9.311950
9.349525
9.392625
9.574425
9.606050
9.713750
9.767200
9.790975
9.823600
9.917825
10.002825
10.059325
10.212350
10.235325
10.250275
10.283525
10.314300
10.324400
10.349750
10.387250
10.413075
10.582650
10.654875
10.681450
10.701025
10.713000
10.746850
10.765750
10.778050
10.800825
10.863400
10.938000
11.014050
11.045025
11.084800
11.116700
11.131275
11.159875
11.194500
11.237450
11.259800
11.300225
11.324375
11.426300
11.518450
11.544675
11.559975
11.575925
11.592900
11.605775
11.628775
11.651925
11.692300
11.736075
11.754375
11.779275
11.797975
11.863500
12.003950
12.107725
12.145650
12.195725
12.226050
12.284175
12.357100
12.399300
12.510075
12.589050
12.697650
12.734725
12.765300
12.792850
12.840875
12.911900
12.936250
12.990900
13.021475
13.068800
13.104375
13.126425
13.151950
13.166675
13.195425
13.275475
13.322175
13.351350
13.401175
13.433425
13.459275
13.504100
13.519000
13.608325
13.649700
13.673125
13.727600
13.822975
13.868550
13.896350
13.923200
14.022775
14.047050
14.158125
14.249625
14.300875
14.330675
14.353475
14.372525
14.418675
14.465850
14.495250
14.577700
14.610600
14.672750
14.747200
14.813475
14.841575
14.866425
14.908450
14.947475
15.053575
15.068525
15.088250
15.201725
15.248850
15.276625
15.336400
15.371800
15.465625
15.481000
15.547225
15.570325
15.604900
15.632450
15.669600
15.708825
15.776775
15.831650
15.854850
15.890300
15.943000
15.990400
16.067550
16.114900
16.161025
16.250425
16.295300
16.330350
16.412450
16.448475
16.477525
16.525300
16.595000
16.637650
16.696575
16.800625
16.882725
16.909175
16.935975
17.006775
17.079700
17.109175
17.136200
17.194000
17.225675
17.271725
17.335700
17.375775
17.390850
17.464450
17.509400
17.532100
17.681350
17.719575
17.736725
17.768750
17.797650
17.819400
17.843800
17.863450
17.889500
17.920675
17.962575
17.982650
18.014975
18.068475
18.125925
18.208200
18.256650
18.293075
18.350175
18.416525
18.433750
18.469875
18.498600
18.525100
18.541700
18.600650
18.675325
18.702825
18.727275
18.771150
18.815850
18.876050
18.923925
19.023450
19.055800
19.089325
19.117275
19.160375
19.224500
19.256900
19.290850
19.341500
19.378700
19.404225
19.434775
19.486650
19.627625
19.670825
19.694700
19.727075
19.759600
19.794025
19.818525
19.844025
19.900575
19.957975
20.028750
20.092050
20.113100
20.187050
20.250875
20.292500
20.367475
20.394300
20.472550
20.494825
20.519125
20.563850
20.675825
20.726600
20.755775
20.832375
20.865250
20.894450
20.917875
20.966750
21.003775
21.032350
21.076575
21.163850
21.212675
21.244025
21.269000
21.345875
21.505975
21.538325
21.577500
21.597925
21.617325
21.685650
21.800675
21.817450
21.846900
22.028325
22.053350
22.059850
22.070625
22.092425
22.101675
22.119675
22.176250
22.225975
22.293050
22.329975
22.366950
22.410225
22.482025
22.509675
22.572275
22.623800
22.629625
22.680675
22.717225
22.835250
22.871725
22.912275
22.953625
22.981225
23.159000
23.177150
23.196100
23.247225
23.289975
23.301500
23.367125
23.518900
23.568200
23.606825
23.644400
23.683550
23.750350
23.778475
23.807275
23.856600
23.917975
23.939500
23.985850
24.030925
24.055050
24.113875
24.136650
24.153375
24.166700
24.294125
24.336975
24.478575
24.550400
24.581075
24.603925
24.680900
24.727725
24.854250
24.899650
24.916750
24.935775
24.966875
24.980150
25.058225
25.112900
25.134150
25.184375
25.208350
25.247200
25.275875
25.314300
25.485400
25.500975
25.517900
25.531825
25.606025
25.707025
25.742200
25.786050
25.798675
25.829650
25.851775
25.883200
25.900975
25.928075
25.944000
25.983225
26.004175
26.056975
26.083900
26.107200
26.129875
26.153100
26.184300
26.215400
26.317700
26.386300
26.447500
26.480800
26.521350
26.534600
26.679525
26.693300
26.721875
26.810450
26.820075
26.867500
26.881900
26.901225
27.002825
27.050825
27.197100
27.255250
27.277025
27.286750
27.314275
27.342125
27.349200
27.357200
27.505125
27.532775
27.567750
27.608625
27.631950
27.649125
27.677200
27.698225
27.724075
27.760025
27.778175
27.802375
27.889250
27.955425
27.975550
28.018675
28.076325
28.197325
28.221775
28.257925
28.300600
28.351875
28.384375
28.422550
28.458300
28.471700
28.544475
28.571850
28.594925
28.640375
28.687225
28.713525
28.740575
28.761675
28.799450
28.873525
28.903700
28.934425
28.962525
28.998250
29.020925
29.162475
29.227175
29.265825
29.490450
29.620925
29.654400
29.680200
29.695275
29.731100
29.760700
29.803900
29.840350
29.878250
29.895450
29.917825
