0.006050
0.030550
0.048600
0.077350
0.097125
0.135675
0.158050
0.180250
0.195600
0.209825
0.225825
0.244375
0.259825
0.273225
0.292050
0.309725
0.329025
0.350525
0.415575
0.442775
0.458000
0.471150
0.498425
0.521725
0.546550
0.575700
0.589625
0.604425
0.616900
0.634250
0.650950
0.667200
0.690800
0.732825
0.746225
0.768000
0.790825
0.811450
0.834600
0.874225
0.896825
0.911100
0.942375
0.968375
1.005700
1.051475
1.065100
1.077200
1.098050
1.124775
1.144600
1.160250
1.177725
1.211375
1.237325
1.245700
1.263700
1.288100
1.312850
1.334000
1.366825
1.385825
1.412275
1.482800
1.509200
1.524075
1.542700
1.555825
1.575975
1.597575
1.635500
1.663075
1.683400
1.699925
1.720100
1.742750
1.761725
1.779650
1.797900
1.813000
1.836675
1.859550
1.872400
1.896250
1.914775
1.987675
2.011625
2.030825
2.045200
2.060375
2.075250
2.091000
2.106825
2.129525
2.149950
2.168525
2.189900
2.206550
2.230650
2.252325
2.268675
2.295375
2.324100
2.356850
2.397950
2.460250
2.478825
2.497475
2.513100
2.528650
2.543550
2.558825
2.581925
2.599725
2.650150
2.699600
2.717075
2.730575
2.752150
2.769325
2.792050
2.826150
2.872325
2.910650
2.935625
2.977050
2.985100
3.001475
3.016000
3.051600
3.083050
3.099650
3.113775
3.130850
3.160800
3.197575
3.224925
3.276975
3.313100
3.381050
3.411300
3.428350
3.448550
3.463875
3.479725
3.500750
3.524925
3.549225
3.569625
3.596875
3.611250
3.642825
3.662075
3.684325
3.702950
3.715075
3.731775
3.750000
3.771800
3.793250
3.804250
3.829725
3.879825
3.911475
3.940600
3.960350
3.979525
3.993475
4.005250
4.018600
4.031325
4.050225
4.094375
4.128575
4.158575
4.180375
4.246975
4.280850
4.292275
4.307950
4.324350
4.343275
4.362900
4.378600
4.386250
4.403150
4.430200
4.447975
4.471600
4.500225
4.521175
4.546750
4.568975
4.604525
4.624425
4.654975
4.694775
4.757100
4.777650
4.804725
4.822100
4.836575
4.867925
4.883025
4.909025
4.934450
4.963400
4.986000
5.009375
5.029475
5.049225
5.072475
5.098225
5.118800
5.136700
5.182450
5.192175
5.207650
5.213100
5.237900
5.255475
5.301825
5.322950
5.354000
5.371475
5.392500
5.410725
5.431300
5.443575
5.470325
5.481075
5.498725
5.523675
5.545650
5.565475
5.582250
5.649125
5.675775
5.701475
5.717150
5.738400
5.754050
5.779575
5.793675
5.813775
5.845650
5.857300
5.870750
5.893900
5.926325
5.948100
5.969725
5.982200
5.998425
6.034250
6.068750
6.107475
6.127025
6.190250
6.217525
6.235425
6.249950
6.274900
6.293725
6.322500
6.344650
6.374750
6.397775
6.409425
6.432350
6.444275
6.462725
6.482300
6.495275
6.541450
6.575175
6.588925
6.647600
6.662750
6.680450
6.700250
6.717650
6.750025
6.780750
6.811325
6.834175
6.875700
6.904325
6.937250
6.984400
7.002775
7.007775
7.027000
7.059800
7.071375
7.103475
7.128400
7.140825
7.183525
7.210525
7.227325
7.270200
7.322625
7.341125
7.368850
7.383900
7.403100
7.420875
7.435225
7.455400
7.470300
7.511150
7.527525
7.543950
7.559350
7.585325
7.609325
7.627050
7.671750
7.695000
7.745575
7.773600
7.785350
7.803425
7.822625
7.837825
7.859875
7.879150
7.890500
7.908450
7.928350
7.941500
7.950600
7.959800
7.997275
8.019725
8.066000
8.084125
8.102550
8.124175
8.145650
8.156725
8.177500
8.201075
8.219375
8.258450
8.275850
8.286075
8.312900
8.332975
8.371850
8.389350
8.416625
8.449600
8.463425
8.482200
8.504750
8.534750
8.560100
8.579625
8.602150
8.618975
8.636825
8.661000
8.684600
8.714875
8.744750
8.773800
8.803250
8.815625
8.827875
8.849450
8.863000
8.889825
8.906850
8.939425
8.964675
8.982375
8.994925
9.015675
9.075450
9.091725
9.105950
9.122925
9.153250
9.174775
9.188500
9.213550
9.226325
9.247375
9.266950
9.278200
9.312725
9.331225
9.388100
9.415175
9.430925
9.444575
9.457250
9.469175
9.484125
9.496975
9.517600
9.533200
9.551075
9.565650
9.601325
9.629025
9.660525
9.677050
9.700925
9.719875
9.744800
9.760825
9.777700
9.788425
9.804525
9.824775
9.838025
9.872500
9.903025
9.926425
9.938725
9.950975
9.992625
10.009575
10.032550
10.048350
10.065425
10.087200
10.117575
10.134675
10.170825
10.200400
10.229950
10.251175
10.272200
10.316275
10.329925
10.345350
10.360575
10.385375
10.396750
10.412025
10.423800
10.446875
10.457850
10.486250
10.541375
10.572125
10.583300
10.605350
10.622625
10.637875
10.650875
10.662025
10.685250
10.706825
10.726600
10.745675
10.777300
10.802875
10.821500
10.865450
10.907475
10.933625
10.951000
10.967850
10.996000
11.015700
11.031875
11.061775
11.084150
11.107075
11.129725
11.144600
11.172900
11.181150
11.208100
11.218650
11.239300
11.258950
11.279750
11.303125
11.333975
11.360450
11.383400
11.409550
11.435050
11.458625
11.481325
11.496625
11.528450
11.561225
11.589175
11.615750
11.633075
11.645175
11.658550
11.680900
11.691800
11.704075
11.723900
11.743350
11.765950
11.790675
11.845675
11.870025
11.904175
11.927075
11.943200
11.968225
11.984275
12.005200
12.020225
12.036625
12.054950
12.076350
12.092000
12.112525
12.131925
12.152950
12.208025
12.248800
12.265700
12.290225
12.311275
12.333250
12.355825
12.370175
12.394425
12.419150
12.438050
12.452575
12.463950
12.475725
12.494425
12.520075
12.550625
12.581700
12.641575
12.662525
12.673900
12.697975
12.722400
12.743425
12.759700
12.784900
12.807025
12.830425
12.844775
12.863575
12.917650
12.940675
12.963750
12.983525
13.040625
13.055775
13.081125
13.115650
13.138975
13.159450
13.185600
13.209925
13.232400
13.252525
13.268550
13.281050
13.301575
13.320000
13.342075
13.370275
13.395875
13.411300
13.434000
13.495050
13.525425
13.549075
13.581525
13.610150
13.621800
13.637175
13.664325
13.681175
13.697350
13.723350
13.739225
13.765025
13.781925
13.798425
13.817000
13.826625
13.882175
13.902550
13.935275
13.954800
13.983125
14.003500
14.025950
14.043125
14.079125
14.090600
14.116725
14.149150
14.164800
14.188350
14.206275
14.222050
14.240900
14.269900
14.300450
14.322850
14.347150
14.392725
14.425200
14.470300
14.486425
14.501150
14.518500
14.547700
14.564250
14.578450
14.596675
14.613250
14.623650
14.645200
14.662400
14.703725
14.761725
14.781150
14.824025
14.844025
14.862250
14.888375
14.908450
14.927100
14.938775
14.960350
14.978425
15.004875
15.024175
15.038050
15.072100
15.088375
15.108400
15.141625
15.180200
15.206125
15.220750
15.241375
15.259575
15.277975
15.290625
15.307875
15.320275
15.336200
15.350850
15.381825
15.407975
15.430350
15.447100
15.526725
15.542950
15.567450
15.591900
15.605875
15.625875
15.640125
15.658100
15.678350
15.701200
15.723375
15.741900
15.762700
15.777850
15.789100
15.812375
15.843075
15.870575
15.902325
15.937300
15.967300
15.983625
16.003800
16.028825
16.051650
16.072775
16.100725
16.128250
16.142125
16.161650
16.170200
16.203350
16.223475
16.249400
16.276825
16.291875
16.311550
16.362625
16.405625
16.433225
16.452175
16.470150
16.482600
16.500700
16.534650
16.551125
16.579600
16.595600
16.611550
16.637175
16.713675
16.736850
16.747425
16.762350
16.790100
16.800450
16.814775
16.835450
16.851675
16.875700
16.919600
16.938575
16.983600
17.005950
17.021775
17.032250
17.054875
17.075400
17.093775
17.108675
17.124100
17.146900
17.174300
17.195300
17.229275
17.245775
17.265700
17.287775
17.301800
17.323875
17.341550
17.368650
17.393950
17.412950
17.435425
17.458175
17.475925
17.495675
17.543700
17.557225
17.575600
17.589225
17.609125
17.628600
17.651475
17.667925
17.683150
17.707375
17.737750
17.777625
17.819825
17.833825
17.854625
17.880400
17.909825
17.937950
17.959475
17.984875
18.006500
18.020025
18.031850
18.054875
18.075550
18.096825
18.124300
18.157900
18.215275
18.235550
18.248350
18.283275
18.303425
18.318600
18.335400
18.353900
18.368425
18.387650
18.409425
18.427850
18.466825
18.491150
18.528075
18.549275
18.616525
18.646025
18.672450
18.687700
18.705825
18.720875
18.732325
18.746425
18.766650
18.782500
18.798750
18.833400
18.852925
18.870425
18.885525
18.906125
18.929625
18.946425
18.959525
18.972900
18.987300
19.020750
19.069200
19.105550
19.129525
19.141500
19.163825
19.178725
19.194400
19.218125
19.231375
19.244475
19.262975
19.313350
19.333600
19.352425
19.375975
19.449500
19.497325
19.509175
19.557550
19.574350
19.589375
19.602950
19.612600
19.627875
19.642500
19.651650
19.701350
19.713600
19.739725
19.766700
19.787050
19.815000
19.837350
19.856225
19.876250
19.915925
19.932675
19.948550
19.971000
19.985175
19.999800
20.010725
20.028950
20.044875
20.065650
20.096175
20.135550
20.156400
20.206350
20.229200
20.247325
20.261075
20.275550
20.300825
20.325825
20.356000
20.379800
20.419875
20.451200
20.472800
20.492350
20.520900
20.558250
20.575250
20.612100
20.623900
20.646200
20.666075
20.689500
20.704550
20.720600
20.730675
20.746350
20.767250
20.779500
20.793650
20.818375
20.847450
20.866425
20.890600
20.910775
20.928425
20.963050
20.975050
21.027975
21.038575
21.050375
21.085575
21.107925
21.131700
21.142350
21.154725
21.169400
21.182350
21.199050
21.218900
21.246900
21.274350
21.313050
21.390800
21.419375
21.440450
21.458800
21.475725
21.488475
21.511550
21.532100
21.549975
21.574775
21.595600
21.605975
21.627175
21.645075
21.660775
21.677350
21.706225
21.734250
21.760250
21.803525
21.835225
21.867650
21.900575
21.937325
21.983350
22.005375
22.027475
22.044175
22.055650
22.071200
22.086700
22.097700
22.110850
22.128450
22.157400
22.184250
22.216450
22.247200
22.280250
22.309550
22.349575
22.366325
22.388400
22.412400
22.438775
22.454975
22.467700
22.487300
22.505100
22.528825
22.551525
22.565625
22.584100
22.600475
22.619050
22.639200
22.656250
22.677975
22.693500
22.716225
22.765150
22.788375
22.804425
22.821275
22.838775
22.861250
22.880750
22.908950
22.917250
22.930325
22.949900
22.970400
22.988650
23.009225
23.036150
23.053600
23.077475
23.095025
23.146250
23.178500
23.198375
23.226350
23.270450
23.291475
23.305250
23.321350
23.338000
23.365425
23.385375
23.406575
23.418925
23.438375
23.449625
23.464525
23.497100
23.510000
23.525825
23.537850
23.553950
23.581300
23.605625
23.631775
23.664075
23.690500
23.712775
23.728625
23.746375
23.772975
23.793225
23.809375
23.824875
23.856375
23.868750
23.904450
23.960800
23.990850
24.011975
24.040450
24.063450
24.084175
24.119125
24.134550
24.150175
24.163975
24.181275
24.196500
24.206925
24.242575
24.259600
24.289650
24.312925
24.387425
24.408400
24.429125
24.445625
24.462975
24.485150
24.523250
24.549350
24.579050
24.610375
24.636725
24.665575
24.689475
24.711075
24.725400
24.739725
24.754850
24.772425
24.789250
24.806150
24.829500
24.869350
24.888150
24.919800
25.003275
25.024275
25.043450
25.064450
25.076050
25.094125
25.114800
25.127950
25.149850
25.177075
25.218450
25.232375
25.242150
25.274425
25.295500
25.315800
25.332650
25.350775
25.378800
25.403725
25.436625
25.495225
25.534525
25.564200
25.576150
25.611000
25.642575
25.654375
25.678475
25.687500
25.702600
25.720775
25.740550
25.766400
25.799375
25.849800
25.874550
25.897350
25.919825
25.945375
25.969025
25.985100
26.003925
26.030900
26.042800
26.065675
26.081175
26.117250
26.155525
26.183100
26.191600
26.257875
26.279800
26.299050
26.324300
26.336550
26.358950
26.379725
26.391150
26.406800
26.426025
26.444925
26.467175
26.474025
26.496400
26.510050
26.538850
26.593950
26.620525
26.647725
26.676025
26.697725
26.715300
26.738575
26.761200
26.781150
26.799300
26.816575
26.835650
26.855850
26.868125
26.893500
26.942400
26.966150
26.987675
27.004075
27.041850
27.076250
27.109225
27.127350
27.158100
27.183250
27.199800
27.217100
27.237200
27.268050
27.283575
27.299325
27.322375
27.364200
27.380775
27.426175
27.463425
27.479150
27.499275
27.513500
27.546675
27.560100
27.583175
27.595700
27.618400
27.638200
27.663525
27.701925
27.754250
27.774075
27.798325
27.816225
27.840175
27.868525
27.896000
27.930550
27.948400
27.976750
27.996675
28.053275
28.081025
28.111450
28.133525
28.150925
28.176500
28.203550
28.226950
28.241300
28.269950
28.295575
28.315150
28.332350
28.356200
28.392175
28.423750
28.443900
28.466550
28.485550
28.500625
28.519100
28.525725
28.552050
28.581100
28.623525
28.674425
28.685175
28.707075
28.725200
28.747200
28.775975
28.789950
28.806975
28.833200
28.859000
28.886375
28.901125
28.919200
28.939075
28.975825
28.997175
29.024225
29.054600
29.094000
29.138300
29.163950
29.182350
29.206575
29.227900
29.252275
29.283950
29.317175
29.375275
29.406150
29.426250
29.437000
29.457950
29.494175
29.542975
29.572400
29.591325
29.613025
29.639450
29.661800
29.682925
29.700325
29.716125
29.743825
29.765650
29.780750
29.793375
29.811025
29.844900
29.887950
29.961275
29.994500
