0.036275
0.062125
0.084700
0.107075
0.145850
0.157475
0.178050
0.193625
0.208725
0.225775
0.237900
0.253550
0.275850
0.316975
0.350750
0.369725
0.382400
0.402750
0.443450
0.457225
0.479750
0.490150
0.504150
0.517725
0.530000
0.550400
0.567000
0.598950
0.611525
0.635150
0.684925
0.709300
0.731675
0.749325
0.763150
0.775600
0.792975
0.812700
0.835900
0.905875
0.936925
0.991375
1.032100
1.048575
1.078300
1.107375
1.158850
1.180625
1.193175
1.203275
1.235100
1.253175
1.288300
1.303250
1.322850
1.336825
1.353025
1.365825
1.394100
1.409075
1.439850
1.467600
1.479125
1.487575
1.497050
1.501800
1.505925
1.509150
1.520825
1.531900
1.535825
1.544400
1.552050
1.557150
1.573400
1.601150
1.654600
1.679450
1.718900
1.740375
1.754725
1.774000
1.803950
1.849425
1.861475
1.881375
1.903975
1.920600
1.934500
1.947050
1.972450
1.985050
2.007850
2.024275
2.047575
2.064500
2.082225
2.100600
2.121750
2.144525
2.161800
2.173400
2.184875
2.215175
2.259475
2.286075
2.297475
2.309275
2.345475
2.409475
2.443950
2.462600
2.512150
2.524975
2.734875
2.810825
2.856475
2.867850
2.885550
2.950900
2.985000
3.006200
3.042775
3.104725
3.151775
3.171550
3.199250
3.214325
3.238050
3.260700
3.277375
3.304325
3.317950
3.356075
3.369875
3.401950
3.419175
3.438100
3.461950
3.479075
3.502425
3.520375
3.534100
3.582400
3.669625
3.704025
3.749800
3.765800
3.799625
3.832575
3.872825
3.905700
3.933475
3.990725
4.046525
4.089100
4.111800
4.183550
4.218975
4.247275
4.276025
4.305775
4.330050
4.356100
4.442150
4.476700
4.529125
4.564575
4.609700
4.654525
4.675875
4.691500
4.711050
4.734125
4.752750
4.798925
4.846400
4.866700
4.900850
4.924350
4.950400
4.995175
5.061175
5.103975
5.130425
5.240025
5.284625
5.301600
5.335325
5.355725
5.368925
5.399725
5.421225
5.478975
5.516625
5.537900
5.564575
5.599550
5.627050
5.659275
5.674425
5.701600
5.724975
5.766600
5.822075
5.976050
5.989025
6.031325
6.072875
6.087850
6.108150
6.126300
6.133400
6.151900
6.185725
6.231950
6.282575
6.318250
6.329825
6.356125
6.365900
6.394125
6.410775
6.500375
6.598200
6.616875
6.718775
6.738700
6.781200
6.816250
6.827025
6.855300
6.886725
6.931800
6.946875
6.991300
7.002000
7.019900
7.038200
7.060600
7.102775
7.123125
7.136800
7.153725
7.172800
7.187550
7.222225
7.240725
7.278500
7.291650
7.334775
7.362925
7.392625
7.431675
7.456925
7.480150
7.501675
7.516350
7.533625
7.556375
7.574150
7.590125
7.606025
7.631050
7.651575
7.679300
7.696925
7.710575
7.732325
7.754850
7.769375
7.798350
7.838425
7.856150
7.866375
8.032675
8.047100
8.064600
8.072150
8.091150
8.101225
8.110000
8.118175
8.145850
8.166025
8.181625
8.203350
8.224100
8.246225
8.263150
8.287025
8.314650
8.374800
8.394350
8.424950
8.436675
8.501475
8.516775
8.529575
8.543925
8.561650
8.580600
8.603400
8.634925
8.647175
8.672700
8.698500
8.718425
8.733300
8.750125
8.761875
8.773525
8.825325
8.845900
8.866375
8.897175
8.919075
8.963750
9.004575
9.017750
9.039250
9.051325
9.075825
9.090275
9.117125
9.140450
9.147650
9.234700
9.312825
9.353750
9.441650
9.458650
9.493800
9.531625
9.563850
9.584375
9.610425
9.637400
9.675050
9.732900
9.777175
9.909025
10.005750
10.038225
10.084850
10.131125
10.160675
10.189925
10.214200
10.230875
10.269700
10.295475
10.315025
10.340125
10.393275
10.466175
10.695175
10.739625
10.768825
10.815775
10.838775
10.936950
10.962575
11.030150
11.070900
11.098025
11.113025
11.144550
11.160200
11.188025
11.225475
11.266250
11.337725
11.524275
11.543950
11.570800
11.592025
11.615800
11.646250
11.653700
11.668650
11.680250
11.696100
11.704375
11.717125
11.737025
11.757550
11.792000
11.823150
11.850700
11.875475
11.923375
12.201850
12.226800
12.267900
12.295250
12.333025
12.363575
12.397825
12.428900
12.477425
12.500125
12.541250
12.569875
12.614625
12.686125
12.700600
12.719450
12.744225
12.762600
12.782375
12.795000
12.805075
12.827325
12.841975
12.861525
12.876575
12.894100
12.902700
12.919075
12.934275
12.950950
12.971550
12.994375
13.021975
13.070225
13.096100
13.136675
13.183675
13.367300
13.396125
13.439675
13.461025
13.489600
13.495000
13.541175
13.582325
13.609100
13.631725
13.925375
13.998000
14.035975
14.051925
14.110025
14.135100
14.168375
14.198750
14.231400
14.313225
14.402825
14.441950
14.475800
14.509900
14.549725
14.580150
14.609050
14.638375
14.668825
14.692300
14.713000
14.738050
14.792450
14.815300
14.840650
14.863000
14.899500
15.178175
15.194625
15.201725
15.209325
15.243200
15.287875
15.305350
15.330850
15.341075
15.362675
15.381575
15.399725
15.426925
15.445050
15.458625
15.475850
15.496575
15.524125
15.550000
15.584950
15.595900
15.645550
15.664300
15.689475
15.704825
15.725575
15.778975
15.875350
15.891300
15.958550
15.983900
16.001850
16.016525
16.032525
16.063725
16.088200
16.110225
16.118700
16.153100
16.194275
16.227750
16.287050
16.322925
16.346425
16.371750
16.392775
16.437125
16.451275
16.488825
16.557175
16.585425
16.629625
16.647450
16.738775
16.760825
16.802025
16.833800
16.859625
16.878075
16.895000
16.906275
16.912900
16.928750
16.937700
16.956400
16.975750
17.005575
17.026175
17.057300
17.095375
17.118375
17.169150
17.193575
17.288775
17.384100
17.410850
17.437250
17.477350
17.521350
17.559675
17.633675
17.753050
17.798725
17.829550
17.874750
17.905075
17.930350
17.964675
17.980050
17.994975
18.032000
18.057675
18.076975
18.099725
18.114925
18.132250
18.156850
18.181350
18.197925
18.234475
18.291000
18.341850
18.362775
18.390250
18.407800
18.413425
18.434500
18.464025
18.502575
18.525000
18.535825
18.549425
18.561025
18.599625
18.628925
18.644025
18.669875
18.740175
18.768700
18.787925
18.805800
18.821900
18.841575
18.858100
18.867450
18.883525
18.904975
18.925700
18.942375
18.986450
19.006300
19.056625
19.115000
19.168600
19.188675
19.212300
19.225700
19.239575
19.252500
19.298525
19.311450
19.395075
19.416050
19.439425
19.469175
19.489375
19.529450
19.600850
19.626925
19.664850
19.681950
19.697525
19.720700
19.773250
19.792725
19.806350
19.828625
19.856475
19.879925
19.899675
19.936900
19.963375
19.997750
20.051225
20.071700
20.106350
20.127875
20.159650
20.261600
20.323675
20.357700
20.381025
20.398400
20.413925
20.435900
20.482850
20.505325
20.526575
20.548025
20.591625
20.622750
20.662350
20.691125
20.724475
20.868800
20.892175
20.923500
20.976950
21.007950
21.033450
21.052425
21.073975
21.126050
21.199625
21.255525
21.278450
21.298100
21.318050
21.350800
21.373425
21.398500
21.417175
21.457825
21.480750
21.498500
21.514625
21.528975
21.544625
21.559550
21.598400
21.620525
21.651675
21.663025
21.694600
21.718350
21.750550
21.775975
21.808875
21.834350
21.985500
22.029175
22.075325
22.097600
22.132850
22.150375
22.168750
22.192400
22.219025
22.244025
22.268575
22.301075
22.494125
22.509400
22.540100
22.559875
22.608225
22.646775
22.662950
22.696550
22.819400
22.867300
22.882600
22.894550
22.908500
22.926850
22.944250
22.965525
22.999100
23.229175
23.236525
23.251200
23.262775
23.282025
23.309475
23.335100
23.406500
23.459475
23.502275
23.578375
23.583700
23.599300
23.611100
23.622075
23.633750
23.662900
23.683350
23.689825
23.707450
23.722350
23.760200
23.901425
23.977875
23.993525
24.005375
24.020400
24.033900
24.048500
24.061550
24.073025
24.087825
24.138225
24.162475
24.386175
24.396700
24.408075
24.422950
24.435675
24.493825
24.523025
24.578675
24.598200
24.629325
24.650450
24.670775
24.692950
24.709600
24.726900
24.739400
24.764500
24.776500
24.797550
24.822475
24.874575
24.925825
24.994525
25.053500
25.076450
25.091475
25.121875
25.186750
25.279300
25.381400
25.400550
25.421675
25.430350
25.442000
25.454325
25.472850
25.495850
25.506900
25.523175
25.533950
25.546575
25.563075
25.583125
25.597750
25.620275
25.641450
25.692525
25.716825
25.734100
25.765825
25.805725
25.855625
25.932750
25.979275
26.009875
26.025200
26.037075
26.075175
26.093475
26.119300
26.131650
26.163875
26.202925
26.214625
26.237500
26.258750
26.301925
26.319600
26.334125
26.371400
26.390475
26.419125
26.434500
26.464350
26.548925
26.574475
26.623550
26.643025
26.728925
26.746175
26.804525
26.848600
26.868650
26.890175
26.919300
26.937725
26.975850
27.035875
27.156900
27.174525
27.212075
27.228750
27.248275
27.269750
27.287375
27.311525
27.330925
27.364650
27.375925
27.411575
27.447150
27.519025
27.580375
27.610675
27.620675
27.640950
27.652725
27.667100
27.684800
27.695050
27.729600
27.748300
27.784575
27.814825
27.825450
27.843700
27.868875
27.895650
27.916275
27.925250
27.944200
27.953450
27.964550
27.986600
27.995475
28.016400
28.043200
28.092125
28.146550
28.164100
28.182100
28.194275
28.229375
28.250275
28.261275
28.272875
28.279825
28.287000
28.297600
28.309925
28.347275
28.377725
28.392025
28.417925
28.430575
28.443100
28.471700
28.486500
28.515400
28.545125
28.564075
28.576225
28.585275
28.606925
28.621475
28.633850
28.662775
28.680800
28.728925
28.749650
28.790750
28.808550
28.826925
28.839175
28.858350
28.868975
28.909600
28.934625
28.953850
28.978575
29.022050
29.069100
29.113275
29.140225
29.165850
29.186250
29.208950
29.229675
29.243975
29.268550
29.301000
29.313600
29.326475
29.344475
29.391025
29.415900
29.427575
29.446450
29.480500
29.509575
29.524725
29.545025
29.573975
29.609600
29.622500
29.640850
29.669850
29.683025
29.703875
29.726325
29.739500
29.766775
29.821075
29.839800
29.854550
29.871700
29.904800
29.931775
29.984625
