0.150375
0.214725
0.245750
0.288225
0.313225
0.400800
0.460600
0.486825
0.524400
0.567650
0.606400
0.732575
0.773550
0.809525
0.810825
0.867350
0.897900
0.994425
1.030725
1.093425
1.138900
1.158600
1.233275
1.317125
1.356375
1.435375
1.617150
1.669575
1.929275
1.976400
2.114425
2.178850
2.344375
2.464950
2.560850
2.583250
2.619925
2.730200
2.791050
2.815275
2.838550
2.856475
2.889075
2.973325
3.027025
3.079025
3.096125
3.131650
3.157350
3.256975
3.263475
3.300175
3.343875
3.357675
3.367800
3.394600
3.420000
3.438375
3.492750
3.545600
3.631875
3.687850
3.772850
3.804800
3.872900
3.902100
4.037450
4.089175
4.130800
4.252300
4.260550
4.293000
4.309725
4.384450
4.415825
4.464300
4.489800
4.527750
4.605075
4.635950
4.738850
4.776425
4.817825
4.856100
4.866450
4.874725
4.884375
4.910675
4.925250
4.970575
5.048925
5.092225
5.137225
5.150325
5.162100
5.190750
5.280875
5.327575
5.362600
5.394875
5.424450
5.461150
5.495575
5.524450
5.569325
5.624250
5.636200
5.700925
5.794200
5.832175
5.875600
5.932075
5.995200
6.027775
6.120775
6.146300
6.265125
6.366200
6.399450
6.413750
6.433275
6.494525
6.544375
6.582250
6.667025
6.757125
6.871975
6.893575
6.915650
7.075050
7.093700
7.226525
7.269425
7.326875
7.589525
7.606800
7.690075
7.738150
7.791125
7.940075
7.992225
8.031600
8.077325
8.195175
8.266925
8.362150
8.425300
8.466425
8.509450
8.536875
8.587300
8.641775
8.697700
8.757275
8.796025
8.868450
8.969975
9.150950
9.172550
9.211625
9.425725
9.469150
9.528225
9.606625
9.651250
9.732275
9.770200
9.816475
9.886775
9.929500
9.957225
10.004925
10.053000
10.084700
10.158950
10.270550
10.302200
10.323450
10.495675
10.586050
10.620700
10.710175
10.873950
11.001925
11.052225
11.227425
11.236750
11.279375
11.325100
11.389075
11.512250
11.642075
11.735925
11.996350
12.071675
12.123400
12.215675
12.252975
12.317975
12.373550
12.423375
12.513550
12.648950
12.804400
12.848350
13.065500
13.093375
13.181300
13.442800
13.513550
13.804650
13.858500
13.922075
14.058950
14.114000
14.147375
14.185900
14.244850
14.256150
14.333875
14.379175
14.415325
14.441400
14.603925
14.668825
14.698675
14.705325
14.724750
14.739000
14.759675
14.784700
14.822575
14.852950
14.868475
14.894450
14.910275
15.023975
15.183900
15.215450
15.233975
15.272575
15.306500
15.340950
15.399350
15.511900
15.523875
15.561375
15.665300
15.700600
15.750050
15.804400
15.881025
15.890400
15.986675
16.064550
16.363000
16.528375
16.534625
16.812200
16.896250
16.924300
16.943500
16.972550
17.013550
17.212825
17.311800
17.402625
17.447075
17.518875
17.566775
17.800525
17.899100
17.977425
17.997100
18.025625
18.050200
18.075975
18.107875
18.132075
18.140775
18.232300
18.297325
18.349975
18.391575
18.477575
18.511150
18.556625
18.611425
18.649475
18.769975
18.799425
18.837675
18.901825
18.994000
19.031100
19.049575
19.088950
19.151875
19.169400
19.239300
19.292000
19.363950
19.445050
19.519175
19.650275
19.717125
19.772825
19.812050
19.916550
19.966875
20.073925
20.126125
20.230775
20.383600
20.495550
20.546675
20.590025
20.727100
21.113350
21.186950
21.269425
21.344700
21.389375
21.442825
21.482625
21.562250
21.577425
21.611950
21.666925
21.730350
21.765000
21.835075
21.880350
21.898125
21.979125
22.002175
22.049475
22.087975
22.202625
22.212900
22.382175
22.490075
22.514675
22.523700
22.547575
22.593725
22.604900
22.626375
22.660250
22.669525
22.706575
22.726250
22.822525
22.878050
22.904050
22.927800
22.970700
23.090375
23.175000
23.218075
23.270350
23.347150
23.364775
23.406625
23.443325
23.520650
23.580825
23.794425
23.982550
24.030475
24.045925
24.218525
24.254625
24.257850
24.295525
24.310975
24.331200
24.352475
24.365050
24.391950
24.409400
24.505800
24.605725
24.659275
24.707825
24.743875
24.771025
24.790625
24.842625
24.867525
24.921525
25.100875
25.280525
25.372900
25.409875
25.439775
25.474550
25.738525
25.741225
25.760775
25.788875
25.960925
26.028000
26.043975
26.076025
26.118525
26.131075
26.151625
26.169425
26.182950
26.232975
26.245275
26.286375
26.343675
26.402675
26.436250
26.467200
26.495700
26.541275
26.648700
26.769950
27.001600
27.035475
27.048025
27.059650
27.090625
27.116675
27.239275
27.263700
27.337050
27.380425
27.481450
27.515700
27.566150
27.657975
27.717625
27.808550
27.889150
27.999525
28.049525
28.234275
28.257400
28.323700
28.444275
28.507775
28.587950
28.737100
28.775225
28.854400
29.061275
29.104425
29.143500
29.167925
29.217225
29.243600
29.265325
29.271875
29.373500
29.409575
29.496875
29.570575
29.619225
29.645650
29.670900
29.695500
29.727725
29.798275
29.815675
29.896525
29.941775
29.966575
29.997825
