0.000800
0.132650
0.180000
0.226775
0.279025
0.299275
0.396350
0.433900
0.461425
0.538325
0.570900
0.603550
0.649100
0.685550
0.714975
0.759600
0.823775
0.844575
0.900050
0.945850
0.983700
1.014475
1.059525
1.111150
1.117450
1.124650
1.142275
1.162175
1.184200
1.210775
1.235600
1.259600
1.279125
1.339250
1.351850
1.360800
1.382325
1.398475
1.435200
1.500300
1.541850
1.577775
1.637450
1.670475
1.712325
1.741975
1.779000
1.795875
1.812625
1.848725
1.897650
1.938075
1.961100
2.012150
2.027450
2.069125
2.094850
2.116325
2.140750
2.173325
2.189075
2.208150
2.232050
2.243025
2.264825
2.282575
2.304075
2.317550
2.333450
2.347450
2.360925
2.382975
2.402175
2.417350
2.439650
2.449700
2.471800
2.485775
2.511975
2.554175
2.592325
2.618675
2.664850
2.695675
2.734575
2.757050
2.772525
2.814775
2.834500
2.860875
2.868375
2.878375
2.905975
2.934600
2.963400
2.985325
3.005025
3.039075
3.073300
3.086125
3.164750
3.217000
3.285050
3.315225
3.346525
3.418275
3.469925
3.499525
3.535150
3.630325
3.677350
3.718450
3.776000
3.814700
3.838525
3.925650
3.945950
3.965050
4.000800
4.013375
4.041900
4.070875
4.094800
4.129025
4.138600
4.160150
4.253850
4.349375
4.395950
4.439900
4.462925
4.482600
4.502600
4.527450
4.561775
4.587675
4.608850
4.629875
4.719875
4.742675
4.760475
4.769625
4.809525
4.825225
4.869600
4.887825
4.904950
4.934450
4.955950
4.980725
5.022025
5.041225
5.072025
5.089275
5.108900
5.128050
5.165225
5.190250
5.207100
5.226200
5.253500
5.272525
5.290000
5.318650
5.343300
5.361425
5.379375
5.396425
5.423600
5.449925
5.473475
5.499300
5.523175
5.555800
5.605350
5.626125
5.680475
5.711525
5.730650
5.793975
5.807675
5.820200
5.831675
5.842525
5.860300
5.890300
5.918950
5.969700
6.001025
6.026675
6.053200
6.084325
6.103650
6.120975
6.149375
6.168425
6.185575
6.215350
6.239875
6.276350
6.291425
6.301050
6.310025
6.330975
6.346500
6.385375
6.422975
6.438925
6.458150
6.479950
6.513175
6.534350
6.550925
6.575275
6.701275
6.735825
6.779800
6.826975
6.838250
6.863925
6.885725
6.917900
6.947475
6.969600
6.997975
7.011150
7.037375
7.051550
7.123775
7.150900
7.188100
7.210100
7.234275
7.248575
7.259175
7.280625
7.301325
7.332625
7.346950
7.380550
7.403800
7.415625
7.426325
7.440725
7.464050
7.489700
7.516225
7.540375
7.574800
7.604325
7.657625
7.690375
7.710850
7.725300
7.762775
7.775100
7.790800
7.815700
7.824525
7.838750
7.852600
7.870875
7.882150
7.892750
7.902875
7.913400
7.943325
7.959750
8.002575
8.047750
8.090025
8.102075
8.117150
8.130575
8.142725
8.157100
8.170750
8.183825
8.197650
8.221200
8.245450
8.271650
8.279525
8.317925
8.329525
8.383650
8.457300
8.477300
8.492575
8.501775
8.532125
8.555600
8.562550
8.574150
8.590175
8.616650
8.635050
8.658975
8.683800
8.694250
8.722975
8.745150
8.781550
8.801550
8.833175
8.847100
8.893125
8.908825
8.919475
8.937200
8.973400
8.995925
9.011750
9.037075
9.061525
9.090275
9.101700
9.142450
9.207500
9.262225
9.288925
9.311550
9.335100
9.347175
9.358850
9.371925
9.388725
9.404525
9.419350
9.440450
9.458525
9.475025
9.488350
9.500825
9.529775
9.558950
9.586600
9.612350
9.627225
9.653775
9.675675
9.687750
9.702125
9.712700
9.728625
9.743150
9.768075
9.777000
9.798600
9.823475
9.854075
9.876850
9.955550
9.991925
10.020000
10.036700
10.047100
10.063600
10.075525
10.090100
10.103175
10.117850
10.135200
10.161800
10.177675
10.200075
10.221025
10.233000
10.405550
10.431125
10.482375
10.503850
10.520675
10.532525
10.553950
10.569700
10.585100
10.602275
10.619950
10.650200
10.671725
10.735975
10.756900
10.795875
10.823550
10.834650
10.850250
10.861875
10.871825
10.880325
10.897350
10.921700
10.937750
10.968075
10.982975
11.023525
11.041450
11.057550
11.080200
11.097575
11.110925
11.135450
11.150775
11.162125
11.193825
11.222425
11.250300
11.274250
11.290725
11.316875
11.334075
11.354275
11.379900
11.606200
11.639975
11.665425
11.788950
11.865475
11.928125
11.982550
12.006600
12.042100
12.128425
12.144050
12.247450
12.304150
12.333400
12.355400
12.385525
12.396500
12.420625
12.502450
12.540650
12.581625
12.650375
12.679225
12.703325
12.750025
12.764900
12.809950
12.831025
12.867100
12.886525
12.935550
12.958025
12.976825
13.003725
13.024650
13.052400
13.096875
13.212975
13.329250
13.440925
13.479825
13.501775
13.524650
13.563675
13.590975
13.625900
13.641975
13.692200
13.717700
13.770875
13.803225
13.851100
13.879875
13.905625
13.918125
13.939450
13.972300
14.007225
14.065350
14.097750
14.136150
14.174725
14.193675
14.212575
14.249200
14.268700
14.285675
14.319775
14.334850
14.353150
14.398200
14.430700
14.457925
14.472075
14.505750
14.558675
14.588475
14.616375
14.653225
14.685275
14.711725
14.722650
14.760200
14.788225
14.809675
14.880125
14.925000
14.950025
15.034950
15.087800
15.146375
15.179175
15.198300
15.234350
15.252575
15.294025
15.320675
15.338125
15.352325
15.376975
15.426200
15.454275
15.493675
15.503900
15.530075
15.544400
15.630075
15.685900
15.706525
15.742950
15.758750
15.777200
15.793200
15.819025
15.853575
15.886175
15.907050
15.974425
16.020950
16.054625
16.096375
16.145525
16.158675
16.194350
16.204450
16.224175
16.256100
16.268150
16.279450
16.301325
16.314925
16.337475
16.368925
16.392750
16.433325
16.481125
16.506650
16.544025
16.581525
16.611250
16.635750
16.654250
16.693750
16.716850
16.728575
16.800525
16.841300
16.893200
16.917600
16.932975
16.949175
16.989300
17.004400
17.031350
17.043200
17.067500
17.078425
17.105600
17.142325
17.154250
17.201650
17.235025
17.269400
17.290200
17.347100
17.364450
17.384925
17.439350
17.472275
17.509625
17.550400
17.567550
17.601000
17.620825
17.633975
17.644625
17.654650
17.666925
17.689050
17.705075
17.756425
17.790075
17.826400
17.875025
17.898700
17.916325
17.927525
17.936100
17.957275
17.991150
18.020050
18.037700
18.099225
18.152950
18.174700
18.220450
18.252975
18.291875
18.331275
18.375100
18.388400
18.466650
18.507075
18.519300
18.541575
18.575800
18.608000
18.625425
18.658900
18.683400
18.763425
18.809025
18.887350
18.912325
18.959450
18.998300
19.013850
19.035275
19.056725
19.075200
19.097150
19.125900
19.222150
19.243075
19.311425
19.340150
19.374600
19.393425
19.413375
19.445200
19.465475
19.477250
19.488300
19.555675
19.588725
19.615475
19.634500
19.688400
19.712125
19.725475
19.750600
19.771850
19.794225
19.809275
19.824450
19.838050
19.862500
19.885350
19.909025
19.936375
19.999350
20.059550
20.110350
20.156000
20.190750
20.207400
20.254700
20.308650
20.343350
20.385725
20.421825
20.441950
20.452000
20.473900
20.491600
20.505550
20.600850
20.688075
20.732025
20.744700
20.775125
20.803250
20.826000
20.849925
20.909925
20.971100
21.014425
21.039500
21.061775
21.074125
21.085275
21.099725
21.126975
21.134000
21.142825
21.187125
21.211950
21.286100
21.332525
21.369150
21.393450
21.415350
21.433325
21.465425
21.485625
21.506575
21.520625
21.541000
21.548375
21.569875
21.582525
21.633250
21.645950
21.669600
21.768275
21.786225
21.820000
21.842725
21.856200
21.868150
21.907650
21.924525
21.944150
21.959475
21.969900
21.983375
22.009950
22.025200
22.049175
22.206275
22.287500
22.301925
22.331175
22.349225
22.368425
22.396275
22.416450
22.442900
22.471675
22.493750
22.525300
22.561800
22.582125
22.616600
22.659900
22.695550
22.711525
22.750800
22.792900
22.813650
22.847075
22.885650
22.925525
22.949075
22.965750
23.034625
23.080600
23.111275
23.134125
23.161850
23.186350
23.203650
23.224025
23.241050
23.263600
23.296225
23.316400
23.327775
23.344925
23.355175
23.439825
23.467050
23.639625
23.667350
23.708075
23.723325
23.753950
23.773125
23.788425
23.814075
23.841475
23.859200
23.873200
23.980850
24.001600
24.039650
24.058300
24.077275
24.097725
24.125025
24.141675
24.157250
24.182075
24.204175
24.229150
24.257975
24.351725
24.368325
24.399150
24.415600
24.439275
24.458575
24.488975
24.499425
24.527950
24.556450
24.570000
24.587600
24.632775
24.667375
24.698400
24.724750
24.743175
24.766400
24.789750
24.818100
24.832400
24.853225
24.867900
24.898400
24.905350
24.928400
24.955475
24.984325
25.011425
25.026700
25.044650
25.194700
25.253350
25.278850
25.297100
25.337250
25.398775
25.421925
25.523825
25.597125
25.655900
25.697525
25.746275
25.767550
25.789650
25.816475
25.833625
25.896850
25.911300
25.999525
26.030875
26.050125
26.073075
26.087675
26.112750
26.147425
26.187075
26.228250
26.379625
26.405575
26.447100
26.457375
26.480625
26.513100
26.551800
26.617000
26.656300
26.684375
26.714350
26.762975
26.797600
26.819600
26.836000
26.891450
26.962150
27.002525
27.044750
27.066600
27.077925
27.104275
27.160850
27.236225
27.265775
27.292100
27.310450
27.366950
27.411900
27.444950
27.467825
27.520400
27.559450
27.593025
27.602925
27.620425
27.662850
27.695700
27.759325
27.815600
27.838925
27.866925
27.897525
27.947225
27.974750
28.011725
28.023725
28.063725
28.089425
28.117775
28.146500
28.172725
28.187375
28.233000
28.259950
28.312550
28.355575
28.397975
28.422325
28.445700
28.461825
28.499100
28.510900
28.572575
28.738600
28.816700
28.867650
28.923975
28.981525
29.007675
29.034250
29.086375
29.177650
29.196950
29.234950
29.259550
29.283950
29.323050
29.349450
29.393275
29.423375
29.442125
29.502525
29.530775
29.543725
29.553600
29.562625
29.597025
29.611100
29.627650
29.656800
29.678300
29.753000
29.787325
29.818000
29.847800
29.887600
29.922650
