0.006700
0.056575
0.070175
0.095025
0.102750
0.120625
0.132275
0.145575
0.160050
0.174500
0.188725
0.194475
0.219875
0.243750
0.254625
0.265825
0.285500
0.306475
0.315175
0.320600
0.325425
0.327850
0.331875
0.334750
0.367575
0.378275
0.390925
0.394950
0.408200
0.418425
0.424725
0.454625
0.473625
0.503650
0.545975
0.555175
0.574250
0.587850
0.594125
0.601975
0.620875
0.634225
0.645575
0.666050
0.678900
0.697475
0.715225
0.726275
0.730350
0.736100
0.742275
0.760400
0.771200
0.779225
0.783650
0.790000
0.820775
0.830000
0.835150
0.857875
0.874100
0.914150
0.929400
0.951450
0.972800
0.988100
0.997950
1.007000
1.032825
1.078600
1.134700
1.153600
1.166525
1.176750
1.210450
1.220675
1.228925
1.236700
1.245275
1.259975
1.266750
1.296075
1.325875
1.332900
1.382075
1.387275
1.424700
1.443100
1.473725
1.494825
1.505000
1.523450
1.540950
1.581875
1.603825
1.625350
1.633000
1.650575
1.668350
1.681525
1.703975
1.709900
1.723375
1.728075
1.734250
1.744350
1.753975
1.762450
1.776050
1.802975
1.821375
1.837875
1.868825
1.903375
1.921550
1.971800
1.995000
2.007125
2.079900
2.100825
2.122075
2.146825
2.155425
2.170075
2.185300
2.192275
2.199975
2.217925
2.265525
2.288075
2.324050
2.348675
2.365225
2.390550
2.413225
2.417150
2.421200
2.424900
2.435350
2.438150
2.440575
2.445050
2.448375
2.452975
2.464175
2.472325
2.486925
2.508625
2.518550
2.530750
2.538525
2.572750
2.599900
2.611675
2.635925
2.647950
2.664100
2.682400
2.705300
2.726100
2.741750
2.766125
2.771625
2.787050
2.792450
2.814150
2.824575
2.838100
2.844150
2.850925
2.864825
2.872425
2.878450
2.900050
2.910825
2.922000
2.953600
2.964350
2.978725
3.008925
3.023575
3.027975
3.034275
3.044375
3.068250
3.083450
3.104100
3.110975
3.161725
3.187575
3.225175
3.229825
3.260525
3.270900
3.273775
3.301100
3.381350
3.405325
3.433175
3.446775
3.466225
3.473975
3.528825
3.548425
3.554975
3.576550
3.610725
3.615875
3.644850
3.653275
3.670975
3.697375
3.730000
3.735125
3.739375
3.772875
3.786825
3.805875
3.842650
3.861825
3.882500
3.889125
3.912650
3.927225
3.936275
3.953675
3.967150
3.977600
3.981450
3.984700
4.013100
4.031275
4.054250
4.128700
4.146300
4.157775
4.171175
4.179175
4.240025
4.248000
4.270900
4.282425
4.297025
4.311825
4.326175
4.360725
4.365825
4.385950
4.472375
4.569475
4.579125
4.593675
4.610725
4.640275
4.661900
4.696025
4.706350
4.731525
4.769425
4.815350
4.833450
4.849450
4.855950
4.862025
4.864300
4.901725
4.998350
5.018925
5.021650
5.040075
5.109200
5.198925
5.217825
5.228625
5.238175
5.267275
5.277275
5.300250
5.311700
5.329375
5.358850
5.380825
5.384575
5.390075
5.394175
5.404550
5.416875
5.429500
5.447575
5.500975
5.507075
5.528700
5.533750
5.543425
5.565275
5.583725
5.632525
5.651925
5.669300
5.687900
5.698075
5.707425
5.716675
5.736125
5.774925
5.819450
5.906175
5.921675
5.986250
6.001700
6.032000
6.039075
6.048250
6.082175
6.109950
6.122025
6.175250
6.184825
6.211575
6.235025
6.245625
6.273125
6.296175
6.304575
6.318700
6.337475
6.346500
6.357225
6.370350
6.373550
6.379825
6.386100
6.414500
6.440525
6.447400
6.481600
6.495625
6.500075
6.549075
6.563100
6.576850
6.606850
6.627700
6.652925
6.659175
6.671850
6.773100
6.821175
6.854325
6.880375
6.894875
6.915025
6.924400
6.933475
6.944150
7.003000
7.044475
7.103650
7.158300
7.166125
7.208600
7.231000
7.248650
7.266500
7.289925
7.318675
7.361150
7.387875
7.397500
7.409450
7.413750
7.424300
7.436000
7.440125
7.473475
7.495250
7.505125
7.513900
7.534600
7.540900
7.585350
7.588850
7.610550
7.612925
7.620800
7.624125
7.652400
7.657025
7.666550
7.672575
7.682675
7.690075
7.712650
7.717325
7.749650
7.770175
7.802175
7.922225
7.939950
7.961925
7.987550
7.995575
8.000975
8.031150
8.036325
8.042475
8.058325
8.073250
8.104500
8.110050
8.135025
8.150625
8.209050
8.263800
8.282450
8.300300
8.315575
8.325825
8.339650
8.381025
8.404275
8.420725
8.440100
8.467650
8.480075
8.498450
8.538550
8.552625
8.572200
8.594675
8.603700
8.626375
8.642925
8.653975
8.762500
8.776000
8.800050
8.813175
8.864200
8.898500
8.926500
8.940275
8.966225
8.990200
9.001950
9.046000
9.066325
9.151125
9.156250
9.168025
9.172075
9.183425
9.217175
9.229925
9.255275
9.286050
9.304700
9.338900
9.373125
9.389425
9.402400
9.443875
9.496025
9.501825
9.505325
9.518175
9.525225
9.535375
9.541750
9.555725
9.575125
9.598725
9.635550
9.646100
9.670550
9.707850
9.734725
9.746625
9.771350
9.790275
9.835625
9.863400
9.879250
9.884575
9.889325
9.929100
9.950250
9.997625
10.006150
10.023375
10.033150
10.040825
10.066675
10.108650
10.126450
10.175275
10.220575
10.244300
10.253400
10.264425
10.268200
10.278100
10.281300
10.285875
10.294075
10.308225
10.314125
10.318025
10.339350
10.370500
10.402500
10.433175
10.507325
10.526050
10.530800
10.563250
10.592000
10.619650
10.642750
10.676000
10.713075
10.728700
10.738150
10.750900
10.791375
10.797025
10.804325
10.818050
10.823575
10.840300
10.851475
10.880900
10.920125
10.932550
10.947700
10.971875
10.996000
11.027575
11.055075
11.068025
11.074575
11.091200
11.095950
11.101575
11.160325
11.190375
11.258550
11.341375
11.358300
11.394725
11.405025
11.424200
11.461400
11.501575
11.549725
11.578775
11.595650
11.620800
11.634550
11.652675
11.682400
11.693275
11.726200
11.750450
11.765275
11.819075
11.825175
11.837700
11.857300
11.895925
11.910375
11.942275
11.962275
11.978225
11.992800
12.016675
12.038100
12.091625
12.123650
12.130225
12.194325
12.200025
12.289925
12.346450
12.360325
12.379300
12.426925
12.442075
12.476300
12.501525
12.517150
12.543950
12.562300
12.571425
12.579125
12.594975
12.610750
12.658650
12.699900
12.708350
12.786250
12.808475
12.815525
12.837750
12.863700
12.881750
12.911450
12.924075
12.945125
12.982100
13.045025
13.079375
13.140000
13.149675
13.209150
13.231075
13.251275
13.279450
13.283900
13.295950
13.302800
13.335850
13.356700
13.379675
13.404625
13.449825
13.483575
13.497675
13.513450
13.537275
13.547000
13.559175
13.586250
13.595575
13.620300
13.625575
13.637450
13.651425
13.659675
13.686650
13.703450
13.762275
13.800100
13.827600
13.832525
13.852700
13.880575
13.905750
13.931000
13.957700
13.972750
14.030150
14.049350
14.080575
14.093700
14.101275
14.113875
14.129925
14.165100
14.186650
14.201000
14.224800
14.236350
14.248850
14.265350
14.276075
14.288750
14.324825
14.344175
14.392000
14.404025
14.432625
14.436625
14.458700
14.467100
14.505025
14.509425
14.532025
14.565300
14.590000
14.609625
14.615125
14.661300
14.693250
14.711950
14.714750
14.722925
14.755550
14.784000
14.804600
14.816625
14.871825
14.880250
14.907125
14.918025
14.943875
14.952400
14.965425
14.968200
14.976250
14.987725
14.996375
15.001450
15.034825
15.054325
15.059575
15.069950
15.081025
15.134725
15.172925
15.190850
15.208200
15.225475
15.239400
15.262850
15.273750
15.296900
15.313225
15.326425
15.338175
15.353225
15.374025
15.436000
15.511400
15.537325
15.546875
15.596450
15.624600
15.657675
15.670025
15.683125
15.693300
15.699750
15.741825
15.795050
15.807475
15.851950
15.866650
15.881825
15.897500
15.929775
15.954600
15.971625
16.033700
16.048175
16.071600
16.116625
16.149600
16.244575
16.286725
16.315550
16.362425
16.369975
16.382400
16.427250
16.440225
16.461375
16.481450
16.515400
16.543550
16.631950
16.671950
16.683000
16.714975
16.729500
16.779675
16.800350
16.815550
16.830200
16.842425
16.870125
16.897150
16.903000
16.916200
16.937700
16.954375
17.032925
17.056975
17.071775
17.143825
17.158000
17.182775
17.216350
17.250025
17.268275
17.310000
17.338075
17.345900
17.382975
17.410100
17.429825
17.487500
17.514350
17.534575
17.578675
17.615675
17.644150
17.663300
17.705175
17.725825
17.747625
17.766000
17.781825
17.796925
17.811125
17.840100
17.850100
17.859800
17.874525
17.889275
17.917225
17.934175
17.961925
17.974100
17.997100
18.009225
18.040150
18.065775
18.077450
18.103950
18.128725
18.157525
18.181125
18.188625
18.208775
18.218950
18.223450
18.256150
18.263375
18.295200
18.308300
18.320850
18.350075
18.362375
18.377550
18.384425
18.397325
18.430675
18.439000
18.451375
18.474150
18.492175
18.506050
18.522350
18.536175
18.557850
18.579850
18.618050
18.630400
18.645550
18.673000
18.690550
18.702875
18.716500
18.738825
18.775900
18.797500
18.816850
18.857675
18.879800
18.914850
18.923975
18.955575
18.967375
18.993800
19.009725
19.016075
19.054725
19.068750
19.079800
19.097800
19.110525
19.141000
19.156675
19.183075
19.206600
19.233050
19.250250
19.270500
19.294450
19.311550
19.323800
19.369000
19.384050
19.400800
19.417250
19.459875
19.470100
19.473250
19.520250
19.538350
19.554975
19.584050
19.604225
19.622975
19.645600
19.668750
19.685975
19.693225
19.700600
19.710150
19.718575
19.730525
19.743000
19.750300
19.804075
19.816675
19.830250
19.842275
19.860300
19.876025
19.891700
19.906750
19.941200
19.956075
19.978100
20.001875
20.026525
20.037725
20.061450
20.087100
20.113950
20.159500
20.201525
20.223100
20.247400
20.283150
20.293125
20.323425
20.329700
20.347375
20.356225
20.393225
20.399175
20.423650
20.478000
20.494975
20.507950
20.537300
20.557250
20.578700
20.600350
20.627400
20.640425
20.658300
20.681575
20.714950
20.726375
20.751500
20.774550
20.792500
20.809325
20.847350
20.863150
20.902000
20.941175
20.947875
20.968900
20.996125
21.010525
21.023575
21.052125
21.072275
21.102625
21.123025
21.140225
21.156600
21.174100
21.187450
21.212175
21.236325
21.242900
21.284450
21.296225
21.321650
21.330075
21.348775
21.357525
21.379175
21.389750
21.406025
21.418775
21.453350
21.464150
21.487600
21.498700
21.508250
21.537775
21.561650
21.583650
21.607950
21.635350
21.658875
21.705550
21.727700
21.751025
21.765000
21.792800
21.816900
21.839375
21.856625
21.873100
21.894550
21.921100
21.926825
21.945375
21.991600
22.018475
22.039025
22.049225
22.068125
22.088075
22.097050
22.102300
22.115575
22.129525
22.138950
22.151425
22.166250
22.189025
22.198875
22.228500
22.244500
22.263450
22.276275
22.307200
22.330900
22.363375
22.384875
22.402075
22.425075
22.437650
22.449900
22.489300
22.507950
22.525350
22.536100
22.558775
22.578150
22.592225
22.597625
22.610825
22.620775
22.636525
22.648850
22.664100
22.675375
22.706250
22.715400
22.735900
22.754700
22.766275
22.781000
22.816375
22.829800
22.877625
22.895525
22.920700
22.937300
22.950100
22.967900
22.987450
23.001525
23.008575
23.031275
23.043050
23.072750
23.097775
23.114225
23.129675
23.140275
23.152500
23.161125
23.173225
23.200825
23.207825
23.250525
23.289125
23.300750
23.344025
23.356625
23.377100
23.395375
23.408800
23.429975
23.448150
23.488650
23.507800
23.514125
23.523400
23.532875
23.546575
23.571825
23.581450
23.625175
23.633800
23.638075
23.642800
23.649750
23.660575
23.677000
23.682125
23.705975
23.725625
23.735075
23.747400
23.762750
23.776175
23.793950
23.823225
23.837150
23.850675
23.893650
23.919100
23.940575
23.992975
24.006150
24.022625
24.030000
24.048150
24.055175
24.057950
24.062075
24.067275
24.073525
24.082100
24.114400
24.143300
24.181725
24.215200
24.232750
24.257500
24.289075
24.301150
24.331125
24.340725
24.344600
24.351775
24.354550
24.358550
24.362075
24.386025
24.394500
24.406625
24.425325
24.453350
24.471325
24.491475
24.506300
24.517900
24.526475
24.545400
24.560675
24.593050
24.614225
24.628625
24.650275
24.669600
24.681675
24.692425
24.702875
24.707875
24.730850
24.740825
24.755025
24.770075
24.782525
24.793800
24.801400
24.822925
24.838950
24.858450
24.894025
24.910900
24.926650
24.938625
24.957150
24.970825
24.985650
25.009950
25.016850
25.037400
25.045700
25.056700
25.068275
25.083275
25.100850
25.114175
25.119650
25.124650
25.140450
25.148525
25.187900
25.238100
25.309625
25.346550
25.386475
25.398275
25.424225
25.434950
25.448300
25.468100
25.476175
25.512000
25.520700
25.530100
25.572150
25.595025
25.616050
25.633175
25.657575
25.677525
25.697625
25.727325
25.742000
25.747875
25.781900
25.798675
25.819375
25.826400
25.839175
25.856150
25.885175
25.906525
25.923100
25.945875
25.985625
26.012975
26.033200
26.052475
26.059750
26.071575
26.081850
26.086725
26.096775
26.152525
26.159400
26.195100
26.207700
26.212275
26.240750
26.247200
26.263600
26.278975
26.356200
26.363850
26.393350
26.426650
26.434975
26.438725
26.462725
26.478375
26.540150
26.549725
26.579775
26.615225
26.689150
26.714100
26.739325
26.744525
26.760200
26.770225
26.773550
26.815600
26.834000
26.847175
26.866050
26.880925
26.889825
26.905350
26.919125
26.928975
26.957575
26.978125
26.994050
27.039125
27.060000
27.090525
27.114925
27.124100
27.183400
27.191225
27.195550
27.211750
27.286925
27.299675
27.331625
27.343525
27.365525
27.374775
27.447550
27.452150
27.477650
27.486875
27.507250
27.525300
27.578875
27.621725
27.650550
27.668825
27.721725
27.751425
27.770450
27.786725
27.822825
27.843425
27.854875
27.863575
27.878075
27.912275
27.961575
27.989100
28.031475
28.050775
28.069200
28.103325
28.145625
28.155575
28.181575
28.196975
28.215150
28.240975
28.252300
28.280450
28.293325
28.323700
28.337900
28.378425
28.400150
28.410750
28.447900
28.491725
28.511875
28.528650
28.550200
28.568350
28.587100
28.611500
28.637600
28.659475
28.673900
28.702150
28.713400
28.752000
28.766325
28.781000
28.796825
28.812975
28.821725
28.832100
28.855175
28.928350
28.951050
28.988850
29.007100
29.012850
29.035750
29.055900
29.111175
29.129600
29.147250
29.166450
29.186550
29.205475
29.218925
29.250900
29.261075
29.266675
29.315375
29.361100
29.392100
29.417050
29.442525
29.445900
29.456675
29.471300
29.500075
29.507075
29.511675
29.531525
29.546225
29.591650
29.604950
29.632925
29.670800
29.683575
29.706825
29.730150
29.754150
29.766950
29.777225
29.794000
29.821500
29.836750
29.855325
29.860550
29.873850
29.890025
29.902525
29.917150
29.927900
29.977325
