0.009475
0.050525
0.066675
0.097200
0.122650
0.144975
0.165925
0.184300
0.217500
0.246600
0.264800
0.278725
0.300875
0.320750
0.337500
0.356575
0.369725
0.383625
0.406750
0.421575
0.443175
0.472200
0.500925
0.518000
0.542225
0.561350
0.588325
0.611075
0.631675
0.646550
0.658375
0.669375
0.679050
0.703650
0.720775
0.732150
0.745700
0.756975
0.770225
0.783825
0.796325
0.807200
0.824850
0.837900
0.861025
0.880950
0.887900
0.898475
0.918025
0.931400
0.942125
0.959550
0.979750
0.997025
1.018550
1.036325
1.055700
1.073725
1.097950
1.121650
1.136175
1.151850
1.179625
1.194600
1.210200
1.232800
1.250475
1.271200
1.283350
1.306125
1.323400
1.343050
1.357450
1.373625
1.391750
1.408750
1.432025
1.457900
1.486375
1.501950
1.518525
1.536200
1.553575
1.572650
1.593775
1.614100
1.633150
1.661325
1.693025
1.721700
1.741225
1.754325
1.779500
1.788925
1.804400
1.822375
1.840025
1.861450
1.888900
1.906250
1.926825
1.946325
1.967875
1.986400
2.010025
2.030975
2.048225
2.069925
2.096950
2.122950
2.161825
2.188775
2.210100
2.212425
2.229175
2.246100
2.277625
2.296550
2.306975
2.323125
2.339875
2.353375
2.371075
2.393900
2.418100
2.443325
2.463725
2.481525
2.489775
2.511800
2.527950
2.551100
2.571500
2.595250
2.615400
2.641475
2.658925
2.688675
2.704075
2.725075
2.749850
2.765050
2.770275
2.785425
2.803350
2.818575
2.831750
2.856475
2.875075
2.905525
2.915150
2.935975
2.953825
2.974650
2.989950
3.006525
3.027825
3.048550
3.063325
3.087600
3.107300
3.119400
3.136775
3.153175
3.175400
3.201550
3.232300
3.266050
3.290625
3.314275
3.340075
3.361425
3.386750
3.402875
3.413575
3.428150
3.437525
3.449275
3.462475
3.476475
3.486200
3.503225
3.520025
3.533150
3.545050
3.559950
3.579475
3.593125
3.605450
3.616675
3.632450
3.642875
3.660175
3.663575
3.681050
3.703075
3.720475
3.738825
3.761825
3.780375
3.808050
3.822200
3.846050
3.871950
3.895475
3.912850
3.943400
3.983475
4.011200
4.037025
4.055200
4.068150
4.081825
4.097625
4.113450
4.123900
4.136600
4.151375
4.172850
4.186500
4.204075
4.223550
4.240250
4.263350
4.286025
4.299875
4.318800
4.330875
4.353825
4.377925
4.405750
4.429875
4.451400
4.477750
4.503625
4.518975
4.557625
4.583700
4.605700
4.630175
4.643050
4.664300
4.691125
4.707950
4.724825
4.742425
4.768450
4.783425
4.794400
4.808900
4.826525
4.845100
4.864075
4.876025
4.895825
4.907425
4.927275
4.943650
4.973100
4.989025
5.005350
5.028475
5.048275
5.070025
5.097925
5.124400
5.139275
5.160150
5.188000
5.202325
5.216825
5.228325
5.240075
5.256000
5.270575
5.278425
5.286625
5.296400
5.306550
5.325800
5.336625
5.351050
5.366125
5.384725
5.396600
5.415100
5.429500
5.449575
5.462225
5.490900
5.500700
5.514775
5.527750
5.548825
5.573300
5.591500
5.615325
5.640200
5.661100
5.675225
5.692150
5.720300
5.741625
5.768425
5.799575
5.829250
5.841025
5.858550
5.875750
5.892200
5.907250
5.916050
5.926225
5.938475
5.957825
5.970400
5.981450
5.996500
6.008150
6.025325
6.045475
6.071400
6.092150
6.114500
6.132875
6.152150
6.174700
6.202300
6.237350
6.257675
6.286950
6.310375
6.329250
6.345200
6.358425
6.368725
6.378425
6.389600
6.402375
6.417725
6.434550
6.447075
6.460650
6.483475
6.506175
6.526650
6.538050
6.565425
6.581275
6.599700
6.613875
6.632075
6.644975
6.660050
6.689200
6.714000
6.741025
6.769775
6.784250
6.816650
6.831125
6.842025
6.856600
6.877650
6.890900
6.908500
6.926275
6.947675
6.969825
6.984400
7.007000
7.035950
7.059825
7.075600
7.099600
7.115625
7.136325
7.155150
7.196350
7.226850
7.257425
7.284075
7.303075
7.317275
7.342375
7.376175
7.395625
7.412550
7.431775
7.446925
7.462300
7.477200
7.493775
7.519625
7.535450
7.549950
7.573375
7.592450
7.609550
7.623900
7.636250
7.654800
7.671725
7.686600
7.702725
7.727150
7.747675
7.779075
7.795450
7.807075
7.830400
7.847450
7.870900
7.902500
7.921400
7.937500
7.960075
7.983000
8.004100
8.019100
8.039025
8.051025
8.059675
8.075800
8.080800
8.102650
8.112525
8.122850
8.136350
8.151875
8.163875
8.181600
8.194700
8.217475
8.238400
8.258675
8.275700
8.304050
8.320025
8.336125
8.370525
8.399500
8.423050
8.436350
8.452950
8.469075
8.482625
8.498575
8.515950
8.522075
8.533200
8.547450
8.571825
8.590875
8.607825
8.635425
8.657950
8.666900
8.697925
8.743600
8.774650
8.799950
8.822450
8.843700
8.861850
8.882125
8.906800
8.921525
8.941475
8.953875
8.980275
8.998550
9.009575
9.021725
9.038275
9.057300
9.079000
9.097825
9.116275
9.138750
9.154800
9.180450
9.199150
9.222425
9.249000
9.265050
9.288750
9.339725
9.371625
9.391800
9.416575
9.431550
9.451275
9.471700
9.492300
9.503900
9.518875
9.535500
9.551725
9.570025
9.586950
9.604550
9.620150
9.641800
9.662500
9.688400
9.711225
9.740525
9.782100
9.798300
9.816275
9.827525
9.832725
9.843400
9.852075
9.865375
9.885275
9.897450
9.906800
9.914700
9.925900
9.935925
9.951200
9.961350
9.973925
9.986700
9.995425
10.010625
10.025700
10.044650
10.057975
10.084575
10.104925
10.124675
10.152875
10.175175
10.190225
10.222050
10.242350
10.259825
10.284125
10.308000
10.337725
10.353075
10.373250
10.388450
10.419525
10.441100
10.450950
10.469875
10.490000
10.501850
10.517525
10.529400
10.545725
10.559625
10.568575
10.591100
10.607225
10.626475
10.649400
10.674150
10.697650
10.721275
10.737000
10.765525
10.790050
10.825150
10.856775
10.872875
10.893125
10.912825
10.925725
10.936075
10.953325
10.967975
10.985125
11.003425
11.028150
11.044875
11.065775
11.087850
11.107725
11.140925
11.171525
11.201525
11.235900
11.243975
11.251525
11.268600
11.270825
11.277875
11.282800
11.290000
11.301875
11.306700
11.313875
11.321550
11.331200
11.357100
11.365025
11.375400
11.382875
11.390650
11.396250
11.402100
11.412775
11.417525
11.432600
11.443825
11.460375
11.478775
11.483200
11.515925
11.530025
11.539275
11.547175
11.557625
11.567550
11.580150
11.604225
11.617750
11.621975
11.643900
11.654800
11.677250
11.693075
11.706450
11.716125
11.737250
11.760125
11.776375
11.789475
11.811625
11.828625
11.850900
11.870650
11.890925
11.911475
11.926250
11.938100
11.946500
11.959875
11.971675
11.980500
11.986975
11.996425
12.005325
12.016750
12.034650
12.046725
12.055825
12.080425
12.094050
12.109800
12.118850
12.125875
12.138150
12.154225
12.174125
12.195475
12.231850
12.249650
12.276125
12.295075
12.338450
12.361925
12.376900
12.395900
12.412600
12.425625
12.440550
12.454575
12.478000
12.499100
12.548800
12.563325
12.585600
12.604625
12.617500
12.647400
12.665550
12.685850
12.719350
12.773150
12.792225
12.814950
12.836575
12.857950
12.875850
12.892550
12.912175
12.936575
12.955725
12.969025
12.995525
13.023525
13.048175
13.083175
13.116450
13.143150
13.182800
13.202650
13.231325
13.243025
13.260800
13.300200
13.315450
13.333000
13.345600
13.360525
13.371700
13.381100
13.391150
13.398725
13.405150
13.415525
13.426625
13.439775
13.450850
13.493350
13.505975
13.518375
13.532200
13.546225
13.564250
13.577325
13.598975
13.614000
13.641750
13.656200
13.677275
13.694650
13.716850
13.743625
13.756850
13.784525
13.805150
13.824025
13.840400
13.855450
13.874150
13.888500
13.903575
13.928125
13.940325
13.941850
13.955525
13.970075
13.998600
14.025050
14.045475
14.066500
14.094050
14.115875
14.127525
14.151400
14.159625
14.181450
14.200200
14.222650
14.238125
14.253550
14.267775
14.295700
14.310650
14.324700
14.340375
14.358200
14.387175
14.409425
14.426275
14.462075
14.492025
14.529625
14.559225
14.582850
14.602350
14.627450
14.638775
14.677750
14.692300
14.707300
14.724650
14.739500
14.749800
14.761150
14.778400
14.798225
14.817925
14.846700
14.872175
14.896775
14.921000
14.940325
14.954775
14.979050
14.997350
15.024675
15.053750
15.084400
15.108275
15.127925
15.148275
15.159200
15.176825
15.190225
15.203575
15.213925
15.225300
15.241850
15.254850
15.273500
15.286650
15.311325
15.327600
15.359300
15.373850
15.400850
15.427000
15.442975
15.461200
15.472325
15.490150
15.502425
15.513900
15.531525
15.538500
15.549500
15.562875
15.577025
15.584925
15.593750
15.605750
15.634450
15.652075
15.671650
15.690900
15.709000
15.730600
15.750675
15.772625
15.805675
15.865025
15.880725
15.921400
15.942750
15.962875
15.986150
16.001300
16.024125
16.044875
16.068125
16.094425
16.110900
16.126275
16.148325
16.185225
16.226350
16.245800
16.271075
16.290575
16.306325
16.320200
16.335475
16.348500
16.360425
16.370100
16.379975
16.390925
16.405300
16.420375
16.433550
16.447875
16.474075
16.491925
16.523400
16.549900
16.577000
16.599650
16.614325
16.626525
16.637075
16.648325
16.657600
16.663275
16.672700
16.676850
16.684400
16.688350
16.715625
16.728075
16.737475
16.750300
16.783675
16.789925
16.807200
16.814000
16.828200
16.842900
16.855700
16.868525
16.892450
16.909550
16.929350
16.957075
16.989200
17.007500
17.031225
17.045175
17.077375
17.100825
17.140450
17.162425
17.181625
17.199200
17.212450
17.222875
17.230300
17.239250
17.250950
17.261375
17.272125
17.284700
17.312975
17.326875
17.339750
17.352800
17.366175
17.382300
17.396750
17.425600
17.431075
17.447150
17.468050
17.490125
17.503350
17.527900
17.547775
17.564525
17.589300
17.606475
17.638975
17.666925
17.685000
17.695425
17.709100
17.716825
17.736025
17.758050
17.769025
17.786725
17.804750
17.830425
17.853875
17.875150
17.898100
17.915200
17.930300
17.947800
17.974475
17.997075
18.024650
18.062575
18.099300
18.125700
18.136875
18.148525
18.163575
18.172925
18.184900
18.192825
18.209600
18.219675
18.236725
18.251100
18.265925
18.281425
18.293150
18.302225
18.316400
18.338075
18.350925
18.365700
18.383000
18.405525
18.424325
18.442000
18.467350
18.488600
18.534900
18.550675
18.577575
18.598550
18.610475
18.625825
18.638525
18.653050
18.670925
18.682200
18.697175
18.714675
18.727875
18.744125
18.760900
18.784225
18.808375
18.831850
18.852075
18.871450
18.899175
18.923725
18.981525
19.005625
19.022150
19.039275
19.051325
19.059100
19.075050
19.086400
19.099075
19.102100
19.114500
19.131775
19.141725
19.160450
19.178650
19.198050
19.218475
19.243275
19.273025
19.291125
19.308975
19.330875
19.355750
19.373400
19.396750
19.429775
19.452600
19.463700
19.472200
19.490700
19.495400
19.499125
19.507400
19.515075
19.523425
19.529375
19.540075
19.545575
19.550525
19.553850
19.560875
19.587350
19.593075
19.602225
19.619250
19.638025
19.650100
19.661850
19.673700
19.684925
19.702425
19.709525
19.718325
19.722275
19.735025
19.761500
19.773825
19.809725
19.819200
19.835375
19.846575
19.854200
19.864775
19.878300
19.886225
19.892800
19.914050
19.929275
19.942250
19.962500
19.989725
20.011025
20.027400
20.048950
20.072850
20.093500
20.108525
20.124125
20.137425
20.148025
20.160875
20.165850
20.178125
20.191075
20.203675
20.208900
20.220825
20.231400
20.254425
20.271250
20.285325
20.295400
20.311100
20.333625
20.344300
20.354775
20.366000
20.372600
20.388300
20.402900
20.412550
20.435900
20.455375
20.479500
20.501850
20.529275
20.550825
20.570225
20.591150
20.609375
20.630875
20.647975
20.659900
20.667750
20.676775
20.684975
20.699325
20.710575
20.718125
20.728150
20.741250
20.751850
20.759925
20.775625
20.789175
20.794400
20.811050
20.823600
20.833400
20.850425
20.868925
20.889925
20.902525
20.918775
20.926825
20.943175
20.957875
20.980675
20.994825
21.018750
21.045575
21.063100
21.084875
21.124925
21.151850
21.178425
21.200375
21.248000
21.260300
21.297000
21.313700
21.331700
21.346950
21.368775
21.390225
21.416675
21.436300
21.457175
21.479525
21.506650
21.522325
21.545425
21.567575
21.578875
21.597575
21.608725
21.623725
21.639400
21.647075
21.675375
21.687250
21.703525
21.723825
21.741475
21.756250
21.785400
21.805250
21.823525
21.846725
21.876375
21.913975
21.936600
21.978075
21.997400
22.013875
22.033375
22.053100
22.067975
22.085050
22.096525
22.119075
22.134550
22.148400
22.167100
22.177875
22.195650
22.211375
22.221750
22.239125
22.252750
22.272900
22.285625
22.309875
22.332750
22.359100
22.375850
22.400425
22.426800
22.452600
22.472050
22.511750
22.563600
22.593150
22.611675
22.626300
22.637175
22.648925
22.664550
22.672575
22.680275
22.696800
22.705175
22.716525
22.730100
22.743525
22.750050
22.761850
22.776825
22.790250
22.806400
22.832475
22.860700
22.881675
22.909575
22.929675
22.948075
22.963600
22.981325
23.005125
23.024925
23.044300
23.074025
23.096300
23.123900
23.146525
23.170175
23.188125
23.198750
23.211575
23.221825
23.233950
23.241750
23.254225
23.271375
23.284325
23.291325
23.318300
23.326700
23.342725
23.360725
23.373300
23.387300
23.400825
23.419675
23.436425
23.459625
23.481525
23.504925
23.527800
23.551950
23.585025
23.599825
23.605775
23.612925
23.618400
23.626500
23.629450
23.634875
23.643600
23.659950
23.671250
23.679225
23.694525
23.736875
23.751675
23.766125
23.790500
23.805700
23.825550
23.837650
23.849425
23.861475
23.875025
23.898575
23.917275
23.967425
23.994225
24.022725
24.051850
24.066025
24.088100
24.105575
24.124975
24.148500
24.162400
24.185700
24.212025
24.226450
24.247975
24.267650
24.285025
24.307175
24.323725
24.343625
24.359775
24.382000
24.395775
24.409975
24.422425
24.433650
24.445025
24.455300
24.467125
24.480600
24.495600
24.513475
24.529425
24.549000
24.571175
24.591300
24.617450
24.637000
24.659500
24.678525
24.703900
24.724275
24.754875
24.788500
24.797625
24.824600
24.865575
24.900575
24.922225
24.948575
24.974400
24.994150
25.012675
25.042925
25.060275
25.083625
25.096275
25.123100
25.148700
25.172050
25.203875
25.227825
25.246125
25.261775
25.281800
25.297225
25.311300
25.322325
25.339325
25.355575
25.366650
25.378700
25.397975
25.409550
25.416475
25.436100
25.456800
25.481500
25.504125
25.537175
25.560950
25.576025
25.604850
25.620475
25.648450
25.679800
25.709575
25.728050
25.749500
25.761775
25.772975
25.782300
25.793000
25.801075
25.813475
25.822775
25.831500
25.843325
25.860300
25.876200
25.891700
25.905300
25.918925
25.936625
25.949825
25.967525
25.979800
26.001875
26.032375
26.046275
26.066975
26.079125
26.092825
26.105800
26.118400
26.136975
26.147200
26.169750
26.189425
26.201300
26.224400
26.239350
26.268750
26.289400
26.310075
26.332025
26.355850
26.369725
26.397775
26.433725
26.456400
26.469725
26.480925
26.491500
26.506425
26.513725
26.524350
26.534350
26.548950
26.556250
26.566025
26.575175
26.586850
26.598200
26.605800
26.613600
26.623550
26.630675
26.639375
26.644775
26.652150
26.661375
26.675075
26.685100
26.694800
26.703375
26.714125
26.720825
26.727800
26.741275
26.747975
26.752725
26.756475
26.773675
26.790350
26.820450
26.824550
26.832175
26.840925
26.843925
26.855925
26.877600
26.887125
26.903850
26.912225
26.930600
26.945950
26.950400
26.964700
26.974400
26.983250
26.998675
27.011950
27.029725
27.047650
27.063875
27.081425
27.100975
27.121950
27.149400
27.168150
27.188900
27.223600
27.248775
27.271650
27.283075
27.298425
27.324975
27.342325
27.355150
27.368125
27.381750
27.405025
27.420875
27.443625
27.465000
27.487075
27.514525
27.548225
27.585200
27.616600
27.638300
27.652200
27.671325
27.688300
27.703900
27.719100
27.735425
27.747350
27.762275
27.780650
27.805250
27.824575
27.861725
27.878650
27.907525
27.931325
27.967475
27.996250
28.028800
28.046450
28.064675
28.081550
28.096225
28.115850
28.133600
28.152225
28.167575
28.182800
28.203900
28.214150
28.236275
28.257475
28.271850
28.296625
28.335525
28.366675
28.378900
28.415775
28.444025
28.477375
28.502500
28.525925
28.547750
28.564325
28.579350
28.594075
28.607000
28.621525
28.639675
28.663375
28.683800
28.704375
28.732225
28.776475
28.807150
28.832625
28.854775
28.868325
28.890875
28.910000
28.918375
28.930400
28.942500
28.951175
28.961700
28.970275
28.983375
28.993100
29.002000
29.010150
29.015225
29.031250
29.044300
29.054925
29.062450
29.078175
29.087450
29.101550
29.113325
29.128725
29.139625
29.152450
29.163675
29.192300
29.213125
29.224925
29.244625
29.262350
29.282075
29.308875
29.330200
29.350925
29.369950
29.400225
29.436875
29.462200
29.492475
29.514850
29.531450
29.543925
29.565900
29.582725
29.598350
29.619800
29.641000
29.654975
29.672650
29.703225
29.723525
29.764825
29.799050
29.816475
29.833250
29.860750
29.882075
29.904900
29.925775
29.948425
29.970925
29.995850
