0.059450
0.096825
0.129075
0.169225
0.276200
0.319625
0.355350
0.403025
0.446050
0.464125
0.554250
0.577450
0.610625
0.678750
0.705425
0.730975
0.760700
0.811425
0.908150
1.218050
1.255875
1.303250
1.371475
1.402350
1.432925
1.468525
1.531100
1.593925
1.629450
1.661300
1.688825
1.712400
1.738825
1.758600
1.780100
1.802950
1.912425
1.952200
2.025550
2.094900
2.152725
2.181875
2.206925
2.229350
2.255600
2.271700
2.311650
2.354425
2.377775
2.426450
2.475825
2.512050
2.614600
2.699175
2.737075
2.784400
2.841550
2.867925
2.895525
2.915675
2.940675
2.962525
2.981625
3.025600
3.065750
3.177925
3.225625
3.259925
3.326200
3.348950
3.369575
3.411275
3.436200
3.568875
3.609500
3.636925
3.667450
3.685500
3.731925
3.797725
3.809200
3.836175
3.895025
3.948400
4.014700
4.083800
4.189500
4.217400
4.235375
4.248550
4.270900
4.312200
4.339100
4.368075
4.406225
4.478200
4.534500
4.639275
4.694425
4.752625
4.773050
4.788325
4.827125
4.868975
4.900900
4.930500
4.961550
5.019325
5.054125
5.090925
5.111750
5.146325
5.175200
5.210875
5.248450
5.267400
5.285200
5.309325
5.349000
5.379600
5.394925
5.485000
5.502275
5.576925
5.647850
5.680950
5.698600
5.714850
5.750475
5.765925
5.814800
5.832450
5.852250
5.933375
6.001300
6.029375
6.077600
6.124950
6.158525
6.310900
6.354225
6.395725
6.419875
6.471375
6.489650
6.510850
6.544550
6.564950
6.598425
6.636075
6.707125
6.736425
6.766900
6.803250
6.847675
6.862575
6.911275
6.957800
6.976625
7.075525
7.110225
7.199625
7.272500
7.303275
7.376550
7.397675
7.417850
7.453025
7.469500
7.490025
7.572000
7.583350
7.607375
7.664950
7.761300
7.877575
7.969275
8.067650
8.103200
8.150450
8.225000
8.263575
8.293150
8.317025
8.338000
8.421850
8.457300
8.480400
8.548450
8.585875
8.615400
8.638950
8.734225
8.755025
8.773400
8.805400
8.835900
8.857250
8.880100
8.912275
9.058225
9.154975
9.178800
9.299825
9.346625
9.363250
9.383700
9.461600
9.526225
9.554075
9.594725
9.630025
9.652400
9.697925
9.738825
9.772625
9.794050
9.800675
9.814625
9.851750
9.905975
9.967825
9.993925
10.017450
10.040275
10.140675
10.195350
10.273850
10.318625
10.347875
10.360300
10.420675
10.456000
10.471525
10.485575
10.673375
10.706850
10.729250
10.774175
10.875625
10.988500
11.074475
11.090425
11.199225
11.230875
11.326775
11.362950
11.394800
11.516450
11.695525
11.719825
11.758350
11.921100
11.935550
11.970325
11.987475
12.028775
12.142625
12.193525
12.231350
12.289950
12.304600
12.339325
12.377050
12.399000
12.462250
12.491525
12.508600
12.536100
12.556525
12.589800
12.633150
12.650575
12.668275
12.679950
12.728300
12.818850
12.887500
12.985775
13.014725
13.080975
13.105025
13.130725
13.164250
13.188925
13.209425
13.226975
13.259025
13.312425
13.346625
13.395375
13.432975
13.492450
13.544825
13.571375
13.605950
13.627925
13.644175
13.700350
13.730125
13.746425
13.772525
13.799575
13.810925
13.894775
13.919050
13.942975
13.953075
14.024675
14.110350
14.128200
14.173525
14.199225
14.240925
14.324625
14.350025
14.362700
14.392950
14.452950
14.486250
14.520475
14.591425
14.611625
14.693425
14.784175
14.814350
14.896450
14.947925
14.980975
15.021375
15.043125
15.064950
15.091075
15.193700
15.221250
15.254125
15.271325
15.294175
15.313175
15.374900
15.411500
15.512850
15.560350
15.594450
15.621400
15.665000
15.689775
15.707750
15.761125
15.812500
15.912600
15.959475
15.991975
16.015600
16.066000
16.076850
16.120850
16.203750
16.275675
16.309125
16.345800
16.439650
16.458650
16.489125
16.503500
16.553375
16.570825
16.586450
16.634175
16.672000
16.715350
16.746625
16.831600
16.862650
16.883725
16.964250
17.016675
17.063700
17.119925
17.161725
17.197475
17.221475
17.245500
17.293475
17.303450
17.327000
17.345350
17.358550
17.420150
17.443100
17.465550
17.541350
17.583075
17.599875
17.638350
17.700150
17.762200
17.797575
17.819625
17.847275
17.904750
17.939150
17.965275
17.981950
18.000975
18.040100
18.124100
18.158525
18.216000
18.295625
18.324925
18.375025
18.391300
18.432425
18.456450
18.483100
18.555825
18.576125
18.638625
18.718275
18.728925
18.766100
18.785350
18.805875
18.855775
18.925550
19.035300
19.075825
19.096275
19.125575
19.172825
19.204650
19.247200
19.272000
19.310350
19.364150
19.423725
19.441750
19.482975
19.504500
19.657325
19.672375
19.736400
19.758775
19.829275
19.901275
19.992450
20.113600
20.142500
20.155375
20.182825
20.234475
20.273700
20.286800
20.313450
20.342025
20.446825
20.588025
20.627225
20.698850
20.766100
20.796250
20.963400
21.059375
21.081225
21.144600
21.171000
21.183675
21.217625
21.264500
21.289675
21.354750
21.378900
21.442400
21.489675
21.515650
21.549400
21.670050
21.720975
21.771175
21.804500
21.832675
21.866025
21.886700
21.911650
21.951775
21.970000
22.064350
22.102325
22.120500
22.184550
22.202150
22.220925
22.247700
22.367550
22.510625
22.581750
22.616850
22.693125
22.744400
22.947825
23.012900
23.037550
23.098750
23.138250
23.323300
23.334200
23.352500
23.432125
23.470500
23.495825
23.513275
23.538950
23.752350
23.806200
23.865375
23.915500
24.035200
24.065825
24.104550
24.119450
24.134275
24.250725
24.277450
24.362125
24.384575
24.405500
24.438825
24.460675
24.475625
24.581625
24.600500
24.696000
24.765850
24.827100
24.847875
24.882675
24.942025
24.985350
25.055275
25.077500
25.139275
25.199125
25.230850
25.364475
25.419025
25.443800
25.465950
25.484275
25.614250
25.677100
25.703775
25.733625
25.761025
25.813950
25.851150
25.912925
25.950700
25.978950
25.999025
26.052425
26.205725
26.334000
26.360950
26.387775
26.426025
26.464225
26.490850
26.508350
26.546350
26.583750
26.678525
26.766650
26.807025
26.916650
26.986300
27.041525
27.061450
27.161975
27.198075
27.222650
27.241800
27.269775
27.313950
27.345700
27.475700
27.507375
27.604275
27.652050
27.695575
27.754675
27.785075
27.811750
27.833650
27.886950
27.952750
28.001525
28.051225
28.088675
28.109475
28.196550
28.216425
28.228975
28.272750
28.367875
28.394550
28.427250
28.462150
28.488450
28.555300
28.610950
28.652825
28.683050
28.806250
28.837375
28.879075
28.930700
28.954825
28.984250
29.011450
29.064300
29.141525
29.236150
29.264375
29.293500
29.318475
29.327625
29.351525
29.490700
29.510775
29.552400
29.565975
29.720100
29.794575
29.820200
29.849175
29.885075
29.991550
