0.029975
0.062575
0.097300
0.122775
0.142975
0.176000
0.214400
0.250325
0.270750
0.287475
0.320250
0.374550
0.405000
0.449325
0.490825
0.531150
0.557975
0.601650
0.621700
0.668425
0.717525
0.771150
0.793100
0.803025
0.813200
0.878100
0.923300
0.969700
1.005350
1.046475
1.095950
1.101775
1.117725
1.144900
1.159900
1.167725
1.182050
1.198650
1.223450
1.267675
1.284800
1.323150
1.375900
1.399150
1.451175
1.502275
1.538900
1.583300
1.644275
1.668950
1.706650
1.745475
1.776825
1.802950
1.863675
1.901025
1.929450
1.992175
2.051800
2.067775
2.126500
2.175825
2.208650
2.233225
2.318975
2.361875
2.402650
2.424625
2.435700
2.445725
2.454750
2.459400
2.465500
2.470325
2.476925
2.485475
2.494350
2.504750
2.518625
2.545100
2.563325
2.577475
2.592800
2.606375
2.624900
2.646300
2.652475
2.660950
2.666250
2.674875
2.685025
2.693075
2.701600
2.715775
2.724250
2.736500
2.745150
2.768750
2.803100
2.822450
2.850925
2.884775
2.935875
2.958200
2.983675
3.004575
3.027775
3.060350
3.087175
3.113600
3.138050
3.189250
3.203500
3.215400
3.243575
3.262425
3.276625
3.294400
3.315900
3.335375
3.358925
3.383700
3.386875
3.398950
3.414700
3.424650
3.433700
3.442725
3.449875
3.457800
3.464025
3.468275
3.484350
3.498225
3.514325
3.526450
3.535725
3.549125
3.562025
3.572450
3.578025
3.586100
3.592525
3.595575
3.599300
3.605975
3.611200
3.617675
3.624850
3.631825
3.638250
3.650375
3.659725
3.668425
3.676100
3.688475
3.698225
3.706900
3.715700
3.721975
3.737000
3.747675
3.756600
3.766400
3.772125
3.773575
3.783275
3.785925
3.793725
3.800375
3.804525
3.811625
3.819200
3.823450
3.831125
3.836925
3.840675
3.845225
3.848550
3.853275
3.856075
3.859600
3.864125
3.866725
3.870350
3.875100
3.879425
3.883400
3.887750
3.892175
3.897275
3.900475
3.904800
3.910500
3.918550
3.924800
3.934600
3.942750
3.951575
3.972050
3.978850
3.991600
4.002500
4.014475
4.023725
4.036900
4.047750
4.059050
4.066225
4.077575
4.090800
4.098375
4.105950
4.109775
4.114700
4.119925
4.125200
4.134075
4.141800
4.148300
4.156900
4.163950
4.171950
4.177075
4.183000
4.189825
4.195750
4.205800
4.219750
4.227275
4.238300
4.248300
4.255525
4.262625
4.267425
4.272825
4.277875
4.284775
4.290300
4.297450
4.304300
4.309300
4.314625
4.321275
4.328100
4.334100
4.338625
4.343850
4.345900
4.352050
4.355250
4.356850
4.362775
4.370125
4.378125
4.385675
4.392750
4.400725
4.407575
4.415775
4.422000
4.428550
4.432850
4.439400
4.448975
4.453175
4.458300
4.463625
4.469850
4.476050
4.483200
4.490225
4.498975
4.510000
4.518425
4.529075
4.537025
4.546225
4.553200
4.562525
4.567975
4.580400
4.586050
4.591875
4.598025
4.604400
4.610075
4.615050
4.622750
4.631650
4.643400
4.651325
4.657625
4.664550
4.669475
4.675350
4.680750
4.691175
4.694100
4.697125
4.700525
4.703000
4.704100
4.709850
4.725025
4.730475
4.736475
4.741300
4.746750
4.751275
4.758875
4.765025
4.771150
4.775775
4.782300
4.787400
4.791350
4.795750
4.799375
4.803275
4.810775
4.819625
4.824675
4.829050
4.834325
4.839875
4.845575
4.850925
4.856650
4.861500
4.868200
4.876250
4.882800
4.890650
4.901550
4.914075
4.926025
4.935500
4.940075
4.944625
4.949550
4.954650
4.960425
4.965150
4.968025
4.972650
4.978550
4.984600
4.992500
5.000100
5.008350
5.016825
5.017600
5.025000
5.037650
5.048925
5.057425
5.063625
5.073125
5.080325
5.089250
5.100625
5.109800
5.116075
5.122875
5.127900
5.133200
5.137525
5.141775
5.145100
5.149475
5.152925
5.157650
5.161850
5.179675
5.188375
5.199150
5.204050
5.208525
5.214900
5.215850
5.223125
5.226325
5.230325
5.235325
5.242875
5.250375
5.254775
5.266000
5.270925
5.274225
5.280025
5.285175
5.299625
5.305775
5.313250
5.321100
5.326050
5.331650
5.339525
5.348350
5.357975
5.369900
5.375725
5.384850
5.389625
5.394825
5.398250
5.409000
5.413125
5.418025
5.421925
5.424700
5.429750
5.434475
5.439950
5.442900
5.447275
5.452000
5.454725
5.458900
5.462050
5.470125
5.475075
5.483300
5.493600
5.498600
5.514225
5.527650
5.543050
5.561025
5.569325
5.573125
5.577950
5.583000
5.585775
5.589325
5.592925
5.597125
5.600225
5.604650
5.607700
5.611575
5.614725
5.618225
5.623300
5.626325
5.632000
5.635125
5.637925
5.649225
5.652750
5.669700
5.678225
5.688375
5.717025
5.730325
5.741075
5.750300
5.756625
5.761025
5.764975
5.767975
5.774975
5.778050
5.781400
5.785550
5.789425
5.793800
5.800325
5.805125
5.826075
5.830125
5.836250
5.846775
5.859475
5.872150
5.882475
5.892100
5.903150
5.911425
5.918025
5.924400
5.932350
5.938525
5.945450
5.950350
5.955325
5.958625
5.962700
5.967800
5.970525
5.976575
5.979500
5.983625
5.987325
5.991050
5.998325
6.006400
6.014600
6.024075
6.029575
6.042000
6.052450
6.073350
6.087750
6.096700
6.114175
6.124500
6.131850
6.134825
6.141700
6.144550
6.152850
6.156275
6.160050
6.166000
6.171125
6.182500
6.196750
6.202625
6.214850
6.228850
6.247000
6.258150
6.280325
6.297150
6.303575
6.310100
6.314700
6.320275
6.323475
6.326475
6.330925
6.334300
6.338425
6.347375
6.354050
6.359250
6.363525
6.371350
6.377075
6.381175
6.388200
6.392175
6.401150
6.409675
6.417300
6.423300
6.427725
6.440675
6.451250
6.486175
6.519800
6.539000
6.553050
6.558100
6.563475
6.569150
6.573400
6.579575
6.586200
6.591625
6.598375
6.602825
6.607500
6.612325
6.619275
6.627550
6.635550
6.640775
6.646225
6.657450
6.683350
6.702425
6.710950
6.718375
6.726700
6.731025
6.735000
6.740375
6.748225
6.753450
6.759300
6.766475
6.773375
6.777100
6.780800
6.785550
6.790250
6.799175
6.805150
6.810225
6.821650
6.830625
6.836675
6.849250
6.858850
6.868650
6.875550
6.889775
6.901450
6.913325
6.919525
6.927750
6.931775
6.935675
6.939825
6.942750
6.950150
6.958050
6.962900
6.969450
6.974025
6.983925
6.996950
7.003800
7.012275
7.024450
7.032725
7.041650
7.046600
7.059450
7.065100
7.072450
7.077025
7.083600
7.092950
7.101875
7.114100
7.127725
7.144700
7.157850
7.169750
7.176475
7.184150
7.188250
7.193150
7.196775
7.201200
7.206725
7.212250
7.212925
7.220500
7.235625
7.238575
7.244425
7.255875
7.272125
7.285650
7.300900
7.320100
7.341200
7.372350
7.393475
7.421475
7.437875
7.450850
7.457600
7.458325
7.463750
7.469100
7.471925
7.476600
7.479800
7.483275
7.488625
7.495000
7.511650
7.531800
7.541600
7.566450
7.588100
7.612375
7.635850
7.669950
7.686100
7.726000
7.745650
7.781150
7.807875
7.823925
7.842125
7.846600
7.861650
7.886375
7.906225
7.927725
7.952175
7.969575
7.991525
8.032850
8.073775
8.126200
8.183525
8.220075
8.242700
8.253875
8.267800
8.279700
8.293525
8.319325
8.349425
8.378100
8.464000
8.475675
8.488300
8.500075
8.510425
8.523000
8.539050
8.554450
8.573675
8.599550
8.640425
8.687050
8.703150
8.723025
8.770150
8.813550
8.850875
8.881775
8.888575
8.933575
8.960050
8.982175
9.010175
9.043750
9.099375
9.148850
9.182225
9.213800
9.275300
9.320875
9.333650
9.343050
9.370625
9.383425
9.401650
9.432350
9.448650
9.462175
9.481250
9.507775
9.545175
9.575725
9.602000
9.684000
9.727900
9.777225
9.824050
9.846400
9.876325
9.896300
9.921475
9.949600
9.990275
10.052350
10.106825
10.127075
10.147075
10.167700
10.191450
10.217350
10.253600
10.268725
10.298875
10.300325
10.330725
10.367325
10.416525
10.469325
10.528550
10.543750
10.556350
10.560075
10.572000
10.587400
10.601700
10.615100
10.633850
10.677325
10.717575
10.753600
10.808550
10.861725
10.899775
10.912525
10.921650
10.933275
10.943575
10.944725
10.960225
10.972450
10.988725
11.001375
11.017625
11.055725
11.096800
11.121450
11.158375
11.185250
11.218425
11.224600
11.261450
11.330525
11.360400
11.374850
11.388625
11.405275
11.427500
11.467700
11.506700
11.533700
11.536250
11.598400
11.641950
11.712800
11.759025
11.797850
11.824075
11.870075
11.909550
11.979675
12.012600
12.056800
12.067625
12.078200
12.086400
12.102925
12.120325
12.129875
12.145775
12.162000
12.181825
12.210575
12.237525
12.259900
12.280675
12.299150
12.320775
12.363900
12.377625
12.394875
12.407000
12.423225
12.432975
12.452425
12.472725
12.560250
12.624425
12.659925
12.697575
12.734425
12.756525
12.763600
12.772800
12.813625
12.847750
12.884200
12.890350
12.917600
12.929050
12.942900
12.956925
12.987225
13.020600
13.091400
13.127900
13.148900
13.195725
13.223750
13.226775
13.235175
13.246075
13.270325
13.318450
13.352125
13.383525
13.458950
13.468275
13.481925
13.537875
13.584375
13.586575
13.638000
13.682850
13.719450
13.730125
13.773500
13.783100
13.793775
13.809975
13.818425
13.864000
13.909600
13.953800
14.010250
14.037650
14.045125
14.065700
14.086100
14.104175
14.121625
14.134125
14.148325
14.161625
14.175175
14.194325
14.216550
14.236300
14.252600
14.296125
14.331750
14.370500
14.414750
14.454700
14.549600
14.562300
14.574475
14.584075
14.594850
14.601400
14.610225
14.622125
14.628850
14.636025
14.646275
14.652325
14.657825
14.658600
14.666850
14.671125
14.679600
14.691375
14.702450
14.721575
14.763925
14.786775
14.801625
14.843700
14.869325
14.938050
14.959950
14.972125
14.983025
14.991475
14.992925
15.005225
15.010275
15.016175
15.021325
15.025775
15.032025
15.037100
15.041275
15.047700
15.048800
15.052275
15.060250
15.070600
15.077825
15.098850
15.114550
15.132675
15.152600
15.177225
15.212125
15.249475
15.273950
15.314250
15.332050
15.369075
15.393325
15.406625
15.414200
15.425500
15.432650
15.439675
15.447475
15.450800
15.457900
15.472550
15.499375
15.524600
15.557650
15.578475
15.609475
15.632050
15.640075
15.712425
15.761100
15.817325
15.861925
15.878875
15.895850
15.911400
15.924275
15.934850
15.940825
15.947425
15.958050
15.964700
15.974025
15.990475
16.003000
16.026725
16.050600
16.069550
16.100725
16.137050
16.170175
16.202900
16.233475
16.245450
16.259000
16.270000
16.279550
16.288525
16.290025
16.307925
16.319850
16.332275
16.342125
16.349625
16.353950
16.375650
16.423400
16.449225
16.477525
16.510775
16.544150
16.583750
16.626100
16.699325
16.736150
16.737250
16.765725
16.779875
16.792100
16.807100
16.815400
16.827075
16.835975
16.847750
16.864975
16.878625
16.906175
16.932475
16.984925
17.011700
17.047400
17.083125
17.116275
17.138550
17.139775
17.146700
17.155350
17.161725
17.166725
17.182800
17.194175
17.205325
17.219875
17.260725
17.286975
17.308900
17.344175
17.371300
17.398425
17.459825
17.492350
17.505675
17.551450
17.580050
17.614225
17.642575
17.652475
17.687675
17.714800
17.742750
17.750575
17.771350
17.801800
17.843100
17.884675
17.933300
17.976100
18.025300
18.042300
18.108025
18.187850
18.239075
18.284975
18.359725
18.378450
18.417400
18.422325
18.472400
18.505025
18.537675
18.565550
18.588650
18.614250
18.658175
18.679125
18.703725
18.752100
18.808950
18.850350
18.893875
18.941325
18.984200
19.010025
19.024900
19.060100
19.075675
19.109250
19.148475
19.179125
19.186775
19.211450
19.239775
19.292500
19.350550
19.395925
19.440350
19.479150
19.508450
19.528350
19.548050
19.561200
19.562700
19.574375
19.588000
19.606000
19.618125
19.622550
19.631075
19.643550
19.655750
19.658000
19.682375
19.688325
19.696425
19.720025
19.741450
19.742700
19.756375
19.782500
19.793775
19.811925
19.837675
19.848175
19.857225
19.871750
19.884975
19.892700
19.902425
19.909450
19.919625
19.929150
19.939450
19.949150
19.965825
19.976700
20.015425
20.050050
20.076675
20.113150
20.148900
20.179900
20.207150
20.237400
20.273625
20.282900
20.284075
20.288575
20.292725
20.299725
20.305425
20.316475
20.331175
20.369075
20.384875
20.400125
20.435425
20.466750
20.487875
20.514450
20.547150
20.574250
20.583875
20.591375
20.599775
20.607800
20.612875
20.619275
20.624800
20.631550
20.635550
20.639575
20.649700
20.660250
20.674400
20.695100
20.715825
20.745225
20.766525
20.779825
20.800850
20.811400
20.829825
20.839000
20.849700
20.860250
20.877125
20.891150
20.905575
20.922825
20.945550
20.967225
20.984000
20.997100
21.008075
21.022275
21.034250
21.044875
21.056175
21.066200
21.079575
21.091475
21.105100
21.123350
21.140175
21.149825
21.160475
21.170050
21.177475
21.187000
21.193225
21.201525
21.208225
21.214625
21.219050
21.225350
21.230600
21.237650
21.244825
21.250975
21.255925
21.258550
21.266200
21.269525
21.278875
21.286400
21.293575
21.299600
21.307300
21.313500
21.321200
21.333300
21.339875
21.347950
21.359000
21.366350
21.370500
21.376900
21.385550
21.391625
21.400150
21.406750
21.420000
21.427325
21.439225
21.459175
21.467700
21.476250
21.493025
21.512775
21.513550
21.523650
21.532475
21.539450
21.543775
21.548950
21.556875
21.563550
21.573075
21.581475
21.591050
21.599625
21.607825
21.616650
21.622500
21.632775
21.638375
21.645425
21.651500
21.656525
21.661900
21.664725
21.670275
21.675125
21.678375
21.683875
21.691325
21.694950
21.703400
21.708800
21.714200
21.721725
21.727800
21.733325
21.742775
21.749525
21.756800
21.764425
21.780750
21.791925
21.800050
21.812725
21.818400
21.825525
21.830500
21.835250
21.841225
21.850125
21.855975
21.862100
21.865875
21.870150
21.874475
21.878175
21.887100
21.895325
21.902600
21.908400
21.913650
21.921775
21.931800
21.937800
21.946500
21.953725
21.959600
21.964025
21.967800
21.972300
21.984825
21.991625
22.004400
22.014075
22.021825
22.027750
22.032275
22.039825
22.044175
22.048825
22.052525
22.057850
22.060575
22.065025
22.069000
22.072600
22.077125
22.079850
22.083800
22.086275
22.089425
22.093125
22.096925
22.102650
22.106775
22.112900
22.118150
22.125100
22.131775
22.139200
22.147075
22.152850
22.153575
22.159475
22.166350
22.173300
22.179475
22.187450
22.194400
22.202750
22.213525
22.220250
22.227450
22.242500
22.251000
22.257275
22.263250
22.272500
22.275950
22.279775
22.282425
22.285650
22.289200
22.292175
22.295800
22.299225
22.302625
22.305500
22.313000
22.316700
22.319900
22.324125
22.328350
22.331375
22.338700
22.342325
22.348725
22.353675
22.359325
22.362575
22.367775
22.371050
22.374850
22.383575
22.392325
22.400825
22.407600
22.413700
22.421375
22.426250
22.439325
22.448725
22.462550
22.467675
22.492850
22.499050
22.513300
22.517025
22.522175
22.526800
22.531225
22.534900
22.539375
22.544525
22.547475
22.552600
22.556175
22.559550
22.563275
22.567875
22.571600
22.576125
22.581975
22.588925
22.596050
22.600925
22.603775
22.610800
22.617950
22.622300
22.626525
22.630650
22.636900
22.641550
22.645650
22.651125
22.658575
22.666125
22.672950
22.680575
22.686450
22.695225
22.698050
22.712100
22.720800
22.728575
22.732800
22.737950
22.742125
22.745875
22.748650
22.753700
22.757550
22.760975
22.765975
22.768275
22.770700
22.775125
22.779575
22.782775
22.787000
22.790825
22.796500
22.800650
22.804275
22.811075
22.814275
22.820100
22.829875
22.836900
22.843075
22.849525
22.854300
22.857925
22.862450
22.867675
22.873425
22.880375
22.885800
22.893700
22.912650
22.919475
22.926175
22.930850
22.936225
22.944000
22.952875
22.958550
22.962425
22.966300
22.971100
22.973500
22.977900
22.980825
22.983525
22.986525
22.989750
22.992650
22.995125
23.002950
23.005925
23.008725
23.016175
23.019850
23.023075
23.026450
23.033775
23.041875
23.057625
23.063600
23.073150
23.083475
23.093850
23.101650
23.112025
23.119275
23.134425
23.144900
23.162875
23.170350
23.174125
23.177375
23.180525
23.183450
23.186225
23.188850
23.191300
23.193775
23.197175
23.199475
23.202575
23.203400
23.205400
23.210475
23.216250
23.221200
23.225325
23.230675
23.233525
23.238200
23.241150
23.246650
23.251550
23.263700
23.273575
23.281200
23.288975
23.295175
23.302300
23.320775
23.326400
23.335450
23.343175
23.349350
23.353675
23.358150
23.362675
23.366500
23.370925
23.371650
23.374025
23.377400
23.383475
23.389000
23.399200
23.405350
23.408800
23.411150
23.417300
23.424200
23.428225
23.435800
23.443375
23.449575
23.454350
23.462950
23.469600
23.475825
23.487075
23.501350
23.512950
23.525850
23.545575
23.552925
23.557450
23.560175
23.568975
23.572175
23.577675
23.580975
23.584200
23.587275
23.591275
23.598850
23.601825
23.605225
23.608475
23.614775
23.619225
23.622875
23.627475
23.633775
23.648350
23.656700
23.661250
23.676425
23.684700
23.697350
23.703250
23.707275
23.709825
23.712500
23.716050
23.719225
23.731950
23.736475
23.739625
23.756675
23.773675
23.778625
23.787100
23.797250
23.806950
23.823450
23.847950
23.867500
23.868325
23.880250
23.885200
23.893250
23.903075
23.908150
23.912450
23.916025
23.919225
23.925875
23.929200
23.933600
23.937300
23.940725
23.946875
23.950500
23.956250
23.962275
23.968600
23.975950
23.986050
23.994375
24.000375
24.009275
24.018650
24.035850
24.037525
24.056625
24.081875
24.099425
24.106500
24.112250
24.118100
24.121775
24.124950
24.127850
24.130500
24.135325
24.136175
24.137675
24.140100
24.142825
24.147475
24.151975
24.158300
24.164800
24.172850
24.182425
24.188725
24.195225
24.207075
24.217375
24.236900
24.262100
24.280050
24.298425
24.325475
24.330775
24.335500
24.339825
24.343200
24.346675
24.349150
24.352850
24.356525
24.359400
24.362275
24.365800
24.369450
24.373775
24.379375
24.385825
24.391875
24.404550
24.414225
24.427675
24.481675
24.504200
24.520650
24.530300
24.546075
24.552150
24.560125
24.563600
24.566725
24.569650
24.572525
24.577150
24.579950
24.584575
24.587825
24.592425
24.596125
24.602200
24.607125
24.614900
24.624050
24.633225
24.650900
24.663225
24.672700
24.678175
24.695025
24.709225
24.724375
24.736225
24.743500
24.751225
24.756250
24.761575
24.766350
24.769150
24.771950
24.776050
24.778575
24.782000
24.784725
24.787550
24.790300
24.793800
24.797925
24.805050
24.809525
24.815700
24.824950
24.834525
24.841550
24.842700
24.852400
24.862250
24.876600
24.888050
24.903675
24.918625
24.927350
24.941875
24.948300
24.952775
24.958500
24.962525
24.968200
24.973550
24.977400
24.983675
24.987475
24.994500
25.001275
25.009575
25.020100
25.030625
25.037050
25.043375
25.059375
25.065475
25.072475
25.081650
25.094775
25.106350
25.116200
25.117200
25.134275
25.147225
25.159525
25.171000
25.187425
25.191850
25.196725
25.199175
25.201325
25.204850
25.207250
25.209600
25.213325
25.216800
25.219650
25.228525
25.235625
25.239325
25.250175
25.264025
25.283225
25.330250
25.331925
25.351425
25.371625
25.402450
25.430250
25.455750
25.463550
25.468575
25.473675
25.478375
25.480975
25.485325
25.488000
25.492150
25.497750
25.505475
25.516075
25.526675
25.541800
25.558475
25.566700
25.585300
25.596600
25.606725
25.617300
25.625175
25.646350
25.663500
25.679900
25.696450
25.709400
25.718150
25.744925
25.779250
25.796800
25.812550
25.851250
25.882725
25.916175
25.934000
25.960400
26.001250
26.035775
26.060850
26.098700
26.151300
26.175375
26.220350
26.264675
26.302275
26.325725
26.351875
26.367250
26.377500
26.384650
26.392375
26.402350
26.408325
26.427400
26.496175
26.520300
26.553000
26.574300
26.580975
26.591350
26.615525
26.641525
26.675375
26.724375
26.754250
26.801875
26.823400
26.844350
26.883625
26.937725
26.959450
26.978000
26.996450
27.019450
27.029725
27.074100
27.104700
27.145550
27.253050
27.284875
27.297875
27.315275
27.328625
27.354675
27.409500
27.443925
27.482675
27.541475
27.569650
27.620200
27.660100
27.702550
27.760500
27.800375
27.807900
27.818575
27.835525
27.848950
27.863000
27.903225
27.946575
28.007800
28.042525
28.071150
28.084075
28.097650
28.109050
28.118875
28.132200
28.143150
28.159850
28.205600
28.233225
28.295150
28.330700
28.372475
28.408875
28.433550
28.444875
28.484775
28.533375
28.580300
28.633400
28.668375
28.726700
28.811875
28.870150
28.915225
28.976500
29.016850
29.112775
29.170600
29.256775
29.285650
29.322475
29.367825
29.402025
29.433125
29.493400
29.537700
29.586600
29.619425
29.687575
29.741625
29.806225
29.852850
29.890000
29.893900
29.938100
