0.025300
0.880450
1.219150
2.028725
2.080225
2.332350
2.551850
2.583825
2.735325
2.785125
2.864325
2.875300
2.894200
3.056250
3.094100
3.169375
3.291225
3.410850
3.457250
3.491100
3.620550
3.654700
3.662450
3.683050
4.449925
4.926825
5.005525
5.360675
5.461900
5.948800
5.959150
6.136175
6.145175
6.416825
6.437925
6.461300
6.583350
6.703025
6.711525
6.741825
6.804175
6.831675
6.976850
6.987800
7.326300
7.405075
7.482625
7.500050
7.622825
7.948750
7.955800
7.960375
8.150150
8.283100
8.324650
8.445400
8.501300
8.808400
8.869750
8.932925
9.106775
9.149925
9.173525
9.221225
9.257000
9.394250
9.722450
9.931650
10.102000
10.121000
10.138550
10.175050
10.192350
10.208675
10.256775
10.414725
10.446425
10.473475
10.618325
10.787200
10.820750
10.876350
10.900075
11.024550
11.053775
11.061300
11.074600
11.124675
11.272775
11.398200
11.519575
11.533800
11.594075
11.687375
11.714575
11.796150
11.859600
11.968150
12.107100
12.182825
12.214275
12.243775
12.261725
12.677675
12.727600
12.746225
12.845175
12.864575
12.920525
12.926225
12.956500
13.087200
13.104925
13.132350
13.259725
13.317350
13.339050
13.371325
13.420550
13.443650
13.455700
13.467975
13.489750
13.517525
13.525600
13.552025
13.588025
13.614925
13.692600
13.710375
13.781125
13.832100
13.896450
13.942950
14.002725
14.031600
14.066625
14.117850
14.135525
14.185325
14.330300
14.346575
14.369775
14.394750
14.483975
14.539350
14.544125
14.582350
14.590700
14.689925
14.701125
14.789725
15.026100
15.111825
15.140450
15.226325
15.271950
15.471900
15.496350
15.555700
15.636650
15.643600
15.676950
15.773000
15.944950
15.987525
16.015750
16.030200
16.072750
16.099150
16.202400
16.287575
16.312475
16.342875
16.454050
16.543825
16.656025
16.685275
16.838875
16.999075
17.009875
17.040775
17.048250
17.127250
17.164750
17.182075
17.217600
17.314850
17.360250
17.366850
17.379975
17.390475
17.395025
17.408075
17.448000
17.465625
17.493750
17.537200
17.559400
17.693025
17.712150
17.725275
17.749650
17.760075
17.823400
17.835125
17.870550
17.904775
17.939775
17.959525
18.042225
18.306875
18.326000
18.354450
18.405700
18.447025
18.469175
18.574225
18.598575
18.604150
18.677750
18.681575
18.782500
18.868150
18.876000
18.888375
18.939125
18.950625
18.980150
19.188975
19.199900
19.204300
19.262550
19.282625
19.347625
19.540800
19.563825
19.686350
19.707900
19.738050
19.847300
19.862225
19.869650
19.880025
19.900525
19.929900
19.953550
19.959375
20.022375
20.072400
20.119800
20.207550
20.229600
20.330550
20.372250
20.381400
20.452200
20.467700
20.563650
20.584100
20.623825
20.726600
20.804475
20.870200
20.891225
20.938750
20.960325
20.973400
20.984650
20.988375
21.008825
21.031575
21.227100
21.288550
21.321250
21.400150
21.428575
21.531525
21.575600
21.815600
21.856750
21.870375
21.882300
21.897550
22.012750
22.283600
22.306750
22.325350
22.361575
22.392875
22.443275
22.455200
22.486250
22.529725
22.583350
22.659975
22.851725
22.864325
22.885050
22.913425
22.964875
22.971600
22.982175
22.988000
23.050850
23.082575
23.168900
23.186275
23.243700
23.267550
23.325225
23.377925
23.390500
23.491575
23.532825
23.556325
23.726775
23.780475
23.879225
23.908825
23.953725
24.171800
24.195550
24.225775
24.242325
24.268600
24.300275
24.315250
24.330850
24.380425
24.395275
24.430050
24.437200
24.459400
24.474775
24.494825
24.521425
24.559500
24.597675
24.608500
24.639700
24.651700
24.691000
24.727375
24.785900
24.820525
24.911125
24.972300
24.984850
25.007650
25.068375
25.073650
25.083725
25.093925
25.108150
25.113525
25.154175
25.164250
25.174300
25.203725
25.354700
25.366350
25.434250
25.633050
25.734325
25.741300
25.747200
25.768300
25.779550
25.907900
25.949175
25.998775
26.151000
26.236350
26.244125
26.249850
26.265300
26.274800
26.311050
26.315400
26.363425
26.490200
26.526400
26.734200
26.745900
26.756625
26.813325
26.834425
26.870000
26.933275
26.950525
27.060750
27.072300
27.083150
27.091150
27.106950
27.122500
27.132400
27.210350
27.297775
27.393025
27.417450
27.527925
27.691650
27.785900
27.873475
27.896300
27.923800
27.988075
28.098700
28.176825
28.218875
28.237650
28.293675
28.369475
28.480600
28.533750
28.558925
28.572625
28.589750
28.602925
28.624275
28.630125
28.684625
28.699100
28.722350
28.746150
28.782150
28.929650
28.975400
28.995650
29.006025
29.034275
29.074425
29.166350
29.269975
29.299050
29.308675
29.356900
29.534275
29.672900
29.706275
29.745600
29.766025
29.822050
29.832300
29.852975
29.909925
