0.012450
0.033500
0.042975
0.051725
0.064175
0.076975
0.096250
0.118325
0.135750
0.148550
0.161150
0.173675
0.190075
0.199950
0.217850
0.232725
0.256825
0.280425
0.306100
0.346775
0.367875
0.384250
0.411025
0.439650
0.456750
0.467725
0.481100
0.499625
0.516275
0.539350
0.545350
0.564000
0.577400
0.590825
0.616150
0.651275
0.662900
0.668750
0.680650
0.696200
0.707550
0.717350
0.726000
0.742375
0.767375
0.789850
0.818125
0.838500
0.856700
0.878375
0.899950
0.916575
0.932500
0.945675
0.961350
0.972600
0.987775
1.003400
1.017750
1.040675
1.045850
1.068950
1.080600
1.092400
1.116250
1.138000
1.188425
1.204075
1.227725
1.239325
1.265025
1.277925
1.290875
1.305100
1.321400
1.328725
1.343625
1.357700
1.381700
1.413400
1.426775
1.440950
1.456825
1.467325
1.487900
1.519975
1.547025
1.580050
1.604325
1.630400
1.669600
1.677900
1.684700
1.693075
1.711500
1.725725
1.743575
1.761750
1.772300
1.789150
1.802875
1.815725
1.832300
1.848150
1.856550
1.867400
1.882450
1.890250
1.913975
1.933325
1.940200
1.953250
1.970600
1.980450
1.998850
2.007325
2.024725
2.043600
2.060150
2.098650
2.128250
2.140675
2.152325
2.166125
2.177925
2.191325
2.203850
2.217925
2.228550
2.240725
2.250800
2.275825
2.294525
2.305550
2.346000
2.366150
2.385700
2.414350
2.443800
2.459500
2.469075
2.480275
2.492625
2.506250
2.515875
2.533125
2.555700
2.573850
2.593325
2.619875
2.647675
2.711900
2.725250
2.736500
2.749000
2.765925
2.778575
2.794175
2.810625
2.830425
2.857450
2.875375
2.890975
2.907025
2.926275
2.945300
2.960700
2.972100
2.995650
3.011625
3.022875
3.046300
3.056875
3.073775
3.092925
3.111575
3.122325
3.145850
3.154950
3.168425
3.180800
3.199300
3.219100
3.257300
3.284550
3.306775
3.337950
3.357350
3.376950
3.395200
3.414125
3.424350
3.436000
3.448925
3.468425
3.490600
3.505775
3.538675
3.587625
3.616325
3.636250
3.645300
3.658350
3.665700
3.677150
3.682250
3.705600
3.724850
3.736650
3.751925
3.763700
3.783275
3.801075
3.825500
3.901400
3.918025
3.931725
3.941600
3.953325
3.969875
3.993500
4.011350
4.031225
4.052600
4.084225
4.098675
4.110700
4.121375
4.138150
4.143525
4.162125
4.174825
4.190125
4.204300
4.222450
4.246775
4.265975
4.296875
4.339225
4.383200
4.404950
4.422750
4.440700
4.451425
4.462900
4.472825
4.485350
4.499175
4.512525
4.545275
4.570200
4.582800
4.614000
4.673225
4.700125
4.732150
4.746100
4.773150
4.778700
4.785925
4.802200
4.818925
4.830400
4.838975
4.858500
4.871825
4.887450
4.905325
4.950700
4.989975
5.002425
5.030425
5.052050
5.064875
5.084600
5.114350
5.131975
5.148825
5.158325
5.174300
5.196650
5.208025
5.220300
5.241200
5.257975
5.270050
5.282600
5.287025
5.309525
5.349275
5.408475
5.430475
5.450000
5.462125
5.474650
5.483450
5.504050
5.515625
5.528375
5.544300
5.558425
5.574550
5.580525
5.625100
5.644450
5.658200
5.679525
5.691400
5.716525
5.746025
5.765575
5.773500
5.793100
5.808775
5.823250
5.832925
5.849550
5.870625
5.887975
5.915250
5.928325
5.943600
5.962600
5.975875
5.986800
6.009200
6.039000
6.053975
6.062800
6.078200
6.103450
6.116900
6.143275
6.159600
6.171525
6.188050
6.210400
6.240950
6.286450
6.307925
6.320000
6.330150
6.335400
6.345150
6.352925
6.362975
6.377475
6.390525
6.402975
6.423650
6.447100
6.483050
6.495275
6.518875
6.570100
6.587500
6.603900
6.619350
6.624075
6.636725
6.661250
6.673525
6.683250
6.695325
6.731475
6.746400
6.807775
6.831500
6.846775
6.868975
6.890975
6.898175
6.908025
6.913750
6.923425
6.933375
6.968850
6.988075
7.001150
7.024300
7.046900
7.064000
7.078725
7.148475
7.187225
7.207725
7.218300
7.232625
7.249075
7.273525
7.288700
7.311025
7.325750
7.341800
7.362800
7.376350
7.391700
7.403000
7.414025
7.420625
7.440475
7.449275
7.462275
7.478325
7.487025
7.501625
7.519500
7.534075
7.546675
7.561350
7.577075
7.594250
7.604450
7.617025
7.633575
7.667125
7.706675
7.723950
7.735525
7.748025
7.756375
7.777025
7.796250
7.805650
7.824850
7.852325
7.880050
7.895550
7.904775
7.925175
7.943625
7.951700
7.974125
7.991550
8.005750
8.024025
8.045275
8.065100
8.079125
8.094300
8.113125
8.188425
8.198325
8.213800
8.226225
8.238100
8.253400
8.273675
8.278025
8.284525
8.297075
8.308400
8.323975
8.340275
8.358800
8.381600
8.405050
8.422475
8.443750
8.464150
8.483100
8.486950
8.518050
8.579025
8.598550
8.613100
8.628850
8.638550
8.653225
8.675825
8.688225
8.704000
8.725175
8.743125
8.765400
8.778825
8.802400
8.878875
8.906900
8.962100
8.975625
8.986250
8.996500
9.017975
9.037650
9.053700
9.066225
9.085250
9.096825
9.110075
9.137625
9.159450
9.231625
9.252800
9.264575
9.277875
9.300650
9.315275
9.333675
9.349550
9.382200
9.413075
9.426150
9.454850
9.464875
9.488850
9.500200
9.518975
9.530075
9.544200
9.552275
9.572625
9.611550
9.629925
9.679625
9.741725
9.754850
9.777875
9.788275
9.801100
9.809625
9.824900
9.835250
9.852175
9.863625
9.882150
9.908150
9.942475
9.968975
9.995450
10.007975
10.018025
10.031125
10.044125
10.060375
10.068150
10.081075
10.089250
10.151700
10.181775
10.201975
10.220150
10.240750
10.307450
10.325100
10.343200
10.370775
10.393050
10.409600
10.418550
10.448975
10.456675
10.491050
10.509550
10.530675
10.540950
10.552500
10.575150
10.581725
10.603125
10.630250
10.648525
10.661325
10.688375
10.709100
10.748075
10.779050
10.783225
10.798025
10.805725
10.822400
10.835375
10.854825
10.868625
10.889150
10.910325
10.924200
11.027225
11.036050
11.055000
11.058150
11.084950
11.098525
11.113875
11.132475
11.141900
11.173825
11.190575
11.215475
11.227925
11.239850
11.253725
11.264975
11.280850
11.295400
11.321350
11.334075
11.349700
11.372525
11.381975
11.406700
11.420275
11.454900
11.481375
11.499775
11.506600
11.548100
11.566675
11.641525
11.660300
11.670400
11.680425
11.689375
11.705550
11.717025
11.743225
11.771775
11.802000
11.819325
11.865100
11.885450
11.909200
11.942300
11.958525
11.979600
12.006375
12.022875
12.054550
12.063750
12.076600
12.092475
12.116825
12.130450
12.140775
12.157300
12.178925
12.190575
12.201125
12.218375
12.223600
12.250425
12.266325
12.273200
12.303725
12.315800
12.349450
12.364175
12.447900
12.467000
12.483175
12.502075
12.511350
12.525975
12.545400
12.582950
12.604450
12.620300
12.632375
12.644975
12.662175
12.671775
12.688400
12.701850
12.718225
12.727800
12.735925
12.751100
12.763325
12.774300
12.795825
12.808850
12.814625
12.862650
12.874525
12.889100
12.916525
12.960600
13.009625
13.027000
13.045875
13.060000
13.073250
13.108175
13.122800
13.136100
13.157250
13.168200
13.184675
13.188325
13.201100
13.215950
13.225225
13.239900
13.271475
13.299800
13.350900
13.409550
13.452400
13.508100
13.527800
13.545600
13.554850
13.572150
13.581700
13.591550
13.605175
13.616325
13.628575
13.640525
13.658900
13.670675
13.686175
13.695825
13.710525
13.719675
13.727800
13.749275
13.777600
13.804900
13.832675
13.860975
13.917700
13.931575
13.945475
13.963775
13.997625
14.020775
14.036275
14.049725
14.056900
14.071750
14.093325
14.120075
14.140375
14.160775
14.182850
14.203875
14.220700
14.232300
14.241125
14.252225
14.273125
14.301100
14.321625
14.332150
14.341900
14.361800
14.400450
14.466175
14.493125
14.502525
14.513550
14.529700
14.544800
14.563425
14.580575
14.598225
14.610550
14.634900
14.659725
14.670300
14.687850
14.690025
14.708675
14.720700
14.729050
14.753975
14.771625
14.784125
14.799800
14.803600
14.818900
14.830200
14.868625
14.890800
14.915675
14.942750
14.966775
14.976825
15.000275
15.020650
15.042450
15.054350
15.075925
15.091200
15.109575
15.138900
15.154725
15.163300
15.177350
15.202825
15.259325
15.275200
15.282400
15.301750
15.312875
15.324025
15.336575
15.357675
15.364800
15.397525
15.430550
15.450350
15.473100
15.503550
15.524200
15.542475
15.560675
15.575400
15.589375
15.612050
15.620925
15.629850
15.641225
15.662325
15.678375
15.689625
15.708875
15.719400
15.729325
15.737125
15.757600
15.776950
15.787625
15.807175
15.821600
15.833625
15.848125
15.861300
15.878725
15.903875
15.914050
15.933325
15.976750
16.001825
16.027200
16.053425
16.079950
16.107775
16.118400
16.132500
16.141850
16.149750
16.160975
16.175700
16.185250
16.216400
16.234400
16.258325
16.273925
16.284175
16.294275
16.305475
16.314850
16.327425
16.342025
16.347950
16.355725
16.368250
16.380450
16.391775
16.404275
16.424100
16.434575
16.464850
16.477750
16.497950
16.521875
16.552125
16.561900
16.578000
16.594275
16.602800
16.613925
16.623800
16.637825
16.648175
16.657750
16.667900
16.691525
16.742100
16.758375
16.784300
16.803125
16.820200
16.838750
16.889725
16.907400
16.921125
16.928775
16.939475
16.955350
16.970200
16.992950
17.009275
17.026525
17.037925
17.054650
17.069900
17.141125
17.165475
17.177950
17.185475
17.191025
17.204325
17.211025
17.243025
17.252550
17.276525
17.290950
17.324600
17.354475
17.372400
17.389875
17.409050
17.422600
17.436600
17.446050
17.459200
17.472900
17.487100
17.503850
17.510050
17.554700
17.582750
17.630750
17.647050
17.656450
17.668050
17.680625
17.693175
17.708450
17.719775
17.733200
17.741000
17.775850
17.789700
17.806775
17.830675
17.850050
17.880350
17.903250
17.931350
17.959125
17.984825
18.006450
18.019450
18.045875
18.055150
18.084550
18.105450
18.125125
18.150100
18.166375
18.177825
18.196350
18.216825
18.225575
18.237575
18.247100
18.250775
18.259050
18.280875
18.291200
18.314225
18.327875
18.342700
18.359275
18.375650
18.391500
18.412600
18.435475
18.463950
18.494225
18.508925
18.523000
18.541600
18.556725
18.580525
18.601175
18.612950
18.631575
18.638600
18.653700
18.665625
18.677825
18.691900
18.711375
18.725175
18.749925
18.765525
18.789875
18.811200
18.825325
18.864200
18.936400
18.954250
18.968875
18.989750
19.001475
19.011800
19.018075
19.037925
19.053000
19.071425
19.091675
19.099875
19.120575
19.140675
19.160900
19.199275
19.217350
19.234075
19.307850
19.339925
19.351925
19.366275
19.387500
19.410600
19.430825
19.445900
19.459150
19.471825
19.487800
19.500275
19.518175
19.533325
19.561450
19.574325
19.591425
19.620675
19.646350
19.664300
19.680325
19.697025
19.724025
19.746300
19.761175
19.774950
19.874200
19.893600
19.906775
19.928550
19.944425
19.957475
19.967825
19.983025
20.036700
20.046125
20.081925
20.104425
20.127800
20.151900
20.174800
20.224275
20.277750
20.300075
20.336100
20.350050
20.360650
20.373500
20.384675
20.401075
20.423800
20.447850
20.455975
20.471650
20.498750
20.521350
20.537100
20.559700
20.587850
20.643325
20.678250
20.743025
20.753775
20.780375
20.794150
20.814225
20.835000
20.856400
20.873300
20.891625
20.911300
20.917125
20.931125
20.947225
20.955900
20.969600
20.981550
21.019375
21.036325
21.060000
21.091675
21.109775
21.143175
21.237650
21.256925
21.276925
21.294275
21.307100
21.319050
21.336400
21.350375
21.380825
21.398275
21.411650
21.433250
21.441625
21.461925
21.479575
21.507300
21.527925
21.622150
21.673400
21.713300
21.730825
21.747100
21.769900
21.785925
21.801400
21.811250
21.825625
21.842325
21.865450
21.876675
21.887175
21.900925
21.916075
21.923375
21.942750
21.959500
21.994100
22.012475
22.056925
22.164125
22.203975
22.230125
22.247100
22.257200
22.275150
22.300500
22.313525
22.334275
22.361675
22.373850
22.385975
22.404625
22.417800
22.446175
22.458275
22.467450
22.487000
22.505325
22.525275
22.544725
22.557600
22.624650
22.674300
22.690400
22.709975
22.717625
22.749750
22.763800
22.801900
22.807625
22.838125
22.868550
22.887975
22.907050
22.928350
22.948300
22.970625
22.991100
23.011125
23.029775
23.069375
23.088275
23.106475
23.132475
23.145675
23.176275
23.237250
23.276475
23.308550
23.320325
23.340275
23.357775
23.391625
23.405175
23.422325
23.443675
23.487750
23.535975
23.561375
23.585700
23.615475
23.696050
23.710550
23.728625
23.755325
23.780300
23.801850
23.843025
23.853350
23.862350
23.894350
23.923000
23.943200
23.963600
23.976200
24.010575
24.039750
24.059800
24.079350
24.138400
24.175725
24.194075
24.217400
24.250575
24.270850
24.287100
24.296075
24.324550
24.332225
24.342125
24.364325
24.385725
24.400550
24.415025
24.455100
24.475100
24.502425
24.584125
24.598600
24.614500
24.637625
24.661300
24.679225
24.695425
24.725050
24.739275
24.751650
24.760925
24.782725
24.790575
24.811325
24.830425
24.854325
24.878225
24.894825
24.910900
24.962325
24.992175
25.006900
25.020950
25.032200
25.062750
25.075325
25.090725
25.101950
25.120200
25.157925
25.173675
25.189825
25.223000
25.231450
25.254725
25.272875
25.371175
25.396100
25.439975
25.458550
25.470825
25.486075
25.501225
25.519350
25.538725
25.562475
25.584025
25.591675
25.609375
25.626725
25.645700
25.651600
25.669975
25.685900
25.706075
25.718750
25.734300
25.753025
25.780500
25.814000
25.865650
25.891000
25.910250
25.924625
25.941525
25.961950
25.991175
26.002125
26.039150
26.054000
26.067475
26.078175
26.085225
26.100600
26.119675
26.136525
26.158500
26.174125
26.192050
26.216650
26.245975
26.281425
26.309275
26.336175
26.371375
26.408750
26.434725
26.440425
26.472950
26.496500
26.518925
26.532050
26.542450
26.556725
26.570975
26.585400
26.599350
26.610550
26.628450
26.640600
26.657825
26.679425
26.696575
26.720900
26.750750
26.784450
26.815575
26.858950
26.889525
26.925200
26.940000
26.958875
26.968375
26.983325
26.996100
27.005725
27.027425
27.039900
27.052375
27.071500
27.083350
27.099475
27.117250
27.149100
27.164550
27.179100
27.194600
27.210275
27.301200
27.321125
27.336375
27.360450
27.369475
27.381125
27.394950
27.409225
27.424525
27.435750
27.453700
27.467275
27.491450
27.504850
27.520850
27.537000
27.570600
27.624250
27.641600
27.658400
27.670050
27.686950
27.692325
27.734075
27.752200
27.805675
27.837200
27.872425
27.905325
27.929075
27.943925
27.962050
27.981850
27.998625
28.012600
28.027900
28.062375
28.101300
28.169250
28.187900
28.205700
28.217325
28.228225
28.250575
28.264475
28.279025
28.286425
28.298500
28.332225
28.344425
28.351800
28.365575
28.382700
28.399250
28.414025
28.423925
28.444325
28.456175
28.471825
28.494275
28.518825
28.536825
28.548650
28.565800
28.585700
28.624425
28.648950
28.695075
28.739300
28.759300
28.769225
28.779525
28.792025
28.796550
28.819375
28.832875
28.845400
28.859075
28.860750
28.873275
28.896175
28.904700
28.916600
28.930775
28.948125
28.963400
28.988575
29.015425
29.050250
29.083025
29.095150
29.114625
29.134575
29.212250
29.234500
29.251675
29.261200
29.271625
29.285750
29.290475
29.320550
29.331450
29.337600
29.352150
29.354775
29.370550
29.391525
29.413475
29.433575
29.450550
29.477850
29.497625
29.560550
29.582100
29.590450
29.608125
29.627350
29.656750
29.676700
29.704775
29.719825
29.731525
29.743325
29.753425
29.764100
29.773900
29.794175
29.805700
29.820500
29.836575
29.852575
29.870250
29.892550
29.919300
29.945875
29.959225
29.994700
