0.031450
0.093800
0.107500
0.132750
0.161375
0.306500
0.322200
0.334800
0.420975
0.455875
0.605300
0.773250
0.795725
0.914975
0.966875
1.140125
1.227675
1.245950
1.341150
1.370050
1.418900
1.430050
1.478250
1.505425
1.649825
1.662575
1.692150
1.723050
1.738150
1.759700
1.772375
1.812025
1.853100
1.974675
2.053050
2.196350
2.337275
2.396175
2.655325
2.692375
2.722200
2.735200
2.744325
2.832925
2.846300
2.949500
3.036750
3.045700
3.077000
3.115000
3.124625
3.217975
3.260825
3.377000
3.387575
3.423550
3.558775
3.610900
3.626950
3.707875
3.757025
3.998550
4.016675
4.038225
4.066075
4.126000
4.170500
4.201825
4.431675
4.522900
4.665775
4.728775
4.736025
4.768775
4.778875
4.803225
4.816725
4.839100
5.034275
5.075075
5.130200
5.142850
5.156675
5.219475
5.232850
5.315250
5.420675
5.433250
5.450450
5.594950
5.642150
5.701950
5.930025
6.024825
6.075600
6.092100
6.185125
6.285300
6.378575
6.452300
6.486175
6.495800
6.522025
6.597050
6.605175
6.653875
6.695200
6.728375
6.771075
6.787000
6.794400
6.821825
6.833575
6.841225
6.864825
7.016750
7.151025
7.176300
7.195800
7.227000
7.286650
7.297750
7.312200
7.338875
7.352050
7.364525
7.377800
7.435350
7.501400
7.546275
7.565875
7.635950
7.772800
7.868000
7.910500
7.925825
8.022075
8.067825
8.083275
8.105450
8.266050
8.397450
8.434375
8.494750
8.507475
8.539825
8.550525
8.588975
8.660050
8.673200
8.685600
8.750925
8.847625
8.977800
9.041450
9.125575
9.403675
9.475425
9.558700
9.635025
9.724400
9.774050
9.865075
9.886200
9.908975
9.962200
9.978950
10.043050
10.251650
10.432075
10.444525
10.607550
10.678050
10.718400
10.778050
10.875825
10.903475
10.950125
10.965550
10.977625
10.993700
11.044225
11.057025
11.077725
11.150925
11.213900
11.238675
11.294225
11.312850
11.377150
11.387425
11.480100
11.587150
11.600600
11.800875
11.860325
11.931425
11.970300
11.980725
12.019025
12.157600
12.278525
12.293125
12.384625
12.395150
12.413375
12.440500
12.470150
12.518850
12.562400
12.604000
12.621450
12.647675
12.675550
12.698875
12.777950
12.857850
12.873550
12.909000
12.971100
12.984300
13.067650
13.098275
13.158375
13.360425
13.385200
13.395500
13.437275
13.455075
13.474450
13.495475
13.522075
13.529700
13.538650
13.546400
13.585050
13.725800
13.771525
13.788225
13.819025
13.869750
13.896050
13.957725
13.968500
14.033525
14.048625
14.064675
14.093775
14.163575
14.267200
14.293900
14.329500
14.347350
14.493425
14.524450
14.544325
14.624850
14.634550
14.667525
14.776125
14.787225
14.828950
14.895475
14.962575
15.011700
15.143550
15.233000
15.340050
15.548600
15.558150
15.568900
15.578200
15.621550
15.966025
16.002075
16.019050
16.113200
16.139000
16.217250
16.232400
16.298050
16.373850
16.398700
16.479450
16.526900
16.607225
16.645175
16.718500
16.739225
16.766850
16.786625
16.853000
16.864700
16.905925
16.947850
17.231500
17.259350
17.290950
17.389525
17.424525
17.449575
17.629325
17.680950
17.695025
17.750900
17.759575
17.771100
17.897925
17.950975
17.997600
18.166800
18.288825
18.390775
18.501700
18.556625
18.601150
18.706175
18.758250
18.908525
18.962450
18.981025
19.066975
19.115500
19.347650
19.660000
19.672575
19.853875
19.867475
20.200350
20.246500
20.292575
20.308850
20.364100
20.417150
20.454525
20.477750
20.494900
20.950375
21.514025
21.570275
21.715900
21.789700
21.913250
21.941625
22.172675
22.237950
22.251250
22.379525
22.401850
22.471900
22.656000
23.112950
23.278775
23.303350
23.313075
23.325625
24.020550
24.028075
24.055075
24.153800
24.572000
24.673925
24.790900
24.837925
24.993775
25.010350
25.263525
25.308550
25.661725
25.739050
25.758225
25.770025
26.132350
26.289475
26.435050
26.490400
26.615050
26.649125
27.029475
27.058550
27.094625
27.150750
27.171700
27.199275
27.264200
27.549875
27.561625
27.572675
27.684875
27.905875
27.958825
28.008225
28.111800
28.151200
28.196225
28.208325
28.240200
28.274925
28.288600
28.370875
28.944725
28.952375
29.039375
29.272575
29.327175
29.409850
29.475175
29.540975
29.677250
