0.040200
0.187500
0.199600
0.214925
0.272525
0.310575
0.442325
0.725300
0.839700
0.988675
1.105950
1.271025
1.425400
1.554525
1.621050
1.665050
1.715725
1.735550
1.764550
1.863725
2.107975
2.122800
2.134825
2.149300
2.173400
2.492500
2.615575
2.811400
2.821275
2.915750
3.068725
3.090325
3.098675
3.105600
3.497475
3.538425
3.596425
3.627025
3.679500
3.745700
3.768575
4.036800
4.051500
4.067900
4.153950
4.369775
4.380600
4.386875
4.392875
4.418875
4.443950
4.990650
5.025900
5.081825
5.094550
5.137375
5.218825
5.458050
5.691600
5.759850
6.108500
6.189500
6.532150
6.619725
7.065725
7.153450
7.193500
7.260950
7.357775
7.415175
7.487300
7.511750
7.596900
7.625125
7.689300
7.794475
7.947125
7.955300
7.957450
7.964600
8.169350
8.199400
8.326550
8.373400
8.387950
8.415825
8.459800
8.488000
8.542775
8.708125
8.716800
8.723525
8.741275
8.999750
9.141275
9.221075
9.346000
9.375700
9.392800
9.463275
9.603700
9.729000
9.801950
9.832275
9.859450
9.876250
10.121775
10.167400
10.382950
10.388125
10.459825
10.514875
10.546475
10.562925
10.725425
10.924375
10.941650
10.965775
10.980925
11.157900
11.270125
11.301925
11.396375
11.462000
11.486775
11.682075
11.699025
11.715050
11.805575
11.842200
11.986275
12.064700
12.095400
12.124075
12.262825
12.365000
12.396775
12.664675
12.683000
12.760150
12.779525
12.801325
12.934225
13.007500
13.137250
13.197775
13.323100
13.358525
13.388050
13.471425
13.495075
13.504975
13.586850
13.620600
13.643225
13.877225
13.986225
14.128925
14.168300
14.388500
14.427975
14.492625
14.533675
14.572000
14.633000
14.861200
14.940400
14.968325
15.033050
15.111675
15.171300
15.349250
15.369200
15.374175
15.447600
15.560600
15.858975
15.938525
16.138875
16.270825
16.346575
16.433975
16.490250
16.724050
16.766800
17.045075
17.060250
17.075025
17.098700
17.107250
17.117375
17.194600
17.279375
17.310475
17.333700
17.400775
17.430700
17.517300
17.653525
17.788925
17.818875
18.008950
18.038375
18.047350
18.202250
18.241075
18.476650
18.526400
18.629875
18.764875
18.895575
18.954150
19.066150
19.182075
19.289700
19.418450
19.499025
19.544550
19.587325
19.662450
19.725900
19.841750
19.868650
19.931725
19.982750
20.261075
20.273450
20.394675
20.441800
20.564850
20.663325
20.716450
20.792975
20.917000
20.995275
21.120325
21.341925
21.373350
21.512425
21.518225
21.566675
21.935225
21.963400
21.981450
22.069600
22.193025
22.228375
22.277900
22.304475
22.412875
22.450175
22.603225
22.642575
22.668350
22.740375
22.767225
22.815975
22.850125
22.919200
22.978325
23.048575
23.142550
23.296450
23.359425
23.425775
23.454750
23.556850
23.618150
23.659750
23.745150
23.879375
23.884325
23.905625
23.930675
23.982325
24.037600
24.125800
24.295350
24.363425
24.389075
24.411375
24.440900
24.454100
24.497925
24.823775
24.964975
25.054250
25.115525
25.144700
25.207275
25.275600
25.333150
25.340900
25.374175
25.436200
25.552000
25.640000
25.904800
25.961000
25.977775
25.991450
26.010225
26.024150
26.038200
26.049575
26.092475
26.100500
26.291675
26.657250
26.680575
26.740275
26.884650
26.914325
27.128900
27.137275
27.159025
27.165800
27.193125
27.200950
27.218875
27.244075
27.250075
27.634150
27.940725
28.010150
28.072675
28.122175
28.138800
28.472750
28.747625
28.853375
29.006975
29.087800
29.127275
29.228950
29.370775
29.386200
29.501850
29.638675
29.767350
29.808375
