0.063650
0.130700
0.163625
0.265925
0.310225
0.422775
0.527700
0.681675
0.765075
0.825575
0.860825
0.889800
0.995250
1.103500
1.169650
1.334750
1.550700
1.573625
1.638625
1.683100
1.916675
1.961475
2.140000
2.195575
2.253525
2.312775
2.361000
2.402200
2.566775
2.640800
2.897950
3.031050
3.058000
3.154325
3.203300
3.249425
3.317925
3.387725
3.474725
3.502500
3.539325
3.578550
3.615325
3.688150
3.785350
3.844300
3.897300
3.917075
3.930225
3.934675
3.962250
3.996500
4.087400
4.204200
4.247825
4.257025
4.338575
4.389925
4.440625
4.470200
4.568875
4.602025
4.692525
4.820375
4.879550
5.071875
5.096050
5.129350
5.219850
5.251475
5.290850
5.323750
5.409850
5.425650
5.448500
5.556750
5.563725
5.591925
5.603625
5.746300
5.894075
5.987325
6.012875
6.070975
6.145675
6.250275
6.311200
6.406875
6.438125
6.514650
6.709950
6.769300
6.862050
7.007375
7.036425
7.267225
7.394775
7.476275
7.554300
7.585275
7.707025
7.778000
7.836550
7.913275
7.967650
8.018875
8.125600
8.175900
8.339300
8.419775
8.464925
8.490625
8.632800
8.678500
8.761975
9.048900
9.106150
9.273300
9.343325
9.434550
9.496375
9.564750
9.583775
9.617525
9.651525
9.807575
9.859600
9.874600
9.904475
10.040725
10.159150
10.174650
10.354875
10.546725
10.590075
10.703125
10.750825
10.819275
10.886625
10.955550
11.005075
11.102250
11.136225
11.170875
11.215950
11.221500
11.317325
11.369875
11.438750
11.497400
11.565450
11.646050
11.705600
11.764975
11.804200
11.880000
11.906025
11.956700
11.985400
12.037750
12.073300
12.324600
12.349500
12.505975
12.532200
12.609350
12.767775
12.788525
13.137150
13.214875
13.298625
13.367025
13.405400
13.505850
13.542025
13.681800
13.769150
13.815700
13.914500
14.005225
14.038450
14.087250
14.171900
14.305225
14.390650
14.419075
14.616425
14.655175
14.701975
14.793475
15.136575
15.209625
15.302925
15.329700
15.386275
15.455475
15.515850
15.557575
15.790100
15.814075
15.867825
15.932050
16.015975
16.083850
16.121275
16.154225
16.194800
16.233900
16.235275
16.334825
16.429875
16.479200
16.634775
16.708175
16.818525
16.862875
16.921850
17.308300
17.348025
17.632025
17.756275
17.832325
17.908000
18.091600
18.206800
18.261625
18.319700
18.445250
18.728750
18.772150
18.776775
18.818975
18.869800
19.031700
19.075800
19.103650
19.200625
19.395725
19.476275
19.606375
19.913400
19.964875
19.989425
20.040150
20.117675
20.305450
20.405975
20.626100
20.686325
20.741125
20.817400
20.922975
21.076125
21.134075
21.224275
21.234450
21.275875
21.314625
21.362525
21.509400
21.649100
21.706950
21.837700
21.927775
21.952200
21.984500
22.012450
22.054500
22.101250
22.116750
22.137700
22.235225
22.363025
22.518925
22.540075
22.704150
22.821525
22.885525
22.917675
23.159975
23.192325
23.240275
23.268325
23.283700
23.368425
23.506400
23.613275
23.648475
23.681950
23.773075
23.883400
23.885325
24.067600
24.140500
24.184200
24.223150
24.291500
24.309500
24.385025
24.439100
24.470600
24.494100
24.631800
24.856125
24.894650
24.941100
24.960725
25.016000
25.107350
25.165475
25.208850
25.327550
25.393725
25.446500
25.505775
25.590975
25.642650
25.723325
25.761150
25.843725
25.915925
25.933250
26.059150
26.097650
26.337400
26.396850
26.482350
26.556275
26.677125
26.717575
26.935500
26.978275
27.361225
27.435725
27.487450
27.548550
27.577450
27.842950
27.855375
28.061050
28.122875
28.158050
28.261125
28.289975
28.343975
28.454325
28.497825
28.558725
28.655975
28.734075
28.786075
28.866050
28.902350
28.947400
28.969075
29.095300
29.166100
29.179525
29.271200
29.464000
29.472225
29.547850
29.618500
29.651675
29.710850
29.809400
29.922650
29.968600
