0.031950
0.064500
0.085250
0.099300
0.121050
0.131600
0.160250
0.181475
0.213850
0.237975
0.255800
0.272800
0.276125
0.291750
0.303775
0.310250
0.321825
0.329925
0.355050
0.374775
0.385425
0.398175
0.440200
0.469375
0.497825
0.521350
0.548300
0.575675
0.595475
0.624150
0.632325
0.649700
0.663725
0.685050
0.700225
0.718875
0.734600
0.739175
0.763700
0.783150
0.787500
0.811300
0.819850
0.843500
0.852875
0.876600
0.904725
0.929400
0.974450
0.995725
1.016625
1.029475
1.040575
1.056250
1.069125
1.090725
1.118650
1.143325
1.167575
1.174175
1.187850
1.190775
1.199725
1.229350
1.241700
1.272800
1.288800
1.295075
1.323125
1.344750
1.363575
1.376950
1.409150
1.430550
1.457250
1.465250
1.491725
1.518825
1.553425
1.575125
1.590975
1.613325
1.637925
1.669525
1.690225
1.707000
1.715450
1.726850
1.732750
1.745825
1.750700
1.768800
1.787400
1.792175
1.817200
1.835900
1.887200
1.899550
1.921925
1.961150
1.983275
1.999800
2.030325
2.046875
2.069925
2.091125
2.102175
2.118825
2.134200
2.138625
2.149825
2.153725
2.165650
2.170325
2.186550
2.206475
2.226075
2.248425
2.261900
2.288625
2.305500
2.327375
2.345225
2.364275
2.412700
2.431900
2.453900
2.484550
2.516375
2.534775
2.551100
2.554700
2.570650
2.578050
2.580600
2.588950
2.592175
2.596150
2.608800
2.621325
2.643150
2.649625
2.670825
2.682925
2.707975
2.734625
2.759825
2.777375
2.794450
2.810925
2.834650
2.859325
2.882100
2.913125
2.929625
2.944675
2.960100
2.975575
2.999600
3.003875
3.018100
3.022400
3.037475
3.055850
3.096775
3.146475
3.153775
3.174800
3.193475
3.211475
3.232100
3.243950
3.263325
3.278225
3.288950
3.303900
3.311050
3.320525
3.339100
3.346925
3.356525
3.363250
3.375500
3.381225
3.389875
3.397175
3.424150
3.444750
3.450325
3.480500
3.525275
3.536475
3.563225
3.572600
3.596750
3.601800
3.647775
3.698100
3.721375
3.741100
3.755125
3.772550
3.785125
3.802275
3.809300
3.819175
3.843925
3.860550
3.875500
3.881750
3.889750
3.911275
3.920375
3.931850
3.945825
3.950525
3.971200
3.989425
4.040775
4.063050
4.094375
4.124475
4.172575
4.196775
4.207750
4.219625
4.231600
4.236225
4.258275
4.268350
4.277625
4.288650
4.299900
4.329250
4.349575
4.370375
4.379575
4.398325
4.413875
4.431150
4.494800
4.514875
4.537800
4.549625
4.564275
4.579175
4.592350
4.602825
4.612225
4.630825
4.634000
4.646100
4.653225
4.658325
4.664350
4.676800
4.691325
4.709350
4.726850
4.753400
4.768075
4.788550
4.844050
4.868925
4.874975
4.897225
4.906800
4.913675
4.924950
4.933125
4.943525
4.959925
4.978700
4.984100
5.005225
5.012425
5.049050
5.055450
5.069875
5.080125
5.104350
5.137950
5.157225
5.185050
5.200525
5.218900
5.229100
5.242250
5.263050
5.279375
5.291225
5.309275
5.316100
5.354500
5.362200
5.369150
5.391900
5.397375
5.410250
5.424625
5.441775
5.465125
5.487000
5.492025
5.519200
5.536100
5.542550
5.544375
5.553950
5.581225
5.584425
5.599600
5.603000
5.620375
5.625625
5.635425
5.645225
5.649725
5.653650
5.690575
5.710325
5.727575
5.742900
5.783550
5.807675
5.825750
5.855925
5.873150
5.888700
5.915350
5.946525
5.971625
5.976775
5.979950
5.989900
6.003400
6.009800
6.014775
6.060850
6.081625
6.115125
6.140075
6.167050
6.181275
6.206550
6.227225
6.240675
6.255125
6.262525
6.271050
6.286100
6.294875
6.318100
6.325000
6.335075
6.348975
6.369800
6.375825
6.385900
6.400300
6.420525
6.464375
6.467525
6.481275
6.499675
6.510350
6.533350
6.548725
6.569175
6.582075
6.607850
6.619500
6.633850
6.664000
6.679825
6.701275
6.735375
6.755025
6.776725
6.791175
6.797875
6.818050
6.827550
6.838900
6.846275
6.859875
6.867025
6.883725
6.898250
6.910350
6.925025
6.968250
7.007150
7.025525
7.029150
7.045925
7.059900
7.070925
7.085975
7.122525
7.139700
7.167075
7.184275
7.188825
7.201000
7.211375
7.224225
7.256600
7.270650
7.284000
7.305875
7.318500
7.333000
7.351400
7.356875
7.371700
7.383525
7.399125
7.423275
7.435225
7.459150
7.495500
7.508550
7.548025
7.565425
7.578625
7.594825
7.624425
7.627450
7.648675
7.655000
7.668800
7.683550
7.687675
7.709375
7.712925
7.729275
7.736075
7.749100
7.758775
7.804650
7.820625
7.865150
7.895225
7.911500
7.922575
7.935775
7.944625
7.966075
7.976275
7.987300
7.995400
8.018575
8.022550
8.042750
8.049950
8.081725
8.119975
8.128625
8.164275
8.185400
8.209850
8.250425
8.268000
8.275475
8.292475
8.322825
8.335025
8.351625
8.360400
8.395175
8.427375
8.459450
8.498075
8.513100
8.526050
8.541325
8.544275
8.574025
8.581275
8.588350
8.592625
8.608625
8.625250
8.630700
8.671875
8.683225
8.697400
8.703450
8.727200
8.749575
8.773900
8.794350
8.824200
8.844350
8.863200
8.887425
8.899700
8.928525
8.954625
8.960775
8.997350
9.016325
9.028950
9.038000
9.042575
9.052075
9.059950
9.074700
9.088175
9.100725
9.129225
9.154350
9.189150
9.213775
9.228975
9.270875
9.307125
9.326500
9.346300
9.361325
9.364725
9.386350
9.396075
9.406925
9.418100
9.422200
9.429800
9.434325
9.444675
9.451700
9.456000
9.466875
9.477550
9.492925
9.499850
9.532400
9.556050
9.585800
9.598450
9.621900
9.646550
9.666300
9.680975
9.685750
9.701500
9.705975
9.715150
9.724850
9.744275
9.767725
9.778450
9.789875
9.813025
9.825750
9.840275
9.859650
9.869150
9.883800
9.900200
9.926675
9.941400
9.942825
9.961600
9.979275
10.001175
10.015000
10.036625
10.045325
10.053925
10.076600
10.085750
10.097300
10.124375
10.128450
10.149150
10.170500
10.187925
10.191250
10.192800
10.213425
10.229325
10.245250
10.261450
10.272725
10.293975
10.312325
10.327850
10.352025
10.397450
10.409125
10.421650
10.444700
10.461300
10.480250
10.514450
10.520025
10.533650
10.540975
10.549675
10.572525
10.598850
10.608950
10.625775
10.636025
10.643250
10.652475
10.663925
10.670800
10.682725
10.709075
10.721700
10.735725
10.745700
10.787850
10.794075
10.813375
10.833575
10.847200
10.849000
10.869850
10.887275
10.893775
10.912625
10.928700
10.947575
10.970850
10.976525
10.987300
11.009675
11.024700
11.040950
11.057575
11.072600
11.087775
11.108175
11.116750
11.131975
11.141075
11.160825
11.170875
11.177900
11.186575
11.202000
11.217975
11.224475
11.249750
11.254625
11.257275
11.266850
11.277525
11.292500
11.298150
11.305475
11.319375
11.337875
11.355250
11.379200
11.389025
11.402725
11.423425
11.441625
11.460200
11.470925
11.496300
11.497925
11.530725
11.544725
11.550975
11.566800
11.573425
11.581250
11.590950
11.607350
11.616850
11.634825
11.649450
11.653225
11.669400
11.672975
11.691200
11.714300
11.745625
11.770175
11.789875
11.809525
11.824875
11.845725
11.857675
11.875475
11.883575
11.894675
11.914225
11.939525
11.956800
11.978800
12.000725
12.018400
12.025350
12.046625
12.056100
12.078800
12.101375
12.110975
12.122125
12.142200
12.160375
12.178575
12.185725
12.195675
12.211025
12.250050
12.263200
12.281275
12.298400
12.302575
12.309525
12.320100
12.323475
12.327625
12.339675
12.343100
12.344675
12.348025
12.361350
12.370525
12.378000
12.379575
12.407850
12.449575
12.474050
12.488500
12.505525
12.525000
12.567100
12.579075
12.591700
12.605850
12.620425
12.634825
12.651550
12.660375
12.667325
12.694125
12.699600
12.729175
12.750025
12.770400
12.778875
12.804750
12.836575
12.857250
12.866550
12.875650
12.882825
12.910100
12.932675
12.952825
12.965375
12.980350
12.993275
13.015000
13.020100
13.032050
13.041025
13.054725
13.084575
13.098150
13.109000
13.134950
13.152725
13.166400
13.174600
13.184925
13.187575
13.216925
13.230500
13.242025
13.257700
13.272775
13.283875
13.319525
13.344150
13.358950
13.382625
13.394625
13.431750
13.438000
13.448675
13.465925
13.479200
13.492525
13.501775
13.512775
13.521825
13.544225
13.561600
13.565250
13.581925
13.620300
13.630175
13.649625
13.676225
13.687800
13.708000
13.724950
13.741075
13.747100
13.764100
13.780300
13.809400
13.822550
13.830725
13.836725
13.852350
13.869400
13.881250
13.891225
13.912200
13.927000
13.935175
13.957800
13.981850
13.994375
14.000150
14.004775
14.032400
14.052925
14.068125
14.092650
14.105200
14.135450
14.151450
14.164725
14.193950
14.198875
14.218025
14.229725
14.249675
14.261325
14.283375
14.299150
14.306775
14.323075
14.328275
14.345625
14.357850
14.375025
14.382950
14.394850
14.408500
14.414175
14.418375
14.432525
14.443325
14.451825
14.460425
14.481125
14.495100
14.501550
14.521700
14.546975
14.569700
14.582050
14.594125
14.611050
14.624875
14.650525
14.670550
14.694025
14.703650
14.721475
14.734350
14.736675
14.759525
14.769975
14.784400
14.798825
14.821800
14.861125
14.899025
14.920900
14.944125
14.948625
14.959125
14.968650
14.970525
14.995975
15.001150
15.018275
15.030575
15.051250
15.058550
15.069025
15.086775
15.093875
15.110750
15.122975
15.134450
15.140000
15.150200
15.167550
15.170375
15.178875
15.197750
15.209825
15.237875
15.258500
15.263100
15.274925
15.296875
15.314175
15.323975
15.333725
15.347775
15.360325
15.367375
15.375025
15.406725
15.423575
15.432925
15.445575
15.470250
15.484050
15.504050
15.510250
15.537150
15.549525
15.566100
15.592700
15.612625
15.626875
15.639550
15.656200
15.671325
15.680875
15.690825
15.720150
15.734150
15.741000
15.751600
15.767725
15.781675
15.796775
15.835950
15.853900
15.866200
15.884700
15.898050
15.906350
15.920250
15.941100
15.979100
15.998475
16.024925
16.038850
16.046900
16.065000
16.079750
16.085625
16.102350
16.118500
16.147875
16.159325
16.165750
16.178600
16.193100
16.200350
16.215500
16.254750
16.274500
16.288300
16.302050
16.330625
16.343900
16.354575
16.370125
16.384625
16.392300
16.416200
16.422050
16.432300
16.447725
16.460000
16.468825
16.472425
16.487875
16.491700
16.503100
16.508525
16.524775
16.534900
16.584025
16.595050
16.622300
16.642375
16.664675
16.689500
16.716425
16.744625
16.774575
16.796900
16.809625
16.828600
16.840400
16.869150
16.874600
16.882575
16.885750
16.892625
16.899225
16.913025
16.918600
16.932975
16.949700
16.975750
17.006100
17.061900
17.083025
17.088100
17.112900
17.120850
17.136775
17.149525
17.160350
17.180675
17.198550
17.202875
17.221500
17.234050
17.262675
17.278575
17.304675
17.327575
17.336500
17.371400
17.406600
17.423125
17.431100
17.440825
17.455900
17.467075
17.488325
17.507450
17.545300
17.582625
17.600825
17.614025
17.629925
17.669075
17.682925
17.689775
17.707100
17.710875
17.724475
17.741125
17.755450
17.768750
17.778200
17.790950
17.810725
17.817875
17.848600
17.856675
17.862800
17.873450
17.881950
17.888875
17.895250
17.905150
17.930000
17.943925
17.966625
17.987300
18.011650
18.029300
18.035100
18.060700
18.095650
18.168650
18.199750
18.217525
18.234875
18.238200
18.243475
18.257475
18.259975
18.276675
18.279350
18.288950
18.300000
18.323175
18.331600
18.351625
18.359400
18.397075
18.405575
18.422975
18.446800
18.484300
18.502100
18.528200
18.558000
18.569500
18.600000
18.622425
18.633225
18.654150
18.662325
18.678250
18.681275
18.691375
18.712725
18.719575
18.728800
18.780775
18.784200
18.798150
18.817775
18.849650
18.872900
18.893050
18.920875
18.945600
18.957500
18.975950
18.983550
19.000675
19.010425
19.038300
19.044550
19.061025
19.074225
19.079275
19.093025
19.118850
19.141375
19.168025
19.185275
19.199750
19.217450
19.234950
19.249400
19.267700
19.283900
19.303025
19.347675
19.357750
19.378975
19.391175
19.414775
19.429100
19.438300
19.455675
19.485800
19.507825
19.515375
19.540475
19.556725
19.569075
19.575350
19.587925
19.591625
19.595000
19.609275
19.641600
19.670225
19.685800
19.723725
19.731475
19.752950
19.769075
19.778725
19.786325
19.806550
19.817200
19.842525
19.862250
19.873375
19.890100
19.915850
19.922225
19.937025
19.956950
19.979000
19.997650
20.018475
20.031725
20.047550
20.052175
20.068825
20.090350
20.112000
20.121475
20.141150
20.154750
20.168500
20.182200
20.194075
20.210425
20.215900
20.223675
20.227350
20.249175
20.253325
20.283150
20.303300
20.320050
20.345725
20.370600
20.389975
20.408875
20.429600
20.448700
20.453125
20.464650
20.472650
20.480850
20.511475
20.538950
20.557000
20.567675
20.579500
20.604475
20.609275
20.622975
20.660900
20.708275
20.717550
20.722050
20.727825
20.755100
20.776125
20.786175
20.796925
20.807800
20.839500
20.850625
20.860750
20.897975
20.907975
20.912750
20.926800
20.941725
20.959600
20.964050
20.996475
21.011825
21.019425
21.037900
21.055650
21.076775
21.098375
21.116250
21.143250
21.176275
21.186050
21.207250
21.215950
21.239375
21.254000
21.270850
21.283050
21.302075
21.313825
21.328800
21.339150
21.358600
21.363600
21.374775
21.378500
21.395425
21.409500
21.425150
21.467925
21.513700
21.539950
21.560400
21.592700
21.608450
21.643400
21.675500
21.686175
21.712500
21.737725
21.746475
21.752875
21.764725
21.771100
21.789950
21.793650
21.804900
21.827250
21.844975
21.868025
21.871700
21.883825
21.906250
21.947750
21.976975
21.996025
22.013575
22.031275
22.049325
22.079150
22.102775
22.114500
22.125950
22.145050
22.154200
22.170650
22.173225
22.190050
22.206950
22.213450
22.224500
22.235725
22.247525
22.263050
22.274150
22.284075
22.313775
22.351975
22.396025
22.398325
22.400500
22.447050
22.498100
22.512625
22.532450
22.539150
22.562075
22.574925
22.589875
22.599475
22.615675
22.623450
22.636825
22.641150
22.655025
22.686950
22.712675
22.731450
22.803150
22.820450
22.833400
22.842100
22.870950
22.883250
22.897125
22.927825
22.933600
22.948300
22.958525
22.979900
22.984850
22.999025
23.016200
23.025525
23.033000
23.057875
23.068300
23.091150
23.107375
23.154875
23.173375
23.202975
23.223250
23.243025
23.249500
23.262925
23.286425
23.302975
23.312675
23.326125
23.334450
23.350025
23.355800
23.385775
23.405050
23.463350
23.480000
23.506200
23.521550
23.533750
23.539850
23.553425
23.584700
23.603025
23.614850
23.631850
23.676850
23.697900
23.717950
23.728175
23.737775
23.750975
23.759150
23.766000
23.780025
23.791625
23.816475
23.830250
23.839300
23.850125
23.868600
23.890525
23.913300
23.949850
23.991050
24.010700
24.012200
24.030975
24.046000
24.062075
24.110775
24.131900
24.151625
24.169700
24.215850
24.230050
24.248875
24.260225
24.268600
24.288450
24.300375
24.314725
24.327400
24.354925
24.386425
24.411050
24.422875
24.439750
24.461800
24.468875
24.497850
24.512050
24.546500
24.563150
24.595850
24.619025
24.631125
24.640800
24.653325
24.656950
24.670275
24.689075
24.694375
24.712675
24.726450
24.737425
24.751775
24.760100
24.768300
24.776550
24.786650
24.792000
24.807225
24.809175
24.827025
24.848775
24.866175
24.884000
24.904575
24.918875
24.932250
24.957450
24.983075
24.998200
25.018925
25.047575
25.079925
25.098300
25.121625
25.135900
25.156950
25.174900
25.189450
25.197400
25.206275
25.215600
25.221000
25.224750
25.232175
25.240425
25.252100
25.264525
25.270075
25.293050
25.306350
25.333250
25.338675
25.354200
25.381675
25.413225
25.443850
25.471300
25.493725
25.516125
25.543825
25.564675
25.572575
25.588400
25.593175
25.606650
25.613775
25.625825
25.636525
25.655000
25.664950
25.675750
25.690800
25.701025
25.706625
25.736400
25.758125
25.781400
25.789450
25.819825
25.834675
25.857100
25.876275
25.886950
25.904025
25.921425
25.938325
25.944175
25.962950
25.968375
25.988825
26.009825
26.027700
26.035325
26.038800
26.055250
26.066525
26.088000
26.117400
26.127425
26.136900
26.144925
26.152975
26.165025
26.178025
26.197950
26.206550
26.214725
26.230075
26.244200
26.258800
26.276550
26.288400
26.302750
26.323050
26.331575
26.343675
26.360975
26.368825
26.380950
26.418375
26.443600
26.461100
26.479600
26.500375
26.527325
26.544225
26.563825
26.579550
26.607300
26.615550
26.621475
26.626225
26.641475
26.643900
26.659300
26.669775
26.678550
26.683650
26.703450
26.723675
26.741150
26.754300
26.771425
26.782500
26.797725
26.822450
26.844825
26.872675
26.891575
26.899375
26.917925
26.927200
26.928675
26.936175
26.953900
26.964650
26.970525
26.992075
26.995650
27.001650
27.017275
27.028150
27.038600
27.051225
27.064150
27.108675
27.123600
27.134775
27.151650
27.158100
27.185075
27.218175
27.234300
27.242150
27.257275
27.279650
27.294425
27.306000
27.319350
27.330850
27.359000
27.388675
27.402725
27.433325
27.454025
27.471600
27.484175
27.499575
27.507725
27.511400
27.523575
27.537275
27.540500
27.549925
27.551850
27.560675
27.574500
27.591550
27.610225
27.626450
27.648475
27.671850
27.691225
27.724250
27.741725
27.756750
27.771200
27.798175
27.819550
27.826825
27.837975
27.846925
27.851825
27.857625
27.864700
27.877775
27.885550
27.898350
27.904425
27.916500
27.936575
27.955250
27.975275
27.999625
28.034750
28.043600
28.061600
28.078525
28.087850
28.097475
28.108750
28.118225
28.121925
28.126075
28.150200
28.185125
28.199900
28.218575
28.254300
28.279175
28.309975
28.321650
28.353250
28.361975
28.372325
28.387900
28.396900
28.405600
28.410600
28.420200
28.444375
28.451350
28.459875
28.482825
28.506000
28.521400
28.533225
28.550150
28.570050
28.592275
28.611625
28.626900
28.646675
28.661400
28.695275
28.716075
28.779850
28.799350
28.828800
28.856075
28.866800
28.875775
28.891925
28.907925
28.923150
28.941750
28.949475
28.964325
28.981775
28.988600
29.005275
29.011950
29.036150
29.051125
29.059550
29.071975
29.089250
29.140350
29.153575
29.164200
29.184450
29.199850
29.211800
29.218775
29.227500
29.316075
29.320725
29.333025
29.342025
29.362175
29.370450
29.379725
29.412050
29.443175
29.461250
29.469950
29.485575
29.493800
29.511650
29.523775
29.534675
29.539950
29.559875
29.566850
29.571375
29.575200
29.581175
29.603525
29.608900
29.624225
29.655075
29.663350
29.673450
29.683100
29.710900
29.747800
29.787325
29.818075
29.837875
29.863025
29.884475
29.902425
29.911375
29.921400
29.953800
29.970175
29.980125
29.986200
29.999775
