0.018150
0.227075
0.700725
0.863500
1.055875
1.251200
1.341325
1.525250
1.679950
1.876050
2.097275
2.280600
2.424950
2.532575
2.684100
2.818775
3.022800
3.149975
3.342050
3.478400
3.574450
3.779750
3.983750
4.165000
4.366525
4.517150
4.891575
5.072150
5.232550
5.421500
5.577450
5.997925
6.360825
6.508125
6.671350
6.857350
7.084925
7.195750
7.333825
7.593700
7.819250
7.970875
8.247075
8.559125
8.833525
9.026100
9.275875
9.459600
9.621175
9.939550
10.203750
10.389425
10.777825
10.975275
11.209950
11.415975
11.643500
11.953675
12.196475
12.321375
12.474575
12.550700
12.599675
12.632650
12.675175
12.722025
12.794850
12.945450
13.115800
13.271525
13.519250
13.742550
14.167350
14.390850
14.917950
15.122200
15.331800
15.530250
15.711125
15.928425
16.189650
16.750575
16.913525
17.081850
17.268375
17.486550
17.664400
17.812350
17.872875
17.924025
17.998275
18.074575
18.152800
18.219875
18.365425
18.732975
18.879300
19.198250
19.531200
19.732050
19.925375
20.040350
20.208400
20.376700
20.521725
20.667775
20.879350
21.035925
21.178550
21.327475
21.474150
21.660400
21.788950
21.923500
22.099375
22.432725
22.547300
22.652825
22.799650
23.041600
23.143050
23.432850
23.563400
23.683325
23.973900
24.095850
24.362325
24.522650
24.641650
24.772875
24.848600
25.247875
25.350000
25.463675
25.590300
25.758700
25.907050
26.021775
26.391150
26.561100
26.717150
26.851900
26.974625
27.332575
27.502300
27.686300
27.796250
27.908250
28.043175
28.142350
28.228825
28.328025
28.460875
28.547600
28.622700
28.801525
28.988200
29.080550
29.464625
29.586550
29.780275
