0.066000
0.168425
0.227550
0.263825
0.355850
0.504025
0.567525
0.628275
0.683250
0.717550
0.752875
0.761050
0.808575
0.837425
1.259550
1.306000
1.361000
1.476050
1.506400
1.535725
1.568600
1.841175
1.881550
1.949775
1.965525
2.053950
2.075175
2.249325
2.375375
2.435625
2.521275
2.639325
2.747675
2.777000
2.793625
2.839850
2.866325
2.894825
2.972125
3.033175
3.130475
3.176950
3.213900
3.295250
3.345900
3.378225
3.393950
3.445300
3.483725
3.530700
3.558725
3.619900
3.706075
3.743075
3.823375
3.855400
3.887875
3.947275
3.975400
3.994675
4.077325
4.141325
4.178475
4.263325
4.324350
4.387400
4.419650
4.499800
4.523975
4.543600
4.609325
4.670225
4.713625
4.739625
4.896500
4.938275
5.016225
5.064550
5.172400
5.188675
5.206200
5.323600
5.421500
5.446050
5.467725
5.493550
5.575900
5.704250
5.777150
5.894925
5.942625
5.960850
5.991500
6.047100
6.174650
6.220800
6.275850
6.339525
6.364275
6.373825
6.417825
6.540525
6.576300
6.586650
6.615400
6.701250
6.743125
6.820750
6.861525
6.881375
6.915425
6.945375
6.984450
7.078950
7.157750
7.183750
7.201775
7.219100
7.313725
7.344400
7.372800
7.390625
7.434650
7.512550
7.618750
7.784425
7.896575
8.029975
8.079350
8.109375
8.264200
8.315300
8.395550
8.578750
8.678150
8.702925
8.767375
8.793375
8.815850
8.911400
8.990650
9.025650
9.045900
9.157900
9.173400
9.250175
9.307925
9.403300
9.470425
9.492575
9.569275
9.611800
9.638350
9.688625
9.715750
9.785525
9.810900
9.839425
9.892975
9.924525
10.018600
10.063275
10.146850
10.187275
10.317000
10.398650
10.450075
10.508550
10.534275
10.630100
10.721775
10.807725
10.844750
10.865000
10.897400
10.995025
11.105650
11.131650
11.165325
11.242575
11.285325
11.305625
11.345025
11.384950
11.421200
11.450800
11.552375
11.668075
11.696625
11.724000
11.804275
11.820625
11.862075
11.947050
11.986800
12.048225
12.135700
12.203350
12.235750
12.286700
12.323525
12.350675
12.435950
12.470900
12.512525
12.558700
12.584500
12.647775
12.673100
12.699125
12.727250
12.851025
12.898975
12.930225
12.981675
13.009650
13.048000
13.129450
13.150075
13.178350
13.216450
13.249725
13.315900
13.394525
13.465850
13.490900
13.536175
13.616025
13.664825
13.682525
13.695600
13.718075
13.751850
13.871125
13.908175
13.946375
13.966800
14.004200
14.198650
14.215725
14.291625
14.336500
14.438475
14.473550
14.688525
14.784800
14.837075
14.842525
14.872150
14.892850
15.009125
15.028075
15.068625
15.216925
15.266425
15.334025
15.417825
15.475950
15.512800
15.551475
15.595750
15.692925
15.849300
15.874975
15.902225
15.945775
15.958800
15.979225
16.061900
16.122025
16.218275
16.299775
16.346375
16.380875
16.395025
16.498850
16.563225
16.600525
16.639950
16.678300
16.735550
16.848800
16.879600
16.893675
17.075625
17.090850
17.155800
17.177800
17.199525
17.237475
17.280500
17.327250
17.377425
17.433150
17.481200
17.542050
17.571475
17.614600
17.678450
17.712550
17.745850
17.818350
17.855600
17.875600
17.916600
18.027350
18.165975
18.214975
18.361700
18.600850
18.713025
18.743825
18.782850
18.887050
18.912400
18.988425
19.002075
19.066500
19.160600
19.301800
19.355775
19.469375
19.523675
19.549600
19.569775
19.647575
19.673025
19.763000
19.832650
19.868425
19.900550
19.947700
20.032425
20.070225
20.129600
20.203900
20.214100
20.240025
20.267425
20.301275
20.326050
20.353350
20.377125
20.442150
20.546875
20.620400
20.645125
20.674675
20.762175
20.889900
20.925400
20.947450
20.993575
21.096175
21.129325
21.152275
21.263300
21.298900
21.322600
21.347025
21.371150
21.405950
21.433750
21.522225
21.559650
21.623350
21.647700
21.695150
21.736225
21.766650
21.816700
21.831775
21.895200
21.925700
21.991475
22.017250
22.057450
22.096600
22.134425
22.196600
22.216175
22.321450
22.350125
22.377900
22.464000
22.516500
22.552650
22.617650
22.645675
22.734675
22.764425
23.012175
23.040325
23.108950
23.164050
23.210600
23.346950
23.385125
23.410225
23.437450
23.455500
23.544925
23.667125
23.696475
23.724650
23.761425
23.792775
23.815350
23.927525
24.007475
24.044625
24.097750
24.168300
24.218975
24.277875
24.308850
24.321675
24.371450
24.403375
24.415625
24.480650
24.563425
24.616050
24.638950
24.664275
24.693525
24.732400
24.794500
24.915500
24.940625
24.977700
25.017575
25.060750
25.102350
25.116500
25.198475
25.281150
25.333500
25.352750
25.575500
25.757575
25.892900
25.914225
25.955975
25.974200
26.034950
26.102000
26.136650
26.172650
26.222525
26.338775
26.397800
26.518925
26.592975
26.613150
26.641325
26.710125
26.770700
26.796175
26.853300
26.979000
27.018125
27.051650
27.064400
27.101850
27.214200
27.248525
27.357000
27.385950
27.468200
27.514875
27.527325
27.563600
27.599550
27.698450
27.735100
27.781225
27.824250
27.889850
27.931025
27.997075
28.046250
28.073825
28.117525
28.244125
28.296500
28.357925
28.409575
28.442675
28.456825
28.479825
28.581175
28.618975
28.650300
28.714525
28.728600
28.758725
28.847675
28.888500
28.921475
28.957675
28.984800
29.013625
29.180525
29.198450
29.224900
29.266900
29.296375
29.362000
29.447500
29.487150
29.538650
29.606350
29.674400
29.698975
29.764275
29.799100
29.824075
