0.010875
0.045600
0.073600
0.167825
0.324100
0.384750
0.458125
0.522525
0.606475
0.646325
0.695975
0.740625
0.835700
0.968125
1.010000
1.050225
1.102075
1.168925
1.225750
1.254975
1.325875
1.436775
1.463625
1.482800
1.513050
1.614150
1.669275
1.692275
1.718075
1.746200
1.797750
1.834825
1.891525
2.086125
2.136500
2.170100
2.234200
2.258900
2.382575
2.533025
2.571700
2.662000
2.699200
2.754500
2.838050
2.864425
2.922350
3.003725
3.084125
3.176750
3.260775
3.378675
3.422525
3.488475
3.513675
3.596125
3.624600
3.662150
3.710125
3.892750
3.928450
3.957175
3.972075
4.014750
4.044700
4.104525
4.139900
4.170375
4.260550
4.356600
4.475300
4.559900
4.629750
4.679000
4.707125
4.811625
4.852575
4.988575
5.122900
5.191725
5.276450
5.307500
5.338775
5.401175
5.503500
5.579075
5.722550
5.764225
5.779775
5.819600
5.905375
5.960925
6.080925
6.146050
6.199675
6.239300
6.320775
6.463625
6.509150
6.559850
6.578775
6.738350
6.780775
7.038550
7.111650
7.153350
7.204600
7.261750
7.315100
7.457575
7.559650
7.651425
7.717075
7.769575
7.785600
7.831100
7.957775
7.986500
8.024150
8.155775
8.332075
8.412225
8.494500
8.547250
8.653825
8.726900
8.775800
8.819675
8.863725
8.899350
8.947950
8.999500
9.034225
9.067250
9.152175
9.216025
9.236075
9.545550
9.622950
9.657025
9.895125
9.927275
10.006175
10.046100
10.086775
10.139750
10.187525
10.226975
10.263425
10.293425
10.344375
10.444350
10.470550
10.514850
10.603325
10.626025
10.684200
10.763225
10.820175
10.843800
10.873875
10.946250
11.083300
11.145725
11.167625
11.298200
11.337375
11.409500
11.476975
11.579250
11.618150
11.658175
11.696175
11.798175
11.832400
11.871800
11.964850
11.983725
12.178050
12.230525
12.324875
12.365175
12.414450
12.434175
12.526175
12.582100
12.628800
12.694375
12.798700
12.887375
13.054400
13.141850
13.178325
13.216300
13.241450
13.296175
13.377700
13.456650
13.495500
13.623925
13.660000
13.735225
13.774500
13.861050
13.879600
13.970400
14.048150
14.087425
14.191475
14.228750
14.301100
14.326900
14.425650
14.512500
14.530125
14.550425
14.668575
14.714425
14.771800
14.818325
14.916725
15.014250
15.042550
15.116275
15.153750
15.242350
15.349875
15.389650
15.421725
15.501250
15.534900
15.631050
15.677975
15.767050
15.862050
16.002525
16.056900
16.105100
16.132575
16.189825
16.211150
16.265500
16.302500
16.353625
16.434200
16.473200
16.527500
16.558175
16.608225
16.646550
16.716225
16.796975
16.806825
16.888550
16.982900
17.031925
17.136625
17.187950
17.263500
17.291575
17.357700
17.393250
17.452425
17.477250
17.514200
17.537675
17.597575
17.740950
17.854275
17.915550
18.153650
18.239375
18.269150
18.331900
18.367900
18.452425
18.506700
18.534400
18.740600
18.810150
18.907750
18.959550
19.013725
19.049675
19.095225
19.181500
19.219475
19.309150
19.397675
19.454475
19.491900
19.533400
19.600350
19.640875
19.685875
19.749600
19.801750
19.866900
19.938150
19.982950
20.019375
20.062750
20.120525
20.189250
20.229475
20.267025
20.301400
20.343950
20.420100
20.431950
20.506375
20.636525
20.695650
20.711150
20.786625
20.920250
21.016100
21.078200
21.124950
21.157975
21.252875
21.265525
21.354325
21.446150
21.546800
21.617150
21.680550
21.844325
21.895000
21.939950
21.967175
22.058300
22.173550
22.197700
22.302700
22.315475
22.359550
22.402325
22.575250
22.592900
22.671525
22.707075
22.741775
22.790700
22.821500
22.860475
22.914600
23.002050
23.157725
23.298600
23.337275
23.423625
23.442375
23.465400
23.507725
23.633075
23.710450
23.815975
23.867975
23.901975
23.953750
23.996175
24.028025
24.048300
24.065400
24.094350
24.172325
24.213225
24.267925
24.378325
24.458775
24.508575
24.534850
24.591525
24.645775
24.777050
24.807875
24.839100
24.907550
24.968275
25.015050
25.084525
25.139075
25.181050
25.213850
25.235525
25.297100
25.334850
25.409900
25.462375
25.500225
25.513000
25.558225
25.577075
25.586275
25.636825
25.822600
25.895525
25.972250
26.013325
26.098675
26.158650
26.298375
26.449600
26.513900
26.570950
26.780675
26.817425
26.868075
26.895000
26.933975
26.989575
27.049300
27.095500
27.144375
27.204550
27.242850
27.291550
27.336200
27.435250
27.488975
27.536875
27.572625
27.614900
27.686175
27.730350
27.811950
27.845225
27.903725
27.962200
28.005625
28.031375
28.119600
28.167850
28.218975
28.261050
28.365675
28.464000
28.547575
28.617625
28.696650
28.791150
28.900125
29.003075
29.076550
29.109425
29.170500
29.269400
29.320425
29.358100
29.412800
29.447525
29.496575
29.600450
29.626075
29.670400
29.733300
29.761550
29.814550
29.851600
29.864050
29.902800
