0.059375
0.080850
0.092225
0.103325
0.119550
0.141650
0.162175
0.182275
0.195525
0.214100
0.225275
0.237225
0.253200
0.264950
0.283775
0.334850
0.528925
0.576550
0.584150
0.589700
0.593600
0.599675
0.603850
0.610050
0.615100
0.621250
0.626650
0.633325
0.642525
0.647650
0.658075
0.669775
0.678500
0.709550
0.720825
0.729050
0.737600
0.748050
0.769950
0.785825
0.802800
0.833375
0.890175
0.937975
1.128100
1.142500
1.149350
1.155375
1.159850
1.165750
1.171000
1.175975
1.182250
1.188225
1.195000
1.201500
1.210050
1.220750
1.232950
1.248750
1.261800
1.280900
1.294600
1.325525
1.356950
1.382625
1.421675
1.464200
1.501025
1.539900
1.715700
1.767450
1.790050
1.809800
1.836425
1.867900
1.891950
1.918900
1.937575
1.951850
1.971175
1.997950
2.243250
2.270625
2.300950
2.324425
2.385100
2.412850
2.443475
2.493825
2.523150
2.544875
2.562750
2.573400
2.581475
2.589800
2.599100
2.606525
2.614450
2.621375
2.628100
2.633975
2.644425
2.654625
2.664775
2.680775
2.694075
2.714600
2.739400
2.759925
2.785175
2.806750
2.843650
2.920975
2.981000
3.027675
3.073600
3.194800
3.233025
3.286350
3.327900
3.365675
3.401725
3.437375
3.462350
3.490550
3.519000
3.576000
3.614375
3.663075
3.750375
3.784850
3.837875
3.885675
4.065400
4.079900
4.089525
4.095550
4.101350
4.105300
4.110875
4.116975
4.123875
4.131150
4.137300
4.144075
4.154100
4.166250
4.176275
4.186275
4.198825
4.217800
4.232200
4.245100
4.256300
4.268525
4.289925
4.393975
4.505250
4.528825
4.542650
4.554625
4.566125
4.576850
4.587025
4.594300
4.602175
4.610800
4.620075
4.631100
4.639325
4.651275
4.666225
4.684825
4.705850
4.737100
4.791225
5.019275
5.075450
5.112750
5.144900
5.207100
5.253925
5.278425
5.288150
5.306500
5.318400
5.331650
5.348700
5.393900
5.493075
5.532650
5.644975
5.661125
5.678425
5.704675
5.730875
5.800500
5.827400
5.845750
6.126250
6.149225
6.163525
6.174450
6.185025
6.199125
6.210800
6.222850
6.240300
6.256850
6.280550
6.314825
6.338950
6.362450
6.378950
6.389350
6.399025
6.406050
6.414375
6.422450
6.428050
6.435925
6.445875
6.453975
6.465825
6.478825
6.492900
6.509250
6.533700
6.728850
6.753500
6.768275
6.781050
6.792575
6.799625
6.808750
6.813475
6.820775
6.829300
6.837575
6.847225
6.858500
6.869200
6.879000
6.890950
6.906375
6.918725
6.928825
6.940000
6.954600
6.972300
6.996625
7.021875
7.047700
7.081075
7.169300
7.350375
7.361250
7.365950
7.370250
7.373350
7.377375
7.380950
7.384325
7.389225
7.394900
7.402125
7.410375
7.423350
7.436575
7.452900
7.467275
7.483175
7.509175
7.525300
7.545950
7.561925
7.592050
7.781950
7.810600
7.823875
7.833825
7.840150
7.846100
7.852525
7.857475
7.864975
7.872250
7.878975
7.886325
7.894725
7.902050
7.909600
7.918175
7.930725
7.945425
7.961725
7.974750
7.993475
8.013175
8.045100
8.097750
8.283375
8.327075
8.351275
8.365550
8.373650
8.381975
8.390225
8.398300
8.408300
8.423100
8.440075
8.461575
8.482700
8.510025
8.564800
8.625000
8.640050
8.653050
8.672900
8.759575
8.880200
8.891875
8.902750
8.909050
8.916775
8.922950
8.929325
8.934125
8.940275
8.946025
8.952800
8.963900
8.979000
8.994475
9.014125
9.028550
9.048275
9.069850
9.086650
9.120725
9.332075
9.374475
9.394775
9.407550
9.420075
9.431725
9.445200
9.458575
9.472600
9.488925
9.516275
9.548325
9.705000
9.715575
9.722325
9.726350
9.731600
9.736650
9.741200
9.746500
9.751125
9.755950
9.759550
9.767925
9.772100
9.776375
9.780575
9.785250
9.790825
9.796150
9.801175
9.805600
9.815450
9.821250
9.826775
9.831925
9.836775
9.840425
9.845150
9.851650
9.856825
9.862000
9.867850
9.871950
9.876075
9.879975
9.884375
9.888300
9.895625
9.899950
9.907025
9.913025
9.919700
9.925625
9.930675
9.937475
9.942000
9.946175
9.950775
9.954625
9.959125
9.965200
9.968700
9.975725
9.979925
9.983550
9.991200
10.000850
10.005950
10.010125
10.015850
10.020075
10.026000
10.030400
10.036425
10.040300
10.050200
10.054975
10.059675
10.067000
10.070900
10.076850
10.083950
10.089925
10.093100
10.102925
10.106650
10.112150
10.120500
10.129000
10.134725
10.141100
10.146375
10.152300
10.158975
10.164350
10.169325
10.178075
10.185775
10.190150
10.196400
10.206225
10.212350
10.219675
10.226625
10.232650
10.238675
10.244875
10.251150
10.259325
10.266725
10.276850
10.284475
10.294775
10.301450
10.317650
10.327350
10.339900
10.353700
10.364350
10.382625
10.396725
10.407825
10.428225
10.437575
10.448275
10.456575
10.462575
10.468075
10.474000
10.478225
10.485025
10.492650
10.495950
10.503300
10.509875
10.517025
10.523125
10.534100
10.545650
10.552600
10.562125
10.570450
10.578275
10.585425
10.591575
10.598650
10.604925
10.611525
10.616275
10.625000
10.635450
10.642200
10.648450
10.663175
10.670850
10.677975
10.684775
10.690800
10.702350
10.710950
10.723100
10.736950
10.749100
10.764000
10.777425
10.785350
10.792075
10.798700
10.806725
10.817950
10.823625
10.831450
10.842725
10.849725
10.858225
10.873700
10.890850
10.902825
10.915325
10.926375
10.932600
10.945050
10.951500
10.958650
10.963675
10.972025
10.979275
10.986650
10.996600
11.002350
11.012500
11.025450
11.036350
11.044450
11.053950
11.064500
11.077975
11.089100
11.102025
11.114050
11.129200
11.146825
11.166625
11.202325
11.239500
11.270850
11.292775
11.318750
11.350850
11.375500
11.406100
11.426775
11.489200
11.535375
11.574800
11.582325
11.588800
11.594000
11.598325
11.603150
11.608375
11.613650
11.620350
11.627525
11.634925
11.644600
11.652475
11.660775
11.667725
11.674575
11.682375
11.696100
11.700475
11.707000
11.712675
11.718975
11.727050
11.733875
11.739100
11.747550
11.758150
11.765075
11.774425
11.786075
11.797250
11.804800
11.810950
11.819825
11.828250
11.837650
11.852200
11.863275
11.873775
11.885000
11.899150
11.929250
11.949525
11.968525
11.992125
12.023875
12.065625
12.155075
12.214550
12.278450
12.359525
12.382050
12.406875
12.424825
12.430575
12.435900
12.440750
12.445175
12.451400
12.457175
12.464850
12.471850
12.479500
12.487575
12.496625
12.508100
12.520675
12.533500
12.555800
12.580750
12.600025
12.628850
12.676275
12.717200
12.853000
13.018675
13.046450
13.058750
13.066000
13.074350
13.079625
13.086550
13.092775
13.098875
13.104400
13.110400
13.120150
13.130025
13.141500
13.150625
13.161950
13.174725
13.187675
13.206675
13.231650
13.257025
13.274350
13.296100
13.331000
13.375775
13.446600
13.526800
13.546375
13.555500
13.560600
13.564875
13.570750
13.574900
13.580175
13.583900
13.588825
13.593925
13.598625
13.603950
13.611150
13.621875
13.631775
13.644750
13.659225
13.685575
13.726650
13.966925
13.985600
13.994350
14.002025
14.009100
14.016150
14.024450
14.031875
14.042700
14.055000
14.072950
14.087700
14.106200
14.129050
14.145025
14.165200
14.194250
14.213525
14.365575
14.470100
14.494875
14.504275
14.510525
14.518300
14.524575
14.530350
14.540350
14.549975
14.559725
14.568075
14.579950
14.589700
14.602975
14.613700
14.635150
14.655175
14.677025
14.697450
14.715000
14.735100
14.779675
14.850100
15.066675
15.083725
15.098925
15.104150
15.108750
15.113300
15.117500
15.123050
15.127950
15.135100
15.140650
15.147075
15.152950
15.160950
15.170325
15.179125
15.189225
15.199650
15.211950
15.223775
15.239400
15.262850
15.296550
15.331800
15.389400
15.488325
15.582175
15.644750
15.677325
15.742475
15.795475
15.841825
15.870900
15.892525
15.910900
15.935550
15.968800
16.150575
16.213075
16.220975
16.224475
16.228875
16.232550
16.235250
16.239650
16.244000
16.249150
16.253500
16.258150
16.265300
16.273425
16.284450
16.294575
16.312800
16.335575
16.351750
16.366275
16.376625
16.398450
16.417275
16.465325
16.606050
16.710850
16.723850
16.730400
16.736850
16.741950
16.747850
16.754825
16.762575
16.769975
16.778600
16.792400
16.820050
16.847300
16.885775
16.909825
16.939325
17.037775
17.170650
17.214000
17.285575
17.371975
17.395325
17.407700
17.412525
17.416100
17.420250
17.424600
17.428875
17.433700
17.437450
17.443825
17.455800
17.469750
17.481475
17.492425
17.503500
17.514200
17.526150
17.538950
17.548825
17.562450
17.587250
17.611975
17.635350
17.694600
17.852675
17.909150
17.923475
17.930700
17.937250
17.944375
17.955650
17.973625
18.005125
18.037425
18.057825
18.070975
18.081100
18.087350
18.092825
18.096800
18.103800
18.108300
18.112775
18.119050
18.123275
18.128200
18.132925
18.139875
18.146250
18.151300
18.158100
18.163600
18.169425
18.176625
18.181275
18.186800
18.193150
18.198125
18.203475
18.209700
18.215400
18.221425
18.227700
18.232600
18.238500
18.246275
18.255100
18.264275
18.269900
18.276000
18.283900
18.292225
18.302275
18.311350
18.321150
18.330750
18.344850
18.352725
18.363250
18.372750
18.384225
18.395950
18.422725
18.452000
18.501400
18.567975
18.611125
18.621225
18.626150
18.628650
18.631875
18.634800
18.637575
18.640325
18.643450
18.651850
18.654200
18.657500
18.660625
18.666000
18.669650
18.677125
18.681550
18.687650
18.694900
18.698100
18.702700
18.707375
18.713175
18.717525
18.723100
18.728500
18.732800
18.739625
18.744725
18.751650
18.759800
18.768175
18.772800
18.780050
18.784850
18.792725
18.799200
18.805425
18.810550
18.821150
18.829350
18.835925
18.843325
18.848525
18.857175
18.861775
18.868275
18.874400
18.882575
18.889825
18.897275
18.904250
18.912525
18.920875
18.926400
18.933925
18.942700
18.950225
18.958650
18.965125
18.972775
18.981575
18.991675
19.002025
19.016300
19.028950
19.042175
19.061950
19.084125
19.103400
19.116600
19.131725
19.150850
19.184450
19.221525
19.237850
19.257200
19.275325
19.295500
19.311925
19.330800
19.350475
19.378375
19.422100
19.554325
19.576875
19.584175
19.588900
19.593300
19.596550
19.600375
19.602800
19.606175
19.610375
19.615100
19.620300
19.622950
19.634250
19.645425
19.653850
19.663100
19.671225
19.686100
19.693375
19.701500
19.711950
19.723050
19.732700
19.747000
19.765125
19.778250
19.795150
19.816425
19.842100
19.875875
19.915275
19.970125
20.032975
20.084125
20.104000
20.118200
20.134475
20.186375
20.306800
20.315225
20.321500
20.325975
20.334525
20.341650
20.347800
20.354525
20.368350
20.385925
20.411300
20.441500
20.519550
20.666450
20.709925
20.730800
20.744450
20.755150
20.762150
20.770350
20.777550
20.787050
20.800625
20.816025
20.827750
20.854550
20.875450
20.985900
21.299575
21.369150
21.426850
21.441450
21.449225
21.453425
21.460175
21.465525
21.471300
21.484150
21.495150
21.506025
21.519175
21.535600
21.566750
21.589975
21.611050
21.639825
21.809500
21.879000
21.903675
21.921800
21.938050
21.951675
21.970225
21.997250
22.045900
22.097300
22.363925
22.372925
22.379400
22.389175
22.398350
22.407200
22.413425
22.420975
22.433725
22.446125
22.464425
22.480850
22.500600
22.520175
22.541900
22.586175
22.767050
22.915525
22.946800
22.957875
22.964800
22.971900
22.976675
22.981575
22.988000
22.993325
23.002100
23.009675
23.022100
23.031350
23.042625
23.055600
23.071125
23.091825
23.106100
23.121625
23.137750
23.148375
23.178275
23.268250
23.397550
23.412425
23.422425
23.428225
23.433425
23.436975
23.441300
23.446600
23.451625
23.456600
23.461525
23.473975
23.482075
23.493075
23.512925
23.530900
23.574200
23.635875
23.735275
23.843250
23.952350
24.061675
24.099250
24.268875
24.340250
24.351925
24.359475
24.365200
24.371300
24.376575
24.381000
24.385725
24.390525
24.399950
24.408550
24.417050
24.426975
24.436675
24.449850
24.461550
24.472925
24.484375
24.500025
24.513700
24.525150
24.533875
24.544075
24.560950
24.578350
24.615250
24.670125
24.826400
24.891700
24.904325
24.914350
24.924300
24.932725
24.947400
24.961250
24.981325
25.011650
25.030775
25.052800
25.082425
25.270900
25.305625
25.326875
25.346025
25.362575
25.385525
25.430200
25.461500
25.481525
25.504025
25.520800
25.538075
25.565225
25.595100
25.622700
25.654100
25.698150
25.725225
25.749525
25.771100
25.792550
25.808825
25.822300
25.841950
25.864925
25.912400
25.953600
26.019150
26.039825
26.063325
26.085750
26.107775
26.129000
26.145500
26.164025
26.175500
26.187375
26.197125
26.213800
26.236625
26.264150
26.285575
26.303375
26.321900
26.342700
26.361450
26.377200
26.402125
26.427375
26.452675
26.485450
26.514100
26.573750
26.603925
26.616600
26.626600
26.641425
26.654850
26.666775
26.680150
26.693100
26.705375
26.718300
26.727225
26.737625
26.749525
26.766750
26.782575
26.804575
26.828900
26.864050
26.883200
26.906475
26.981425
27.100975
27.161100
27.171375
27.178825
27.186275
27.191150
27.194100
27.200050
27.204575
27.208250
27.214375
27.218950
27.223000
27.229275
27.234500
27.238975
27.244800
27.248600
27.254950
27.262375
27.267750
27.274375
27.280150
27.286975
27.292775
27.298925
27.304850
27.313475
27.321300
27.328475
27.334775
27.342700
27.350400
27.360500
27.372750
27.382350
27.391350
27.403525
27.417525
27.438700
27.454750
27.474750
27.499200
27.537925
27.607500
27.714275
27.723875
27.728650
27.732400
27.737100
27.743100
27.752225
27.760900
27.768150
27.774225
27.779825
27.786250
27.791300
27.796225
27.803575
27.809200
27.815675
27.825050
27.840825
27.852075
27.862375
27.871075
27.879200
27.885975
27.892100
27.899900
27.906075
27.916925
27.925750
27.932200
27.937975
27.947925
27.956825
27.963550
27.970975
27.979525
27.989025
27.996350
28.006025
28.013625
28.021050
28.030625
28.047425
28.063350
28.080425
28.101775
28.135325
28.153900
28.204550
28.252525
28.346925
28.389475
28.398475
28.407500
28.412325
28.417825
28.423100
28.426500
28.434275
28.438125
28.443125
28.446250
28.449675
28.455875
28.464275
28.468775
28.476050
28.482675
28.490300
28.499175
28.507900
28.515400
28.526350
28.538525
28.548700
28.561300
28.575375
28.590075
28.619875
28.650300
28.670900
28.701700
28.735975
28.870000
28.916275
28.930250
28.939750
28.945625
28.950725
28.956950
28.963475
28.970850
28.983725
28.997450
29.035025
29.122800
29.155650
29.162975
29.169400
29.172250
29.175350
29.179750
29.182925
29.186325
29.189575
29.193425
29.196500
29.200075
29.205800
29.211475
29.216975
29.222325
29.229175
29.236425
29.247875
29.255500
29.261475
29.271550
29.283650
29.294725
29.315650
29.335200
29.354200
29.369075
29.382550
29.401700
29.416775
29.436775
29.469275
29.549400
29.634700
29.681475
29.725875
29.744000
29.754625
29.761775
29.767250
29.771850
29.777775
29.783075
29.789125
29.797275
29.805275
29.819300
29.835225
29.849575
29.870900
29.898175
29.940025
