0.003825
0.116475
0.123950
0.174525
0.194800
0.206825
0.236775
0.244750
0.295100
0.311300
0.331175
0.359850
0.394200
0.441300
0.524525
0.537125
0.541300
0.545575
0.547325
0.549225
0.559250
0.563025
0.569950
0.592875
0.607250
0.612775
0.636725
0.647775
0.685650
0.697525
0.701500
0.710525
0.714750
0.730150
0.776575
0.781975
0.787900
0.802975
0.830250
0.847700
0.856425
0.871400
0.927875
0.998100
1.051525
1.115100
1.142375
1.176150
1.182375
1.192900
1.203775
1.217750
1.231375
1.264800
1.279650
1.296825
1.491225
1.554350
1.569800
1.576725
1.581425
1.585450
1.592200
1.604800
1.609175
1.618700
1.624025
1.629050
1.644800
1.774950
1.868175
1.932100
1.990775
2.018400
2.035425
2.050275
2.061175
2.070450
2.087650
2.107525
2.121025
2.141725
2.174075
2.198100
2.326975
2.370075
2.395925
2.414450
2.422050
2.428225
2.438050
2.442950
2.460450
2.477925
2.483425
2.491000
2.502400
2.508425
2.513725
2.520025
2.537875
2.545475
2.552275
2.559125
2.578000
2.588875
2.624100
2.636900
2.655250
2.708025
2.790000
2.929950
2.998800
3.015225
3.048375
3.062900
3.072950
3.086900
3.102500
3.134200
3.159200
3.183925
3.240650
3.271150
3.308775
3.354475
3.392900
3.434050
3.474450
3.519425
3.563450
3.626400
3.683800
3.766600
3.836550
3.867775
3.908100
3.947075
3.998100
4.088550
4.107875
4.135875
4.161500
4.195175
4.225675
4.280875
4.360850
4.412450
4.482425
4.520225
4.541900
4.558600
4.570075
4.580300
4.588375
4.613125
4.618975
4.623825
4.640250
4.645675
4.660375
4.671175
4.682925
4.688475
4.719200
4.732100
4.736475
4.741125
4.750750
4.759950
4.765775
4.774725
4.780125
4.790525
4.797000
4.802125
4.815600
4.827050
4.832750
4.838275
4.843925
4.850275
4.856525
4.862675
4.883125
4.895950
4.929050
5.068475
5.103200
5.132775
5.141450
5.151825
5.180925
5.185200
5.190075
5.212275
5.251675
5.278950
5.299675
5.329900
5.346975
5.373300
5.458600
5.566600
5.592575
5.617700
5.644575
5.655575
5.667200
5.691050
5.704725
5.710825
5.717125
5.730450
5.738025
5.781975
5.809050
5.821475
5.846425
5.923375
5.972425
6.087775
6.120900
6.160350
6.215800
6.245200
6.258450
6.268650
6.294575
6.349425
6.369025
6.373625
6.463600
6.565550
6.602775
6.622725
6.632125
6.651650
6.770850
6.783100
6.794800
6.803325
6.832700
6.851750
6.861675
6.872700
6.889675
6.956200
6.990725
7.025525
7.042775
7.052675
7.060000
7.068525
7.083900
7.109275
7.143250
7.190675
7.327225
7.362050
7.399850
7.434325
7.471650
7.579025
7.606850
7.624500
7.634900
7.640550
7.651700
7.658025
7.671000
7.685775
7.693875
7.717775
7.740000
7.748350
7.775425
7.782750
7.790800
7.803475
7.829350
7.851325
7.863475
7.898150
7.907725
7.915100
7.925200
7.936850
7.964075
7.999500
8.024000
8.033050
8.048900
8.058075
8.071350
8.082050
8.106100
8.118175
8.143550
8.168075
8.208475
8.227125
8.271975
8.287700
8.300950
8.311925
8.320075
8.326700
8.341425
8.367000
8.373200
8.384475
8.405075
8.414400
8.420300
8.423875
8.428050
8.453000
8.477600
8.483600
8.500650
8.540900
8.548275
8.564075
8.569575
8.596375
8.608575
8.614100
8.630875
8.648225
8.813550
8.833175
8.867925
8.875975
8.897100
8.907750
8.914425
8.938400
8.968950
9.005600
9.116150
9.150750
9.169250
9.174850
9.181650
9.186450
9.191925
9.197450
9.208900
9.215350
9.222125
9.227825
9.233900
9.240400
9.247175
9.272750
9.281000
9.308475
9.317300
9.329025
9.342575
9.358000
9.402825
9.428550
9.479600
9.581275
9.633025
9.673250
9.699975
9.714050
9.731700
9.736600
9.750325
9.754975
9.759150
9.767425
9.795000
9.812825
9.817600
9.829825
9.841950
9.850800
9.859100
9.868150
9.872700
9.876900
9.881000
9.890050
9.902300
9.908375
10.125525
10.154125
10.185275
10.218725
10.222700
10.225925
10.234000
10.241700
10.246025
10.259100
10.267675
10.272350
10.281625
10.295575
10.306075
10.333400
10.343125
10.364775
10.372750
10.381875
10.387500
10.393800
10.409225
10.430850
10.511050
10.657600
10.742850
10.755125
10.765150
10.773425
10.785300
10.811225
10.816275
10.825575
10.831525
10.863900
10.884600
10.954625
11.038600
11.102975
11.238225
11.256350
11.268575
11.273225
11.283050
11.302950
11.319450
11.337675
11.357875
11.366850
11.371525
11.381225
11.394175
11.411425
11.420200
11.429500
11.437075
11.443775
11.473800
11.487450
11.503225
11.543400
11.621350
11.744500
11.751100
11.756900
11.762250
11.766500
11.771550
11.776225
11.793300
11.800200
11.819625
11.985000
12.012550
12.030575
12.042025
12.053325
12.062125
12.071425
12.090825
12.096975
12.102350
12.108125
12.113425
12.118850
12.132575
12.136500
12.140025
12.143650
12.153575
12.167025
12.184800
12.188050
12.192050
12.198875
12.211675
12.219075
12.226900
12.231600
12.239750
12.243825
12.248100
12.252625
12.260625
12.265625
12.270225
12.274375
12.295075
12.323525
12.580850
12.617725
12.631650
12.645250
12.660800
12.677175
12.694450
12.712400
12.770450
12.780625
12.791275
12.805725
12.821150
12.836025
12.877025
12.885075
12.892625
12.899750
12.913375
12.919675
12.948075
12.954400
12.975675
12.981350
13.018300
13.038350
13.048075
13.053300
13.057025
13.064650
13.072025
13.098525
13.111225
13.118050
13.125300
13.146500
13.158250
13.224925
13.324525
13.409200
13.426325
13.431375
13.455075
13.467000
13.490600
13.506400
13.516300
13.522825
13.542600
13.549975
13.558200
13.565075
13.573250
13.608725
13.631750
13.704525
13.745875
13.795925
13.865425
13.875325
13.879325
13.888000
13.892850
13.897000
13.912025
13.917225
13.929825
13.941125
13.947075
13.959100
13.964125
13.971400
13.977500
13.983125
13.999675
14.011550
14.016850
14.021350
14.033425
14.041675
14.053700
14.067900
14.077275
14.108850
14.195175
14.260375
14.330825
14.416200
14.427075
14.439350
14.448625
14.456650
14.478350
14.505300
14.515450
14.522025
14.528725
14.535600
14.543950
14.618000
14.621725
14.625400
14.630500
14.633800
14.647950
14.653800
14.659550
14.683950
14.686825
14.690150
14.696975
14.711000
14.723650
14.734500
14.738875
14.743325
14.746850
14.751325
14.772775
14.777725
14.782475
14.798350
14.849825
14.857800
14.893450
14.902450
14.921025
14.969875
15.013350
15.172000
15.227750
15.247300
15.261250
15.270800
15.277625
15.283750
15.289925
15.299925
15.304975
15.324000
15.328325
15.336375
15.344750
15.350500
15.372300
15.388150
15.402750
15.421525
15.426225
15.430225
15.450225
15.457950
15.468000
15.474075
15.483400
15.488550
15.498000
15.506550
15.514725
15.524000
15.529450
15.540025
15.545475
15.550275
15.581900
15.640850
15.760275
15.831625
15.860350
15.867275
15.877875
15.896200
15.905550
15.915500
15.926150
15.972175
15.984450
15.990975
16.014450
16.028725
16.038500
16.056125
16.069100
16.144525
16.264950
16.403475
16.410900
16.414775
16.425625
16.429500
16.475225
16.481325
16.487425
16.502375
16.507650
16.548950
16.578500
16.598225
16.608900
16.832750
16.848125
16.851900
16.860300
16.864325
16.887100
16.896500
16.907000
16.912850
16.961625
17.035400
17.065050
17.120650
17.136800
17.170275
17.281175
17.313450
17.429350
17.511175
17.527300
17.531000
17.546825
17.570375
17.575000
17.579925
17.584600
17.603575
17.609325
17.649875
17.654625
17.660075
17.666250
17.685500
17.692275
17.723225
17.778325
17.811500
17.925350
17.992425
18.026850
18.039150
18.070525
18.075150
18.080425
18.084900
18.090550
18.094675
18.104925
18.115425
18.160025
18.170825
18.225075
18.262175
18.308675
18.365125
18.404825
18.468775
18.490725
18.500575
18.506125
18.512150
18.517975
18.522350
18.529375
18.536000
18.545450
18.549425
18.563400
18.569025
18.573900
18.578850
18.614250
18.623700
18.647850
18.661600
18.675700
18.740200
18.875900
19.002725
19.029325
19.047150
19.079400
19.101850
19.120775
19.126625
19.178975
19.185875
19.353325
19.363275
19.376800
19.385325
19.388875
19.393275
19.401025
19.405100
19.418925
19.429825
19.435475
19.475725
19.482975
19.498825
19.511625
19.518450
19.526400
19.543825
19.628850
19.649375
19.853850
19.883950
19.904400
19.931500
19.950425
19.964725
19.976925
19.998825
20.018425
20.028775
20.037500
20.049050
20.145725
20.176425
20.283350
20.365000
20.400150
20.415400
20.427700
20.441975
20.466075
20.493950
20.532125
20.549750
20.560275
20.566200
20.567500
20.603975
20.619025
20.623175
20.627275
20.632050
20.650025
20.661925
20.667150
20.671900
20.707950
20.730775
20.746475
20.787225
20.797025
20.820525
20.830650
20.838775
20.850275
20.878850
20.927975
21.006800
21.043100
21.081975
21.113575
21.154050
21.160675
21.165625
21.170525
21.175875
21.189350
21.194750
21.211050
21.221075
21.235550
21.240725
21.247250
21.254050
21.277225
21.287125
21.297500
21.357375
21.378975
21.430550
21.494500
21.523850
21.552950
21.555275
21.565675
21.582400
21.597275
21.601875
21.610225
21.613925
21.617475
21.624200
21.630650
21.639800
21.643425
21.650075
21.653925
21.662500
21.666025
21.678550
21.682025
21.690750
21.720150
21.731500
21.741325
21.744725
21.756450
21.768775
21.779825
21.784575
21.790675
21.795725
21.814900
21.894700
22.005950
22.121550
22.179825
22.222175
22.242250
22.306075
22.320150
22.351725
22.561500
22.659650
22.701375
22.716650
22.746700
22.799425
22.896825
23.013825
23.045725
23.070325
23.090850
23.129650
23.145825
23.151550
23.163025
23.174850
23.185600
23.192000
23.206975
23.225350
23.245375
23.271275
23.282175
23.292550
23.305675
23.326075
23.474475
23.574575
23.588550
23.598050
23.620225
23.624125
23.635050
23.640125
23.652975
23.658250
23.674125
23.696850
23.701900
23.708625
23.716100
23.723650
23.729975
23.745300
23.764675
23.776775
23.786525
23.792325
23.798450
23.809525
23.814525
23.819000
23.823475
23.828275
23.837425
23.861775
23.874300
23.877750
23.881700
23.885000
23.888700
23.896000
23.899925
23.903475
23.913675
23.917400
23.920925
23.924675
23.936250
23.939450
23.949325
23.959175
23.966600
23.973675
23.977775
23.981175
23.985500
23.998225
24.005325
24.009525
24.014375
24.019725
24.031575
24.050525
24.063525
24.071725
24.081600
24.091175
24.099600
24.112875
24.162750
24.231200
24.321450
24.407725
24.416100
24.419825
24.423525
24.448575
24.452950
24.470075
24.474250
24.486250
24.489775
24.497225
24.501800
24.505750
24.509600
24.513950
24.536100
24.540600
24.559300
24.565300
24.576825
24.590325
24.606025
24.614325
24.639400
24.878000
24.926800
24.964575
24.981325
24.994300
25.006050
25.013950
25.030450
25.042275
25.062800
25.078850
25.086325
25.092650
25.150450
25.173475
25.188950
25.202975
25.238125
25.375900
25.403550
25.449550
25.456575
25.461075
25.464375
25.489875
25.493675
25.498050
25.502150
25.506625
25.511375
25.518575
25.538775
25.542500
25.549775
25.553325
25.569650
25.577200
25.604050
25.620625
25.624775
25.629125
25.632900
25.640450
25.651925
25.655650
25.659750
25.672625
25.690200
25.711625
25.725225
25.746750
25.762450
25.765800
25.776350
25.783625
25.799150
25.850525
25.867650
25.871325
25.907775
25.944750
25.950275
25.966575
25.992700
26.018400
26.035850
26.058700
26.063675
26.070425
26.078125
26.086600
26.131875
26.159350
26.181025
26.201125
26.211100
26.236350
26.340200
26.484300
26.536900
26.546825
26.552825
26.566225
26.584200
26.588750
26.597975
26.607675
26.613350
26.623125
26.641475
26.647100
26.675650
26.684950
26.708625
26.748975
26.857750
26.978450
27.007475
27.022350
27.026450
27.030850
27.039025
27.048150
27.057725
27.074425
27.079200
27.084350
27.089900
27.095575
27.119550
27.126350
27.436625
27.484625
27.587875
27.598675
27.605950
27.640200
27.648950
27.681750
27.699225
27.788200
27.916675
27.965225
28.011475
28.025300
28.054025
28.057600
28.069700
28.074850
28.086125
28.098225
28.113800
28.123125
28.164425
28.265200
28.336500
28.364275
28.385200
28.401100
28.447475
28.461425
28.473875
28.481975
28.491350
28.499175
28.512900
28.518925
28.524100
28.530125
28.542850
28.550975
28.557000
28.583575
28.619275
28.638975
28.709625
28.751950
28.789700
28.830075
28.963050
29.012025
29.022700
29.029825
29.040775
29.045250
29.065125
29.084225
29.103950
29.110975
29.122400
29.143175
29.148000
29.152750
29.165075
29.195850
29.205300
29.210700
29.230450
29.235525
29.246225
29.279800
29.292550
29.312175
29.340925
29.378775
29.552350
29.586925
29.621175
29.651425
29.660375
29.668475
29.672200
29.675825
29.680775
29.686850
29.691500
29.711350
29.722025
29.728275
29.766150
29.771850
29.796200
29.861200
29.870825
29.903100
29.921250
