0.053725
0.084950
0.151150
0.165200
0.180025
0.202725
0.212425
0.228150
0.246325
0.269800
0.293300
0.312850
0.342000
0.365175
0.387525
0.411000
0.428575
0.437100
0.446500
0.462550
0.478775
0.506300
0.528050
0.547250
0.581950
0.631775
0.656750
0.704800
0.731850
0.760750
0.791825
0.810775
0.844575
0.866325
0.888550
0.909200
0.944725
1.002125
1.057650
1.095125
1.112100
1.155125
1.172625
1.196625
1.226150
1.243575
1.273250
1.295400
1.313875
1.333175
1.358975
1.373900
1.392800
1.428975
1.470750
1.534025
1.592875
1.616125
1.663575
1.687150
1.710075
1.732450
1.759450
1.778725
1.817150
1.853725
1.895050
1.958400
2.033650
2.047900
2.062525
2.088475
2.125700
2.141550
2.160550
2.175400
2.194500
2.217800
2.239675
2.292025
2.370400
2.463600
2.481775
2.509425
2.527825
2.550875
2.574375
2.600175
2.636025
2.684075
2.745900
2.774425
2.811200
2.833900
2.861650
2.887625
2.912950
2.928125
2.959075
2.984550
3.023250
3.081700
3.113350
3.156900
3.171100
3.183100
3.198725
3.236550
3.268275
3.306550
3.354600
3.396275
3.442625
3.483800
3.505925
3.535525
3.559600
3.578250
3.593400
3.617450
3.642925
3.662575
3.682450
3.714675
3.732425
3.769125
3.810550
3.853425
3.886525
3.924100
4.024125
4.041825
4.073025
4.109650
4.130275
4.151650
4.290275
4.317150
4.334200
4.351750
4.379850
4.407275
4.422775
4.437650
4.458075
4.471375
4.489725
4.507600
4.541600
4.555850
4.618850
4.642675
4.672325
4.688650
4.718750
4.744850
4.767900
4.797225
4.837925
4.868975
4.901950
4.951225
4.966400
4.991675
5.013500
5.040350
5.072900
5.096675
5.119725
5.141700
5.161350
5.193400
5.216825
5.247950
5.279575
5.321400
5.344225
5.368650
5.384450
5.420325
5.442225
5.477400
5.509725
5.525850
5.544650
5.560650
5.612975
5.637975
5.666025
5.714125
5.765175
5.805325
5.867975
5.903475
5.928950
5.969325
5.993425
6.010375
6.022575
6.031525
6.045500
6.077800
6.109050
6.140825
6.275125
6.301800
6.318950
6.337350
6.357850
6.382975
6.409725
6.422225
6.448275
6.495975
6.534975
6.612025
6.641250
6.695575
6.713675
6.741975
6.763250
6.784100
6.808975
6.829025
6.871875
6.891950
6.908550
6.924200
7.030000
7.105575
7.220050
7.246200
7.265100
7.283825
7.308775
7.326150
7.355725
7.381375
7.397400
7.420775
7.445225
7.467375
7.527425
7.562550
7.607975
7.636150
7.687750
7.768650
7.801750
7.814575
7.829100
7.843100
7.866375
7.900975
7.935800
7.998000
8.018600
8.041300
8.063250
8.106100
8.138425
8.166250
8.191150
8.220550
8.239375
8.253025
8.268950
8.301325
8.383250
8.429625
8.459800
8.477600
8.498400
8.521275
8.573200
8.601650
8.644550
8.662450
8.689150
8.713175
8.744150
8.768850
8.786675
8.801975
8.827250
8.915700
9.000950
9.046400
9.066150
9.099275
9.122525
9.159575
9.189725
9.211675
9.243525
9.260450
9.284975
9.350200
9.378275
9.421025
9.438075
9.479575
9.518250
9.553025
9.579475
9.616100
9.640875
9.666350
9.690200
9.723025
9.784500
9.837975
9.917050
9.942200
9.963575
9.991000
10.021400
10.049225
10.068500
10.096350
10.126875
10.171025
10.223300
10.260500
10.290075
10.318550
10.337150
10.363325
10.391300
10.412800
10.437850
10.460300
10.484275
10.518050
10.572500
10.616050
10.641575
10.666475
10.714375
10.749200
10.765650
10.793250
10.808625
10.815600
10.844175
10.874500
10.931500
10.972175
11.008000
11.094975
11.135275
11.164450
11.185425
11.209725
11.233375
11.258075
11.288275
11.316025
11.351625
11.412000
11.430925
11.459225
11.548125
11.603175
11.632600
11.746175
11.772550
11.789500
11.815225
11.841375
11.863900
11.905050
11.924375
11.995200
12.032000
12.076175
12.107725
12.151350
12.177875
12.204825
12.239425
12.254325
12.270825
12.290875
12.344650
12.367700
12.381475
12.425925
12.446950
12.494700
12.534375
12.568100
12.589800
12.666900
12.698625
12.725700
12.792525
12.836675
12.860950
12.902025
12.945625
12.989325
13.006425
13.037300
13.129550
13.145350
13.186000
13.216175
13.251375
13.274350
13.299850
13.347650
13.366250
13.382000
13.423225
13.463775
13.481750
13.502050
13.561900
13.587025
13.657350
13.678950
13.704550
13.728300
13.780800
13.806450
13.830975
13.860425
13.883725
13.913100
13.936750
13.963500
13.983800
14.016250
14.069275
14.132750
14.162600
14.182700
14.222150
14.263325
14.301725
14.327075
14.363125
14.382500
14.402250
14.461425
14.514725
14.529000
14.568250
14.608050
14.658200
14.700575
14.719975
14.742825
14.762125
14.788050
14.813275
14.851925
14.885525
14.914125
14.984850
15.036800
15.109400
15.138400
15.161075
15.201125
15.232100
15.263075
15.281150
15.296500
15.319325
15.343675
15.358750
15.382675
15.417375
15.448275
15.503975
15.540350
15.568750
15.603700
15.649950
15.672350
15.692450
15.703600
15.713275
15.723975
15.732575
15.744775
15.755600
15.789100
15.800400
15.820825
15.861150
15.878275
15.890350
15.951425
16.059025
16.074725
16.089950
16.104925
16.120350
16.207775
16.225875
16.241050
16.276950
16.297525
16.323975
16.337850
16.383450
16.401250
16.427525
16.457975
16.489400
16.506850
16.519175
16.530775
16.548950
16.571625
16.581600
16.601450
16.622800
16.653425
16.671575
16.686950
16.716450
16.764200
16.780725
16.799350
16.821650
16.850750
16.871175
16.910025
16.935550
16.952650
17.002825
17.078350
17.106950
17.135200
17.153825
17.174275
17.193575
17.221500
17.279050
17.321675
17.363900
17.425550
17.446275
17.463175
17.476000
17.572525
17.617100
17.644350
17.666525
17.698375
17.726550
17.753350
17.794925
17.833000
17.859850
17.907850
17.940100
17.970100
17.991850
18.018075
18.056825
18.086525
18.111975
18.137550
18.192725
18.259150
18.300000
18.341075
18.370575
18.400725
18.426550
18.450850
18.482175
18.508325
18.537975
18.575050
18.609825
18.640825
18.675450
18.710600
18.744075
18.806250
18.857025
18.879975
18.904025
18.926500
18.982125
19.018875
19.051800
19.101075
19.133225
19.159850
19.177650
19.221825
19.256425
19.294125
19.329475
19.364125
19.397350
19.434500
19.488825
19.561450
19.597675
19.673675
19.706225
19.727425
19.751250
19.777625
19.802150
19.820300
19.868975
19.887750
19.914975
19.944200
19.966200
19.994350
20.012125
20.051200
20.090125
20.110450
20.112450
20.148800
20.175150
20.197225
20.213475
20.255725
20.277900
20.308925
20.358350
20.395250
20.506675
20.539800
20.570225
20.590600
20.630450
20.651600
20.669975
20.689500
20.703075
20.723300
20.806125
20.833100
20.873275
20.918700
20.941900
20.964875
20.996950
21.025525
21.054575
21.092925
21.117950
21.137875
21.169750
21.215375
21.252425
21.277325
21.329150
21.353375
21.378150
21.400250
21.420925
21.462900
21.484725
21.538275
21.565625
21.681700
21.713550
21.769275
21.797100
21.817850
21.849100
21.868375
21.894400
21.915925
21.928675
21.956650
21.996425
22.062225
22.107800
22.173550
22.266025
22.296100
22.316800
22.358650
22.395575
22.438100
22.527925
22.579825
22.651025
22.710600
22.738825
22.771600
22.801225
22.824975
22.887775
22.961400
23.006125
23.038100
23.056725
23.070300
23.084725
23.104825
23.195825
23.212025
23.232850
23.251200
23.301625
23.316275
23.327600
23.346475
23.363075
23.411900
23.451725
23.524225
23.567175
23.591500
23.612800
23.625300
23.642250
23.660675
23.677200
23.721275
23.770700
23.792825
23.824125
23.868200
23.914650
23.949950
23.971450
23.989900
24.008250
24.027100
24.045600
24.082025
24.094450
24.128600
24.150650
24.176750
24.220000
24.288625
24.311600
24.352800
24.382225
24.401150
24.423550
24.446000
24.463300
24.487800
24.552050
24.600150
24.674050
24.709100
24.736975
24.798400
24.813225
24.845750
24.874900
24.894875
24.920025
24.946275
24.963550
25.034800
25.079200
25.156200
25.194375
25.227400
25.284975
25.330950
25.358150
25.377175
25.414625
25.427800
25.444150
25.471625
25.493975
25.516100
25.536275
25.552650
25.570225
25.611075
25.629625
25.641875
25.657550
25.684850
25.712100
25.733300
25.812725
25.836750
25.857550
25.922175
25.946525
25.984725
26.024625
26.053400
26.089450
26.117575
26.140325
26.168725
26.194475
26.214700
26.235600
26.260675
26.296825
26.350950
26.384475
26.420650
26.498075
26.520825
26.556425
26.588725
26.617200
26.631200
26.650200
26.677200
26.702175
26.733100
26.788675
26.846125
26.878300
26.950075
26.979425
27.005025
27.025975
27.050775
27.075425
27.110300
27.135500
27.157400
27.189225
27.208575
27.231700
27.247900
27.272200
27.299100
27.331350
27.351550
27.368650
27.390700
27.408650
27.441550
27.472500
27.494925
27.514625
27.537000
27.585800
27.602550
27.626850
27.643400
27.688100
27.726125
27.746925
27.793275
27.812575
27.831875
27.876275
27.898975
27.928150
27.951450
27.970475
28.004650
28.024550
28.077700
28.112275
28.149550
28.188725
28.221575
28.245725
28.277150
28.311125
28.328375
28.363425
28.393700
28.439500
28.509575
28.562900
28.591075
28.610775
28.641075
28.664725
28.697950
28.732075
28.760475
28.784000
28.814375
28.883475
28.930500
28.968375
29.004800
29.040825
29.063850
29.090850
29.115775
29.141475
29.168350
29.205075
29.275025
29.314900
29.381050
29.439575
29.468875
29.484850
29.525275
29.563975
29.593600
29.622950
29.663250
29.693375
29.727400
29.807525
29.854800
29.893375
29.930275
29.967075
