0.011150
0.330425
0.389200
0.434225
0.460625
0.509125
0.955300
1.277900
1.331325
1.654325
1.697875
2.092950
2.134400
2.973025
3.350925
3.382475
3.773525
4.292675
4.343100
5.993075
6.044850
6.065025
6.092950
6.411500
6.432925
6.461900
6.499750
6.809650
6.892200
7.221900
7.929450
7.973950
8.025500
8.072700
9.100350
9.459900
9.951125
10.050975
10.436400
10.671850
10.793450
10.881875
11.123425
11.153000
11.218675
11.243400
11.282325
11.466100
11.506550
11.562400
12.805775
13.201700
14.044300
14.586175
14.661700
15.226525
15.266400
15.300975
15.341250
15.400825
15.735675
15.780850
16.183125
16.247300
16.549175
17.235875
17.600775
18.050675
18.078675
18.111500
18.435200
20.009925
20.052450
20.091900
20.590650
20.891225
21.524900
21.572600
21.598175
21.687075
22.369425
23.699750
24.288575
24.580775
24.634125
25.090425
25.144550
25.195075
25.566775
25.651600
25.699075
25.715550
25.745250
26.072425
26.176175
26.254600
26.320625
26.408175
26.605850
26.639225
26.698975
26.714700
26.740875
26.757125
26.774600
26.820250
27.286375
27.481625
27.507100
27.917700
27.976275
28.028250
28.359875
28.413350
28.446225
29.118425
29.237475
29.600025
29.638625
