0.030025
0.052625
0.067750
0.115075
0.251650
0.434500
0.473000
0.487700
0.503675
0.532100
0.581300
0.624825
0.650600
0.691425
0.737875
0.828100
0.864550
0.985850
1.032450
1.067825
1.087775
1.275600
1.301350
1.320100
1.420775
1.446700
1.791925
1.817250
1.881650
1.903825
1.929825
1.960450
1.992550
2.088350
2.144150
2.201575
2.257800
2.297775
2.324525
2.344375
2.360100
2.383950
2.482600
2.610600
2.743500
2.762800
2.785875
2.821500
2.954400
3.171725
3.187500
3.230000
3.259300
3.281650
3.559300
3.577775
3.620600
3.634725
3.660025
3.714200
4.039500
4.067225
4.137500
4.244575
4.279725
4.322175
4.396225
4.491400
4.554425
4.578225
4.724575
4.791150
4.819525
4.892000
4.945600
5.014725
5.041800
5.087450
5.149800
5.190425
5.318650
5.420725
5.452575
5.473375
5.578200
5.649900
5.691125
5.758850
5.787100
5.837575
5.869150
5.881625
5.931275
5.996525
6.022425
6.037850
6.157525
6.329575
6.490575
6.546375
6.578600
6.603075
6.740850
6.921725
7.032975
7.051050
7.098850
7.126450
7.299125
7.444750
7.519275
7.565775
7.628375
7.659525
7.690025
7.716175
7.743125
7.782650
7.829300
7.857000
8.047325
8.106475
8.228775
8.271950
8.358700
8.498500
8.547225
8.561575
8.578775
8.735825
8.821125
8.899725
8.983725
9.002225
9.033000
9.316175
9.354375
9.408350
9.424700
9.472075
9.687200
9.814025
9.859225
9.882525
9.966575
10.150875
10.299925
10.468025
10.525350
10.546900
10.567875
10.599375
10.631650
10.917525
10.943100
10.969700
11.004075
11.060650
11.216875
11.301800
11.369025
11.549025
11.626925
11.827075
11.917100
11.977475
12.074725
12.109675
12.152750
12.193475
12.495275
12.516950
12.579050
12.625975
12.749075
12.892800
12.950725
12.983150
13.064650
13.093500
13.118925
13.168725
13.193400
13.313975
13.363925
13.401600
13.431800
13.758775
13.836925
13.917075
13.996450
14.158725
14.431125
14.514375
14.615225
14.634350
14.667925
14.917125
14.996425
15.086375
15.309725
15.339950
15.579975
15.678175
15.697075
15.723700
15.779000
15.797400
15.821250
15.846650
15.911325
15.977250
16.218800
16.250400
16.295550
16.350625
16.418150
16.662375
16.672025
16.712450
16.791975
16.880850
16.927950
16.958400
16.984225
17.025675
17.098200
17.167050
17.401575
17.420075
17.512525
17.601125
17.765350
17.811000
17.842525
17.913475
18.147625
18.157725
18.171550
18.224450
18.238775
18.312825
18.550225
18.562075
18.642500
18.771075
18.858600
18.869425
18.878625
18.905450
18.943350
18.960550
19.044575
19.109525
19.285600
19.303675
19.344525
19.357650
19.373300
19.386975
19.403700
19.439050
19.488650
19.501850
19.724800
19.771625
19.780250
19.794925
19.856675
19.902700
19.946425
19.982975
20.009300
20.109875
20.169350
20.199700
20.264050
20.456350
20.557725
20.615725
20.647475
20.663925
20.680375
20.695000
20.775500
20.801100
20.839575
20.874625
20.998350
21.112000
21.303200
21.330900
21.352600
21.431275
21.665350
21.740175
21.746050
21.810875
21.823275
21.848400
21.958950
22.167525
22.185525
22.209800
22.254150
22.275400
22.301600
22.320950
22.381375
22.469275
22.518850
22.682925
22.697150
22.787075
22.814925
22.837075
22.888050
22.985350
23.079350
23.101800
23.114075
23.125825
23.160350
23.191850
23.198600
23.208975
23.222675
23.594875
23.705300
23.979100
24.049375
24.333500
24.354950
24.368800
24.402575
24.450450
24.710225
24.768625
24.820250
24.930050
25.062450
25.103050
25.198250
25.254800
25.382425
25.470150
25.503525
25.530500
25.698250
25.815950
25.893225
25.927575
26.021975
26.040300
26.140100
26.164850
26.279900
26.460125
26.554575
26.762075
26.876325
26.903450
26.929350
26.997025
27.129675
27.217350
27.228400
27.241200
27.262450
27.318325
27.328775
27.340575
27.350700
27.527275
27.595825
27.607725
27.659375
27.670050
27.698375
27.720375
27.730625
27.806900
27.907500
27.969925
28.118550
28.203425
28.250850
28.357850
28.541050
28.547700
28.561100
28.583775
28.631125
28.653800
28.755850
28.806450
28.915100
28.927875
29.140975
29.248575
29.277200
29.319400
29.336825
29.364575
29.377000
29.469800
29.492575
29.720275
29.743800
29.809600
29.834725
29.864075
29.878200
29.963000
29.992450
