0.016025
0.054950
0.160825
0.180975
0.256625
0.295700
0.315850
0.378100
0.422550
0.457900
0.513650
0.593275
0.618175
0.727125
0.754875
0.773425
0.786350
0.829775
0.835750
0.852050
0.886300
0.893425
0.919675
0.947300
0.979100
1.004050
1.060875
1.098900
1.154450
1.182575
1.198975
1.226725
1.244275
1.255600
1.343925
1.374150
1.390575
1.412050
1.463150
1.483725
1.495325
1.534625
1.551700
1.573175
1.604100
1.656050
1.703875
1.717400
1.740250
1.763375
1.789800
1.835900
1.865075
1.890300
1.926000
1.976750
1.983550
2.029200
2.072625
2.093525
2.105650
2.118775
2.136725
2.148275
2.165550
2.252375
2.280950
2.300975
2.339550
2.369575
2.397375
2.427150
2.459950
2.524425
2.534700
2.547050
2.560500
2.597200
2.614200
2.626275
2.642350
2.663150
2.683225
2.707375
2.770550
2.799500
2.823925
2.845125
2.856900
2.883275
2.912000
2.923750
2.977000
2.999700
3.052400
3.087000
3.159400
3.186450
3.217200
3.254750
3.271800
3.331800
3.358475
3.383600
3.409375
3.460125
3.521575
3.557400
3.587050
3.641500
3.685925
3.732225
3.762550
3.865225
3.893200
3.936325
3.977150
4.039575
4.059050
4.069425
4.078025
4.133675
4.154575
4.184750
4.210475
4.253575
4.320475
4.343275
4.352700
4.364200
4.383500
4.393525
4.410275
4.419100
4.443975
4.467700
4.491175
4.519175
4.547650
4.577000
4.723500
4.742250
4.759225
4.779550
4.793050
4.804650
4.824325
4.839575
4.874175
4.898000
4.933025
5.000850
5.024075
5.039350
5.059075
5.071100
5.085600
5.126500
5.153050
5.180875
5.202575
5.229175
5.268100
5.352350
5.372200
5.391000
5.435250
5.447150
5.471475
5.483575
5.508325
5.539375
5.551775
5.574725
5.594750
5.620275
5.708625
5.735950
5.769575
5.850625
5.872200
5.896075
5.922875
6.017650
6.031325
6.048525
6.069125
6.162375
6.201425
6.242900
6.360275
6.392175
6.431400
6.458900
6.482575
6.536225
6.570725
6.610450
6.650525
6.707050
6.738950
6.772200
6.837550
6.864250
6.877125
6.885600
6.894125
6.905175
6.920000
6.928425
6.940325
6.948075
6.954575
6.964850
6.979025
6.986375
7.009550
7.026100
7.036325
7.054100
7.236975
7.270675
7.336625
7.390500
7.450425
7.471775
7.504150
7.585150
7.599850
7.613950
7.638500
7.662250
7.684975
7.719425
7.793350
7.888800
7.918250
8.011275
8.100625
8.132150
8.165350
8.197850
8.232750
8.276600
8.351575
8.391250
8.409700
8.508400
8.524825
8.556800
8.582500
8.617975
8.655900
8.702200
8.734625
8.794950
8.805575
8.863475
8.913425
8.947975
8.974400
9.015200
9.149875
9.178850
9.212575
9.238775
9.269375
9.343550
9.403425
9.462700
9.495275
9.526875
9.549650
9.612800
9.637950
9.702275
9.715875
9.720650
9.737125
9.751125
9.766025
9.831450
9.897500
9.941375
9.973150
10.022175
10.087925
10.136750
10.152775
10.162250
10.170225
10.177075
10.184975
10.194950
10.197750
10.203775
10.228125
10.235175
10.243450
10.254650
10.274225
10.288625
10.311025
10.336675
10.366050
10.408225
10.453200
10.520100
10.544325
10.587550
10.658475
10.706650
10.720700
10.739600
10.753200
10.769500
10.787475
10.810750
10.824675
10.838800
10.877500
10.929950
10.982275
11.013275
11.035025
11.070975
11.099000
11.133700
11.164050
11.195525
11.205900
11.225300
11.233175
11.240225
11.250100
11.274725
11.285675
11.289975
11.299900
11.314525
11.331400
11.387225
11.413650
11.456275
11.500450
11.577500
11.601250
11.622325
11.635150
11.653475
11.679150
11.710875
11.845475
11.878200
11.915625
11.943500
11.989200
12.036725
12.050000
12.076325
12.100050
12.113525
12.134625
12.181975
12.226575
12.240500
12.261625
12.293925
12.341925
12.388350
12.434975
12.530600
12.550850
12.583150
12.610025
12.724800
12.754075
12.777900
12.814075
12.835125
12.891375
12.911725
12.929900
13.006825
13.088400
13.141450
13.157700
13.172950
13.193875
13.201650
13.210825
13.219475
13.229475
13.242375
13.255975
13.320350
13.344150
13.384750
13.429650
13.434975
13.468850
13.481175
13.501125
13.509375
13.529675
13.543425
13.565325
13.594775
13.623675
13.654425
13.686350
13.758925
13.798300
13.841475
13.943500
13.984475
14.015875
14.046500
14.074875
14.174475
14.194625
14.216500
14.264350
14.284050
14.316875
14.362400
14.387875
14.409575
14.450250
14.489800
14.512850
14.541750
14.629775
14.718450
14.756925
14.775525
14.793775
14.846650
14.876625
14.950375
14.969325
15.011475
15.069050
15.125850
15.148150
15.165375
15.183300
15.192500
15.218475
15.251825
15.278825
15.336025
15.373525
15.401925
15.439300
15.464400
15.487175
15.519875
15.538975
15.577525
15.598700
15.629050
15.657150
15.684900
15.724300
15.740750
15.811125
15.838675
15.861050
15.887925
15.938325
15.961350
15.991775
16.047775
16.081075
16.107700
16.135300
16.154900
16.183075
16.209000
16.226700
16.256675
16.296725
16.303600
16.323175
16.368475
16.383500
16.401850
16.408025
16.477700
16.496400
16.513575
16.525350
16.548500
16.591150
16.708075
16.737025
16.755375
16.787300
16.823025
16.890150
16.909425
16.925325
16.938475
16.967850
16.977450
16.992775
17.001025
17.025675
17.033625
17.041525
17.050075
17.053900
17.065050
17.075150
17.108825
17.137650
17.171275
17.257100
17.284025
17.319600
17.351875
17.381500
17.416200
17.426700
17.439750
17.470875
17.492175
17.504975
17.553350
17.570800
17.656550
17.702350
17.733125
17.760875
17.847350
17.878450
17.891850
17.910950
17.929125
17.953175
17.964925
17.982350
18.022325
18.040500
18.068050
18.076500
18.089925
18.103900
18.125875
18.139250
18.153400
18.170750
18.213525
18.225250
18.264675
18.289675
18.325275
18.366775
18.419525
18.451075
18.477575
18.510425
18.539875
18.572900
18.598750
18.632950
18.690725
18.714725
18.733050
18.759700
18.778825
18.814975
18.857175
18.875725
18.928575
18.958725
18.987250
19.011875
19.120025
19.145700
19.160150
19.173675
19.200825
19.209950
19.218950
19.231575
19.247575
19.261375
19.301000
19.342900
19.386250
19.468175
19.499250
19.519175
19.546950
19.668400
19.695800
19.727275
19.754750
19.772050
19.816725
19.844850
19.876750
19.939375
19.972225
20.051075
20.081325
20.099825
20.116725
20.152150
20.170950
20.181550
20.243900
20.306475
20.329350
20.389075
20.412075
20.450050
20.566225
20.596950
20.615050
20.643825
20.674550
20.697650
20.774575
20.805400
20.825350
20.859575
20.924175
20.940000
20.950150
20.957250
20.966900
20.975975
20.984550
20.994375
21.005100
21.009625
21.015775
21.022000
21.083450
21.155225
21.314850
21.338475
21.396450
21.423600
21.460425
21.545800
21.575925
21.595900
21.617575
21.629000
21.644500
21.700350
21.762950
21.786950
21.820200
21.851275
21.886450
21.905950
21.930625
21.942250
21.964475
21.974325
22.014500
22.041000
22.056950
22.075000
22.104500
22.160925
22.195175
22.237425
22.260450
22.275200
22.286825
22.297825
22.308925
22.337875
22.356200
22.396375
22.413750
22.515725
22.518250
22.530575
22.548600
22.566575
22.575875
22.584900
22.599625
22.640175
22.681775
22.713650
22.742150
22.769550
22.790200
22.811100
22.831175
22.847600
22.857350
22.904975
22.928050
22.954275
22.980025
23.005075
23.047325
23.081200
23.178200
23.197125
23.212700
23.222425
23.236475
23.255550
23.325100
23.361400
23.370425
23.400200
23.445725
23.541750
23.564275
23.599575
23.640700
23.670525
23.697650
23.701525
23.706800
23.712125
23.720275
23.734825
23.748350
23.768925
23.780275
23.814200
23.942600
23.954850
23.965625
23.986375
23.995300
24.005250
24.015200
24.030750
24.044675
24.054175
24.103900
24.130450
24.154575
24.185200
24.209300
24.238100
24.292925
24.326225
24.347050
24.404700
24.413600
24.437775
24.461775
24.485650
24.502150
24.520725
24.548700
24.577250
24.611175
24.635650
24.660525
24.688975
24.751750
24.781925
24.806475
24.831550
24.853875
24.881075
24.914050
24.960725
24.991825
25.059225
25.139600
25.153000
25.183750
25.205550
25.275725
25.334475
25.369625
25.401425
25.435300
25.497725
25.520875
25.558100
25.590425
25.656450
25.733150
25.800875
25.827725
25.892250
25.928900
25.948200
25.971850
25.991000
26.013575
26.070100
26.090025
26.111500
26.126175
26.157900
26.171325
26.219675
26.238400
26.289000
26.309950
26.363125
26.404350
26.437825
26.465600
26.496525
26.519225
26.539125
26.573475
26.583175
26.602475
26.635000
26.649800
26.660225
26.683050
26.694000
26.708025
26.728300
26.748025
26.800800
26.853475
26.886175
26.910100
26.944275
27.043950
27.146800
27.160875
27.174325
27.239075
27.262400
27.275350
27.319375
27.347100
27.414000
27.447100
27.493450
27.540775
27.577525
27.590650
27.599525
27.608775
27.622200
27.636750
27.655825
27.697900
27.754800
27.774650
27.821775
27.843975
27.869000
27.893725
27.913875
27.938900
27.978800
27.995450
28.024025
28.051125
28.173175
28.213325
28.270725
28.290675
28.316525
28.361625
28.393800
28.421475
28.512000
28.558275
28.584900
28.649525
28.710425
28.731450
28.798750
28.855400
28.876075
28.924300
28.950125
28.985475
29.005150
29.039300
29.166575
29.212175
29.237850
29.346600
29.371650
29.426775
29.452625
29.482900
29.528475
29.557375
29.573525
29.599750
29.617050
29.639150
29.693475
29.706650
29.729750
29.744200
29.789675
29.796225
29.862100
29.901850
29.931475
