0.017800
0.058900
0.099525
0.138450
0.198400
0.218975
0.256625
0.281425
0.303000
0.321075
0.335225
0.385700
0.401650
0.460600
0.482800
0.504500
0.517450
0.539050
0.594400
0.687500
0.721325
0.743150
0.755125
0.762500
0.780650
0.811900
0.844875
0.863350
0.906050
0.919550
0.977875
1.048450
1.107450
1.124200
1.142250
1.157925
1.225350
1.241700
1.253625
1.264225
1.277525
1.290800
1.308775
1.315450
1.344425
1.392425
1.429025
1.452450
1.545625
1.623125
1.669600
1.682925
1.696575
1.713250
1.727325
1.790075
1.803150
1.839650
1.913500
1.985975
2.076650
2.104125
2.131275
2.152850
2.167325
2.191050
2.209525
2.240975
2.267100
2.311375
2.338250
2.392500
2.417150
2.439700
2.456675
2.596675
2.664700
2.701850
2.710625
2.724050
2.740775
2.775675
2.785550
2.886575
2.923875
2.961600
3.047300
3.058700
3.079300
3.110825
3.174500
3.374500
3.418300
3.435500
3.740200
3.821175
3.848950
3.864025
3.929675
3.952775
3.978125
4.016725
4.053900
4.080225
4.091275
4.119775
4.171325
4.280950
4.381275
4.431450
4.487950
4.513925
4.551975
4.587825
4.644950
4.692200
4.728750
4.915525
4.932200
4.946950
4.959175
4.988625
5.002150
5.013975
5.031650
5.080925
5.129400
5.232700
5.283975
5.310925
5.353875
5.368525
5.385425
5.413750
5.424950
5.445375
5.469500
5.492400
5.537475
5.548975
5.598725
5.639225
5.665875
5.674725
5.721225
5.745575
5.793725
5.802625
5.817525
5.902375
5.913850
5.942100
5.975775
6.073500
6.106900
6.212800
6.359425
6.411025
6.425800
6.444950
6.471450
6.482975
6.496275
6.560425
6.574150
6.684350
6.701650
6.721875
6.738150
6.757700
6.806700
6.825450
6.830450
6.879500
7.076850
7.086875
7.125425
7.148650
7.182075
7.214325
7.238100
7.260950
7.326925
7.415250
7.456750
7.539600
7.568575
7.592900
7.615625
7.755475
7.818875
7.842650
7.896950
7.916975
7.952050
7.991300
8.080225
8.146975
8.178450
8.235125
8.257675
8.275350
8.289025
8.296425
8.311325
8.346550
8.373800
8.392500
8.435250
8.459475
8.520200
8.538350
8.551100
8.614400
8.631200
8.647400
8.667450
8.696775
8.707175
8.718175
8.743450
8.765925
8.788000
8.830750
8.933525
8.961500
8.999875
9.013200
9.047950
9.068400
9.102875
9.118900
9.128525
9.217325
9.279350
9.321300
9.389200
9.474225
9.486350
9.501575
9.541825
9.559050
9.612700
9.635050
9.664300
9.667950
9.711150
9.737800
9.768700
9.782325
9.802525
9.831725
9.881475
9.898900
9.968350
9.981375
10.027425
10.065600
10.186450
10.197675
10.222025
10.263775
10.282675
10.345475
10.531550
10.544125
10.564000
10.574750
10.688775
10.727825
10.840150
10.911525
10.949100
10.994825
11.024875
11.058900
11.104975
11.142925
11.229050
11.289300
11.343725
11.371575
11.409575
11.431325
11.451450
11.502350
11.513475
11.531150
11.569125
11.628325
11.629925
11.649050
11.674175
11.718600
11.736400
11.805925
11.887950
11.924325
11.939500
11.962325
11.985025
11.998350
12.014200
12.072325
12.109950
12.134150
12.222450
12.259900
12.308525
12.337325
12.361975
12.391700
12.406100
12.423750
12.453375
12.474225
12.519200
12.548425
12.597500
12.632625
12.648800
12.694550
12.719550
12.753650
12.791375
12.813625
12.869800
12.913675
12.946025
12.974225
12.992800
13.116000
13.151525
13.199900
13.246850
13.335725
13.351975
13.372975
13.396150
13.405200
13.468800
13.558850
13.578400
13.653400
13.679200
13.718850
13.748125
13.799875
13.836650
13.897225
13.935225
13.992350
14.016125
14.054025
14.131625
14.183325
14.364750
14.413750
14.503300
14.563100
14.614525
14.659050
14.717425
14.810400
14.832450
14.867875
14.900075
14.934225
15.096050
15.143075
15.220425
15.261075
15.456925
15.463450
15.472400
15.489775
15.512450
15.554025
15.570375
15.596500
15.619950
15.670075
15.709350
15.744075
15.790550
16.022375
16.042625
16.060475
16.076575
16.096825
16.108475
16.125025
16.143075
16.163050
16.180325
16.222975
16.259650
16.376450
16.429075
16.449250
16.485775
16.506400
16.526600
16.538325
16.555125
16.601425
16.633425
16.711475
16.785850
16.805800
16.822600
16.845200
16.859925
16.877125
16.912750
16.929275
17.144050
17.152925
17.163350
17.180875
17.189150
17.201475
17.218725
17.252625
17.269950
17.300075
17.341550
17.375750
17.408100
17.505075
17.696200
17.713550
17.731275
17.743100
17.761150
17.782475
17.823450
17.836925
17.850200
18.077450
18.093600
18.110750
18.126450
18.137550
18.153850
18.168200
18.271100
18.334575
18.369575
18.500325
18.625025
18.640475
18.656875
18.680575
18.700500
18.723700
18.741325
18.768825
18.803950
18.826475
18.878500
18.894350
18.911300
18.952650
18.995325
19.006875
19.026000
19.057825
19.277750
19.287725
19.299175
19.309575
19.367950
19.387225
19.409850
19.431850
19.447575
19.480925
19.520050
19.868800
19.878200
19.900175
19.909100
19.932250
19.949250
19.963625
19.976375
19.988825
20.025600
20.036800
20.083675
20.115000
20.145600
20.170475
20.202875
20.244825
20.274400
20.479550
20.493975
20.524125
20.542950
20.556850
20.623600
20.665400
20.705400
20.724300
20.775500
20.802500
20.844575
20.857675
20.871425
20.891675
20.956900
20.991725
21.010650
21.054100
21.087300
21.120225
21.137575
21.163750
21.193875
21.409075
21.427875
21.443700
21.468750
21.476250
21.489525
21.530800
21.601125
21.614850
21.715850
21.731750
21.774450
21.855725
21.865725
21.929275
21.960775
21.972850
22.012875
22.165200
22.180000
22.192825
22.198150
22.211525
22.269350
22.285125
22.343325
22.352350
22.394800
22.433325
22.537625
22.693775
22.702250
22.717625
22.747125
22.808450
22.826475
22.970075
23.140350
23.217700
23.282100
23.295600
23.310625
23.318850
23.328550
23.339250
23.357875
23.395200
23.418025
23.433700
23.485575
23.553325
23.722625
23.733150
23.744675
23.767650
23.779225
23.791675
23.825450
23.832950
23.951975
24.042025
24.052000
24.076525
24.088525
24.155375
24.170050
24.184875
24.263850
24.359650
24.373525
24.393575
24.412325
24.429175
24.508175
24.595375
24.611400
24.655525
24.674875
24.715200
24.752975
24.791875
24.842125
24.928575
24.962375
24.993375
25.063075
25.095475
25.119950
25.201575
25.282900
25.290275
25.301100
25.309325
25.335850
25.354000
25.368125
25.380575
25.413075
25.456675
25.486650
25.502050
25.548700
25.573875
25.589825
25.613600
25.637550
25.658300
25.700075
25.713400
25.740275
25.753925
25.769200
25.793600
25.824475
25.842325
25.884800
25.899600
25.911650
25.967300
25.990700
26.049150
26.064450
26.084425
26.104800
26.149275
26.171200
26.254650
26.275100
26.301650
26.336050
26.398900
26.432925
26.451625
26.469050
26.492900
26.512475
26.563375
26.606000
26.666975
26.691525
26.723925
26.740775
26.763125
26.780825
26.794175
26.819075
26.831575
26.843125
26.854475
26.933875
26.951325
26.970425
26.990050
27.006100
27.029850
27.064425
27.095350
27.130600
27.152950
27.169325
27.209325
27.255050
27.283425
27.301150
27.332575
27.351900
27.406975
27.477000
27.519250
27.580825
27.619725
27.645300
27.673100
27.698625
27.727275
27.756550
27.794575
27.823775
27.853925
27.882075
27.935650
27.959700
27.990600
28.032300
28.058150
28.094050
28.151775
28.188050
28.250125
28.280625
28.309350
28.364725
28.408075
28.601500
28.610675
28.617825
28.633700
28.649800
28.664100
28.702025
28.720425
28.768725
28.819550
28.901750
28.933050
28.954275
28.977550
28.990850
29.076425
29.121350
29.180175
29.362825
29.364225
29.384950
29.411875
29.450475
29.468100
29.520400
29.600775
29.625450
29.650425
29.666625
29.692475
29.738250
29.754050
29.803500
29.841975
29.857275
29.875950
29.897475
29.937625
29.954325
29.975300
