0.020850
0.036750
0.052950
0.080175
0.089050
0.108350
0.126050
0.139150
0.149475
0.169750
0.220875
0.234600
0.246700
0.275075
0.298100
0.309675
0.321150
0.338625
0.367900
0.416650
0.430375
0.445025
0.461075
0.507275
0.524250
0.539975
0.561600
0.641300
0.668800
0.697300
0.736100
0.755850
0.779925
0.793350
0.811250
0.825325
0.850250
0.896175
0.915050
0.928275
0.943500
0.955975
0.968250
0.980850
1.014650
1.057525
1.078775
1.117400
1.172450
1.222075
1.270325
1.299875
1.319950
1.346600
1.378525
1.395175
1.402975
1.409850
1.420200
1.428025
1.489200
1.508150
1.536675
1.543775
1.615400
1.631500
1.652550
1.711050
1.735125
1.757300
1.783000
1.807250
1.842675
1.854325
1.863975
1.873675
1.882075
1.890325
1.903250
1.914350
1.925000
1.937700
1.976575
1.990225
2.071925
2.113200
2.129700
2.164700
2.208300
2.232675
2.248025
2.278500
2.312525
2.346600
2.374625
2.400175
2.421575
2.453900
2.469300
2.484250
2.495075
2.508900
2.561525
2.579800
2.611025
2.622975
2.639200
2.656550
2.674875
2.694525
2.716500
2.736850
2.758675
2.773425
2.786375
2.795775
2.806350
2.814350
2.825075
2.833500
2.861600
2.872825
2.888725
2.906200
2.923125
2.956075
2.969250
2.993300
3.041700
3.062725
3.083500
3.113050
3.135250
3.147675
3.170925
3.181775
3.200100
3.213300
3.228675
3.244275
3.281000
3.290425
3.313850
3.365075
3.387600
3.408225
3.429575
3.446050
3.472725
3.500575
3.522150
3.568950
3.600225
3.617975
3.669275
3.691525
3.716950
3.741450
3.761875
3.768100
3.773000
3.777850
3.795675
3.801400
3.870750
3.884225
3.927850
3.941275
3.954975
3.969225
3.984875
4.033525
4.049575
4.067450
4.090525
4.116800
4.134900
4.150450
4.164475
4.179450
4.204675
4.215050
4.224425
4.232100
4.239475
4.268475
4.294475
4.307975
4.317275
4.379275
4.394500
4.437975
4.458925
4.507400
4.563300
4.578575
4.589425
4.594075
4.610950
4.625175
4.630150
4.644125
4.653200
4.711750
4.739250
4.752125
4.775150
4.788925
4.815975
4.850725
4.929000
4.941350
4.950450
4.957450
4.961950
4.973225
4.982225
5.006600
5.013950
5.025075
5.054300
5.066750
5.090725
5.103050
5.116975
5.135500
5.167175
5.183150
5.201125
5.212425
5.227425
5.244425
5.259150
5.280450
5.301125
5.321225
5.351775
5.363275
5.372400
5.382625
5.387325
5.406825
5.415800
5.501675
5.511950
5.527450
5.550675
5.604400
5.636575
5.654850
5.707550
5.746200
5.757700
5.775825
5.780875
5.785900
5.797750
5.854975
5.864400
5.873325
5.887550
5.925275
5.965125
5.979525
5.998675
6.013675
6.064275
6.083650
6.101050
6.124050
6.141525
6.159450
6.171325
6.181275
6.190250
6.197925
6.207225
6.249150
6.259475
6.269150
6.283850
6.327375
6.348375
6.361250
6.388800
6.407650
6.428725
6.448950
6.472175
6.516125
6.557325
6.581050
6.599400
6.625100
6.643700
6.665650
6.711525
6.734200
6.753800
6.799250
6.816700
6.857900
6.888300
6.906125
6.933350
6.950300
6.963100
6.991725
7.016200
7.024675
7.036625
7.052275
7.071875
7.106350
7.137050
7.147725
7.176225
7.249450
7.261700
7.288675
7.319825
7.348225
7.366075
7.384550
7.405400
7.427200
7.442975
7.457000
7.476175
7.492225
7.555925
7.586500
7.608925
7.666100
7.706175
7.750675
7.767625
7.785100
7.918675
7.973200
7.994775
8.047300
8.063450
8.078750
8.089900
8.102100
8.112850
8.131825
8.150400
8.167550
8.184750
8.194375
8.205375
8.216175
8.228000
8.262525
8.272850
8.319100
8.334575
8.375775
8.396850
8.415700
8.466500
8.514325
8.555500
8.572025
8.593375
8.608075
8.623650
8.635775
8.654825
8.690550
8.715425
8.735075
8.752575
8.777675
8.832050
8.850750
8.879775
8.894200
8.915050
8.956775
8.976675
8.994200
9.008475
9.021250
9.060825
9.076450
9.098525
9.113450
9.139175
9.162375
9.179300
9.198425
9.230050
9.252600
9.275850
9.292600
9.317225
9.337025
9.341875
9.347000
9.364150
9.376650
9.419675
9.456650
9.525775
9.537500
9.592325
9.639250
9.689175
9.705250
9.720225
9.735175
9.767225
9.796450
9.811275
9.857000
9.890700
9.901850
9.919325
9.930650
9.959500
9.990800
10.032400
10.171200
10.193450
10.235850
10.253175
10.264150
10.274575
10.296150
10.327025
10.336500
10.346775
10.360700
10.379950
10.417525
10.425125
10.465425
10.475875
10.494575
10.540200
10.590400
10.599075
10.614900
10.636325
10.651000
10.663725
10.676025
10.690750
10.734400
10.761350
10.781000
10.798800
10.821050
10.845200
10.880650
10.891950
10.900925
10.913000
10.928400
10.948875
10.958100
11.016950
11.036675
11.069625
11.095600
11.119900
11.136775
11.158300
11.199200
11.218100
11.239925
11.256000
11.281725
11.301800
11.337325
11.351550
11.382400
11.401300
11.420925
11.468825
11.485525
11.505875
11.576725
11.639725
11.666450
11.686850
11.727300
11.753825
11.791425
11.810175
11.846925
11.865600
11.899800
11.927575
11.954675
11.977400
12.011850
12.031475
12.053800
12.075725
12.099150
12.141350
12.159825
12.181800
12.202950
12.275525
12.290275
12.312025
12.339250
12.382400
12.398250
12.451350
12.474150
12.490850
12.517075
12.537750
12.547825
12.571850
12.583275
12.621250
12.645000
12.695950
12.753875
12.785600
12.851650
12.870300
12.916050
12.941200
12.960450
12.982200
13.001675
13.021650
13.036700
13.061175
13.083850
13.108800
13.148025
13.196900
13.230725
13.246725
13.258250
13.275825
13.327975
13.339100
13.349825
13.360250
13.370000
13.395000
13.432200
13.449300
13.470875
13.529725
13.541025
13.549950
13.611625
13.622825
13.638750
13.661625
13.677225
13.689150
13.701675
13.756725
13.814925
13.837300
13.855350
13.869850
13.884050
13.932700
13.956000
13.978075
13.995150
14.019250
14.050675
14.070650
14.082000
14.102550
14.119975
14.125850
14.137325
14.177850
14.201800
14.247225
14.259900
14.272025
14.313375
14.330100
14.338725
14.347325
14.370175
14.380475
14.390750
14.400300
14.412650
14.449950
14.482750
14.498375
14.516950
14.538450
14.564950
14.578800
14.644675
14.659400
14.669125
14.689375
14.706725
14.723525
14.745075
14.776675
14.784450
14.811100
14.846375
14.876725
14.916525
14.971125
15.007275
15.018375
15.040075
15.046025
15.053800
15.060125
15.064375
15.082625
15.102875
15.160900
15.179000
15.187200
15.232975
15.255950
15.264300
15.270150
15.276725
15.290200
15.370075
15.384475
15.400950
15.417425
15.435825
15.447825
15.525650
15.540950
15.560125
15.571725
15.579275
15.586125
15.603175
15.628750
15.653075
15.681400
15.703000
15.731675
15.798200
15.810275
15.866175
15.886925
15.904050
15.935650
15.965100
15.981475
15.996900
16.011575
16.018475
16.027525
16.041500
16.046075
16.058100
16.106925
16.136525
16.145050
16.187775
16.200250
16.215525
16.228350
16.242250
16.295750
16.317450
16.333675
16.346100
16.353625
16.366775
16.400100
16.415650
16.422975
16.434575
16.450325
16.462350
16.476250
16.505775
16.577425
16.645175
16.679025
16.686500
16.692350
16.706500
16.726275
16.796750
16.804600
16.809850
16.821475
16.888675
16.899700
16.932225
16.949275
16.995500
17.008625
17.077825
17.098425
17.109300
17.135800
17.176125
17.180225
17.210750
17.215450
17.232800
17.240825
17.253175
17.284600
17.317325
17.327950
17.339975
17.360925
17.373900
17.389425
17.422400
17.436450
17.450025
17.493625
17.516175
17.541650
17.580575
17.607150
17.619750
17.632575
17.643125
17.655350
17.657775
17.673775
17.683025
17.705700
17.731625
17.751550
17.798175
17.808175
17.846225
17.851175
17.856800
17.866025
17.880300
17.893275
17.964075
18.067500
18.168875
18.188875
18.208600
18.226400
18.231350
18.236400
18.239950
18.256050
18.259450
18.274775
18.297250
18.321775
18.331025
18.378225
18.430600
18.446875
18.475300
18.539925
18.565200
18.589400
18.640550
18.678000
18.705275
18.710725
18.822350
18.867375
18.895975
18.914725
18.936950
18.960150
18.989075
19.004875
19.021350
19.026625
19.052250
19.070675
19.077300
19.086175
19.098275
19.105475
19.113900
19.142600
19.165325
19.232950
19.249950
19.267900
19.293275
19.306500
19.327225
19.356650
19.373000
19.389525
19.445300
19.453925
19.464525
19.476725
19.511150
19.530550
19.546400
19.561575
19.583875
19.593150
19.645375
19.689175
19.755925
19.776550
19.791775
19.865375
19.900800
19.927750
19.956850
19.978850
19.999275
20.015675
20.034875
20.045175
20.053400
20.068875
20.107500
20.123850
20.146150
20.162050
20.178650
20.199075
20.228275
20.287225
20.311300
20.347375
20.372300
20.409175
20.426875
20.438875
20.460725
20.479675
20.497375
20.503700
20.515125
20.528350
20.558025
20.564450
20.583750
20.618550
20.628050
20.661475
20.679825
20.708725
20.723825
20.746350
20.778625
20.813300
20.831550
20.845425
20.858350
20.871150
20.879875
20.937575
20.944700
20.968250
20.974075
20.995600
21.064750
21.112450
21.147275
21.160525
21.182525
21.197650
21.210925
21.233075
21.312700
21.327075
21.382150
21.401675
21.412700
21.419450
21.436975
21.446750
21.469300
21.522975
21.527625
21.534450
21.545850
21.557175
21.571950
21.590825
21.606650
21.623675
21.635950
21.691950
21.702750
21.716250
21.818275
21.836075
21.853975
21.870825
21.887575
21.910225
21.924150
21.944800
22.007850
22.027100
22.045500
22.072200
22.076600
22.092200
22.096325
22.099700
22.103325
22.117725
22.140475
22.145750
22.149675
22.165600
22.183825
22.204700
22.211375
22.247450
22.285125
22.302600
22.312650
22.325550
22.331900
22.360375
22.401450
22.409175
22.454400
22.468375
22.529400
22.585575
22.599975
22.622150
22.640200
22.658850
22.676925
22.707500
22.727100
22.744025
22.757425
22.773975
22.807250
22.828150
22.842975
22.855675
22.870750
22.883675
22.897675
22.911300
22.935925
22.967300
22.983300
23.015350
23.051175
23.069525
23.086700
23.153575
23.178025
23.225650
23.258075
23.293125
23.318550
23.380800
23.402850
23.429775
23.444575
23.457175
23.466975
23.483850
23.492425
23.507875
23.514425
23.565150
23.577875
23.679650
23.700050
23.741150
23.766100
23.785100
23.799075
23.809750
23.834325
23.850650
23.865175
23.910900
23.924400
23.937050
23.993500
24.027125
24.075175
24.086200
24.114875
24.182650
24.192600
24.337125
24.355275
24.384275
24.400475
24.413875
24.426375
24.459200
24.473275
24.484925
24.515500
24.579925
24.639275
24.658600
24.674800
24.687750
24.727375
24.746425
24.769725
24.784250
24.824150
24.871750
24.922900
24.964450
25.014500
25.032850
25.054375
25.073225
25.092375
