0.144325
0.376150
0.434325
0.490800
0.524300
0.555000
0.703225
0.768500
1.087450
1.180375
1.446875
1.540750
1.682000
1.894350
2.169175
2.532250
2.728100
2.789125
2.939050
2.955200
2.989150
3.069900
3.201425
3.425500
3.453750
3.634275
3.724425
3.810750
3.960575
3.981025
4.127500
4.162250
4.217675
4.253175
4.302500
4.364500
4.402125
4.581625
4.600850
5.271375
5.476375
5.657300
5.671750
5.751325
5.776800
5.884525
6.001025
6.034175
6.142450
6.183675
6.333200
6.682275
6.796325
6.868650
7.208975
7.289050
7.531000
7.537500
7.579650
7.711025
7.743925
7.787150
7.868100
7.978300
8.037250
8.046625
8.153950
8.249100
8.299500
8.429775
8.441350
8.552100
8.581350
8.631400
8.636150
8.718575
8.767750
8.913825
8.969950
8.990275
9.005000
9.047525
9.100600
9.115900
9.187200
9.299700
9.454825
9.466625
9.529875
9.704100
9.778150
9.834025
10.017000
10.216125
10.320350
10.370525
10.464250
10.691025
10.837975
11.137125
11.176750
11.243200
11.582000
11.846475
11.901200
12.093425
12.636475
12.743750
12.785450
13.059225
13.209000
13.359775
13.535550
13.584275
13.601700
13.828900
13.969925
14.081100
14.347375
14.473150
14.856575
15.441925
15.639975
15.758775
15.833250
15.922375
16.146850
16.281650
16.395600
16.440775
16.535950
16.634150
16.658225
16.673725
17.024150
17.159300
17.171400
17.259850
17.506525
17.554050
17.599950
17.629075
17.653150
17.806975
17.915525
18.035750
18.097650
18.707675
18.806100
18.944350
18.956300
19.160225
19.294275
19.310275
19.370800
19.388850
19.469750
19.522350
19.652900
19.869850
20.139425
20.155850
20.185975
20.690125
20.782150
20.875175
21.106325
21.403850
21.413050
21.597900
22.004350
22.032250
22.051300
22.086925
22.151975
22.343000
22.714550
22.814050
22.955100
23.055125
23.072175
23.110475
23.287675
23.497825
23.616450
23.875225
23.939350
24.007000
24.262900
24.329750
24.468175
24.685525
24.723925
24.824225
24.850550
24.932050
25.028425
25.047550
25.102200
25.428250
25.457725
25.477475
25.789750
25.903675
26.033175
26.056075
26.129625
26.151950
26.297450
26.342125
26.403350
26.497125
26.607125
26.778675
26.898450
26.922575
27.049025
27.114500
27.131150
27.195825
27.220275
27.236575
27.346875
27.422200
27.437100
27.536150
27.636000
27.671600
27.807650
27.981550
28.013000
28.336175
28.661925
28.726375
28.769000
28.824100
28.866850
28.928375
29.092800
29.175875
29.476050
29.714200
29.762425
29.795775
29.961250
29.986300
