0.006150
0.045200
0.060625
0.070775
0.079550
0.094425
0.186050
0.211200
0.230425
0.317450
0.342575
0.380100
0.399525
0.410400
0.473475
0.492825
0.513700
0.531175
0.607275
0.621300
0.634150
0.646875
0.672900
0.701450
0.767725
0.782550
0.878950
0.927175
0.944650
0.984325
1.016325
1.057875
1.102800
1.131750
1.151400
1.164925
1.173100
1.185150
1.196675
1.212275
1.242050
1.270875
1.379000
1.392050
1.398775
1.442325
1.451275
1.464075
1.474850
1.497275
1.513100
1.523625
1.541900
1.572750
1.584850
1.602150
1.622400
1.707475
1.786800
1.891375
2.036100
2.063625
2.101400
2.111925
2.122475
2.141925
2.150900
2.161575
2.171800
2.227050
2.269025
2.279625
2.304025
2.313275
2.324875
2.336500
2.351275
2.380400
2.419525
2.435425
2.453325
2.468100
2.482650
2.508150
2.521225
2.543825
2.557450
2.594025
2.605925
2.624025
2.632525
2.641775
2.663975
2.677150
2.719225
2.749725
2.767650
2.781700
2.811150
2.840600
2.867950
2.878225
2.894975
2.910225
2.952450
2.969075
3.023375
3.040525
3.067475
3.093550
3.168650
3.262475
3.336375
3.361500
3.372300
3.384475
3.409000
3.421550
3.432700
3.462400
3.720300
3.727350
3.759625
3.768825
3.778675
3.790075
3.808825
3.831225
3.871650
3.892100
3.927000
3.996975
4.033200
4.048500
4.058350
4.103975
4.112025
4.121250
4.136600
4.212850
4.293450
4.311050
4.329575
4.345050
4.377200
4.399900
4.411025
4.447275
4.456550
4.486050
4.496275
4.506525
4.527850
4.540275
4.576775
4.587975
4.611625
4.621125
4.637575
4.648850
4.659375
4.673600
4.682600
4.718725
4.779600
4.791825
4.807475
4.820975
4.842075
4.881400
4.896375
4.910175
4.925925
4.933650
4.958875
4.975375
4.982950
4.991825
4.999950
5.010050
5.027775
5.048850
5.062550
5.072950
5.102075
5.111475
5.141800
5.153150
5.163075
5.185850
5.195825
5.207225
5.220650
5.242575
5.253550
5.268950
5.278600
5.289725
5.298125
5.306550
5.320225
5.332525
5.399725
5.429375
5.466975
5.491575
5.502325
5.530925
5.564575
5.581625
5.603725
5.689050
5.752075
5.860725
5.920075
5.946175
5.984825
6.064850
6.082900
6.094150
6.103725
6.113475
6.124125
6.142450
6.152025
6.161850
6.182225
6.192975
6.204800
6.246900
6.276225
6.335650
6.389800
6.415750
6.424925
6.434900
6.445700
6.458200
6.466350
6.493425
6.513725
6.524675
6.546150
6.560850
6.574325
6.590825
6.610550
6.636200
6.727925
6.745825
6.796100
6.812225
6.833300
6.839575
6.853325
6.870925
6.880625
6.889375
6.900000
6.910950
6.928425
6.952725
6.973900
7.012050
7.024275
7.050850
7.066225
7.084975
7.117050
7.136450
7.146700
7.156225
7.175500
7.187375
7.208650
7.220875
7.270925
7.288375
7.332450
7.396325
7.406500
7.443775
7.475725
7.601550
7.693400
7.700050
7.704750
7.713525
7.721025
7.728200
7.734750
7.743450
7.749600
7.755950
7.772175
7.780550
7.799825
7.812150
7.833625
7.855500
7.863525
7.875675
7.886925
7.901225
7.913500
7.934400
7.970325
7.981175
7.997150
8.021550
8.052925
8.067825
8.082175
8.101350
8.113800
8.128675
8.138650
8.151975
8.168100
8.196900
8.208425
8.222650
8.232525
8.275600
8.296450
8.342650
8.345800
8.351650
8.362250
8.383000
8.392900
8.402425
8.411625
8.419775
8.428550
8.455925
8.459375
8.533150
8.550200
8.562575
8.607675
8.646175
8.666375
8.687425
8.747700
8.756725
8.803175
8.824375
8.850650
8.908800
8.964450
9.164925
9.178550
9.187125
9.208750
9.218200
9.240850
9.251025
9.282650
9.290650
9.302200
9.381825
9.444700
9.498075
9.527300
9.632750
9.640725
9.654000
9.685650
9.692275
9.766000
9.798600
9.835650
9.882525
9.898625
9.917500
9.979775
10.036550
10.074325
10.168650
10.211350
10.226425
10.236275
10.251525
10.270650
10.288725
10.298225
10.307200
10.319975
10.324750
10.335275
10.350425
10.362600
10.375975
10.386450
10.395825
10.402700
10.417400
10.471025
10.520425
10.544625
10.598400
10.616550
10.622400
10.652800
10.662175
10.670650
10.687350
10.708650
10.733150
10.742550
10.748150
10.756475
10.761325
10.768700
10.774825
10.831625
10.858275
10.880700
10.898825
10.908750
10.957100
10.989275
11.041500
11.079400
11.093200
11.152925
11.177775
11.256850
11.270325
11.285675
11.315925
11.339700
11.356900
11.529400
11.616850
11.641075
11.656350
11.698025
11.712425
11.720975
11.731775
11.750050
11.762950
11.776600
11.789775
11.806675
11.817775
11.842025
11.877475
11.930075
11.983750
12.054325
12.065100
12.075750
12.123425
12.182150
12.233300
12.247250
12.275250
12.311850
12.321875
12.349200
12.380550
12.402025
12.425525
12.448900
12.468275
12.493325
12.508950
12.524250
12.546925
12.562150
12.578850
12.633800
12.646700
12.664950
12.777450
12.909200
12.972125
13.012900
13.031925
13.044325
13.059175
13.072000
13.093725
13.106450
13.124600
13.137275
13.157850
13.189075
13.214925
13.224125
13.245375
13.258000
13.272550
13.331425
13.362250
13.534275
13.560650
13.581525
13.590425
13.602000
13.612200
13.624100
13.639475
13.672475
13.709225
13.728525
13.783300
13.799525
13.968850
13.978125
13.984975
13.991825
13.999300
14.015125
14.024350
14.038525
14.044650
14.054075
14.061350
14.068575
14.077300
14.108325
14.115175
14.131375
14.145100
14.160775
14.170275
14.184350
14.191300
14.200625
14.215100
14.223250
14.240950
14.256575
14.264375
14.274050
14.280900
14.290775
14.297325
14.327725
14.337050
14.363725
14.384075
14.412900
14.571375
14.598375
14.616150
14.631100
14.649200
14.660075
14.683650
14.721075
14.730650
14.739425
14.769725
14.788525
14.797475
14.808200
14.826000
14.837775
14.846550
14.855500
14.872750
14.883000
14.894950
14.903200
14.931975
14.950800
14.964575
14.988425
15.032625
15.063700
15.111000
15.303575
15.307925
15.313100
15.317625
15.324075
15.331775
15.340025
15.346975
15.355850
15.372550
15.382350
15.388900
15.396650
15.407025
15.416250
15.422925
15.445875
15.454225
15.459925
15.468675
15.478025
15.484700
15.498525
15.509325
15.518675
15.525250
15.540850
15.548900
15.559625
15.580825
15.589850
15.600025
15.608850
15.618175
15.658325
15.666725
15.680150
15.689250
15.701100
15.735125
15.823600
15.876650
15.955050
15.967900
15.980125
15.998250
16.033125
16.080750
16.093325
16.107975
16.120525
16.130150
16.139675
16.148600
16.174650
16.182975
16.199450
16.219775
16.241550
16.263725
16.273225
16.290950
16.302100
16.315350
16.324850
16.354650
16.365450
16.372725
16.383600
16.394025
16.402450
16.413425
16.436200
16.451925
16.462825
16.486200
16.495400
16.526325
16.545025
16.628150
16.640850
16.661800
16.698575
16.706750
16.716525
16.725625
16.767175
16.812450
16.840800
16.867775
16.880250
16.920650
16.960800
16.990000
17.007225
17.018200
17.027725
17.059275
17.085500
17.104950
17.119200
17.156950
17.184925
17.208000
17.231100
17.242950
17.258725
17.268925
17.286925
17.304300
17.316650
17.328575
17.340750
17.364050
17.386225
17.398450
17.408525
17.429175
17.467650
17.496475
17.535600
17.553025
17.733925
17.740150
17.746075
17.749975
17.760350
17.787125
17.794400
17.808975
17.827350
17.843400
17.850025
17.863425
17.870200
17.878300
17.904975
17.914350
17.934975
17.946475
17.968325
17.990900
18.024925
18.046975
18.092775
18.157750
18.248200
18.255350
18.265025
18.270025
18.277750
18.282825
18.288750
18.295675
18.302150
18.306300
18.312850
18.317500
18.325525
18.334550
18.349475
18.355000
18.362875
18.369825
18.382775
18.398125
18.414350
18.418800
18.426075
18.434275
18.441225
18.446650
18.473150
18.479650
18.484625
18.492750
18.498000
18.504250
18.512725
18.522900
18.544100
18.563725
18.600075
18.616900
18.676500
18.772450
18.788350
18.797425
18.810800
18.824025
18.835475
18.845200
18.871325
18.882900
18.895575
18.908325
18.925400
18.965025
18.989750
19.002025
19.012175
19.021550
19.032000
19.039625
19.051725
19.062425
19.075025
19.084800
19.093250
19.104525
19.113850
19.123700
19.145100
19.234325
19.251200
19.268550
19.284975
19.302775
19.337775
19.367125
19.382625
19.394175
19.432225
19.451325
19.462100
19.482075
19.488950
19.500175
19.518050
19.526125
19.534900
19.544600
19.565400
19.574200
19.584250
19.605475
19.635900
19.673200
19.681700
19.693100
19.703850
19.720675
19.753250
19.783675
19.947375
19.960000
20.001625
20.020125
20.034775
20.049300
20.112950
20.141850
20.159375
20.179550
20.192600
20.206300
20.218100
20.227125
20.238250
20.269800
20.278850
20.326550
20.339475
20.357650
20.370350
20.423800
20.435675
20.449650
20.463150
20.475875
20.491050
20.510825
20.525250
20.537100
20.545825
20.554725
20.584900
20.596450
20.610525
20.624050
20.635850
20.655525
20.683075
20.703650
20.717175
20.777900
20.790525
20.800025
20.808150
20.819175
20.829775
20.860000
20.873850
20.889375
20.903200
20.909625
20.919750
20.951825
20.973575
20.986325
21.008200
21.017575
21.054200
21.068225
21.081750
21.089425
21.115150
21.127150
21.139450
21.150750
21.186675
21.202175
21.217550
21.229075
21.242175
21.260650
21.333050
21.354950
21.433575
21.482850
21.493325
21.520125
21.546150
21.558775
21.569375
21.579550
21.602100
21.627375
21.638225
21.648725
21.657975
21.668675
21.683000
21.694825
21.708200
21.719750
21.728475
21.737600
21.749675
21.760775
21.772900
21.785150
21.826350
21.835800
21.863025
21.877400
21.887575
21.899900
21.921875
21.929050
21.946025
21.962200
21.978200
21.987575
22.002250
22.011900
22.023625
22.034375
22.058600
22.087250
22.143975
22.157550
22.179475
22.191525
22.216750
22.229450
22.256850
22.274150
22.295725
22.316000
22.342950
22.357650
22.372950
22.381100
22.395875
22.406150
22.416350
22.426750
22.439250
22.458525
22.473525
22.487425
22.503750
22.519700
22.529150
22.541650
22.555425
22.576275
22.591150
22.624050
22.641025
22.652025
22.663475
22.701775
22.713825
22.723950
22.736800
22.748025
22.762600
22.777800
22.796200
22.822700
22.836725
22.847400
22.860650
22.875825
22.894900
22.928450
22.941100
22.973475
23.002375
23.014425
23.026325
23.046575
23.058575
23.082950
23.135125
23.147275
23.157400
23.168900
23.220475
23.228350
23.233950
23.251850
23.259225
23.266225
23.296600
23.306775
23.316625
23.323375
23.361750
23.370375
23.387325
23.394100
23.402100
23.417950
23.426275
23.444700
23.455425
23.467100
23.479950
23.484975
23.488100
23.517575
23.529625
23.545200
23.552550
23.568175
23.573475
23.583625
23.604675
23.611750
23.628900
23.639775
23.650700
23.659250
23.665325
23.675975
23.684525
23.697050
23.751125
23.784575
23.793050
23.805925
23.820550
23.854325
23.915450
23.948100
24.019750
24.031975
24.043375
24.057125
24.068375
24.091100
24.100200
24.110750
24.122650
24.134225
24.158350
24.169700
24.209175
24.229700
24.294575
24.301925
24.326225
24.408475
24.417225
24.421225
24.423700
24.428725
24.432800
24.443900
24.447400
24.454675
24.459675
24.464075
24.469425
24.475925
24.481525
24.498725
24.506275
24.514400
24.525125
24.539950
24.552450
24.566450
24.588000
24.619925
24.638125
24.657400
24.668700
24.685200
24.694700
24.700975
24.720300
24.731425
24.743575
24.755075
24.765775
24.777200
24.785700
24.792675
24.812425
24.823075
24.833325
24.839350
24.849150
24.875500
24.886600
24.911400
24.926250
24.946800
24.975425
25.002275
25.046100
25.128425
25.137025
25.151750
25.162450
25.172800
25.180900
25.190400
25.201250
25.212850
25.223675
25.241975
25.252850
25.261375
25.274275
25.285275
25.330875
25.352775
25.370925
25.417000
25.441250
25.472575
25.595375
25.629975
25.638125
25.646200
25.653550
25.660150
25.666425
25.672500
25.678025
25.683675
25.689025
25.696725
25.703275
25.711175
25.719600
25.726325
25.734525
25.743875
25.752900
25.760300
25.767975
25.778125
25.788750
25.799950
25.823950
25.855250
25.881700
25.896625
25.919975
25.942575
26.001525
26.063100
26.122325
26.161400
26.187100
26.199275
26.211400
26.222400
26.247325
26.273875
26.304925
26.320575
26.335175
26.369725
26.381125
26.389425
26.402175
26.413550
26.423275
26.433925
26.441675
26.451000
26.467575
26.474150
26.482900
26.490525
26.499475
26.516525
26.534625
26.556100
26.576225
26.586175
26.596400
26.607525
26.616650
26.623575
26.635250
26.642300
26.654000
26.661550
26.670225
26.680125
26.689250
26.697200
26.710025
26.719150
26.730100
26.764800
26.782025
26.798725
26.806325
26.816125
26.824825
26.832825
26.844600
26.864400
26.879050
26.886775
26.895025
26.900825
26.909400
26.918450
26.946175
26.981025
26.988950
26.994950
27.011100
27.017275
27.023550
27.037950
27.045250
27.052475
27.065625
27.095950
27.102500
27.111125
27.120825
27.129400
27.151075
27.165250
27.199500
27.212600
27.223325
27.243425
27.269550
27.280575
27.288125
27.298400
27.307850
27.320825
27.332750
27.342575
27.355475
27.367950
27.381575
27.396075
27.412900
27.427250
27.437850
27.454775
27.467225
27.481300
27.489175
27.499050
27.510800
27.524850
27.534700
27.547450
27.561450
27.582750
27.608450
27.624275
27.642550
27.684725
27.697850
27.710300
27.748350
27.768275
27.784500
27.796250
27.816575
27.826125
27.842650
27.860450
27.870650
27.877200
27.888825
27.911350
27.922575
27.972150
27.985475
27.999025
28.016150
28.035200
28.054800
28.061750
28.082800
28.094825
28.110100
28.124325
28.148175
28.169625
28.191825
28.208600
28.228525
28.236325
28.243350
28.256675
28.265800
28.285875
28.297350
28.311650
28.328275
28.339625
28.352200
28.373850
28.384525
28.408525
28.418600
28.434350
28.466300
28.484175
28.532075
28.568325
28.587300
28.608950
28.629775
28.645350
28.649700
28.657300
28.665350
28.705675
28.729500
28.738925
28.748025
28.755125
28.762650
28.790275
28.804675
28.819725
28.838575
28.855875
28.873375
28.887950
28.919250
28.929050
28.951050
28.965575
28.998350
29.029175
29.058000
29.081550
29.137400
29.229775
29.255825
29.271875
29.278225
29.287975
29.294675
29.307075
29.312275
29.327450
29.335925
29.343050
29.363200
29.372675
29.397475
29.497250
29.541975
29.548350
29.554800
29.565400
29.571300
29.577400
29.586175
29.593925
29.608325
29.618075
29.627550
29.636800
29.644675
29.659750
29.670225
29.689825
29.703050
29.720825
29.737350
29.758025
29.806800
29.819925
29.836800
29.860775
29.875775
29.885725
29.895025
29.908725
29.920600
29.931125
29.939225
29.947475
29.978050
29.993650
