0.077875
0.179300
0.542425
0.610350
0.638550
0.700125
0.704250
0.923350
0.983400
1.037850
1.096000
1.155275
1.332150
1.338750
1.467250
1.734375
1.959775
2.052950
2.086250
2.092000
2.366200
2.486425
2.499000
2.591750
2.654500
2.770800
2.932875
3.036250
3.087675
3.101450
3.113875
3.181175
3.213475
3.346250
3.700975
3.749475
3.777325
3.798825
4.082875
4.109875
4.158300
4.194400
4.246600
4.264400
4.321525
4.664600
4.773900
4.815550
5.064900
5.068075
5.099350
5.134900
5.195150
5.263725
5.495025
5.541025
5.576075
5.611300
5.704750
5.758750
5.786175
5.884350
6.024650
6.070525
6.148575
6.318175
6.675775
6.681700
6.712825
6.807500
6.942700
6.958925
7.115500
7.117600
7.271775
7.364325
7.412325
7.433425
7.791625
7.829175
7.860525
7.885950
7.949350
8.041875
8.360975
8.382250
8.821575
9.332150
9.448425
9.456400
9.687150
9.771075
9.876675
9.882350
10.116000
10.168900
10.196425
10.372575
10.518925
10.571525
10.966550
11.379875
11.621650
11.837575
12.030425
12.175600
12.251325
12.532225
12.604850
12.647850
12.772900
12.936100
12.940175
13.345350
13.370625
13.478750
13.499925
13.756025
13.766175
13.993500
14.025950
14.036325
14.219025
14.561225
14.734425
15.091550
15.146950
15.174275
15.194750
15.319300
15.349050
15.377575
15.390925
15.447950
15.775025
15.901650
15.928325
16.015100
16.024150
16.070800
16.099975
16.111325
16.136250
16.152000
16.172900
16.180825
16.245425
16.515100
16.585925
16.703325
16.772400
16.789825
17.295575
17.325100
17.389000
17.394350
17.480250
17.529650
17.854775
17.951100
17.997350
18.027800
18.104700
18.265700
18.393625
18.533125
18.560700
18.621250
18.684150
18.722925
18.739000
18.917775
19.169500
19.199425
19.211400
19.318050
19.418200
19.752075
20.093150
20.162875
20.618575
20.783650
21.100525
21.188125
21.196900
21.247200
21.389550
21.411975
21.483875
21.627575
21.740225
21.909075
21.954050
22.194775
22.300025
22.563150
22.845675
22.867775
22.956725
23.221725
23.414300
23.715325
23.758525
23.902750
24.102725
24.263475
24.379200
24.397050
24.410100
24.476450
24.583950
24.691350
24.775150
24.912100
24.965950
25.178725
25.386125
25.496475
25.499300
25.583575
25.687800
26.836800
26.926825
26.955750
27.383225
27.578700
27.685400
27.704125
27.795975
28.365650
28.490050
28.567750
28.702800
28.849000
28.962300
28.983250
29.014675
29.043225
29.126300
29.269000
29.340700
29.404400
29.585750
29.629075
29.687350
29.981325
