0.013100
0.043675
0.195150
0.241900
0.307675
0.496600
0.605425
0.623050
0.736850
0.799075
0.913925
0.993225
1.007600
1.146100
1.317850
1.391600
1.438400
1.532575
1.574500
1.585900
1.738450
1.763200
1.812200
1.954275
2.037475
2.128050
2.150925
2.234000
2.252600
2.270525
2.297100
2.384400
2.434000
2.573400
2.682150
2.705225
2.725000
2.764100
2.855775
2.970100
2.981150
3.070875
3.246100
3.256500
3.442900
3.497625
3.603125
3.652225
4.131050
4.218225
4.346050
4.449275
4.458775
4.550600
4.575300
4.587100
4.687950
4.722650
4.832250
4.983250
5.002400
5.191150
5.228100
5.360700
5.428625
5.538225
5.600625
5.629650
5.784450
5.853725
6.096375
6.345125
6.367875
6.539650
6.714950
6.742800
6.770250
6.812950
6.870225
6.934200
6.974075
7.003600
7.155350
7.367425
7.422850
7.470950
7.552225
7.597275
7.862375
8.162550
8.250975
8.767475
8.790500
9.049575
9.070875
9.085800
9.528475
9.705200
9.715400
9.731875
9.765775
10.236525
10.249800
10.310750
10.342275
10.400300
10.468775
10.502425
10.668475
10.758400
10.842450
11.005300
11.042900
11.430500
11.471225
11.593825
11.618625
11.677175
11.724475
12.058425
12.384300
12.392100
12.458675
12.643500
12.985325
13.114450
13.122925
13.346725
13.390125
13.431325
13.503125
13.761950
13.778000
13.826775
13.956650
14.007525
14.024250
14.077475
14.260625
14.286475
14.321475
14.486675
14.586475
14.628200
14.673250
14.771550
14.924875
14.973050
15.002025
15.106125
15.318250
15.422950
15.665900
15.867625
16.228400
16.330375
16.336675
17.123600
17.219325
17.309750
17.518775
17.590500
17.796425
17.852100
17.864500
17.937575
17.984725
18.034375
18.604450
18.856525
18.960700
18.984200
19.137850
19.152325
19.449425
19.742175
20.087475
20.154700
20.393800
20.424025
20.447950
20.505325
20.602050
20.823200
20.867975
20.920175
21.053350
21.249825
21.459525
21.743925
21.802200
21.912775
21.968075
22.087800
22.213725
22.516250
22.620200
22.741475
23.224350
23.328325
23.395775
23.441250
23.563650
23.669500
23.734925
23.860550
23.917125
23.937800
24.306500
24.357100
24.369425
24.383275
24.395550
24.410325
24.527625
24.641750
24.689525
24.710350
24.742475
24.880225
24.898600
24.934000
24.996675
25.062700
25.160325
25.263375
25.475575
25.543275
25.680825
25.830475
25.946375
26.226425
26.244675
26.291400
26.454350
26.510750
26.552025
26.613450
26.752125
26.813650
26.856850
26.929025
26.971350
27.130725
27.145000
27.146650
27.503825
27.673825
27.961850
28.378900
28.464700
28.646400
29.139650
29.201050
29.399000
29.457800
29.910950
