0.052500
0.060950
0.067300
0.184575
0.199875
0.260850
0.326450
0.341700
0.392450
0.500400
0.508925
0.514525
0.543000
0.658700
0.683850
0.720775
0.797150
0.807200
0.825300
0.875050
0.892725
0.944750
0.960950
0.981975
1.007625
1.047650
1.077275
1.165525
1.199525
1.235400
1.255950
1.263225
1.278625
1.281075
1.284875
1.301450
1.335625
1.388725
1.469175
1.521400
1.540750
1.578375
1.673425
1.710600
1.894800
1.976850
1.993100
2.011675
2.057800
2.113650
2.421050
2.467500
2.532475
2.617225
2.635875
2.663700
2.715800
2.777050
2.806575
2.814025
2.832850
2.896725
2.932900
3.004400
3.016650
3.026175
3.196375
3.269700
3.363275
3.370650
3.412800
3.599525
3.697725
3.815300
3.907725
3.922875
3.931625
3.939250
3.958375
3.980325
4.031175
4.047200
4.076400
4.110975
4.125900
4.245600
4.282000
4.293925
4.349525
4.399525
4.412525
4.453750
4.534275
4.561850
4.679875
4.757100
4.776050
4.852425
4.944500
4.976700
5.004925
5.013375
5.025725
5.029225
5.033200
5.043475
5.139125
5.189725
5.226575
5.354825
5.382225
5.461800
5.580125
5.656625
5.697250
5.726100
5.747225
5.816700
5.851050
5.906375
5.943575
6.308675
6.418900
6.512175
6.563375
6.749850
6.851700
6.882000
6.960925
7.008625
7.017525
7.023875
7.035225
7.095175
7.214700
7.228225
7.388050
7.578225
7.584425
8.007800
8.016750
8.025375
8.173900
8.200025
8.247900
8.273775
8.323475
8.390475
8.405325
8.455600
8.480175
8.514975
8.565200
8.717725
8.771925
8.848350
8.878475
9.047775
9.138950
9.249550
9.297450
9.346400
9.390125
9.486900
9.703775
9.713525
9.720925
9.818975
9.904175
9.907975
9.931600
9.935850
9.939150
9.977500
9.983200
10.043275
10.070825
10.099200
10.119000
10.152500
10.260875
10.337400
10.467225
10.512375
10.692100
10.719825
10.748175
10.876975
10.918200
10.954200
10.968975
11.076975
11.110200
11.113450
11.171650
11.206875
11.219250
11.248825
11.262975
11.277600
11.291550
11.369600
11.445275
11.463300
11.477900
11.559700
11.569425
11.606725
11.647625
11.689600
11.748525
11.761600
11.776075
11.820875
11.895575
12.096475
12.179325
12.199175
12.242250
12.257350
12.290375
12.332575
12.378125
12.473525
12.482900
12.547025
12.756175
12.767175
12.826000
12.855250
12.893075
12.916525
12.955075
13.067150
13.133025
13.179175
13.215700
13.230100
13.283000
13.381550
13.447300
13.492975
13.518750
13.801175
13.886800
13.947525
13.953100
14.025075
14.084825
14.086400
14.279775
14.305675
14.307475
14.340000
14.375825
14.470825
14.501300
14.630125
14.666325
14.741100
14.757350
14.762800
14.881200
14.913300
14.930675
14.934050
15.027150
15.247300
15.367375
15.435375
15.494400
15.508650
15.563075
15.646875
15.774525
15.794050
15.870800
15.894350
15.935500
16.127100
16.280825
16.310300
16.445300
16.462800
16.492800
16.847975
16.872975
16.902275
17.093375
17.100975
17.125625
17.168650
17.411975
17.643150
17.678150
17.758350
17.776875
17.780950
17.803500
17.869925
17.993775
18.042475
18.127575
18.164325
18.192450
18.236250
18.276975
18.298175
18.312825
18.318650
18.516050
18.545650
18.915575
19.256225
19.313100
19.353825
19.416525
19.463025
19.568700
19.572925
19.587450
19.656700
19.671150
19.783200
19.855300
20.377675
20.403725
20.499400
20.558900
20.663075
20.736525
20.772250
20.794125
20.833675
20.853325
20.952100
20.996525
21.009950
21.088725
21.142350
21.284625
21.586725
21.724850
21.950500
21.962400
22.160100
22.268250
22.426550
22.473500
22.549000
22.579500
22.831000
22.908975
22.971425
23.003850
23.031225
23.152400
23.413000
23.632025
23.728625
23.825275
23.905125
24.017825
24.158150
24.238675
24.288925
24.429300
24.468475
24.621550
24.645275
24.711575
24.726350
24.921950
25.031950
25.113500
25.204850
25.395425
25.465950
25.541625
25.569375
25.593500
25.599475
25.605550
25.635550
25.645725
25.684250
25.750500
25.768650
25.980775
26.102725
26.118825
26.140325
26.334350
26.538700
26.707600
26.802450
26.830200
27.006175
27.041900
27.080725
27.166050
27.341400
27.493625
27.601750
27.720000
27.798900
27.868450
27.890300
27.953000
28.003900
28.156950
28.162900
28.456200
28.461500
28.540750
28.773000
28.783250
28.811725
28.836400
28.871400
29.127200
29.174300
29.251250
29.286600
29.346100
29.423325
29.451850
29.572375
29.579400
29.604125
29.647925
29.673675
29.703650
29.891375
