0.014000
0.034575
0.043350
0.059925
0.080200
0.091200
0.109675
0.127775
0.147025
0.182625
0.197200
0.228000
0.262425
0.276275
0.288775
0.303325
0.319375
0.330575
0.346725
0.365750
0.385000
0.405500
0.425475
0.447650
0.464875
0.481500
0.499175
0.515600
0.534750
0.588825
0.613725
0.644650
0.678525
0.692575
0.713675
0.731475
0.745750
0.756750
0.769075
0.781400
0.797125
0.818575
0.835375
0.850600
0.875625
0.895450
0.910675
0.922525
0.940075
0.960850
0.976475
1.025350
1.045500
1.066425
1.086200
1.106950
1.126175
1.159875
1.171125
1.182625
1.192750
1.200500
1.216200
1.238850
1.246400
1.263825
1.276150
1.282375
1.288400
1.298975
1.305025
1.344200
1.391750
1.411575
1.445200
1.459475
1.501700
1.526225
1.547000
1.573025
1.608775
1.650025
1.660800
1.671550
1.699025
1.705625
1.712000
1.719150
1.739125
1.756500
1.791550
1.804575
1.833100
1.848100
1.860850
1.878825
1.897325
1.913700
1.930675
1.948525
1.966925
1.982125
2.011125
2.020300
2.031950
2.037625
2.045625
2.057250
2.063775
2.074475
2.078800
2.084600
2.102975
2.108425
2.119775
2.147800
2.166450
2.175150
2.181100
2.206475
2.213350
2.239450
2.267425
2.296375
2.310950
2.323250
2.337375
2.356375
2.368300
2.384775
2.402175
2.417800
2.447275
2.480250
2.498925
2.516450
2.540550
2.554325
2.583125
2.599650
2.626900
2.641250
2.658975
2.669325
2.719100
2.744625
2.769150
2.788575
2.824200
2.843625
2.861300
2.878200
2.897650
2.917225
2.936850
2.960500
2.980400
2.997725
3.016175
3.030600
3.049900
3.080850
3.101875
3.132475
3.154775
3.185000
3.203725
3.214450
3.222850
3.235650
3.242175
3.248825
3.268050
3.274150
3.285725
3.326400
3.338900
3.366425
3.390925
3.404050
3.417425
3.431350
3.443600
3.457450
3.475675
3.500575
3.519350
3.533300
3.545800
3.557800
3.573750
3.581900
3.609750
3.618625
3.630625
3.647425
3.660650
3.680225
3.694425
3.750550
3.771600
3.790025
3.802525
3.840000
3.855275
3.872325
3.887575
3.902575
3.913750
3.933975
3.952550
3.961975
3.975900
3.992675
4.008450
4.023950
4.043650
4.063225
4.080850
4.096875
4.131250
4.158225
4.175375
4.202225
4.218800
4.262300
4.290400
4.335150
4.397450
4.419400
4.437025
4.461300
4.496050
4.516900
4.546950
4.574175
4.594000
4.616450
4.635050
4.653425
4.667375
4.712000
4.779100
4.801300
4.820300
4.835175
4.850375
4.872800
4.929625
4.974875
4.994550
5.032925
5.074125
5.099075
5.146175
5.188950
5.216225
5.244700
5.293700
5.341225
5.352625
5.363975
5.375400
5.392275
5.441750
5.462325
5.480950
5.524700
5.569125
5.574700
5.580550
5.586250
5.591400
5.599500
5.608050
5.617225
5.636325
5.645800
5.664825
5.686450
5.698075
5.712275
5.722900
5.731700
5.739900
5.748050
5.773500
5.788350
5.802575
5.815225
5.826150
5.837450
5.860925
5.869750
5.880075
5.889625
5.899225
5.906800
5.941075
5.951125
5.974625
5.984275
6.016125
6.043950
6.057600
6.092825
6.110100
6.125350
6.140725
6.154450
6.165400
6.175600
6.196950
6.210500
6.259425
6.278025
6.291250
6.303275
6.316950
6.332225
6.345450
6.359000
6.373275
6.385225
6.398125
6.408850
6.423625
6.446350
6.455650
6.464325
6.474275
6.490050
6.509625
6.525900
6.559525
6.569625
6.588275
6.603250
6.617350
6.627725
6.657175
6.674900
6.689925
6.719025
6.733900
6.744450
6.759925
6.771425
6.785025
6.800250
6.811575
6.826125
6.837300
6.852750
6.881225
6.895175
6.908425
6.925000
6.935450
6.949450
6.976700
6.983900
6.992075
7.017075
7.031675
7.039925
7.048550
7.055675
7.073975
7.104225
7.114775
7.129700
7.140550
7.157050
7.172425
7.190425
7.217800
7.234425
7.271075
7.319500
7.337900
7.363975
7.381600
7.393525
7.405325
7.419450
7.429650
7.438725
7.454225
7.468775
7.474600
7.503500
7.509450
7.516050
7.529950
7.537575
7.577525
7.590750
7.607750
7.624975
7.659850
7.673275
7.683400
7.694375
7.735800
7.778525
7.801400
7.839825
7.859425
7.879875
7.916725
7.941075
7.960275
7.978250
8.008025
8.024450
8.041000
8.067425
8.084100
8.090625
8.099850
8.112300
8.123550
8.139500
8.155850
8.175225
8.192600
8.213000
8.235500
8.259000
8.277900
8.295625
8.306400
8.317125
8.332200
8.343175
8.372700
8.408900
8.455525
8.468550
8.485725
8.510875
8.526450
8.547825
8.571275
8.593875
8.610125
8.653075
8.674175
8.705625
8.719325
8.730175
8.774225
8.796375
8.806575
8.815300
8.824400
8.832225
8.839775
8.849625
8.861225
8.909975
8.919925
8.934025
8.945350
8.953625
8.964950
8.971425
8.984850
8.998600
9.008325
9.020900
9.027275
9.033000
9.039000
9.042175
9.055800
9.062150
9.069825
9.074200
9.084850
9.104525
9.109600
9.122050
9.128150
9.139500
9.143775
9.148100
9.151700
9.155725
9.168700
9.180575
9.190750
9.195675
9.213275
9.222950
9.227250
9.249575
9.261925
9.266550
9.270900
9.288150
9.296450
9.299375
9.308150
9.320850
9.339825
9.343725
9.347275
9.386900
9.392050
9.395975
9.400550
9.410700
9.429650
9.438900
9.453325
9.461200
9.478775
9.482775
9.486375
9.499225
9.509250
9.542375
9.546475
9.550275
9.592200
9.614075
9.624600
9.649425
9.669825
9.749925
9.778825
9.794450
9.807600
9.822350
9.834100
9.849525
9.859925
9.877175
9.890050
9.894700
9.930375
9.937775
9.957100
9.964400
9.975525
9.999175
10.013100
10.049350
10.064275
10.082800
10.101050
10.115975
10.135950
10.148275
10.168975
10.185125
10.206675
10.223150
10.239500
10.265500
10.276325
10.289100
10.296825
10.303075
10.310550
10.319500
10.329600
10.340400
10.351175
10.387225
10.419950
10.441025
10.455950
10.475875
10.488500
10.504125
10.525475
10.545350
10.563350
10.584100
10.599275
10.625600
10.638700
10.649100
10.661550
10.675000
10.688675
10.722700
10.744425
10.757975
10.787875
10.803800
10.832875
10.861400
10.879825
10.898600
10.920950
10.943275
10.958875
10.980925
10.999350
11.021300
11.036950
11.054375
11.076050
11.091925
11.111925
11.129850
11.150850
11.169100
11.207950
11.250950
11.281700
11.296350
11.314500
11.360950
11.384050
11.419825
11.439250
11.455850
11.497725
11.535175
11.576975
11.596575
11.601750
11.608425
11.614775
11.650450
11.670975
11.689250
11.703200
11.733175
11.780125
11.794450
11.820525
11.838000
11.855800
11.895375
11.906750
11.919275
11.933250
11.961550
11.975750
12.005475
12.018425
12.035200
12.041925
12.047675
12.064750
12.078125
12.082700
12.086050
12.089950
12.099225
12.111600
12.119550
12.125600
12.144600
12.159750
12.170225
12.190875
12.204225
12.220125
12.253675
12.273275
12.293450
12.314500
12.328075
12.347800
12.367250
12.384925
12.408675
12.427950
12.450425
12.491775
12.513400
12.540550
12.565275
12.599475
12.612275
12.622025
12.636200
12.645600
12.655550
12.695175
12.708125
12.729300
12.747350
12.761850
12.792825
12.807675
12.858975
12.877650
12.902050
12.923650
12.942175
12.969000
12.984150
13.000625
13.011075
13.040475
13.054925
13.077425
13.093275
13.111575
13.128850
13.148900
13.162475
13.177550
13.186275
13.214650
13.218400
13.223400
13.233075
13.241975
13.263975
13.276725
13.282175
13.292650
13.299250
13.304600
13.315625
13.333900
13.345150
13.360450
13.371325
13.384375
13.419950
13.475250
13.490025
13.511125
13.530750
13.551725
13.569375
13.588425
13.605525
13.625325
13.646600
13.664575
13.688500
13.707525
13.729050
13.744725
13.761125
13.775650
13.812300
13.822900
13.837050
13.843825
13.862900
13.872525
13.883250
13.895850
13.904050
13.908050
13.912575
13.920950
13.924625
13.932000
13.953650
13.973900
13.981350
13.990425
14.024075
14.030000
14.040275
14.049275
14.060000
14.079075
14.088900
14.100975
14.111525
14.116025
14.163650
14.170850
14.176175
14.181875
14.194425
14.221275
14.229350
14.245950
14.255325
14.263150
14.276700
14.289225
14.302175
14.317600
14.329350
14.359100
14.375150
14.389350
14.400075
14.430925
14.438475
14.449625
14.495525
14.501450
14.519800
14.525775
14.531350
14.573625
14.588100
14.600075
14.611475
14.650550
14.669900
14.688675
14.705425
14.736050
14.752850
14.771275
14.788175
14.805950
14.842225
14.882250
14.904150
14.923975
14.943125
14.967250
15.013525
15.027875
15.042250
15.059000
15.087825
15.106575
15.116175
15.137650
15.141625
15.156175
15.161075
15.190550
15.199000
15.209025
15.232075
15.268150
15.282025
15.302450
15.316525
15.337650
15.357925
15.373075
15.388050
15.409825
15.451850
15.469350
15.490450
15.505225
15.524700
15.535425
15.545275
15.560325
15.578775
15.599175
15.618925
15.641025
15.677550
15.699925
15.719250
15.772900
15.801850
15.826050
15.845525
15.868000
15.887825
15.912775
15.922600
15.928100
15.933050
15.940525
15.950950
15.959650
15.963200
15.981100
15.990000
16.007850
16.026075
16.031625
16.039525
16.046650
16.067925
16.084100
16.115275
16.158250
16.185450
16.206300
16.225750
16.260275
16.277375
16.301350
16.319675
16.332675
16.391550
16.406025
16.428225
16.444625
16.457400
16.477600
16.497275
16.514150
16.554225
16.572450
16.595475
16.621075
16.654075
16.675975
16.697325
16.721825
16.741950
16.762100
16.779050
16.798975
16.817900
16.834600
16.858050
16.870600
16.894050
16.915300
16.933975
16.950775
16.952775
16.974625
16.988400
17.015050
17.025500
17.069075
17.075550
17.084125
17.103025
17.124000
17.148475
17.162550
17.180125
17.191275
17.209150
17.234675
17.259050
17.283625
17.306875
17.331300
17.343650
17.364350
17.380925
17.394150
17.408000
17.422725
17.433475
17.445950
17.471100
17.481950
17.507775
17.525350
17.547450
17.569475
17.589000
17.605075
17.625425
17.662100
17.710550
17.732325
17.750225
17.786000
17.815025
17.829450
17.838350
17.849175
17.861825
17.872950
17.883225
17.897500
17.921800
17.934375
17.944750
17.954625
17.959800
17.977750
17.999625
18.009775
18.018725
18.039075
18.048125
18.058300
18.087150
18.122225
18.138150
18.154650
18.168225
18.183100
18.196550
18.212625
18.236825
18.256250
18.272600
18.290375
18.308775
18.325975
18.342450
18.359800
18.374900
18.386825
18.403625
18.429500
18.453775
18.483675
18.508175
18.524175
18.545475
18.557050
18.572975
18.589650
18.612775
18.635250
18.654975
18.669400
18.696025
18.715075
18.730075
18.741400
18.755350
18.766150
18.782600
18.798375
18.811025
18.823525
18.834125
18.850425
18.863075
18.878675
18.895875
18.927775
18.940775
18.959350
18.973850
18.997950
19.013725
19.030650
19.052825
19.071150
19.092875
19.115350
19.131650
19.150800
19.176900
19.196850
19.214525
19.233350
19.250275
19.260600
19.290700
19.312525
19.321650
19.330400
19.339000
19.351175
19.370925
19.389650
19.408850
19.425825
19.448175
19.478725
19.503275
19.543350
19.566450
19.609875
19.634025
19.657925
19.678025
19.698675
19.714300
19.731700
19.805125
19.830000
19.847575
19.886025
19.936125
19.966100
19.984500
20.008100
20.028150
20.043175
20.064375
20.088150
20.118500
20.138725
20.167350
20.173825
20.179825
20.187825
20.191225
20.204500
20.225925
20.230150
20.235475
20.242375
20.248800
20.254150
20.261125
20.267200
20.272225
20.278800
20.294250
20.300400
20.313025
20.321625
20.328450
20.342375
20.395350
20.435975
20.457450
20.475500
20.490075
20.500825
20.517400
20.537950
20.554100
20.572250
20.587825
20.604800
20.624300
20.641525
20.673750
20.702525
20.718200
20.730075
20.763725
20.771100
20.776075
20.781750
20.792450
20.799375
20.803500
20.807050
20.814175
20.818150
20.825400
20.831525
20.836200
20.844825
20.853375
20.858600
20.863725
20.896525
20.903450
20.912125
20.929850
20.952325
20.965075
20.972925
20.984075
20.994775
21.011575
21.024250
21.038750
21.055800
21.077975
21.097250
21.138200
21.154900
21.174000
21.189650
21.203750
21.216925
21.232900
21.246800
21.257325
21.275025
21.288050
21.304900
21.318725
21.329050
21.336975
21.345400
21.351825
21.370375
21.383000
21.403625
21.414025
21.426675
21.441025
21.458800
21.479025
21.502400
21.519900
21.539300
21.556725
21.574600
21.594275
21.631325
21.648100
21.664225
21.682075
21.697775
21.719000
21.745450
21.764425
21.781100
21.811825
21.838275
21.851175
21.859175
21.868425
21.876825
21.884850
21.891125
21.899475
21.909575
21.929700
21.944325
21.954250
21.966800
21.983675
21.998725
22.015550
22.028625
22.043550
22.059550
22.077500
22.092125
22.113625
22.137150
22.159050
22.177525
22.196225
22.212850
22.238225
22.267500
22.287075
22.310950
22.327700
22.354275
22.374525
22.426825
22.453925
22.494600
22.514975
22.542700
22.566250
22.601250
22.630250
22.655300
22.670850
22.691050
22.720875
22.743925
22.767650
22.820950
22.888675
22.914650
22.926250
22.948775
22.977875
23.031200
23.052800
23.074900
23.098850
23.128700
23.166175
23.175250
23.183075
23.188650
23.195925
23.201575
23.207750
23.216675
23.225400
23.236625
23.271050
23.285500
23.302975
23.313450
23.341625
23.381125
23.392000
23.412425
23.427075
23.445975
23.464875
23.485700
23.505025
23.528975
23.570900
23.587725
23.601850
23.617475
23.629825
23.646750
23.669150
23.681700
23.695225
23.717400
23.729100
23.742675
23.759550
23.777325
23.792000
23.802225
23.819850
23.841625
23.855775
23.880050
23.892400
23.902275
23.942600
23.980550
23.998025
24.015650
24.032550
24.048000
24.068825
24.085250
24.103275
24.124225
24.143575
24.159825
24.177625
24.200550
24.217325
24.229625
24.240850
24.254600
24.265150
24.277925
24.287150
24.297575
24.313175
24.319725
24.331825
24.351625
24.357350
24.367775
24.382025
24.392300
24.399475
24.415700
24.421300
24.430650
24.437925
24.445825
24.455175
24.474950
24.501875
24.520125
24.535125
24.551550
24.571550
24.617850
24.633650
24.651125
24.669200
24.681750
24.694050
24.704850
24.728825
24.749050
24.797600
24.804925
24.812175
24.818275
24.824425
24.831325
24.839775
24.846350
24.868275
24.883475
24.892800
24.978675
24.987050
24.995925
25.006425
25.015475
25.024750
25.036325
25.056375
25.071750
25.083700
25.099350
25.117225
25.132400
25.149775
25.165950
25.189575
25.211200
25.233750
25.254925
25.266700
25.290125
25.305825
25.321425
25.341425
25.361225
25.384750
25.402150
25.419450
25.431875
25.443800
25.478975
25.498875
25.518725
25.543025
25.557775
25.581650
25.600725
25.620025
25.639000
25.656975
25.672800
25.700500
25.715700
25.730150
25.762100
25.775150
25.789875
25.851075
25.863800
25.878450
25.895575
25.904450
25.917125
25.925200
25.939400
25.954475
25.973450
25.991500
26.033875
26.055150
26.079050
26.103000
26.125400
26.144100
26.160325
26.174950
26.187100
26.205300
26.219575
26.229625
26.253475
26.263250
26.284425
26.292325
26.303175
26.309375
26.321050
26.329575
26.345775
26.366100
26.380975
26.424600
26.437300
26.448425
26.458800
26.472650
26.490550
26.529575
26.552450
26.567350
26.587125
26.599325
26.616750
26.635225
26.660725
26.713825
26.728025
26.776450
26.789225
26.801450
26.815850
26.828900
26.876700
26.895350
26.915400
26.929775
26.947475
26.961875
26.973400
26.988550
27.038025
27.052875
27.068050
27.095200
27.108225
27.132775
27.145875
27.153300
27.160975
27.166575
27.171625
27.176600
27.190050
27.193850
27.201825
27.208350
27.214550
27.230800
27.239025
27.254325
27.257300
27.282175
27.286300
27.294000
27.302850
27.311400
27.324700
27.342225
27.354225
27.417725
27.423925
27.439350
27.453400
27.460050
27.468875
27.487900
27.495400
27.503600
27.513025
27.541725
27.567475
27.588575
27.599850
27.618975
27.691600
27.710650
27.722825
27.739300
27.756025
27.776250
27.797250
27.809775
27.821150
27.846075
27.860225
27.884075
27.893400
27.900150
27.907150
27.918575
27.926900
27.939175
27.951625
27.960275
27.970050
27.979350
27.989550
28.023350
28.037825
28.050650
28.068750
28.079275
28.091150
28.100650
28.113275
28.128325
28.148200
28.193525
28.213825
28.228200
28.260125
28.275975
28.289775
28.299175
28.313125
28.329325
28.343325
28.368550
28.390875
28.412675
28.428600
28.472300
28.488500
28.506150
28.522025
28.577575
28.601525
28.647400
28.669300
28.692350
28.716150
28.738800
28.757450
28.778100
28.804900
28.824975
28.841875
28.856650
28.868025
28.878900
28.941275
28.971450
28.978225
28.984375
29.000075
29.025900
29.033500
29.059500
29.071550
29.084900
29.092750
29.105225
29.119125
29.136775
29.150400
29.165300
29.184850
29.216500
29.229375
29.243550
29.259275
29.273625
29.292575
29.303600
29.319450
29.337100
29.350225
29.366625
29.384050
29.393850
29.406000
29.419025
29.426875
29.440625
29.446475
29.454100
29.459550
29.476325
29.496800
29.507875
29.519675
29.536325
29.550375
29.567950
29.582275
29.594675
29.606075
29.617175
29.629850
29.645025
29.658825
29.705875
29.730125
29.755925
29.777400
29.796350
29.817175
29.837775
29.857975
29.883350
29.904100
29.929250
29.958775
29.989800
