0.025300
0.099475
0.110650
0.118575
0.130575
0.160200
0.187600
0.207975
0.232300
0.263800
0.288500
0.311475
0.345550
0.379050
0.412800
0.435200
0.459175
0.495800
0.535350
0.581325
0.623600
0.678525
0.721300
0.747600
0.775900
0.798800
0.830575
0.860600
0.892625
0.914775
0.950575
1.011300
1.053200
1.070000
1.107275
1.127375
1.141150
1.161700
1.197275
1.232825
1.257775
1.289475
1.321050
1.347675
1.402625
1.444475
1.478125
1.511600
1.545775
1.578775
1.628250
1.663475
1.709275
1.751050
1.796050
1.823150
1.868150
1.897750
1.911350
1.928700
1.945050
1.968675
1.998600
2.029100
2.072200
2.130025
2.168350
2.191525
2.243875
2.296825
2.331550
2.360100
2.400800
2.431575
2.460175
2.496525
2.543525
2.584775
2.622725
2.641600
2.663275
2.689675
2.724075
2.755400
2.792900
2.842975
2.864475
2.919950
2.944550
2.952250
2.964900
2.973800
2.995925
3.014900
3.035525
3.054725
3.079375
3.108525
3.139400
3.179425
3.203325
3.230800
3.252375
3.282800
3.297400
3.316300
3.340550
3.370725
3.392350
3.420675
3.439250
3.474800
3.512825
3.543825
3.572575
3.606225
3.632700
3.661325
3.694250
3.723725
3.753950
3.786200
3.825850
3.860575
3.899450
3.960875
3.994800
4.018275
4.066125
4.100700
4.148725
4.180750
4.219125
4.270800
4.296875
4.356475
4.388875
4.447975
4.481325
4.518000
4.557175
4.584275
4.628700
4.651775
4.675125
4.716925
4.739375
4.760500
4.794300
4.818200
4.843300
4.882100
4.909375
4.952950
4.988825
5.023625
5.074325
5.119150
5.156450
5.197975
5.228075
5.265425
5.310800
5.334575
5.358925
5.400175
5.445675
5.480200
5.522475
5.557225
5.597625
5.634825
5.682100
5.698625
5.753775
5.795975
5.827125
5.875250
5.919450
5.939175
5.967275
6.005875
6.031500
6.049075
6.092775
6.130175
6.165800
6.194650
6.224025
6.271050
6.297225
6.329325
6.352925
6.389900
6.438625
6.485550
6.566650
6.598275
6.621450
6.651375
6.686675
6.721800
6.766400
6.786775
6.824225
6.875825
6.903050
6.930900
6.949000
6.981025
7.004850
7.034225
7.077025
7.115775
7.144450
7.162200
7.186400
7.208025
7.233175
7.250450
7.290450
7.318575
7.363250
7.409875
7.451100
7.471900
7.489750
7.500200
7.521325
7.554550
7.576550
7.604150
7.636625
7.677025
7.701450
7.735150
7.771100
7.814925
7.884950
7.912875
7.930525
7.960150
7.981425
8.006425
8.034800
8.056375
8.078000
8.114500
8.142625
8.168250
8.195500
8.233175
8.259400
8.275350
8.299400
8.317150
8.337175
8.360000
8.381600
8.398475
8.413625
8.426975
8.442625
8.464050
8.485725
8.508675
8.553025
8.578375
8.625975
8.658750
8.685450
8.725950
8.752900
8.772875
8.797225
8.821650
8.852150
8.879175
8.910825
8.938950
8.965000
8.991275
9.025625
9.058650
9.083450
9.139175
9.175325
9.204225
9.232675
9.257400
9.283050
9.297000
9.323350
9.351975
9.387200
9.412450
9.433625
9.466925
9.494100
9.523275
9.564150
9.571975
9.595200
9.616150
9.649550
9.688175
9.728700
9.761350
9.785200
9.826200
9.882400
9.906375
9.922850
9.947925
9.976725
10.000625
10.024600
10.049475
10.089650
10.111625
10.149025
10.210625
10.277650
10.300475
10.305325
10.328950
10.358350
10.378625
10.444375
10.484875
10.515100
10.549175
10.592900
10.629925
10.674075
10.706475
10.743200
10.793825
10.835325
10.876900
10.926075
10.992900
11.025300
11.059325
11.104150
11.137475
11.174000
11.214975
11.242650
11.280225
11.323725
11.357150
11.387800
11.428175
11.466800
11.493175
11.516875
11.546675
11.582550
11.618850
11.639225
11.674275
11.712150
11.747650
11.797600
11.835725
11.867925
11.899750
11.939100
11.962875
11.993900
12.019800
12.034800
12.067550
12.099175
12.127725
12.184075
12.220675
12.254125
12.273850
12.306125
12.347225
12.380350
12.412200
12.443175
12.477550
12.501825
12.545475
12.603425
12.650275
12.685850
12.715475
12.748825
12.775000
12.804200
12.828525
12.854350
12.875850
12.898600
12.926250
12.962100
12.988575
13.016850
13.043200
13.070500
13.089700
13.108550
13.137525
13.164500
13.180325
13.204825
13.230900
13.254675
13.293150
13.315950
13.339300
13.385125
13.414275
13.432500
13.462525
13.495725
13.521475
13.547400
13.594500
13.620775
13.663200
13.684025
13.729350
13.770475
13.789875
13.822650
13.842675
13.867675
13.892100
13.910375
13.926400
13.942475
13.958450
13.989450
14.006900
14.041925
14.064150
14.089150
14.109600
14.132575
14.176875
14.202650
14.269475
14.292150
14.319450
14.343300
14.364725
14.383250
14.430600
14.451825
14.501875
14.517825
14.544525
14.571950
14.608525
14.633150
14.660675
14.687700
14.760550
14.789025
14.815450
14.838825
14.858900
14.884950
14.904200
14.943425
15.037825
15.086475
15.135875
15.181300
15.198750
15.226350
15.257950
15.294925
15.366100
15.383575
15.426650
15.460825
15.485275
15.527875
15.558500
15.603300
15.624425
15.658375
15.683400
15.713175
15.735300
15.766625
15.802300
15.832300
15.854475
15.880775
15.902875
15.928900
15.967325
15.988525
16.010925
16.037575
16.061500
16.092375
16.127650
16.156100
16.192625
16.221625
16.250425
16.305000
16.333775
16.420100
16.476975
16.555875
16.582000
16.600425
16.636550
16.678150
16.717125
16.770250
16.785300
16.804425
16.832600
16.854400
16.879750
16.912750
16.938250
16.972725
16.997850
17.020450
17.039100
17.123275
17.150750
17.213125
17.265850
17.302950
17.383825
17.408825
17.444975
17.476975
17.513525
17.558150
17.580850
17.612400
17.632900
17.684600
17.708100
17.731625
17.760575
17.780800
17.799925
17.825375
17.869725
17.907075
17.944275
17.974075
18.009675
18.042125
18.072525
18.098175
18.119950
18.139500
18.169500
18.192350
18.210125
18.252625
18.278325
18.309525
18.339500
18.376625
18.416975
18.466900
18.509450
18.544450
18.592250
18.618475
18.645725
18.670225
18.696575
18.730125
18.751775
18.810700
18.836725
18.868675
18.907525
18.942375
18.971750
19.016625
19.043700
19.078600
19.107500
19.141550
19.161750
19.179275
19.201025
19.219400
19.260900
19.282775
19.314775
19.381175
19.413050
19.446875
19.484100
19.509750
19.547275
19.578500
19.610075
19.655950
19.676125
19.706700
19.725950
19.771925
19.810850
19.821250
19.836200
19.896725
19.930825
19.948600
19.984650
20.016275
20.044675
20.076700
20.099250
20.124100
20.153900
20.187625
20.212200
20.243900
20.276250
20.300400
20.368325
20.394125
20.452000
20.494000
20.536700
20.559900
20.596850
20.633600
20.665950
20.715925
20.791175
20.834900
20.892625
20.913000
20.939750
20.984800
21.003275
21.022625
21.050325
21.075025
21.097075
21.119325
21.138850
21.190125
21.211225
21.237550
21.271200
21.304675
21.333700
21.354500
21.371150
21.389375
21.409225
21.431850
21.453275
21.473150
21.519925
21.536550
21.551650
21.563400
21.600300
21.640175
21.655725
21.709225
21.733375
21.754025
21.773475
21.804400
21.840875
21.886925
21.916825
21.946400
21.973250
22.006625
22.040225
22.068525
22.096925
22.139275
22.155875
22.193250
22.231850
22.251950
22.315175
22.347275
22.377175
22.408700
22.434375
22.485700
22.531650
22.564200
22.612625
22.637500
22.656225
22.687375
22.708500
22.808900
22.824075
22.846900
22.921025
22.955150
22.980075
22.990575
23.047400
23.070600
23.121175
23.149850
23.182750
23.209525
23.231200
23.266325
23.299900
23.320150
23.347575
23.404300
23.419200
23.445100
23.465675
23.488975
23.518175
23.552000
23.575625
23.626700
23.657800
23.704225
23.726325
23.748075
23.773525
23.803000
23.836250
23.865675
23.926325
23.960350
23.992575
24.020250
24.063200
24.090825
24.114675
24.137300
24.161500
24.198125
24.223575
24.268650
24.288050
24.311450
24.324775
24.370825
24.397275
24.421625
24.452200
24.481700
24.521125
24.544225
24.602425
24.642025
24.660450
24.682100
24.701575
24.722725
24.742375
24.768625
24.801550
24.827050
24.893025
24.934750
24.963850
25.019125
25.054150
25.080675
25.162300
25.221175
25.252475
25.298750
25.322575
25.355200
25.372625
25.389600
25.432475
25.454025
25.534400
25.590700
25.610275
25.628425
25.680200
25.720850
25.750675
25.781650
25.807800
25.832000
25.861175
25.917725
25.962275
26.031500
26.061725
26.101625
26.133850
26.164600
26.199825
26.234225
26.265800
26.287525
26.316850
26.378775
26.411625
26.455450
26.535575
26.564575
26.583025
26.598750
26.623075
26.652875
26.677700
26.713675
26.742800
26.779500
26.799825
26.861500
26.937775
26.975400
27.008450
27.026475
27.054800
27.071600
27.095775
27.124350
27.149100
27.183275
27.201750
27.222000
27.307375
27.353575
27.356300
27.382625
27.452700
27.493775
27.518875
27.534275
27.560275
27.577400
27.593675
27.615975
27.728975
27.753125
27.786250
27.851650
27.873125
27.921550
27.939400
27.948575
28.015300
28.038925
28.057075
28.085175
28.113450
28.136000
28.151850
28.198575
28.222900
28.240350
28.286825
28.313400
28.333975
28.371025
28.392475
28.409350
28.440600
28.462775
28.487000
28.546525
28.560175
28.580900
28.599475
28.615825
28.638700
28.663625
28.714375
28.764150
28.821875
28.845300
28.882525
28.914425
28.969075
28.996325
29.030050
29.048550
29.061950
29.129550
29.148150
29.170100
29.204450
29.240275
29.305350
29.329850
29.348375
29.365075
29.389225
29.411600
29.453025
29.470275
29.568275
29.615925
29.652125
29.671525
29.708050
29.737075
29.758275
29.778125
29.818925
29.937150
