0.014525
0.023050
0.034050
0.052000
0.059475
0.092950
0.105525
0.120600
0.131750
0.144275
0.158275
0.167800
0.181225
0.189450
0.200025
0.214000
0.222775
0.237000
0.278250
0.296700
0.328275
0.349350
0.367400
0.385700
0.405175
0.423425
0.438675
0.459325
0.473875
0.492975
0.514825
0.528525
0.544000
0.561250
0.570700
0.586050
0.598775
0.614625
0.630500
0.650075
0.661925
0.671625
0.679825
0.691025
0.701600
0.711125
0.722175
0.729125
0.742475
0.753750
0.765200
0.773600
0.801600
0.815225
0.825650
0.840800
0.854175
0.862325
0.890675
0.914150
0.925500
0.934325
0.946500
0.959525
0.975000
0.989025
0.999475
1.047600
1.073225
1.086950
1.111425
1.140450
1.176475
1.189950
1.201325
1.213100
1.228550
1.240500
1.252575
1.265175
1.275850
1.299200
1.314125
1.325900
1.350625
1.368075
1.380775
1.399450
1.411650
1.438250
1.453525
1.476500
1.483425
1.492975
1.499650
1.507000
1.515050
1.529225
1.538850
1.547700
1.558800
1.566900
1.586525
1.594475
1.603450
1.612100
1.624925
1.647175
1.666950
1.683500
1.711725
1.721000
1.752350
1.769400
1.781650
1.802025
1.811375
1.829550
1.844800
1.861050
1.874250
1.909575
1.924625
1.942325
1.958425
1.971650
1.991325
2.006250
2.023975
2.035200
2.043675
2.072575
2.085850
2.097200
2.110575
2.123550
2.141575
2.165550
2.181250
2.193875
2.215300
2.233400
2.244775
2.259225
2.277325
2.292450
2.309050
2.326200
2.342600
2.353975
2.362925
2.369375
2.377800
2.385800
2.392425
2.400425
2.411300
2.421300
2.429375
2.438925
2.453475
2.465750
2.478800
2.494325
2.508225
2.520800
2.538250
2.551575
2.570500
2.584450
2.597550
2.617650
2.632150
2.654800
2.674575
2.696125
2.710700
2.736750
2.759875
2.780400
2.794400
2.821525
2.836650
2.845375
2.851425
2.869325
2.879675
2.888500
2.908025
2.917550
2.929950
2.943450
2.955575
2.964025
2.975575
2.988200
3.000325
3.012650
3.038350
3.051600
3.073775
3.085750
3.098950
3.115700
3.130750
3.144775
3.162500
3.176350
3.192475
3.209675
3.229275
3.250975
3.284950
3.305300
3.318900
3.334125
3.355175
3.370125
3.382175
3.396350
3.411500
3.423675
3.440425
3.451300
3.468475
3.476350
3.482925
3.504725
3.513250
3.518825
3.530925
3.539725
3.552575
3.563975
3.585250
3.598200
3.608650
3.626050
3.647025
3.659150
3.679475
3.693675
3.716475
3.735450
3.767250
3.783500
3.791600
3.803825
3.822150
3.830050
3.837650
3.861075
3.901550
3.911600
3.921425
3.968775
4.009250
4.020525
4.035075
4.051725
4.065225
4.091700
4.117325
4.135575
4.152775
4.164225
4.172700
4.190525
4.215075
4.221500
4.230050
4.236475
4.270325
4.277650
4.288200
4.294900
4.307300
4.323650
4.330225
4.343325
4.349425
4.364700
4.384425
4.399625
4.410450
4.424000
4.434125
4.443525
4.459175
4.472775
4.484125
4.500525
4.525050
4.549975
4.563300
4.571825
4.583250
4.605200
4.613025
4.623750
4.638625
4.663525
4.684750
4.694000
4.710100
4.734800
4.754425
4.778500
4.790225
4.809825
4.824575
4.835325
4.843650
4.852900
4.856075
4.867175
4.886175
4.893975
4.903675
4.909575
4.914625
4.920400
4.930450
4.940825
4.959675
4.979050
5.013825
5.022775
5.055675
5.081775
5.099975
5.124175
5.141650
5.155700
5.172500
5.192025
5.208325
5.219325
5.235675
5.249300
5.267100
5.272500
5.278175
5.294525
5.316275
5.349600
5.365275
5.379275
5.397575
5.409575
5.422675
5.485775
5.506300
5.533500
5.559525
5.578050
5.597125
5.611850
5.618925
5.640425
5.657050
5.672150
5.692725
5.704700
5.712275
5.723600
5.732225
5.740075
5.755625
5.765450
5.777200
5.791125
5.832475
5.842675
5.873475
5.885825
5.898400
5.924800
5.946900
5.968325
5.995050
6.018550
6.046525
6.070950
6.084275
6.101975
6.110675
6.136525
6.148875
6.160350
6.191950
6.199075
6.210825
6.223975
6.228950
6.241975
6.251325
6.262125
6.269450
6.290825
6.303625
6.313775
6.337275
6.358200
6.399875
6.417700
6.436650
6.455775
6.471300
6.483500
6.498225
6.509450
6.532975
6.549450
6.579800
6.596775
6.613525
6.623425
6.635700
6.649250
6.663850
6.673950
6.684725
6.696550
6.704250
6.711800
6.717325
6.724925
6.732825
6.741450
6.754750
6.765450
6.775825
6.821775
6.862025
6.882975
6.905725
6.927350
6.948575
6.964775
6.979325
6.999825
7.018600
7.037575
7.052800
7.074000
7.080525
7.088375
7.096800
7.103250
7.111475
7.127750
7.179850
7.195350
7.212550
7.227325
7.246625
7.265525
7.277850
7.296250
7.313625
7.334425
7.352200
7.367675
7.383875
7.398175
7.411675
7.428325
7.441450
7.448250
7.457075
7.473950
7.485625
7.501825
7.518550
7.541200
7.559900
7.570075
7.577525
7.586175
7.599675
7.610050
7.624600
7.643075
7.654900
7.675575
7.689175
7.696225
7.715400
7.732400
7.752600
7.769975
7.784900
7.803275
7.824350
7.840900
7.854425
7.872800
7.891275
7.908650
7.924900
7.945000
7.959525
7.968200
7.980900
7.991625
8.002400
8.015800
8.026200
8.056250
8.076800
8.093425
8.109575
8.127275
8.141275
8.167600
8.201275
8.235825
8.259000
8.276000
8.291975
8.305775
8.316275
8.320150
8.329800
8.336050
8.340600
8.344050
8.351800
8.370100
8.384250
8.410075
8.419325
8.431150
8.440600
8.465975
8.482100
8.491925
8.511550
8.524725
8.537450
8.545725
8.562925
8.579900
8.591750
8.601525
8.614450
8.622500
8.629400
8.644225
8.664600
8.683650
8.692375
8.719675
8.750600
8.772175
8.790175
8.797225
8.812675
8.831375
8.851750
8.868675
8.906575
8.930450
8.946675
8.976750
8.993675
9.015425
9.029200
9.049150
9.075050
9.092925
9.115575
9.131450
9.142775
9.157150
9.169250
9.175575
9.187925
9.196400
9.207275
9.219325
9.226450
9.236400
9.245225
9.256850
9.263675
9.274750
9.279400
9.302900
9.315500
9.324100
9.337950
9.377400
9.406675
9.422450
9.440475
9.458550
9.475100
9.483625
9.505600
9.521900
9.545725
9.552425
9.557075
9.585450
9.611200
9.626100
9.656400
9.675400
9.693875
9.701150
9.716475
9.727400
9.739200
9.753700
9.761700
9.780850
9.794100
9.809625
9.823875
9.836975
9.853850
9.871850
9.894075
9.909500
9.927450
9.939525
9.948975
9.962425
9.982200
10.005400
10.024575
10.046900
10.070925
10.085525
10.099400
10.108250
10.120200
10.126925
10.133750
10.143875
10.163500
10.185700
10.203575
10.219075
10.233075
10.249725
10.266825
10.284475
10.303750
10.323200
10.336975
10.362450
10.379900
10.406825
10.418900
10.434225
10.452550
10.471325
10.488375
10.512450
10.540900
10.553250
10.578400
10.596775
10.615300
10.629750
10.647350
10.682700
10.694850
10.705700
10.713200
10.723900
10.728575
10.735925
10.745500
10.760400
10.780675
10.790575
10.804900
10.816325
10.840175
10.853925
10.859775
10.871300
10.877550
10.884375
10.888600
10.899200
10.915000
10.921450
10.926050
10.930725
10.940000
10.952750
10.962850
10.977150
10.992900
11.003050
11.033350
11.045275
11.056300
11.063000
11.080350
11.097850
11.136425
11.150275
11.160275
11.167975
11.183950
11.187200
11.192900
11.198375
11.209825
11.230850
11.237425
11.248525
11.266275
11.273500
11.286075
11.300750
11.312025
11.326075
11.339700
11.353175
11.366125
11.377375
11.400250
11.412500
11.419600
11.432225
11.444200
11.458175
11.466225
11.475850
11.482300
11.489825
11.496650
11.503475
11.510775
11.521775
11.540225
11.543300
11.608900
11.641175
11.660700
11.680225
11.699750
11.707600
11.725250
11.741075
11.754675
11.775600
11.788650
11.805375
11.820850
11.833450
11.845025
11.861100
11.864950
11.874400
11.879700
11.883850
11.892450
11.902575
11.929525
11.947475
11.979675
11.989050
12.027100
12.036775
12.057175
12.077650
12.094325
12.116675
12.133150
12.150950
12.174550
12.184250
12.199750
12.214700
12.223650
12.238800
12.255850
12.267975
12.282075
12.297275
12.307050
12.316800
12.338275
12.359375
12.373025
12.383750
12.393825
12.438900
12.449875
12.468875
12.487075
12.498925
12.528625
12.579350
12.591175
12.598775
12.605525
12.633475
12.646000
12.668525
12.680825
12.699375
12.709225
12.722825
12.732125
12.764050
12.778100
12.787975
12.804750
12.815150
12.831225
12.841650
12.875400
12.887350
12.916850
12.939150
12.953775
12.967325
12.986900
13.001975
13.017650
13.027825
13.038800
13.048625
13.059600
13.072800
13.080225
13.085650
13.094950
13.099125
13.108750
13.114500
13.120600
13.178300
13.205650
13.217700
13.259325
13.268550
13.284225
13.303325
13.347925
13.368925
13.384800
13.398425
13.406450
13.422325
13.433675
13.439225
13.446550
13.453850
13.467975
13.478550
13.492225
13.503475
13.520250
13.549275
13.565575
13.578075
13.593250
13.608150
13.625200
13.638425
13.650550
13.664575
13.700925
13.724500
13.768450
13.789350
13.814150
13.826400
13.833725
13.843625
13.855625
13.860125
13.883050
13.898825
13.905950
13.933075
13.941175
13.947950
13.989225
13.994825
14.020350
14.034175
14.046975
14.058475
14.065475
14.089125
14.113200
14.118200
14.129350
14.143925
14.156625
14.170275
14.182725
14.195550
14.210775
14.224200
14.254350
14.262300
14.276725
14.298400
14.312200
14.328550
14.342100
14.349600
14.368100
14.383400
14.393175
14.409825
14.423600
14.439825
14.454125
14.470700
14.483425
14.504275
14.516975
14.542625
14.562025
14.584000
14.601075
14.620950
14.639150
14.650600
14.668925
14.693125
14.715025
14.737675
14.749550
14.765575
14.785700
14.799900
14.810625
14.818350
14.823150
14.829175
14.836300
14.843925
14.849900
14.854375
14.872775
14.886275
14.905275
14.947150
14.962250
14.976675
15.016250
15.039775
15.059500
15.081650
15.101050
15.112175
15.130325
15.155725
15.163800
15.172075
15.178525
15.184600
15.195175
15.218825
15.239075
15.255175
15.283025
15.301525
15.319100
15.336900
15.359300
15.378000
15.394225
15.409375
15.429100
15.444450
15.460575
15.471450
15.484575
15.491500
15.496000
15.503475
15.508450
15.518975
15.555275
15.566950
15.575375
15.621175
15.640900
15.654900
15.668475
15.684150
15.706675
15.725400
15.743425
15.766225
15.777325
15.785850
15.794475
15.799325
15.802975
15.810400
15.815525
15.832050
15.851950
15.882600
15.912675
15.925125
15.940150
15.956650
15.978300
15.989325
16.003450
16.036225
16.040975
16.043900
16.057350
16.060800
16.068200
16.078250
16.084100
16.093300
16.151200
16.158450
16.170775
16.203625
16.237575
16.250225
16.268700
16.282550
16.293975
16.304500
16.318525
16.331350
16.349600
16.361175
16.377850
16.394175
16.407650
16.421750
16.435700
16.454400
16.479000
16.493225
16.505750
16.516525
16.525625
16.529825
16.540150
16.544225
16.552925
16.574475
16.588700
16.604350
16.614925
16.628225
16.641400
16.656925
16.674850
16.690725
16.706700
16.725000
16.739850
16.759475
16.768650
16.781800
16.803675
16.832650
16.853400
16.870075
16.894750
16.910575
16.930600
16.952375
16.974750
17.002075
17.017300
17.032800
17.045250
17.059150
17.079025
17.101000
17.117650
17.136500
17.154225
17.176025
17.186325
17.203375
17.216400
17.232700
17.246650
17.259975
17.281400
17.302950
17.320500
17.337875
17.362425
17.381400
17.401775
17.428950
17.453950
17.472450
17.486525
17.521250
17.536325
17.553500
17.567200
17.585925
17.600850
17.620650
17.645925
17.672800
17.693900
17.721850
17.739325
17.753975
17.766450
17.782350
17.808650
17.827775
17.841450
17.862900
17.884875
17.904175
17.934300
17.947250
17.974225
17.987900
18.006550
18.023250
18.035575
18.047050
18.060775
18.071100
18.081075
18.092575
18.103100
18.116325
18.124600
18.139175
18.156575
18.174700
18.194800
18.216025
18.237775
18.258100
18.279175
18.294650
18.311400
18.321175
18.341850
18.357000
18.369800
18.384550
18.404975
18.422950
18.445725
18.468925
18.481275
18.495150
18.510300
18.522725
18.553425
18.565425
18.586675
18.608575
18.631400
18.644900
18.665550
18.682450
18.708500
18.735100
18.757000
18.797200
18.813675
18.831725
18.849800
18.869000
18.892250
18.909875
18.947275
18.959550
18.971950
18.984250
18.990900
19.004700
19.013575
19.027300
19.040050
19.056725
19.070575
19.082400
19.098075
19.128100
19.148550
19.168475
19.185600
19.194225
19.210350
19.229350
19.249125
19.262175
19.285825
19.300250
19.315100
19.324625
19.337900
19.368525
19.380375
19.397700
19.413400
19.429575
19.456250
19.466625
19.476225
19.491625
19.524500
19.538525
19.554650
19.571075
19.589850
19.611375
19.630625
19.650950
19.669750
19.689200
19.710350
19.731500
19.751925
19.772850
19.788975
19.814700
19.833775
19.852350
19.862800
19.875750
19.879750
19.890225
19.897100
19.904100
19.912100
19.923025
19.936600
19.950325
19.962725
19.978200
19.994250
20.024650
20.037150
20.053100
20.072025
20.087100
20.103825
20.124700
20.147775
20.164500
20.180775
20.190850
20.198075
20.214175
20.224550
20.236300
20.247700
20.263350
20.277275
20.304750
20.320975
20.337950
20.360850
20.379200
20.398850
20.414275
20.438100
20.462900
20.478925
20.498400
20.519325
20.532050
20.541600
20.553275
20.562775
20.570925
20.590075
20.597675
20.604300
20.625850
20.638625
20.651625
20.669225
20.679200
20.691950
20.707450
20.718850
20.737525
20.751600
20.766625
20.786775
20.803825
20.815375
20.829300
20.841050
20.858450
20.876075
20.887025
20.904500
20.927375
20.938350
20.953200
20.966125
20.977575
20.988350
20.994875
21.006025
21.017575
21.030675
21.045400
21.059750
21.075575
21.089875
21.105850
21.124325
21.153725
21.177100
21.194375
21.212100
21.230400
21.243975
21.258900
21.283250
21.297325
21.316525
21.339625
21.355775
21.392125
21.413025
21.428000
21.440900
21.456425
21.473475
21.487475
21.502475
21.523400
21.539400
21.561300
21.581375
21.605450
21.627150
21.646825
21.663150
21.691725
21.707400
21.733225
21.754250
21.767625
21.785250
21.806325
21.821975
21.838325
21.857100
21.877525
21.897700
21.916975
21.931725
21.945825
21.965300
21.984550
22.033450
22.051075
22.073150
22.085050
22.095225
22.110225
22.123375
22.145325
22.158525
22.186600
22.201375
22.219625
22.238475
22.265325
22.278400
22.298600
22.319825
22.334500
22.350675
22.368950
22.381750
22.392775
22.410825
22.442500
22.470200
22.486825
22.501300
22.515325
22.534250
22.545000
22.556650
22.566575
22.578625
22.587000
22.610675
22.627225
22.640275
22.656075
22.670025
22.682950
22.711500
22.724850
22.737225
22.750525
22.759825
22.770550
22.780825
22.790825
22.802000
22.811550
22.820425
22.848400
22.860225
22.870575
22.885350
22.897350
22.909725
22.921225
22.935400
22.949425
22.962125
22.974675
22.988950
23.020050
23.036950
23.062725
23.080550
23.095625
23.109425
23.133350
23.144650
23.160200
23.175100
23.182600
23.190850
23.200500
23.210975
23.221275
23.253850
23.262250
23.273400
23.286075
23.294175
23.306150
23.329200
23.333800
23.349825
23.354600
23.361925
23.372450
23.382400
23.386525
23.396200
23.436900
23.447875
23.462725
23.474350
23.494800
23.508900
23.527175
23.541125
23.554875
23.566525
23.580125
23.596200
23.608350
23.621475
23.631575
23.643350
23.650775
23.660600
23.672525
23.681025
23.698725
23.730025
23.736850
23.740550
23.752425
23.765975
23.776975
23.787850
23.800375
23.813200
23.830050
23.885475
23.900275
23.919325
23.933050
23.944100
23.961875
23.975500
23.990100
24.003725
24.018300
24.033475
24.050175
24.072800
24.086700
24.094700
24.104175
24.115950
24.128375
24.133500
24.138525
24.153825
24.160375
24.172700
24.203700
24.219250
24.229250
24.240350
24.257600
24.273650
24.287500
24.303850
24.322400
24.333750
24.348800
24.364300
24.385150
24.407650
24.415225
24.420375
24.426100
24.432750
24.437750
24.452275
24.462425
24.471175
24.500175
24.516750
24.537825
24.551700
24.581700
24.608100
24.620725
24.642775
24.660025
24.671225
24.682500
24.696475
24.707975
24.724425
24.740800
24.758225
24.769750
24.778325
24.791425
24.807500
24.826025
24.838225
24.859175
24.878225
24.894025
24.915575
24.939425
24.958450
24.978200
24.992775
25.003675
25.011825
25.024600
25.036650
25.056650
25.062675
25.071050
25.077975
25.081850
25.097125
25.106675
25.115275
25.126950
25.142725
25.152200
25.176325
25.183125
25.191575
25.213650
25.238125
25.257575
25.262600
25.287600
25.305100
25.313575
25.330325
25.336550
25.352850
25.369350
25.384925
25.400475
25.411175
25.431600
25.443250
25.476525
25.494025
25.509275
25.520425
25.536150
25.551225
25.565875
25.583850
25.598900
25.611950
25.625000
25.643350
25.660225
25.679500
25.694900
25.718025
25.732825
25.741175
25.757325
25.764925
25.780175
25.785125
25.794225
25.801750
25.810300
25.815750
25.827975
25.839875
25.861500
25.875875
25.900125
25.941125
25.959375
25.978925
25.997000
26.007050
26.020725
26.040950
26.051950
26.061200
26.067300
26.072300
26.076125
26.084525
26.088550
26.094400
26.097650
26.106775
26.133900
26.141000
26.155850
26.166100
26.180775
26.204050
26.225675
26.236750
26.276525
26.288050
26.301425
26.310325
26.318225
26.354900
26.387900
26.419325
26.439100
26.458325
26.467250
26.476725
26.489825
26.503950
26.521250
26.538825
26.546700
26.560075
26.565625
26.569600
26.589050
26.599650
26.606775
26.617300
26.675425
26.686775
26.723050
26.732350
26.750900
26.763150
26.775275
26.794450
26.815425
26.830650
26.844525
26.854175
26.865525
26.872225
26.881275
26.892150
26.898650
26.902000
26.908075
26.935150
26.943550
26.964050
26.970100
26.983350
27.004725
27.014000
27.048875
27.069775
27.077500
27.093575
27.102700
27.119275
27.139450
27.157225
27.171500
27.188025
27.199875
27.205400
27.224150
27.229300
27.237775
27.275000
27.298725
27.315050
27.334400
27.347675
27.365250
27.403350
27.416975
27.427250
27.441950
27.458425
27.468250
27.483100
27.496475
27.519975
27.539175
27.557400
27.562650
27.570125
27.587100
27.592550
27.598675
27.629300
27.636875
27.655675
27.666950
27.675300
27.692325
27.703950
27.716075
27.729950
27.770575
27.782500
27.799925
27.816825
27.830625
27.868800
27.882000
27.902050
27.926575
27.949625
27.972150
27.988425
27.997725
28.004725
28.015575
28.035900
28.045375
28.060025
28.082375
28.092425
28.105200
28.117700
28.128450
28.141725
28.164450
28.195375
28.207600
28.229125
28.248025
28.264600
28.287650
28.311200
28.332425
28.355750
28.364600
28.384475
28.393675
28.399550
28.407075
28.415625
28.422875
28.435150
28.447925
28.498550
28.509900
28.528550
28.554500
28.574875
28.596325
28.610225
28.624825
28.640500
28.654075
28.660350
28.671575
28.678425
28.687975
28.699600
28.709900
28.715000
28.735475
28.742225
28.768250
28.774800
28.802975
28.814925
28.825275
28.867850
28.888925
28.901050
28.912950
28.952750
28.965000
28.985700
29.000400
29.071000
29.086800
29.118100
29.134850
29.153700
29.180825
29.206350
29.223250
29.239325
29.252250
29.262825
29.277875
29.292950
29.314875
29.327450
29.336450
29.352500
29.364950
29.377375
29.391875
29.402600
29.434725
29.464225
29.481900
29.525450
29.552150
29.571875
29.600475
29.619725
29.640750
29.654950
29.664500
29.672725
29.688225
29.695775
29.709175
29.717775
29.733825
29.745425
29.759875
29.768800
29.790850
29.801975
29.815075
29.854550
29.871675
29.892050
29.908250
29.925425
29.938725
29.953100
29.973425
29.981450
29.988725
29.999550
