0.023400
0.084375
0.091675
0.111450
0.129125
0.160125
0.185075
0.205400
0.268725
0.316250
0.393750
0.444750
0.527925
0.546950
0.575725
0.579800
0.613100
0.684075
0.688675
0.722750
0.761475
0.819500
0.860650
0.901100
0.941275
0.960200
1.002400
1.014475
1.055650
1.064525
1.085375
1.121900
1.123925
1.136600
1.138875
1.201350
1.257475
1.366250
1.399425
1.444475
1.469675
1.549600
1.607575
1.641350
1.726025
1.799975
1.819975
1.838550
1.871325
1.878400
1.901200
1.995425
2.062850
2.101675
2.144175
2.177425
2.209500
2.245650
2.292325
2.382925
2.414375
2.448000
2.476025
2.477950
2.525225
2.556975
2.586175
2.619550
2.686250
2.732300
2.762800
2.788025
2.853350
2.860700
2.897950
2.936075
2.954600
3.053250
3.108450
3.150825
3.240100
3.278850
3.305875
3.340125
3.355400
3.370975
3.408900
3.488825
3.543200
3.569950
3.583775
3.610950
3.629425
3.660825
3.683625
3.708950
3.718375
3.750300
3.763825
3.834375
3.875325
3.906200
3.924675
3.947325
3.979100
4.014075
4.056050
4.088850
4.128825
4.166400
4.252725
4.289525
4.322925
4.344375
4.375175
4.406975
4.466075
4.554400
4.601050
4.654400
4.710950
4.780150
4.808550
4.850700
4.880300
4.923750
4.959525
4.998175
5.035550
5.083425
5.108975
5.119950
5.155250
5.176475
5.292350
5.341400
5.348300
5.394400
5.452375
5.474775
5.555175
5.624350
5.670750
5.679725
5.717250
5.732700
5.793475
5.836475
5.873725
5.894375
5.928250
5.969125
6.038550
6.073525
6.119625
6.162475
6.203950
6.258925
6.303025
6.330975
6.338975
6.354375
6.398300
6.423250
6.452950
6.466800
6.480925
6.547050
6.580775
6.603125
6.618275
6.646925
6.658625
6.795150
6.884100
6.901350
6.912025
6.949100
7.004075
7.072300
7.079250
7.109125
7.146625
7.157475
7.182300
7.200475
7.223075
7.244425
7.269775
7.296100
7.323250
7.360675
7.426225
7.478875
7.492950
7.501400
7.509225
7.546950
7.601450
7.643400
7.659500
7.666100
7.678550
7.701075
7.721675
7.772875
7.804150
7.825975
7.833050
7.902225
7.967125
7.990675
8.014875
8.051875
8.090475
8.106800
8.169100
8.208575
8.249825
8.267450
8.347750
8.361725
8.435925
8.476925
8.495775
8.550800
8.583500
8.601400
8.676475
8.708025
8.711750
8.755250
8.761100
8.789325
8.851650
8.880175
8.910525
8.921125
8.964625
8.987800
8.996925
9.004750
9.030425
9.052275
9.060800
9.063975
9.076575
9.094325
9.125075
9.197350
9.222325
9.322800
9.344875
9.363375
9.400425
9.421450
9.451150
9.482850
9.539350
9.593225
9.610225
9.645050
9.663725
9.725025
9.741425
9.788500
9.823175
9.901725
9.920150
9.972325
10.034400
10.050100
10.071600
10.097200
10.121625
10.154375
10.161875
10.191475
10.266600
10.289000
10.331750
10.366000
10.384275
10.399350
10.436750
10.506825
10.589775
10.648575
10.690550
10.720950
10.742175
10.756775
10.782725
10.836675
10.867875
10.898000
10.992550
11.020850
11.038425
11.084550
11.171400
11.186275
11.213550
11.256925
11.292000
11.312600
11.346150
11.376275
11.395825
11.427650
11.479975
11.509725
11.512200
11.537875
11.572150
11.613850
11.646300
11.683250
11.688350
11.708125
11.818825
11.846975
11.875825
11.916450
11.965350
11.979850
12.006575
12.083875
12.103050
12.151875
12.190075
12.219475
12.253975
12.278250
12.361475
12.424775
12.442225
12.472875
12.573150
12.594350
12.636950
12.676600
12.722775
12.751950
12.769100
12.788425
12.822075
12.853300
12.909450
12.953825
12.966350
12.970525
12.988825
13.011100
13.035600
13.161925
13.198725
13.225950
13.271275
13.283175
13.288475
13.334175
13.346025
13.353525
13.391550
13.415200
13.444900
13.510625
13.513950
13.536575
13.555475
13.581200
13.582975
13.591900
13.630950
13.636675
13.648825
13.677375
13.706800
13.770150
13.804625
13.826150
13.844675
13.877375
13.931075
13.954175
13.978475
14.032475
14.051850
14.086275
14.114450
14.150225
14.174225
14.187975
14.222100
14.257400
14.283950
14.332475
14.364250
14.378800
14.436950
14.463925
14.518725
14.543275
14.585000
14.606450
14.639100
14.710925
14.712525
14.729175
14.771050
14.793275
14.874350
14.922425
14.935675
15.015425
15.025000
15.055500
15.084975
15.109200
15.138025
15.213325
15.258125
15.289375
15.307750
15.318975
15.460250
15.488275
15.515600
15.539375
15.568950
15.585625
15.617350
15.655025
15.689275
15.732625
15.747175
15.772800
15.816350
15.834700
15.872300
15.909925
15.930550
15.954450
15.982900
16.033175
16.106675
16.131650
16.182175
16.243175
16.282775
16.304650
16.361825
16.398900
16.409375
16.460600
16.479475
16.502750
16.526125
16.599650
16.624225
16.682775
16.694750
16.764200
16.808175
16.873850
16.934900
16.969375
16.977800
16.987025
17.006925
17.050000
17.111950
17.155300
17.239925
17.282475
17.297800
17.350300
17.371500
17.393775
17.453900
17.496225
17.509525
17.526275
17.530075
17.543675
17.613825
17.649600
17.704125
17.737650
17.769850
17.792875
17.819550
17.833875
17.848175
17.876150
17.905675
17.917900
18.052550
18.062325
18.120175
18.142325
18.151200
18.218575
18.274775
18.297000
18.338700
18.399775
18.434675
18.441075
18.455975
18.483150
18.512250
18.594425
18.621850
18.645075
18.682700
18.746950
18.768975
18.787125
18.817725
18.874800
18.931900
18.953525
19.004425
19.048475
19.073375
19.112975
19.134200
19.173900
19.191550
19.204575
19.249350
19.279825
19.342850
19.371400
19.396525
19.418550
19.439625
19.473700
19.540125
19.611475
19.624600
19.635925
19.690225
19.746800
19.774650
19.806900
19.818650
19.836350
19.859700
19.868625
19.885075
19.911200
19.973775
19.978775
19.991100
20.035800
20.132925
20.147950
20.197000
20.224600
20.328775
20.372250
20.400250
20.432900
20.463150
20.492300
20.501650
20.535900
20.550025
20.569575
20.600975
20.657750
20.679125
20.711325
20.737125
20.748150
20.807100
20.887250
20.922125
20.952200
20.995475
21.015150
21.066750
21.097525
21.123350
21.174125
21.208200
21.234800
21.269450
21.287350
21.356350
21.436275
21.451775
21.476725
21.521900
21.534750
21.552550
21.618550
21.674650
21.693800
21.763950
21.846025
21.847850
21.856625
21.887675
21.909025
21.913500
21.956400
21.986175
22.034125
22.069325
22.093600
22.116200
22.197925
22.272875
22.331650
22.356575
22.418750
22.452400
22.475350
22.489900
22.533375
22.576650
22.611075
22.647000
22.689075
22.733550
22.779400
22.817975
22.861150
22.897175
23.022075
23.029275
23.054950
23.091225
23.110150
23.150650
23.161875
23.197225
23.252150
23.283425
23.323200
23.363625
23.377550
23.417800
23.437000
23.487550
23.496825
23.539725
23.598975
23.617175
23.723000
23.754075
23.791225
23.899300
23.916500
23.941800
23.959750
23.964150
23.986825
24.009500
24.056900
24.097475
24.187900
24.219250
24.255125
24.301150
24.383550
24.422150
24.448700
24.450600
24.475725
24.508525
24.531925
24.579725
24.588950
24.679750
24.698050
24.747400
24.805325
24.962325
24.967850
25.054350
25.104900
25.153475
25.209075
25.249975
25.271400
25.316500
25.358250
25.386600
25.394100
25.398175
25.416275
25.531100
25.558650
25.588550
25.623800
25.663875
25.699000
25.731425
25.748200
25.800125
25.865325
25.889100
25.912475
25.949625
25.958425
25.981675
26.051775
26.094775
26.123450
26.167450
26.189250
26.217800
26.264225
26.320525
26.358175
26.501300
26.524675
26.544650
26.579475
26.604825
26.625800
26.648500
26.677750
26.697275
26.721025
26.752750
26.792000
26.808325
26.847850
26.933400
26.954300
26.962250
27.014900
27.068775
27.127725
27.149975
27.173625
27.189725
27.216525
27.259675
27.269600
27.293925
27.310300
27.344100
27.428475
27.437575
27.489625
27.524875
27.531725
27.581875
27.610550
27.707100
27.747025
27.810725
27.836700
27.867625
27.892975
27.978875
27.992700
28.054275
28.117600
28.158550
28.182575
28.240150
28.281675
28.298575
28.322650
28.385275
28.411700
28.442775
28.457775
28.496700
28.535750
28.583175
28.611575
28.642750
28.646275
28.664500
28.693650
28.751600
28.840025
28.930150
28.987500
29.011625
29.060500
29.084250
29.103000
29.111975
29.126825
29.148100
29.184050
29.194700
29.225150
29.253675
29.330125
29.339750
29.374725
29.476225
29.501000
29.526625
29.551750
29.630425
29.656175
29.705625
29.745475
29.760325
29.802225
29.827425
29.855975
29.923325
29.945875
29.959575
