0.023775
0.181925
0.334650
0.509375
0.579125
0.870400
1.321100
1.503875
1.704850
1.840900
2.022075
2.163525
2.465625
2.662475
2.875200
3.024175
3.369550
3.588900
3.781000
3.867475
4.188100
4.316375
4.521300
4.741425
4.878850
5.009875
5.173075
5.380375
5.525250
5.663400
5.800550
6.026600
6.121725
6.330925
6.543050
6.673300
6.857500
6.983050
7.189250
7.720450
7.822125
7.944825
8.135200
8.344725
8.609900
8.840050
9.039225
9.217250
9.403475
9.558675
9.627775
9.710775
9.898800
10.030225
10.186325
10.325150
10.813675
11.021550
11.225650
11.332000
11.503725
11.731625
11.893900
11.995075
12.177650
12.275775
12.611775
12.656325
12.700225
13.076075
13.262950
13.415575
13.613075
13.805700
14.337850
14.545300
14.781425
14.944650
15.196625
15.477000
15.582025
15.720275
15.870625
16.240900
16.470925
16.601500
16.799950
16.919750
17.085200
17.518425
17.617650
17.903025
17.920325
17.951450
18.042675
18.175850
18.314725
18.475975
18.577125
18.834675
19.086125
19.201700
19.384550
19.559300
19.674075
19.766850
20.051975
20.248925
20.501650
20.681600
20.909250
21.136325
21.300000
21.542400
21.964750
22.057125
22.254150
22.434400
22.576825
23.090950
23.172975
23.525775
23.696025
24.052800
24.182150
24.377175
24.870775
24.993100
25.192900
25.371150
25.502875
25.785150
26.014350
26.217700
26.537850
26.854050
26.987425
27.132100
27.289775
27.429775
27.634350
27.764725
27.814600
28.060550
28.147550
28.266375
28.401050
28.543175
28.812925
28.893700
29.125450
29.351875
29.553525
29.668200
29.854175
29.971550
