0.233225
0.493925
0.633025
0.695425
1.124325
1.215650
1.382125
1.467425
1.773250
1.873375
2.038475
2.059200
2.091025
2.298275
2.341175
2.372075
3.487775
3.698050
3.727375
4.344850
4.713775
5.046800
5.363775
5.590900
5.633275
5.778275
6.051375
6.349925
6.486300
7.195725
7.250350
7.694400
7.796125
7.847175
7.903750
8.101575
8.129700
8.700575
9.216075
9.528375
9.543400
9.595850
9.632725
9.794550
9.974350
10.949850
11.267050
11.306125
11.358575
11.391225
11.782500
11.848600
11.856025
12.360125
12.500350
13.110850
13.583900
13.852175
14.256350
14.346525
14.679650
15.076650
15.245450
15.996775
16.389525
16.643325
16.855150
16.898450
17.038050
17.236525
17.366475
17.692700
17.722600
17.782800
17.967400
18.009900
18.167125
18.239125
18.407575
18.433450
18.525225
18.606825
18.920600
18.933025
19.220250
19.255100
19.261725
19.266125
19.529200
19.601250
19.606800
19.651950
19.800100
19.962300
20.011200
20.051875
20.251525
20.405650
20.412775
20.448875
20.540600
20.786550
20.814950
20.886775
21.026275
21.122750
21.143450
21.230075
21.384025
21.420200
21.494925
21.661025
21.740825
21.878975
22.069725
22.176000
22.391300
22.512200
22.587575
22.594075
22.617725
22.701675
22.721000
22.841150
22.900400
22.911375
23.236300
23.626275
23.716950
23.729050
24.045125
24.395050
24.493275
24.523000
24.582900
24.684825
24.705425
24.784325
25.336350
25.392925
25.561525
25.623225
25.753250
25.786675
25.835875
25.907225
26.184850
26.207250
26.704925
26.896100
26.962675
26.971150
27.426500
27.926900
27.934975
28.176950
28.196900
28.417000
28.560125
28.979800
29.178575
29.413500
29.526875
29.683125
29.748225
