0.047000
0.077025
0.136350
0.177875
0.233250
0.452525
0.477200
0.501450
0.606150
0.732250
0.791800
0.922050
1.090825
1.130750
1.184325
1.194075
1.280575
1.407100
1.432425
1.462850
1.633300
1.741225
1.812025
2.062075
2.286925
2.402900
2.475800
2.531275
2.568425
2.629875
2.745525
2.794875
2.836075
2.910325
2.946350
3.161650
3.255950
3.291550
3.351250
3.511425
3.826275
3.978975
4.001775
4.052675
4.144625
4.191100
4.303850
4.509200
4.584300
4.598075
4.624325
4.753300
4.936925
4.988000
5.021100
5.165600
5.201100
5.246100
5.270600
5.286775
5.398925
5.554075
5.631900
5.643975
5.660600
5.824575
5.841975
6.003650
6.110225
6.424000
6.533775
6.559100
6.675400
6.912575
6.974175
7.061350
7.160450
7.311700
7.346675
7.472150
7.568875
7.597350
7.734900
7.762850
7.924775
8.027325
8.104825
8.227650
8.336425
8.388475
8.410700
8.498550
8.516350
8.540925
8.688600
8.840250
8.878675
8.912525
8.979200
9.039125
9.087550
9.109975
9.215625
9.268775
9.313650
9.419725
9.568675
9.593925
9.786100
9.872275
10.079375
10.123850
10.219225
10.257750
10.433475
10.596625
10.702475
10.732325
10.793200
10.825475
10.924800
11.022450
11.051125
11.092425
11.179125
11.425425
11.638100
11.768875
11.829350
11.902325
12.016725
12.124350
12.208650
12.282450
12.473975
12.505150
12.540325
12.632325
12.648675
12.664325
12.685725
12.710900
12.741450
12.758925
12.780200
12.824650
13.022950
13.156775
13.181225
13.182900
13.283000
13.316150
13.388250
13.455300
13.556675
13.791750
13.867225
13.976250
14.073525
14.126650
14.223475
14.492550
14.581775
14.622225
14.705150
14.946275
15.038550
15.046000
15.066600
15.118150
15.149275
15.212025
15.306350
15.321175
15.357450
15.700125
15.821200
15.853300
16.231300
16.289250
16.304525
16.406725
16.591275
16.637100
16.831075
16.850400
16.994475
17.011250
17.131200
17.174700
17.265675
17.359800
17.374800
17.479225
17.678075
17.684000
17.967425
18.019475
18.083200
18.106950
18.118850
18.513450
18.670200
18.843625
18.906050
18.963925
19.100600
19.471800
19.481750
19.496650
19.544075
19.714175
19.845575
19.919025
19.930700
20.195625
20.223475
20.274250
20.315075
20.474750
20.535175
20.647750
20.719200
20.803575
20.819725
20.844925
20.860150
20.923275
20.976700
20.993100
21.058700
21.088150
21.109375
21.443600
21.508250
21.529125
21.575975
21.617800
21.853275
21.884450
21.962475
21.983900
22.381575
22.425125
22.807650
22.891700
22.949425
23.045675
23.064300
23.128125
23.207275
23.287075
23.328875
23.481550
23.516825
23.549075
23.573550
23.635825
23.703375
23.760775
23.849175
24.078425
24.399800
24.458650
24.539025
24.557900
24.715150
24.871100
24.949950
25.063725
25.103500
25.230575
25.366000
25.414925
25.760200
25.772525
25.848725
25.942375
26.070275
26.182275
26.298575
26.471400
26.598500
26.648500
26.779750
27.368075
27.448775
27.519150
27.672125
27.814025
27.939175
28.099100
28.780450
28.819175
28.858100
29.038550
29.189100
29.218650
29.388875
29.489125
29.640525
29.722425
29.760125
29.846825
29.855175
29.891600
