0.035850
0.076375
0.115150
0.126700
0.133400
0.141875
0.147325
0.151375
0.156925
0.160900
0.163775
0.168525
0.172975
0.177300
0.183775
0.187050
0.191650
0.196250
0.201550
0.205075
0.217575
0.221950
0.228075
0.233275
0.239025
0.245675
0.252125
0.258750
0.265275
0.272675
0.284350
0.291650
0.299425
0.306900
0.324525
0.340950
0.366425
0.402700
0.442925
0.481150
0.518150
0.532975
0.576675
0.588925
0.596150
0.602275
0.608950
0.619100
0.624400
0.631675
0.642825
0.646600
0.650750
0.656125
0.660175
0.664250
0.670125
0.675550
0.681050
0.686225
0.691700
0.698025
0.704925
0.711075
0.715300
0.721175
0.728475
0.740550
0.752150
0.767150
0.796475
0.817875
0.843875
0.866975
0.899625
0.944350
0.967775
1.037500
1.047100
1.053400
1.058925
1.064650
1.071000
1.076350
1.081450
1.085450
1.092550
1.097825
1.107025
1.111400
1.115850
1.121200
1.126400
1.130675
1.143200
1.147900
1.151700
1.158125
1.164375
1.170400
1.176800
1.183625
1.192825
1.202325
1.214800
1.223675
1.240800
1.248600
1.253550
1.259650
1.263925
1.270450
1.276275
1.282450
1.289025
1.295750
1.300150
1.307450
1.311975
1.320025
1.325150
1.330375
1.338700
1.348000
1.357600
1.370425
1.386525
1.400025
1.408925
1.415425
1.421550
1.431950
1.439650
1.454900
1.463275
1.471375
1.476575
1.480750
1.489125
1.495750
1.502525
1.511800
1.517225
1.522325
1.530775
1.535850
1.539900
1.545300
1.550475
1.557025
1.561175
1.567800
1.579400
1.588125
1.599625
1.622575
1.652300
1.688775
1.721375
1.754825
1.805975
1.842025
1.867900
1.876575
1.883200
1.889700
1.893400
1.898600
1.903150
1.908500
1.913675
1.917425
1.922525
1.926825
1.931275
1.945350
1.954425
1.962375
1.967625
1.977450
1.985525
1.992050
2.001625
2.011225
2.020250
2.027200
2.032375
2.039825
2.051150
2.067850
2.084450
2.108700
2.123400
2.152975
2.187200
2.211200
2.237025
2.291800
2.335175
2.347775
2.355725
2.369800
2.376375
2.381775
2.387025
2.391625
2.395525
2.404975
2.411150
2.416650
2.422025
2.426900
2.429625
2.434400
2.440100
2.444875
2.461975
2.473600
2.484075
2.491550
2.500675
2.513350
2.535525
2.547600
2.555125
2.568225
2.605950
2.634325
2.651275
2.679575
2.728375
2.749000
2.817050
2.832375
2.844950
2.853075
2.862500
2.878475
2.888550
2.896900
2.903050
2.910850
2.916750
2.920450
2.925450
2.936050
2.940575
2.944125
2.952975
2.957400
2.961825
2.973075
2.980325
2.985425
2.991225
2.997775
3.003475
3.009675
3.016075
3.030875
3.038950
3.048175
3.055750
3.061525
3.069450
3.085825
3.090850
3.099825
3.105475
3.110650
3.117075
3.121800
3.126125
3.134400
3.145100
3.151775
3.166100
3.185625
3.201825
3.218500
3.250875
3.286975
3.319125
3.381800
3.387000
3.392450
3.399075
3.404025
3.407550
3.410800
3.416025
3.421275
3.426700
3.431950
3.436775
3.441350
3.446550
3.455350
3.460475
3.466475
3.470000
3.474400
3.478550
3.483625
3.489250
3.495500
3.503750
3.511000
3.515775
3.524200
3.535250
3.556775
3.590225
3.608325
3.639725
3.676525
3.719975
3.741400
3.789750
3.817600
3.846700
3.866175
3.880550
3.890875
3.899750
3.907050
3.913925
3.920800
3.928225
3.935650
3.940025
3.945425
3.957600
3.962225
3.970950
3.976500
3.981100
3.988550
3.992850
4.000250
4.008975
4.015325
4.019575
4.024975
4.033200
4.048250
4.064875
4.087250
4.139850
4.172450
4.211250
4.246650
4.276400
4.285600
4.295925
4.303800
4.310650
4.315900
4.320875
4.325625
4.330275
4.334225
4.338275
4.341600
4.346875
4.353200
4.358000
4.363000
4.369525
4.381850
4.389025
4.402150
4.429450
4.463800
4.495000
4.528200
4.566375
4.597075
4.614625
4.624825
4.631550
4.637650
4.654275
4.659425
4.663450
4.667775
4.671125
4.676050
4.680600
4.685275
4.689675
4.694575
4.699550
4.705875
4.713975
4.720875
4.727000
4.738625
4.747875
4.785700
4.821475
4.860425
4.885350
4.937350
4.953800
4.962975
4.969475
4.973375
4.977675
4.981675
4.985725
4.989300
4.993025
4.997300
5.000575
5.003825
5.007350
5.014600
5.021400
5.029625
5.036675
5.046925
5.053600
5.064625
5.071075
5.076225
5.086000
5.092750
5.100500
5.109300
5.118000
5.125875
5.130375
5.138175
5.143000
5.146825
5.149525
5.152450
5.155775
5.162725
5.171200
5.174925
5.178775
5.181475
5.188900
5.191875
5.195075
5.198000
5.201025
5.207225
5.210125
5.215875
5.223575
5.227100
5.234925
5.244525
5.249650
5.259725
5.338200
5.433925
5.442600
5.449175
5.454125
5.458275
5.463150
5.467150
5.469775
5.472825
5.475700
5.479475
5.482875
5.489175
5.496450
5.500550
5.503775
5.508175
5.512250
5.516100
5.520925
5.526275
5.530650
5.536450
5.560000
5.569175
5.573450
5.578650
5.586075
5.590150
5.597700
5.602000
5.606500
5.611175
5.614600
5.618400
5.625075
5.628700
5.632375
5.644400
5.647625
5.651125
5.654475
5.661450
5.666450
5.669275
5.672550
5.675500
5.679025
5.683375
5.687375
5.697775
5.716100
5.720625
5.727775
5.732100
5.738000
5.747200
5.751200
5.755225
5.763450
5.772675
5.776325
5.780400
5.784250
5.787550
5.792050
5.796050
5.798875
5.801825
5.806850
5.810675
5.813900
5.822025
5.828775
5.836350
5.859850
5.940300
6.024250
6.077275
6.081800
6.086225
6.089725
6.092400
6.094550
6.096925
6.099400
6.102500
6.104900
6.109550
6.115725
6.120425
6.136850
6.146025
6.169000
6.203100
6.224925
6.268650
6.309150
6.329175
6.334975
6.341375
6.346250
6.348800
6.351400
6.354025
6.356225
6.358475
6.360725
6.363275
6.365625
6.367575
6.369750
6.371950
6.374850
6.385575
6.388075
6.392175
6.403325
6.412100
6.416325
6.428225
6.439050
6.448675
6.453950
6.459100
6.464775
6.476975
6.481350
6.485825
6.490850
6.499875
6.503200
6.507400
6.512250
6.518500
6.523100
6.530550
6.545475
6.549050
6.552300
6.556475
6.573350
6.579500
6.585875
6.591175
6.596350
6.602500
6.613450
6.628725
6.673675
6.734025
6.813500
6.866575
6.872175
6.881175
6.884375
6.888300
6.893625
6.896000
6.899275
6.902225
6.905200
6.908350
6.911500
6.915825
6.919975
6.935425
6.951950
6.976100
7.007450
7.037100
7.077400
7.109075
7.131225
7.157275
7.198925
7.233225
7.255275
7.266150
7.284750
7.291675
7.297275
7.302225
7.306825
7.310450
7.317775
7.324175
7.329900
7.333200
7.337025
7.340775
7.343725
7.347250
7.350250
7.353800
7.360750
7.364550
7.373250
7.378675
7.382925
7.386500
7.392350
7.398175
7.409075
7.415200
7.420900
7.430500
7.435325
7.440225
7.445525
7.452675
7.471200
7.480575
7.486625
7.495750
7.509275
7.530700
7.553900
7.588125
7.631575
7.659600
7.699100
7.747225
7.786925
7.791500
7.796750
7.801475
7.805725
7.809200
7.812350
7.814800
7.819850
7.822000
7.824200
7.829375
7.831800
7.839475
7.843425
7.858100
7.863525
7.868350
7.875600
7.884875
7.889550
7.894900
7.899300
7.902050
7.906775
7.912300
7.917450
7.921500
7.924850
7.929350
7.936150
7.944800
7.948225
7.952450
7.955625
7.966125
7.971700
7.975800
7.980175
7.984625
7.997175
8.000650
8.006075
8.008875
8.012725
8.017125
8.030150
8.039200
8.043400
8.050950
8.054675
8.063950
8.082350
8.117125
8.179475
8.238725
8.279475
8.320350
8.400425
8.421975
8.435650
8.446575
8.453325
8.459500
8.464775
8.470600
8.475650
8.479650
8.484100
8.487625
8.491300
8.494525
8.498225
8.500750
8.508325
8.515075
8.517900
8.526000
8.535950
8.540675
8.546525
8.553100
8.560325
8.571700
8.601925
8.623075
8.666850
8.711925
8.754200
8.792775
8.842550
8.863850
8.871150
8.878475
8.884225
8.891950
8.895325
8.898525
8.901425
8.904100
8.907175
8.910175
8.914400
8.917775
8.920675
8.923075
8.926000
8.931800
8.935525
8.945725
8.950200
8.960750
8.967875
8.975550
8.990025
9.011025
9.059725
9.083725
9.105875
9.151450
9.172900
9.225300
9.255875
9.261725
9.267050
9.271275
9.275850
9.279075
9.284750
9.287525
9.290100
9.293100
9.295650
9.302525
9.310050
9.314525
9.317850
9.323125
9.328075
9.332325
9.334825
9.339925
9.349400
9.353450
9.363775
9.369225
9.373350
9.376725
9.387125
9.390300
9.397400
9.402025
9.408500
9.414300
9.419575
9.423950
9.427375
9.431850
9.437700
9.442400
9.447225
9.452600
9.459925
9.465525
9.471525
9.482525
9.493350
9.508175
9.538575
9.590650
9.620875
9.644025
9.677925
9.722050
9.755600
9.761575
9.765300
9.769350
9.772475
9.775975
9.779200
9.785075
9.788250
9.796500
9.801325
9.807050
9.816575
9.822625
9.829450
9.834550
9.841050
9.848425
9.856325
9.863700
9.882800
9.891400
9.905000
9.942025
9.987450
10.016650
10.081125
10.092575
10.107375
10.115475
10.120875
10.125400
10.127950
10.131500
10.134850
10.137500
10.141100
10.143450
10.146450
10.153000
10.156950
10.160250
10.164725
10.168225
10.177625
10.181950
10.185625
10.194975
10.199875
10.206325
10.210775
10.215025
10.222075
10.229750
10.234975
10.239450
10.243600
10.248275
10.257875
10.262375
10.268275
10.273425
10.276950
10.281525
10.287850
10.292575
10.312175
10.346475
10.376275
10.414175
10.480125
10.507700
10.546900
10.581450
10.593350
10.606150
10.613575
10.619000
10.623525
10.626575
10.629950
10.633500
10.636375
10.639825
10.642525
10.645275
10.648350
10.651650
10.654500
10.663050
10.670750
10.673875
10.676975
10.680225
10.688000
10.692100
10.700200
10.711975
10.723675
10.739725
10.753950
10.759475
10.765425
10.769325
10.776800
10.781600
10.786475
10.790625
10.801050
10.809600
10.813600
10.822350
10.833025
10.837550
10.842750
10.848350
10.857150
10.864650
10.875175
10.885400
10.908725
10.960725
11.011875
11.054825
11.081650
11.165225
11.184900
11.200300
11.218100
11.241275
11.281000
11.319875
11.361650
11.384800
11.403525
11.422800
11.443575
11.468700
11.489950
11.517300
11.552175
11.580600
11.609475
11.661875
11.695600
11.721150
11.752425
11.776625
11.796650
11.829150
11.873325
11.896025
11.927550
11.969150
12.001375
12.020450
12.039650
12.070100
12.081850
12.101700
12.117475
12.135825
12.163225
12.187475
12.210350
12.251050
12.275625
12.298675
12.323575
12.366025
12.385550
12.415500
12.504375
12.553475
12.582200
12.603725
12.623075
12.647800
12.687650
12.707650
12.734450
12.759400
12.779725
12.801550
12.832150
12.866100
12.897125
12.944625
12.988775
13.027850
13.050975
13.078950
13.102200
13.127550
13.142600
13.172450
13.209750
13.233600
13.257625
13.287825
13.334375
13.382250
13.417875
13.445250
13.499600
13.526350
13.546050
13.587025
13.615425
13.627825
13.663100
13.688475
13.712125
13.738850
13.778900
13.803200
13.842400
13.885525
13.916200
13.946225
13.991250
14.019075
14.036875
14.062375
14.074750
14.098525
14.121200
14.150500
14.177825
14.207875
14.236700
14.263300
14.296925
14.334600
14.372525
14.397350
14.437150
14.474425
14.504025
14.529225
14.569125
14.600550
14.629200
14.665850
14.705750
14.724125
14.739475
14.753375
14.767000
14.778250
14.795550
14.803775
14.829300
14.843300
14.868175
14.883200
14.899350
14.910075
14.930950
14.949750
14.966050
14.978825
15.001125
15.024000
15.040325
15.056075
15.070475
15.083375
15.091900
15.100550
15.111425
15.120125
15.125375
15.132525
15.139825
15.144600
15.150075
15.154625
15.158525
15.163825
15.171050
15.178100
15.186825
15.195075
15.202250
15.219725
15.274600
15.285775
15.302700
15.311575
15.320850
15.326825
15.337650
15.347750
15.355075
15.366475
15.376950
15.383850
15.388175
15.392525
15.395850
15.398350
15.401050
15.403225
15.405700
15.408175
15.410350
15.412500
15.421900
15.426400
15.430600
15.440800
15.446475
15.450800
15.456800
15.462075
15.468225
15.472075
15.477150
15.480650
15.487975
15.492150
15.494950
15.498450
15.501975
15.505525
15.509775
15.524075
15.534025
15.557125
15.593125
15.655975
15.681175
15.711150
15.716725
15.722225
15.727550
15.734075
15.739125
15.743850
15.749125
15.755550
15.763775
15.773750
15.795050
15.838175
15.860200
15.872475
15.902725
15.914350
15.936125
15.954950
15.979750
16.003650
16.016575
16.038375
16.066575
16.092750
16.116225
16.151000
16.178025
16.211100
16.230700
16.252050
16.282150
16.300750
16.322675
16.344375
16.367550
16.395250
16.415925
16.467275
16.508325
16.535500
16.562625
16.583425
16.628175
16.653750
16.692750
16.727600
16.734925
16.744850
16.753075
16.760825
16.769725
16.776025
16.782400
16.791800
16.797550
16.809175
16.819875
16.830200
16.872675
16.918400
16.931650
16.945950
16.953475
16.957400
16.964350
16.966950
16.969725
16.974500
16.977375
16.979500
16.987100
16.989750
16.992675
16.998300
17.083125
17.127700
17.164975
17.181250
17.188000
17.194275
17.197750
17.201475
17.204825
17.207750
17.210500
17.213850
17.218150
17.221925
17.225175
17.229825
17.233475
17.238625
17.242575
17.248150
17.254325
17.264250
17.269650
17.277700
17.320525
17.379450
17.402200
17.447350
17.453675
17.460475
17.465825
17.469500
17.473225
17.477525
17.481675
17.486475
17.491275
17.497200
17.503975
17.510375
17.517100
17.523475
17.528875
17.537750
17.542400
17.556400
17.576025
17.596400
17.641075
17.663300
17.711725
17.737450
17.770225
17.818000
17.856900
17.869700
17.874825
17.879375
17.883125
17.888075
17.892225
17.896550
17.900350
17.901050
17.904425
17.908525
17.913050
17.918475
17.933075
17.937225
17.949425
17.962400
17.973650
17.987900
18.022525
18.087000
18.116325
18.155650
18.200400
18.235825
18.267325
18.305100
18.338800
18.367050
18.380675
18.385650
18.389125
18.392700
18.396425
18.399325
18.402550
18.404825
18.408275
18.411800
18.414300
18.417000
18.419900
18.422725
18.425850
18.429800
18.436050
18.439800
18.444725
18.449550
18.453575
18.460200
18.466900
18.473100
18.478225
18.484525
18.491525
18.496600
18.501950
18.506000
18.510150
18.513475
18.516925
18.522025
18.528950
18.539200
18.546000
18.553325
18.559475
18.566700
18.583075
18.609475
18.658400
18.705650
18.766325
18.818050
18.857800
18.875750
18.882550
18.888075
18.895050
18.899100
18.905575
18.909425
18.916025
18.922025
18.926975
18.931425
18.936650
18.941475
18.948250
18.953725
18.964075
18.972125
18.977025
18.984350
18.991925
19.000675
19.052675
19.115125
19.152200
19.207875
19.217050
19.223800
19.232700
19.236775
19.239875
19.243350
19.246700
19.250350
19.254675
19.257425
19.261775
19.264775
19.269175
19.273125
19.277200
19.281425
19.286575
19.290950
19.298075
19.304300
19.308875
19.313475
19.318300
19.321675
19.327925
19.340925
19.346150
19.350675
19.355250
19.362675
19.368475
19.373050
19.378950
19.389300
19.442250
19.505800
19.568700
19.618550
19.670525
19.680600
19.690500
19.696525
19.701675
19.712525
19.725125
19.738800
19.760825
19.776425
19.796100
19.829500
19.852975
19.871350
19.883500
19.891400
19.901225
19.911225
19.928775
19.949575
19.963550
19.996225
20.018225
20.045125
20.062525
20.155275
20.215875
20.278700
20.301450
20.319500
20.327675
20.339475
20.348600
20.356425
20.361675
20.368400
20.374575
20.382150
20.392275
20.407525
20.426100
20.441425
20.464750
20.509900
20.529750
20.543500
20.556650
20.563275
20.569025
20.574650
20.580125
20.584850
20.587650
20.591925
20.598775
20.601775
20.604825
20.607650
20.612675
20.618200
20.622575
20.626175
20.631275
20.636100
20.646250
20.650300
20.657675
20.661650
20.668025
20.673675
20.681000
20.684900
20.689300
20.693200
20.696425
20.703425
20.712600
20.719550
20.725000
20.735950
20.745175
20.779875
20.942475
20.967150
21.004425
21.016550
21.027850
21.068300
21.097350
21.152250
21.179350
21.210900
21.259925
21.283725
21.302000
21.316000
21.325400
21.330950
21.338825
21.345125
21.352525
21.357375
21.361850
21.368800
21.374300
21.381075
21.386425
21.396825
21.413775
21.446375
21.478525
21.510175
21.542000
21.571275
21.611975
21.631650
21.653650
21.684550
21.704400
21.717975
21.730600
21.737100
21.743100
21.749400
21.753275
21.757525
21.762125
21.766325
21.771175
21.778475
21.783175
21.787525
21.795900
21.812725
21.830250
21.855325
21.887100
21.927025
21.949475
21.969950
21.990825
22.037525
22.058125
22.072100
22.081525
22.086525
22.091875
22.095800
22.100775
22.104900
22.109975
22.113325
22.118175
22.121775
22.125750
22.128875
22.132325
22.137425
22.141775
22.146450
22.152450
22.162825
22.199175
22.226375
22.241500
22.257450
22.273375
22.286750
22.297700
22.312050
22.337175
22.365925
22.398550
22.431175
22.461325
22.505025
22.549750
22.579975
22.587975
22.592175
22.594750
22.597450
22.599825
22.601875
22.604275
22.607275
22.610575
22.614375
22.619025
22.623850
22.631475
22.653750
22.714625
22.744025
22.775925
22.807225
22.827850
22.868150
22.883800
22.890850
22.895550
22.902375
22.907300
22.911325
22.915525
22.918950
22.922300
22.925500
22.928875
22.932000
22.935075
22.938375
22.941975
22.945275
22.949800
22.953850
22.957500
22.963525
22.965900
22.968150
22.970500
22.972775
22.978875
22.981000
22.983300
22.985700
22.996050
23.002025
23.008675
23.197550
23.284600
23.295025
23.301475
23.307125
23.312325
23.317175
23.321550
23.325125
23.328450
23.331700
23.334400
23.337450
23.342800
23.345200
23.347450
23.349700
23.351800
23.354350
23.356750
23.359700
23.362025
23.366700
23.370125
23.373625
23.376425
23.379575
23.384500
23.387800
23.391950
23.396375
23.404125
23.409550
23.414525
23.418925
23.426025
23.433125
23.443825
23.458100
23.758025
23.765500
23.769175
23.773250
23.776625
23.782025
23.784575
23.787000
23.789400
23.792975
23.795825
23.798425
23.801700
23.806150
23.810600
23.817050
23.822425
23.831300
23.848475
23.984350
24.074050
24.114850
24.133225
24.160675
24.173800
24.186325
24.219100
24.333600
24.387375
24.424850
24.459900
24.465450
24.468775
24.476550
24.479175
24.481650
24.483950
24.488500
24.490925
24.493925
24.496800
24.500975
24.503625
24.506350
24.510225
24.513950
24.519200
24.523100
24.528475
24.533825
24.538875
24.543100
24.549175
24.554175
24.559625
24.565575
24.570175
24.574150
24.579475
24.586200
24.590650
24.594325
24.598925
24.602925
24.605800
24.608400
24.615700
24.627400
24.631375
24.634275
24.638450
24.646475
24.650025
24.653925
24.657275
24.660525
24.668750
24.671675
24.679925
24.685400
24.688050
24.693575
24.695600
24.697900
24.702975
24.704925
24.711700
24.714125
24.720825
24.725700
24.729450
24.732225
24.735600
24.738625
24.743475
24.747875
24.753525
24.760900
24.772125
24.979025
25.059550
25.064775
25.068750
25.072425
25.075550
25.078550
25.081175
25.083200
25.086100
25.088975
25.091000
25.096150
25.098275
25.101775
25.104250
25.109475
25.113725
25.122475
25.130775
25.143125
25.244300
25.346275
25.397250
25.401625
25.405875
25.408725
25.411450
25.413725
25.416150
25.418275
25.420300
25.422525
25.424775
25.427900
25.430400
25.433700
25.437500
25.440300
25.443350
25.447300
25.453225
25.457725
25.476475
25.489650
25.523125
25.563775
25.676300
25.722425
25.793625
25.803375
25.806375
25.808900
25.810900
25.812850
25.815300
25.817675
25.820350
25.822500
25.825325
25.828625
25.830800
25.832950
25.834825
25.837025
25.839375
25.841750
25.845350
25.849625
25.852125
25.862075
25.869700
25.876775
25.883750
25.889000
25.896150
25.906125
25.915900
25.925350
25.932650
25.940475
25.953050
25.958725
25.964850
25.973575
25.977650
25.983950
25.991550
25.997500
26.009825
26.042875
26.108125
26.141425
26.202675
26.287475
26.304875
26.312250
26.318700
26.323400
26.326850
26.330975
26.334775
26.339275
26.342375
26.345550
26.348550
26.351675
26.354500
26.357375
26.360400
26.363425
26.366975
26.375950
26.383875
26.399750
26.448850
26.476525
26.541175
26.562400
26.593375
26.632650
26.694050
26.727775
26.768725
26.800675
26.831400
26.867800
26.895750
26.924650
26.952150
26.979800
27.029150
27.059650
27.125025
27.133475
27.141700
27.148225
27.153875
27.158525
27.162475
27.168025
27.171500
27.175900
27.179125
27.181800
27.185075
27.188975
27.196275
27.200325
27.203100
27.206450
27.210975
27.215300
27.229525
27.238975
27.273025
27.307175
27.365425
27.400575
27.463150
27.495225
27.509875
27.549050
27.570200
27.584300
27.599775
27.607525
27.617850
27.626000
27.634650
27.643125
27.649500
27.655800
27.660000
27.663275
27.667200
27.673000
27.678175
27.683800
27.689025
27.697375
27.704150
27.713375
27.719600
27.727425
27.732600
27.744400
27.760450
27.776275
27.810975
27.845125
27.893475
27.907775
27.941650
27.978500
28.015775
28.048125
28.082525
28.094675
28.104375
28.113500
28.127200
28.138750
28.152375
28.161300
28.168500
28.177775
28.203400
28.212025
28.218675
28.225350
28.229575
28.235475
28.241550
28.247175
28.252125
28.255875
28.261850
28.265900
28.269625
28.273400
28.276100
28.280800
28.285575
28.290975
28.299775
28.308975
28.320450
28.330775
28.348425
28.358975
28.383925
28.426425
28.460025
28.538800
28.588750
28.610500
28.633525
28.659000
28.672600
28.682475
28.689525
28.694475
28.703750
28.708300
28.712225
28.716475
28.720725
28.727675
28.733750
28.738675
28.742475
28.748175
28.750825
28.754000
28.760975
28.764625
28.768150
28.772075
28.775350
28.781375
28.790025
28.799800
28.805825
28.810900
28.817025
28.828900
28.838425
28.852825
28.859825
28.880900
28.914700
28.944050
28.973425
29.028800
29.058500
29.112050
29.125050
29.134550
29.140375
29.144325
29.148975
29.152475
29.155900
29.159025
29.164575
29.167125
29.170600
29.173325
29.176975
29.182175
29.185525
29.190625
29.194825
29.200800
29.209125
29.215650
29.223000
29.246800
29.274025
29.317925
29.346525
29.393900
29.420125
29.453475
29.477975
29.525775
29.544375
29.555550
29.566500
29.572525
29.585975
29.592100
29.596250
29.604275
29.608625
29.611750
29.614625
29.617700
29.626225
29.634375
29.637650
29.641550
29.646750
29.653650
29.660150
29.671075
29.703850
29.726550
29.749200
29.788900
29.821950
29.843275
29.887825
29.935275
29.965450
29.997550
