0.005200
0.035700
0.043275
0.054750
0.146650
0.242625
0.250450
0.264450
0.306875
0.341925
0.366100
0.463900
0.545225
0.574825
0.584025
0.690375
0.767200
0.899275
1.043475
1.087275
1.120750
1.237150
1.286775
1.293650
1.303925
1.348725
1.354775
1.356650
1.361200
1.413400
1.448525
1.483975
1.518750
1.525050
1.561500
1.588875
1.642250
1.705700
1.739675
1.755375
1.786200
1.792600
1.867125
1.943050
1.953100
2.004900
2.041125
2.081600
2.217550
2.246225
2.310375
2.356225
2.447925
2.457725
2.461425
2.468125
2.474175
2.490900
2.496050
2.503025
2.512125
2.539200
2.580800
2.637450
2.686975
2.753675
2.775875
2.802225
2.819675
2.853600
2.860200
2.875475
2.908950
2.915550
2.927100
2.933700
2.960500
2.979025
3.090375
3.111250
3.156300
3.218750
3.229450
3.242775
3.247800
3.258600
3.264075
3.268775
3.273025
3.280750
3.286625
3.297050
3.310350
3.319825
3.343550
3.380725
3.464775
3.491375
3.550525
3.555950
3.562025
3.567175
3.585325
3.599875
3.620750
3.639275
3.677500
3.721075
3.752550
3.775375
3.809050
3.862700
3.933375
3.948750
3.953675
3.959200
3.963675
3.971200
3.978325
3.987575
3.996925
4.006275
4.016725
4.022350
4.029825
4.042525
4.047900
4.091725
4.132750
4.178925
4.287350
4.305475
4.310300
4.315675
4.328825
4.332525
4.338225
4.345825
4.351475
4.371225
4.381650
4.398975
4.412750
4.519375
4.562125
4.622600
4.690900
4.697525
4.702075
4.711125
4.713000
4.717375
4.721625
4.726625
4.733175
4.742675
4.749000
4.755350
4.760750
4.768650
4.773625
4.794300
4.890500
4.943100
4.986250
5.012550
5.019075
5.027000
5.031750
5.041600
5.069000
5.080875
5.113500
5.165850
5.250575
5.275700
5.284050
5.338650
5.376375
5.382350
5.400975
5.412400
5.417100
5.426550
5.432725
5.443650
5.510975
5.604875
5.647975
5.655725
5.677625
5.756000
5.761950
5.775700
5.781375
5.786700
5.791675
5.799550
5.811800
5.952150
5.983175
6.042925
6.105850
6.129975
6.136625
6.148600
6.187725
6.207575
6.282325
6.384500
6.411825
6.455800
6.525400
6.533300
6.540075
6.545650
6.551100
6.556400
6.559475
6.561225
6.566900
6.572925
6.579125
6.590800
6.596425
6.647375
6.712350
6.776375
6.819050
6.825525
6.839225
6.848500
6.853800
6.858900
6.864025
6.878250
6.888050
6.894850
6.909925
6.994175
7.044900
7.055100
7.111250
7.166975
7.179650
7.187225
7.207250
7.212675
7.226875
7.233275
7.239075
7.256150
7.265125
7.275825
7.291175
7.410075
7.496350
7.533475
7.558900
7.564975
7.570050
7.576600
7.581150
7.585825
7.590750
7.606150
7.618750
7.625600
7.635200
7.660200
7.685400
7.720300
7.732475
7.865400
7.958625
7.984475
7.999800
8.010075
8.023900
8.030075
8.040125
8.046375
8.057225
8.100775
8.127250
8.164300
8.260025
8.292525
8.322350
8.363150
8.370525
8.405150
8.434550
8.487275
8.494325
8.523200
8.672225
8.725300
8.790975
8.839000
8.846300
8.928575
8.967075
9.011950
9.068725
9.161325
9.167225
9.174050
9.180250
9.185650
9.190900
9.200100
9.222425
9.296775
9.319925
9.388025
9.442125
9.477200
9.484550
9.489400
9.496300
9.516575
9.533550
9.556025
9.589550
9.595725
9.645100
9.757600
9.848675
9.877275
9.889700
9.899475
9.906525
9.911225
9.916500
9.923000
9.928400
9.933375
9.938075
9.943075
9.958850
9.972225
9.978600
9.999775
10.080925
10.160925
10.208975
10.246350
10.286625
10.307425
10.313050
10.318350
10.323150
10.327925
10.331925
10.336775
10.341950
10.348225
10.352475
10.356350
10.364650
10.373950
10.380200
10.394775
10.415025
10.433625
10.525850
10.584500
10.626600
10.683425
10.697750
10.703975
10.716625
10.728950
10.740100
10.752975
10.770875
10.777500
10.786750
10.801600
10.876800
10.915475
10.997100
11.003800
11.050825
11.061125
11.136000
11.175075
11.244200
11.276850
11.341525
11.369475
11.398675
11.405050
11.424550
11.430200
11.446225
11.452600
11.477025
11.496325
11.521825
11.546050
11.640100
11.655700
11.728125
11.775600
11.806000
11.824650
11.842075
11.859475
11.877450
11.881950
11.889225
11.910675
12.023475
12.082350
12.128200
12.161000
12.170175
12.185725
12.191800
12.218525
12.224500
12.237450
12.249325
12.270075
12.288400
12.294250
12.301225
12.349600
12.356950
12.506100
12.521475
12.537950
12.544850
12.583150
12.605775
12.637675
12.707275
12.797950
12.804100
12.811000
12.829025
12.833675
12.839950
12.851450
12.857075
12.862200
12.869925
12.875250
12.894275
12.932550
12.982675
12.988300
13.035350
13.077575
13.163150
13.200225
13.206050
13.211850
13.217600
13.224050
13.229175
13.247300
13.253400
13.260950
13.280150
13.331400
13.354800
13.398725
13.506775
13.543200
13.595175
13.610050
13.712425
13.719675
13.731975
13.774025
13.781800
13.802800
13.834675
13.852575
13.873675
13.880300
13.933150
13.988400
13.993450
14.026475
14.074600
14.160350
14.203725
14.210175
14.217625
14.228850
14.234525
14.239825
14.244525
14.251275
14.256950
14.261925
14.266300
14.270875
14.275200
14.279800
14.283675
14.288925
14.292675
14.296875
14.301600
14.308225
14.312450
14.318050
14.322900
14.336100
14.365450
14.375050
14.397725
14.404775
14.460150
14.522450
14.593425
14.667050
14.688600
14.729675
14.775250
14.880050
14.970700
15.009250
15.076500
15.097725
15.230100
15.274700
15.322650
15.338375
15.360125
15.393450
15.428025
15.530550
15.561700
15.614600
15.650850
15.658175
15.687900
15.704550
15.794375
15.845700
15.955675
15.959675
15.986475
16.039100
16.045775
16.084750
16.120225
16.200925
16.277225
16.314525
16.433175
16.459150
16.497525
16.504075
16.526500
16.560225
16.648200
16.688150
16.774175
16.815975
16.859900
16.904125
16.917925
16.938275
16.985650
17.033725
17.068850
17.122225
17.143800
17.191000
17.219075
17.223950
17.235800
17.242775
17.259725
17.270675
17.277550
17.289775
17.307225
17.320850
17.325725
17.343725
17.360325
17.374200
17.388300
17.406375
17.429600
17.448625
17.482100
17.497750
17.505275
17.526325
17.547650
17.561775
17.568225
17.586600
17.612025
17.640600
17.705900
17.761050
17.777650
17.804700
17.849575
17.921850
17.957300
17.982525
17.997575
18.022825
18.037775
18.070300
18.092975
18.187200
18.209375
18.244975
18.255300
18.275100
18.324125
18.338525
18.375000
18.397650
18.424600
18.462025
18.523125
18.549800
18.607450
18.662750
18.785075
18.811575
18.823775
18.849700
18.927400
18.950500
18.980075
19.051950
19.139600
19.158550
19.253025
19.271775
19.326225
19.378850
19.407150
19.415675
19.455725
19.520125
19.549175
19.592450
19.688975
19.695150
19.701875
19.708225
19.724025
19.751200
19.774575
19.781425
19.807125
19.858775
19.888675
19.912900
19.919950
19.946800
19.996600
20.008800
20.066400
20.082425
20.128025
20.146200
20.166700
20.190475
20.296500
20.355525
20.391700
20.400275
20.465300
20.514675
20.522400
20.537800
20.554825
20.569425
20.585325
20.592075
20.626225
20.664075
20.688400
20.695350
20.747750
20.791075
20.845375
20.859425
20.890975
20.927650
20.955575
20.964275
21.074550
21.105275
21.170975
21.209700
21.300825
21.331425
21.351000
21.364025
21.370975
21.376650
21.391475
21.400975
21.420250
21.449600
21.471575
21.478000
21.502925
21.517750
21.534900
21.552150
21.554000
21.570925
21.580250
21.611275
21.617625
21.646500
21.680550
21.711075
21.746300
21.783175
21.798875
21.805475
21.845400
21.876075
21.914375
21.941000
21.947375
21.961025
21.965925
21.991325
22.018025
22.046950
22.052900
22.074575
22.113275
22.153150
22.192825
22.247275
22.257425
22.265650
22.278075
22.301650
22.332525
22.373075
22.380650
22.404300
22.413300
22.434750
22.441800
22.464000
22.487400
22.533875
22.574825
22.640725
22.673200
22.693875
22.701500
22.737975
22.745125
22.785575
22.793300
22.852575
22.878875
22.890850
22.901600
22.909875
22.915500
22.935250
22.959525
22.966150
23.015900
23.065825
23.093450
23.156925
23.169875
23.219625
23.225800
23.244025
23.249775
23.262325
23.270500
23.295250
23.323875
23.374900
23.410550
23.430525
23.522600
23.549575
23.561700
23.569500
23.575975
23.582575
23.591750
23.619500
23.660425
23.710925
23.748475
23.755300
23.762525
23.811850
23.849000
23.931225
23.960525
24.034875
24.053675
24.066225
24.070900
24.107875
24.182075
24.189800
24.225050
24.232125
24.304800
24.365000
24.411100
24.462475
24.469150
24.496925
24.505575
24.536125
24.595150
24.609500
24.642275
24.715800
24.723425
24.736125
24.741575
24.747100
24.757875
24.774375
24.781550
24.802400
24.813325
24.873325
24.904225
24.964550
24.992600
25.027300
25.084975
25.105725
25.113225
25.145475
25.154275
25.185050
25.227100
25.240175
25.289700
25.297675
25.345150
25.393100
25.408475
25.493025
25.499075
25.509225
25.540425
25.551000
25.557000
25.568200
25.573275
25.608075
25.655625
25.773000
25.814125
25.821875
25.827900
25.847450
25.862750
25.868000
25.886275
25.893125
25.900000
25.904650
25.917275
25.953325
25.974000
26.082625
26.110550
26.152975
26.177200
26.193200
26.205750
26.212500
26.233500
26.261025
26.312625
26.415150
26.472025
26.508250
26.539475
26.581175
26.587750
26.610575
26.616550
26.623400
26.641050
26.685100
26.725775
26.735500
26.828000
26.835350
26.854875
26.868400
26.887925
26.896200
26.905100
26.924050
26.963075
26.988300
27.037100
27.082500
27.126450
27.159775
27.212575
27.249325
27.267900
27.311425
27.315775
27.339050
27.359000
27.366975
27.409125
27.449350
27.511050
27.549025
27.605000
27.648300
27.692375
27.807400
27.873100
27.921850
27.929350
27.958650
28.050275
28.078475
28.080300
28.086875
28.097175
28.105350
28.112050
28.124600
28.130725
28.147850
28.154450
28.178625
28.201100
28.219375
28.256950
28.287075
28.302350
28.310100
28.346550
28.373250
28.379375
28.408975
28.442550
28.470875
28.497100
28.519250
28.525850
28.532575
28.546825
28.554550
28.577950
28.621050
28.629300
28.660000
28.666125
28.677325
28.683675
28.701225
28.708525
28.714500
28.719725
28.729175
28.783400
28.804125
28.835950
28.851025
28.876825
28.895125
28.938000
28.945350
28.965150
28.987775
28.994575
29.050200
29.066225
29.082550
29.100250
29.124800
29.147875
29.173875
29.194700
29.235300
29.269175
29.306175
29.346975
29.374400
29.388375
29.416125
29.444325
29.474075
29.499025
29.519925
29.541675
29.553475
29.580075
29.642250
29.674925
29.751950
29.791375
29.826725
29.835300
29.868950
29.878525
29.908525
29.932375
29.954750
29.983925
