0.006700
0.089275
0.134075
0.144175
0.190475
0.204300
0.233425
0.237600
0.246025
0.277150
0.326450
0.343625
0.357225
0.370125
0.416525
0.438625
0.563975
0.582600
0.612425
0.629725
0.638700
0.657300
0.685425
0.703525
0.727275
0.792675
0.818825
0.891700
0.934350
0.953825
0.986000
1.006825
1.036150
1.078425
1.092425
1.161650
1.186750
1.224450
1.246325
1.274225
1.282875
1.300300
1.327550
1.362600
1.407425
1.443600
1.474300
1.522675
1.540775
1.566925
1.615325
1.656250
1.717750
1.728950
1.739075
1.757000
1.767650
1.790750
1.804100
1.840325
1.924725
1.943450
1.991575
2.112100
2.122500
2.136750
2.148275
2.174125
2.183525
2.211775
2.232750
2.286475
2.425125
2.449450
2.504650
2.628275
2.638425
2.656050
2.666250
2.672975
2.712700
2.731650
2.741925
2.801525
2.807950
2.825375
2.851300
2.882150
2.925200
2.974300
3.008525
3.047275
3.106050
3.116700
3.160350
3.185200
3.200250
3.202025
3.227000
3.265525
3.339925
3.355400
3.365300
3.444400
3.463775
3.550050
3.568150
3.581350
3.620050
3.643250
3.664500
3.712000
3.729175
3.781675
3.845525
3.871875
3.901950
3.933125
3.955975
3.991275
4.009650
4.056850
4.074825
4.077800
4.097025
4.159125
4.223250
4.247100
4.270100
4.290725
4.335950
4.352425
4.369900
4.425625
4.516125
4.530525
4.580025
4.588425
4.628125
4.652375
4.745725
4.759875
4.807100
4.839225
4.871300
4.893825
4.918950
4.929350
4.937725
4.946550
4.963350
4.997450
5.016900
5.027300
5.121625
5.198875
5.211750
5.236625
5.304975
5.393025
5.445700
5.478875
5.539275
5.550325
5.583675
5.599025
5.646500
5.675475
5.701800
5.723200
5.766175
5.784650
5.797950
5.852575
5.892600
5.956150
5.978825
6.010675
6.021650
6.078225
6.100575
6.125525
6.149250
6.255800
6.295525
6.304950
6.341450
6.373775
6.424900
6.439125
6.466225
6.481625
6.496675
6.561800
6.614475
6.642125
6.676425
6.683825
6.694875
6.710750
6.725600
6.832900
6.843600
6.866150
6.898975
6.967250
7.005250
7.018550
7.066625
7.088400
7.111875
7.136425
7.150125
7.196825
7.258575
7.271150
7.308875
7.320925
7.436100
7.466725
7.500125
7.574825
7.596950
7.670050
7.724375
7.744125
7.776300
7.853625
7.910525
7.936550
8.012350
8.123725
8.147575
8.165750
8.207550
8.240125
8.295700
8.339625
8.415200
8.464675
8.512275
8.519525
8.543150
8.630000
8.641225
8.651100
8.671800
8.691000
8.712250
8.735275
8.800225
8.825250
8.842675
8.857675
8.906475
8.985900
9.024875
9.042100
9.086625
9.243525
9.290725
9.321150
9.396275
9.403575
9.437650
9.488000
9.560300
9.627900
9.672850
9.694925
9.731450
9.752550
9.853850
9.873725
9.904800
9.924975
9.954475
9.981350
9.994700
10.012025
10.045250
10.068800
10.191325
10.213200
10.243025
10.271525
10.340725
10.390450
10.426100
10.455100
10.516050
10.573150
10.641300
10.710750
10.731450
10.796825
10.858050
10.886250
10.922150
10.934225
10.948900
10.966725
11.020350
11.038750
11.072600
11.137600
11.152275
11.235850
11.257400
11.287450
11.305675
11.359950
11.401675
11.435175
11.600525
11.638900
11.724325
11.967250
11.998425
12.034650
12.053925
12.122650
12.142275
12.158700
12.197250
12.284700
12.304050
12.318625
12.336375
12.342750
12.382750
12.412725
12.471100
12.555600
12.592275
12.606075
12.695225
12.721750
12.740400
12.845050
12.905925
12.947150
12.990900
13.011250
13.026400
13.043975
13.057225
13.087300
13.098275
13.115025
13.136025
13.174525
13.180275
13.230325
13.274700
13.337975
13.362450
13.390000
13.433700
13.505425
13.525900
13.538000
13.540125
13.596100
13.633525
13.644575
13.681075
13.709175
13.758300
13.776850
13.843525
13.883500
13.908525
13.926100
13.988500
14.026300
14.073475
14.085300
14.089300
14.095125
14.114600
14.136250
14.173500
14.196975
14.214775
14.241750
14.285575
14.405700
14.429275
14.498300
14.526775
14.623350
14.654025
14.671975
14.749225
14.765850
14.784675
14.802825
14.893225
14.958025
14.997250
15.054350
15.098300
15.147375
15.167150
15.179225
15.283650
15.321650
15.341850
15.383900
15.452025
15.493650
15.518350
15.536775
15.575575
15.634000
15.657950
15.670625
15.685500
15.786950
15.818450
15.903200
15.953850
15.997225
16.026525
16.126150
16.139900
16.157450
16.244625
16.261575
16.322450
16.360675
16.383025
16.523450
16.557250
16.613600
16.640125
16.661050
16.747675
16.779950
16.797950
16.806975
16.818775
16.880250
16.901850
16.973950
17.040550
17.069725
17.106625
17.142325
17.155725
17.201125
17.268900
17.333225
17.347325
17.381225
17.430000
17.444275
17.475000
17.503375
17.556675
17.579725
17.602225
17.613550
17.621175
17.639975
17.681275
17.693350
17.718450
17.819775
17.851350
17.895075
17.964375
17.989525
18.062775
18.112350
18.153100
18.189425
18.245750
18.262575
18.289150
18.299200
18.315450
18.327800
18.379750
18.460525
18.481775
18.594075
18.653925
18.712000
18.744250
18.797850
18.818900
18.832050
18.892650
18.925950
18.939000
19.001100
19.014775
19.059675
19.082300
19.101325
19.143775
19.200425
19.263800
19.449425
19.477575
19.494500
19.519825
19.559875
19.654850
19.680450
19.697800
19.716300
19.750225
19.766225
19.802350
19.910700
19.963050
20.013925
20.043400
20.072400
20.088150
20.103300
20.130250
20.216050
20.269175
20.297275
20.318825
20.323500
20.368675
20.380725
20.416500
20.462075
20.477950
20.487225
20.506675
20.649350
20.668600
20.706675
20.718500
20.730550
20.744700
20.776500
20.793525
20.857700
20.890150
20.931225
20.948500
20.988725
21.008750
21.027650
21.050425
21.070575
21.128275
21.157775
21.176600
21.238300
21.288525
21.344350
21.380675
21.413850
21.432675
21.445525
21.459025
21.481125
21.503175
21.522325
21.555800
21.596550
21.614475
21.618600
21.627700
21.662150
21.679075
21.684300
21.697700
21.737975
21.761800
21.823375
21.926300
21.944400
21.988275
22.044975
22.076050
22.138575
22.153775
22.185225
22.203125
22.223600
22.239850
22.285775
22.304375
22.331650
22.354625
22.367000
22.369225
22.391350
22.424500
22.425700
22.456500
22.482500
22.591300
22.634800
22.670075
22.704025
22.743525
22.767750
22.784875
22.787600
22.807975
22.817225
22.850250
22.866675
22.897800
22.924975
22.936475
23.015375
23.074650
23.093900
23.146950
23.184025
23.206925
23.240625
23.259025
23.281625
23.322850
23.342525
23.378925
23.387125
23.415675
23.434875
23.454750
23.479975
23.496100
23.520675
23.528225
23.634450
23.650550
23.707450
23.715450
23.726700
23.743125
23.778425
23.789975
23.810875
23.819575
23.850775
23.891200
23.898425
23.916775
23.931500
23.946475
23.958825
23.997350
24.005225
24.058400
24.087875
24.102825
24.125675
24.136525
24.192075
24.261500
24.288825
24.353200
24.382475
24.404950
24.416525
24.429775
24.443975
24.464700
24.492700
24.515375
24.534425
24.554650
24.574525
24.635100
24.692750
24.755275
24.797825
24.842000
24.910425
24.919475
24.937600
24.964875
24.987175
25.015100
25.055000
25.103250
25.150450
25.168500
25.209725
25.223575
25.318700
25.465750
25.494775
25.548025
25.577025
25.593075
25.628500
25.648300
25.673050
25.739525
25.778100
25.799375
25.823225
25.837625
25.907100
25.927300
25.938800
25.954975
25.975600
26.001700
26.070625
26.115875
26.182850
26.197625
26.225300
26.239800
26.270775
26.310425
26.332650
26.353875
26.362575
26.443200
26.474925
26.498050
26.536625
26.554600
26.580925
26.617250
26.656375
26.676550
26.726950
26.779075
26.793175
26.834600
26.898050
26.925100
26.995125
27.044425
27.073625
27.092800
27.135350
27.186450
27.225125
27.270500
27.295750
27.303075
27.315300
27.390525
27.422525
27.436425
27.461150
27.509050
27.524750
27.651825
27.685025
27.706425
27.734475
27.785500
27.809250
27.821175
27.841300
27.878125
27.900375
27.941175
27.961500
28.033700
28.074075
28.178350
28.199075
28.220775
28.292800
28.315500
28.446650
28.456300
28.508775
28.523975
28.581475
28.620675
28.670700
28.686650
28.709400
28.711250
28.737100
28.797025
28.858275
28.915650
28.939325
28.962625
28.990150
29.069125
29.090600
29.104450
29.128825
29.164725
29.191000
29.198750
29.225425
29.341775
29.363200
29.403725
29.450500
29.460825
29.474200
29.520075
29.554150
29.587875
29.609225
29.637975
29.687425
29.766400
29.801075
29.907650
29.940275
