0.013075
0.237275
0.286025
1.157125
2.057850
2.077350
2.160200
2.176400
2.201100
2.236150
2.479725
2.558750
2.600200
3.703525
3.719125
4.343600
4.368550
4.396050
4.402825
4.416550
4.423000
4.431725
4.517450
4.552600
4.953000
4.977950
5.342925
6.336925
6.570750
6.580850
6.734550
6.742900
6.769850
6.787125
6.885600
6.968625
6.995700
7.931750
7.940400
7.986050
8.015200
8.036675
8.058575
8.115950
8.375350
9.564975
10.322800
10.393375
11.439700
11.561775
11.566200
11.581700
11.598750
11.604975
11.615500
11.630050
11.967300
11.974350
12.011650
12.208925
12.274125
12.770325
13.500025
14.097450
14.607725
15.211200
16.143300
16.165650
16.178350
16.185850
16.252025
16.283175
16.310900
16.524375
16.606775
17.215100
17.763975
18.148950
18.155725
18.182075
18.219550
18.229500
18.235950
18.241050
18.635200
18.826475
18.832800
18.865600
18.873350
20.143625
20.201325
20.251850
20.383675
20.879000
21.344500
21.436700
21.539100
21.753225
24.251375
24.341850
24.364075
24.427200
24.877375
24.887750
24.892475
25.413050
25.449425
25.568225
25.602200
25.663925
25.686125
25.912650
26.006650
26.333850
26.377000
26.411650
26.590300
26.673450
27.393675
27.447250
28.226850
29.091050
29.412925
29.484400
