0.012975
0.063650
0.116500
0.200150
0.251250
0.304450
0.347425
0.390025
0.496250
0.552550
0.600850
0.640400
0.666925
0.751075
0.843750
0.878575
0.944075
1.055925
1.129625
1.180250
1.223150
1.288425
1.512000
1.738975
1.832075
1.891175
1.934125
2.007675
2.090775
2.143875
2.194300
2.265625
2.337675
2.434675
2.642750
2.666075
2.795000
2.830650
2.971150
3.040600
3.149800
3.193950
3.276575
3.529700
3.606625
3.637825
3.678575
4.141275
4.305750
4.351525
4.375425
4.454050
4.566975
5.172800
5.313600
5.793950
5.966725
6.278550
6.350250
6.617425
6.707350
6.923450
7.278700
7.491650
7.527050
7.990225
8.147850
8.418975
8.613925
8.874800
9.231525
9.384950
9.694950
10.124150
10.152125
10.390400
10.469650
10.717050
11.386625
11.562700
11.642175
12.043350
12.106675
12.122425
12.134850
12.181300
12.231450
12.252550
12.310150
12.353000
12.413750
12.468225
12.514475
12.537375
12.564100
12.605550
12.631325
12.717625
12.761725
12.826500
12.857500
12.910250
12.948675
13.102600
13.182325
13.230600
13.427150
13.602550
13.658025
13.680725
14.130775
14.635600
14.672300
15.442125
15.778700
15.877225
16.038425
16.097725
16.291275
16.516925
16.605300
16.681575
16.949700
17.026250
17.189625
17.247150
17.445025
17.499700
17.755400
17.841925
18.004625
18.230900
18.337875
18.475075
18.533100
19.205150
19.841250
19.982600
20.163975
20.583000
20.996800
21.039700
21.307625
21.895075
23.103975
23.177925
23.258400
23.830750
24.475000
24.520525
24.563025
24.590650
24.620400
24.764775
24.886600
24.955800
24.974550
25.092475
25.132375
25.174300
25.212275
25.248275
25.276425
25.320225
25.381850
25.396875
25.505425
25.538225
25.623875
25.657275
25.736875
25.802800
25.890800
25.915525
25.954500
25.988425
26.029275
26.087925
26.121100
26.173875
26.216000
26.299450
26.430200
26.513625
26.581300
26.645400
26.775300
26.811525
26.873975
26.899450
26.953675
27.000625
27.039125
27.091925
27.132200
27.177075
27.260300
27.392550
27.466600
27.559075
27.592975
27.704100
27.795925
27.818300
27.853450
27.881825
27.910275
27.934175
28.107725
28.148600
28.230925
28.400750
28.451175
28.697300
28.753775
28.947550
29.028275
29.081450
29.268675
29.303125
29.842025
29.877075
