0.089650
0.151850
0.188925
0.205175
0.217475
0.234325
0.240875
0.246700
0.253425
0.278000
0.316475
0.381525
0.428275
0.520875
0.528100
0.547300
0.548625
0.553650
0.559225
0.638975
0.655925
0.716700
0.741325
0.784375
0.828775
0.844325
0.855100
0.894800
1.010450
1.125050
1.128925
1.142950
1.153125
1.157325
1.169100
1.178325
1.191800
1.240525
1.247825
1.257100
1.309900
1.507275
1.579050
1.590550
1.631300
1.645800
1.676975
1.780450
1.925375
1.988375
2.015200
2.032600
2.048550
2.056575
2.062375
2.070375
2.076325
2.083250
2.094375
2.116450
2.136100
2.331675
2.373250
2.416400
2.424200
2.437175
2.444350
2.455650
2.462300
2.477875
2.479425
2.512850
2.531625
2.573075
2.597625
2.625275
2.644250
2.667225
2.698775
2.839800
2.975725
3.006725
3.017350
3.028775
3.036225
3.046125
3.054250
3.065875
3.077150
3.087550
3.098075
3.123125
3.149750
3.187750
3.221500
3.235625
3.247100
3.259325
3.277500
3.287150
3.324900
3.356650
3.398175
3.460250
3.640250
3.693000
3.737475
3.808475
3.840225
3.866150
3.966500
4.030175
4.101450
4.114100
4.120025
4.125925
4.142800
4.152450
4.175325
4.215850
4.282450
4.398975
4.514350
4.531025
4.550225
4.561350
4.570675
4.577200
4.593650
4.601275
4.610975
4.658650
4.663100
4.685525
4.693375
4.701150
4.705175
4.732725
4.779300
4.875600
4.888775
4.899500
4.917250
5.104225
5.116675
5.130525
5.133325
5.144625
5.147175
5.149750
5.178525
5.189925
5.253850
5.268600
5.285125
5.290825
5.308575
5.333000
5.408350
5.428925
5.490525
5.523300
5.544475
5.563150
5.591750
5.607600
5.670250
5.674950
5.687875
5.710250
5.715875
5.747075
5.760000
5.768100
5.773925
5.782775
5.793025
5.827925
5.855625
6.026650
6.094250
6.163050
6.204300
6.236850
6.253825
6.262300
6.271300
6.278900
6.284675
6.290950
6.332225
6.340725
6.352150
6.373525
6.399300
6.468075
6.500525
6.567725
6.582050
6.596250
6.604700
6.625600
6.635950
6.673650
6.769300
6.782550
6.806250
6.816575
6.837550
6.857900
6.980175
7.016900
7.032550
7.043225
7.058300
7.065700
7.113850
7.140075
7.202300
7.331950
7.370700
7.396900
7.433675
7.571750
7.592375
7.609075
7.614425
7.626850
7.631425
7.636275
7.642025
7.645600
7.651000
7.659625
7.668300
7.679875
7.693925
7.712150
7.733550
7.742800
7.761550
7.773275
7.786025
7.794425
7.853125
7.866150
7.877425
7.886875
7.900450
7.927900
7.940250
7.952150
7.989075
8.020075
8.027625
8.034700
8.051550
8.063350
8.072125
8.102300
8.129025
8.146525
8.191025
8.213400
8.227475
8.239150
8.248625
8.272700
8.297300
8.305625
8.315850
8.323800
8.328825
8.336425
8.396075
8.452325
8.508950
8.573675
8.595525
8.613325
8.723950
8.851550
8.866525
8.888525
8.900500
8.915875
8.922575
8.972700
9.065550
9.086950
9.102825
9.121825
9.138125
9.160025
9.164075
9.168450
9.175675
9.185650
9.198225
9.213750
9.223300
9.239450
9.331175
9.360625
9.455350
9.509250
9.556625
9.599075
9.659450
9.704975
9.734425
9.738425
9.786300
9.792650
9.809550
9.818475
9.852225
9.854650
9.864075
9.872675
9.877625
9.891000
9.894650
9.898200
9.924100
9.932025
9.964725
9.989775
10.033550
10.106975
10.152225
10.181200
10.197900
10.210675
10.219150
10.227900
10.234475
10.246000
10.317675
10.343650
10.356775
10.403200
10.472550
10.570175
10.740275
10.754000
10.762475
10.775325
10.780425
10.786625
10.803525
10.832875
10.882300
10.903050
10.926900
10.968050
11.011400
11.060425
11.136900
11.232275
11.247250
11.265100
11.278550
11.296875
11.306200
11.315250
11.334325
11.338425
11.373550
11.392875
11.443750
11.544400
11.622825
11.751100
11.770425
11.774175
11.829075
12.031650
12.050400
12.062525
12.087425
12.090800
12.094900
12.109450
12.128825
12.131350
12.171300
12.196125
12.230350
12.246650
12.250700
12.260600
12.273525
12.340525
12.391425
12.483225
12.557250
12.600725
12.637650
12.644650
12.652575
12.685200
12.715050
12.726250
12.735975
12.763300
12.777850
12.789550
12.796700
12.836775
12.851150
12.865575
12.877400
12.884275
12.890825
12.903600
12.915450
12.931850
12.949650
12.968650
12.984125
12.987375
13.007550
13.034500
13.046900
13.051150
13.055450
13.062625
13.090925
13.103475
13.107300
13.151000
13.162700
13.207025
13.233750
13.258025
13.343900
13.375025
13.403725
13.417050
13.420975
13.435475
13.444450
13.489700
13.515450
13.526125
13.536300
13.540725
13.616250
13.681825
13.701325
13.833325
13.912850
13.945825
13.952900
13.991575
13.999700
14.038050
14.067175
14.076500
14.112800
14.136600
14.188875
14.253350
14.355975
14.415075
14.423325
14.432325
14.442675
14.447675
14.464150
14.511225
14.523450
14.529600
14.596275
14.604050
14.610975
14.617000
14.634800
14.666150
14.668325
14.711800
14.777100
14.806275
14.839225
14.851825
14.869325
14.895800
14.925175
14.956275
15.029925
15.053700
15.143900
15.268800
15.273625
15.279575
15.287050
15.329375
15.397975
15.413050
15.451650
15.605775
15.620725
15.825000
15.829600
15.842900
15.845250
15.849875
15.867275
15.900475
15.917050
15.926925
16.016550
16.030525
16.114025
16.134475
16.293500
16.374775
16.387900
16.391625
16.397675
16.410875
16.475225
16.519625
16.586825
16.842625
16.861250
16.938350
17.002275
17.069975
17.113475
17.122900
17.135100
17.237325
17.263650
17.308075
17.337025
17.378875
17.403500
17.477675
17.494125
17.503550
17.509325
17.513675
17.520700
17.585950
17.601125
17.606000
17.609275
17.627400
17.678075
17.709250
17.851125
18.002750
18.043200
18.050250
18.079025
18.082400
18.104325
18.114475
18.128800
18.131600
18.189725
18.211875
18.234500
18.275150
18.482350
18.493325
18.498300
18.502625
18.506725
18.514150
18.517975
18.521475
18.532125
18.535200
18.538075
18.599750
18.612700
18.631250
18.682625
18.696925
18.710950
18.796625
18.884600
18.975400
19.011275
19.036725
19.051050
19.090825
19.101200
19.119775
19.126075
19.131300
19.136100
19.155575
19.217150
19.385075
19.398700
19.428650
19.478625
19.492550
19.499275
19.504825
19.510850
19.552975
19.581100
19.614000
19.652875
19.706875
19.740725
19.775475
19.843550
19.888100
19.908550
19.965175
19.972675
19.979750
19.989900
19.998375
20.011950
20.023300
20.030100
20.043150
20.051975
20.084250
20.122950
20.184925
20.248200
20.354975
20.382950
20.418350
20.424725
20.429425
20.438700
20.446150
20.452850
20.518875
20.547775
20.555525
20.574700
20.583925
20.628400
20.636550
20.644375
20.657425
20.689250
20.700850
20.737725
20.762100
20.789275
20.837125
20.853850
20.874875
20.938775
20.981500
21.098275
21.148150
21.155425
21.168275
21.185950
21.200650
21.207550
21.233600
21.241600
21.263325
21.273075
21.302225
21.338275
21.348575
21.369825
21.549900
21.559725
21.564675
21.570475
21.575425
21.592975
21.607125
21.612950
21.618850
21.624175
21.661550
21.665975
21.797775
21.830200
21.968250
22.080900
22.146200
22.172325
22.206925
22.245825
22.254325
22.264175
22.285750
22.297175
22.320150
22.330200
22.345475
22.356750
22.381700
22.420975
22.524200
22.571850
22.608675
22.636400
22.652175
22.674450
22.699200
22.710750
22.730050
22.744675
22.757850
22.776000
22.810975
23.011200
23.082225
23.110925
23.123775
23.128875
23.137375
23.144825
23.149350
23.165150
23.180725
23.184775
23.220450
23.227875
23.234875
23.253650
23.262375
23.287425
23.323175
23.333675
23.383150
23.476125
23.514650
23.593325
23.601925
23.605125
23.608100
23.614250
23.628800
23.632950
23.654750
23.670050
23.674950
23.714150
23.720725
23.761850
23.769175
23.785200
23.790725
23.795275
23.818950
23.822850
23.860575
23.898175
23.903400
23.930775
23.957450
23.960050
23.990425
24.006725
24.019775
24.024050
24.145625
24.221775
24.244475
24.316575
24.338900
24.376425
24.396200
24.402175
24.406050
24.419750
24.422225
24.446900
24.454700
24.458075
24.461225
24.467125
24.504975
24.525775
24.589350
24.762900
24.795075
24.944325
24.980400
24.983225
24.998050
25.001175
25.026300
25.030500
25.084375
25.089900
25.096800
25.121625
25.149050
25.188150
25.220800
25.320925
25.401125
25.441350
25.449725
25.461825
25.490625
25.493650
25.532850
25.570250
25.654675
25.673925
25.703500
25.707300
25.814025
25.825500
25.988550
25.998325
26.247200
26.290850
26.326100
26.519700
26.531975
26.550550
26.553900
26.645275
26.656775
26.732450
26.754450
26.811500
26.827675
26.999300
27.006675
27.021075
27.102950
27.244325
27.284525
27.302575
27.320225
27.343150
27.514175
27.558725
27.589800
27.633575
27.654000
27.706150
27.829600
27.929575
27.997125
28.016950
28.034500
28.039375
28.056325
28.061325
28.089525
28.097000
28.113775
28.132375
28.193775
28.313025
28.342950
28.360325
28.373375
28.406575
28.436200
28.482950
28.500950
28.506750
28.535125
28.541500
28.570750
28.578450
28.584725
28.592750
28.609750
28.624000
28.641925
28.671725
28.703625
28.746625
28.857700
28.902200
28.992950
29.019400
29.026250
29.039650
29.054275
29.058325
29.060975
29.097575
29.109500
29.112750
29.119650
29.143125
29.175500
29.205400
29.287025
29.303000
29.316100
29.343125
29.365950
29.415700
29.459700
29.518200
29.594925
29.647525
29.660350
29.742675
29.752025
29.766475
29.781400
29.801050
29.842450
29.864875
29.869650
29.910550
