0.029900
0.073200
0.335700
0.355175
0.400100
0.456375
0.674050
0.714275
0.745300
0.770925
0.882525
0.889600
0.989725
1.394800
1.403850
1.431150
1.715600
1.856200
1.934425
2.057700
2.098900
2.502450
2.508225
2.564950
2.655500
2.801650
2.874950
2.931925
2.958825
3.182800
3.300875
3.416850
3.561700
3.697150
3.790075
3.955550
3.979300
4.072575
4.080825
4.180175
4.342325
4.361600
4.380250
4.507975
4.672775
4.686400
4.817700
4.924425
4.943525
4.993175
5.245750
5.434550
5.502775
5.554075
5.636600
5.681075
5.813350
5.845675
5.884625
5.937000
5.976200
5.991825
6.006725
6.124025
6.422400
6.434000
6.451675
6.576325
6.616025
6.628425
6.906925
7.207375
7.319250
7.357425
7.398825
7.432925
7.643375
7.691950
7.755500
7.796525
7.853500
7.943850
7.989800
8.016775
8.064350
8.113150
8.156075
8.205775
8.214300
8.482175
8.497125
8.544700
8.564600
8.729250
8.785425
8.852200
8.856375
8.860825
8.906825
9.028150
9.070625
9.102950
9.127150
9.226675
9.352075
9.470025
9.545800
9.568850
9.593350
9.618800
9.624675
9.641725
9.646075
9.658700
9.701875
9.865175
9.922450
9.957250
9.999125
10.025775
10.111175
10.291600
10.323250
10.372275
10.585525
10.702650
10.930300
11.030975
11.086875
11.101700
11.116400
11.160750
11.424850
11.527900
11.580150
11.764050
11.810100
11.836775
11.864475
11.937275
12.005125
12.019325
12.033500
12.051375
12.092325
12.133800
12.273675
12.366225
12.524150
12.555375
12.672900
12.790250
12.812650
12.851650
12.919825
13.118750
13.327725
13.336975
13.394575
13.576350
13.616100
13.638150
13.667700
13.718325
13.870875
13.932650
13.977225
13.987525
13.999475
14.020025
14.041875
14.190850
14.347600
14.355500
14.362300
14.392925
14.487025
14.730575
14.798075
14.805775
14.892050
14.966625
15.093350
15.123275
15.220450
15.231300
15.245325
15.268250
15.340225
15.520475
15.552625
15.587925
15.604550
15.674100
15.707250
15.729700
15.875800
15.884875
15.892225
15.903300
15.923375
15.949925
16.020025
16.041250
16.299450
16.588225
16.627100
16.677900
16.735850
16.756450
16.968500
17.085850
17.112500
17.230800
17.287775
17.349475
17.439075
17.674350
17.895400
17.940900
17.967250
18.031700
18.035475
18.037575
18.044100
18.054100
18.178450
18.252450
18.396900
18.637025
18.734600
18.777950
18.831275
18.960675
19.003775
19.188475
19.228500
19.251300
19.306475
19.350150
19.374800
19.559625
19.881500
19.896800
19.974150
20.003775
20.177200
20.314500
20.419800
20.432550
20.445700
20.768625
20.778025
20.933275
20.970125
20.985550
21.319875
21.369975
21.389225
21.633725
21.641275
21.778225
21.912250
22.062875
22.093925
22.344175
22.542375
22.585825
22.592775
22.672950
22.963350
23.033700
23.048425
23.212500
23.362700
23.425075
23.448950
23.574225
23.602275
23.824000
23.849850
23.944725
23.963375
23.982525
24.075725
24.339150
24.367775
24.827600
24.908925
25.006000
25.034750
25.047925
25.117200
25.270800
25.445325
25.602475
25.701875
25.813575
25.846075
25.885825
25.961125
26.109750
26.356200
26.467225
26.539325
26.589775
26.772375
26.826175
26.846900
27.003350
27.051475
27.121500
27.233825
27.278625
27.347075
27.368350
27.404025
27.599800
27.777950
27.806200
28.055175
28.066400
28.123700
28.326675
28.611325
28.644825
28.918475
28.942600
28.966200
29.023075
29.051100
29.079625
29.134575
29.461075
29.707625
29.756350
29.953625
