0.050400
0.105075
0.120900
0.299825
0.342350
0.370925
0.564075
0.738425
1.287325
1.331500
1.407075
1.420275
1.500250
1.606875
1.713775
2.008425
2.059500
2.125325
2.141800
2.187425
2.297700
2.373125
2.695650
2.968225
3.248125
3.357275
3.437475
3.496375
3.526000
3.598325
3.664450
3.996600
4.061075
4.166900
4.315000
4.389475
4.413600
4.528700
4.787775
5.034975
5.079275
5.099350
5.246125
5.368700
5.454950
5.515200
5.536200
5.581600
5.610300
5.631875
5.827000
5.938250
5.978750
6.380725
6.388025
6.436250
6.449450
6.571000
6.590050
6.790325
6.872725
7.155025
7.231975
7.249700
7.268925
7.615075
7.657425
7.751975
8.024275
8.128525
8.164075
8.251550
8.294275
8.322400
8.342675
8.442600
8.478675
8.556825
8.588675
8.606350
9.087475
9.233425
9.374050
9.444175
9.475475
9.489975
9.497825
9.530250
9.753700
9.785300
9.832825
10.320500
10.517525
10.693150
10.753000
10.917450
11.333575
11.347025
11.382750
11.679800
11.802450
11.879275
11.912950
12.111425
12.128850
12.174000
12.225350
12.424225
12.548975
12.562525
12.582525
12.600400
12.618450
12.728050
12.798225
13.055000
13.090175
13.158725
13.257025
13.322250
13.382775
13.503275
13.600450
13.614025
13.782750
13.983875
14.067025
14.165250
14.193500
14.390000
14.518600
14.685900
14.977900
15.406200
15.442925
15.494175
15.509675
15.541175
15.561600
15.678825
15.797325
15.886200
15.919125
16.016025
16.387825
16.625900
16.686400
16.821150
16.917025
17.001425
17.021200
17.104675
17.339950
17.402475
17.486350
17.562900
17.794950
17.879875
18.524125
18.576750
18.595775
18.669175
18.855275
18.862225
18.998625
19.041475
19.061425
19.202725
19.454625
19.504550
19.556550
19.572600
19.662650
20.010275
20.103800
20.134725
20.254500
20.314125
20.866300
20.930525
20.948750
20.964450
21.233475
21.285975
21.429275
21.456800
21.527800
21.539725
21.698075
21.776250
22.107925
22.142425
22.314600
22.448475
22.870125
22.952700
23.084900
23.098275
23.161525
23.233000
23.406875
23.577025
23.654050
23.683175
23.712950
24.314275
24.378700
24.531675
24.621725
24.667150
24.814425
24.991950
25.015550
25.172525
25.227750
25.372725
25.450425
25.556075
25.643250
25.706875
25.852525
25.943200
25.988725
26.086300
26.155125
26.317725
26.334425
26.450000
26.556150
26.594000
26.608050
26.702625
26.904300
26.911225
26.918250
27.038650
27.231225
27.250575
27.266425
27.336550
27.489375
27.541800
27.603200
27.806425
27.858725
28.350300
28.429450
28.924575
29.042300
29.104900
29.111125
29.144425
29.191800
29.381675
29.393700
29.414900
29.712275
29.883775
29.965275
29.980600
