0.097275
0.144250
0.188750
0.245200
0.316450
0.370575
0.405175
0.593600
0.632850
0.714350
0.834625
0.945125
1.018600
1.202750
1.253350
1.370275
1.404025
1.463275
1.504225
1.575900
1.619250
1.744375
1.788575
1.840725
1.891025
1.930250
2.023425
2.232875
2.264750
2.309450
2.346050
2.511950
2.601900
2.648575
2.690225
2.737075
2.862050
2.902150
2.987250
3.037225
3.087150
3.141325
3.203725
3.231275
3.297775
3.349425
3.408925
3.442675
3.468475
3.642125
3.691875
3.750550
3.808925
3.938225
4.034450
4.119050
4.167175
4.221650
4.319975
4.409325
4.467625
4.515250
4.537825
4.586150
4.617925
4.654475
4.722525
4.791025
4.889925
4.962975
4.976100
5.241525
5.245925
5.341875
5.402975
5.451475
5.491500
5.565550
5.622700
5.655800
5.780050
5.948125
6.052875
6.078950
6.153900
6.205175
6.318075
6.414300
6.429425
6.473750
6.548650
6.779225
6.854925
6.892875
6.922850
7.012900
7.195675
7.273475
7.313150
7.315550
7.438425
7.487300
7.545975
7.676975
7.711775
7.771700
7.843375
7.915025
8.129600
8.184425
8.190775
8.276425
8.350775
8.424975
8.491175
8.608325
8.646375
8.716450
8.772750
8.884725
9.008525
9.047150
9.184475
9.258550
9.281525
9.382825
9.441525
9.476075
9.616200
9.729425
9.773250
9.838650
9.942500
10.013050
10.114800
10.169625
10.211225
10.273700
10.371375
10.411150
10.536925
10.660450
10.686750
10.838450
10.866400
10.900125
10.963825
11.063325
11.100950
11.153600
11.209275
11.240025
11.306600
11.434675
11.528325
11.617350
11.752925
11.802500
11.908525
11.959550
12.036975
12.196300
12.320600
12.424600
12.473425
12.565175
12.598225
12.703825
12.742775
12.772525
12.817675
12.848925
13.231500
13.300975
13.348450
13.380000
13.466975
13.554400
13.724525
13.753750
13.797225
13.913425
14.034450
14.262800
14.334550
14.379925
14.459675
14.472850
14.608925
14.734625
14.849500
14.934700
15.052600
15.077675
15.103275
15.183700
15.279575
15.375950
15.397200
15.438850
15.477975
15.531450
15.595825
15.693850
15.770800
15.802600
15.880025
16.021200
16.114675
16.152575
16.188775
16.303225
16.513850
16.578875
16.700650
16.754225
16.854075
16.892700
16.933050
17.019550
17.041200
17.175150
17.207700
17.357900
17.393100
17.567800
17.604200
17.824475
17.855125
17.890800
17.944425
17.975750
17.993675
18.039875
18.056750
18.108050
18.129175
18.185925
18.319800
18.353950
18.496000
18.663200
18.710850
18.763375
18.820700
18.828700
18.839150
18.864625
18.983500
19.065725
19.154075
19.234850
19.433175
19.468750
19.531050
19.625325
19.690175
19.746700
19.895225
20.037950
20.088725
20.251725
20.312700
20.345625
20.526925
20.612925
20.728150
20.868800
20.965450
20.970175
21.162850
21.205575
21.297350
21.334725
21.352950
21.425350
21.495125
21.573650
21.621250
21.651700
21.678300
21.711050
21.744400
21.974125
22.021475
22.061750
22.120850
22.163275
22.380250
22.387525
22.475175
22.526300
22.635575
22.745450
22.827175
22.848650
22.867200
22.907675
22.971525
23.023300
23.057350
23.162125
23.199200
23.412225
23.475725
23.484700
23.496625
23.587725
23.795375
24.043375
24.081275
24.109175
24.222375
24.278075
24.338850
24.441975
24.500650
24.531100
24.572400
24.682425
24.709750
24.749825
24.789175
24.853600
25.032425
25.174050
25.242300
25.320075
25.361575
25.409400
25.456925
25.510300
25.586000
25.670575
25.697100
25.718225
25.777000
25.827525
25.860425
25.886150
25.976175
26.003550
26.037225
26.108125
26.284050
26.338250
26.434650
26.713600
26.733975
26.781200
26.832550
26.887400
26.951025
27.036400
27.085450
27.141950
27.209100
27.309650
27.415275
27.454900
27.554900
27.619525
27.679450
27.707950
27.795425
27.910125
27.974400
28.037475
28.080750
28.134100
28.189100
28.256750
28.329725
28.392250
28.433125
28.521375
28.549175
28.595325
28.633050
28.708950
28.750175
28.803575
28.835400
28.881225
29.128850
29.214125
29.245750
29.291650
29.378200
29.454875
29.518500
29.542225
29.640425
29.725675
29.801300
29.832150
29.886175
29.970175
