0.064650
0.099925
0.162500
0.345300
0.406775
0.439225
0.618550
0.761725
0.805925
0.990100
1.163675
1.304800
1.602900
1.831250
2.023875
2.149750
2.215300
2.253300
2.350550
2.394600
2.499125
2.536275
2.616700
2.691525
2.715100
2.754625
2.837525
2.892025
3.036025
3.371725
3.430100
3.451500
3.490400
3.521700
3.687725
3.768100
3.820900
4.030050
4.058075
4.074725
4.191225
4.506925
4.580150
4.654375
4.809800
4.992525
5.010175
5.197775
5.543725
5.686625
6.025575
6.043375
6.122975
6.128025
6.187875
6.222550
6.249325
6.583125
6.727475
6.772575
6.821150
6.900400
6.971600
6.989625
7.019775
7.083450
7.112150
7.217425
7.311075
7.415525
7.715375
7.731250
7.846025
7.872750
7.898100
7.966825
7.997250
8.047375
8.063475
8.075650
8.211200
8.217125
8.351275
8.456725
8.560275
8.694950
8.762575
8.773375
8.790825
8.898875
8.993125
9.037425
9.046050
9.099025
9.162500
9.228375
9.263650
9.294850
9.306225
9.733200
9.897200
9.907550
10.060275
10.166725
10.195150
10.229775
10.352500
10.473925
10.556375
10.683600
10.723225
10.787650
10.802275
10.894250
10.902575
11.119950
11.230525
11.270925
11.476550
11.617250
11.671375
11.697225
11.722275
12.000650
12.054025
12.094200
12.120125
12.339700
12.568825
12.588300
12.619675
12.629825
12.984825
13.200100
13.212700
13.257775
13.385125
13.471175
13.554175
13.574025
13.602125
13.622575
13.641775
13.697225
13.862075
13.898375
14.052975
14.061800
14.078075
14.109150
14.170075
14.201800
14.245875
14.457825
14.476550
14.546100
14.569700
14.675975
14.784200
14.818475
14.841675
14.940150
14.981900
15.006025
15.050625
15.139425
15.256875
15.279550
15.303425
15.482550
15.525550
15.560225
15.592250
15.626375
15.631625
15.661675
15.962525
16.114625
16.143175
16.179000
16.244825
16.265725
16.324525
16.461900
16.522825
16.534225
16.664850
16.702475
16.717775
16.764650
16.836075
17.026600
17.105650
17.122625
17.211175
17.372550
17.594250
17.767525
17.827875
17.849050
17.897775
17.933650
17.964225
18.015600
18.054000
18.098275
18.472825
18.502175
18.509875
18.655625
18.729825
18.932425
18.958950
19.010500
19.091025
19.125100
19.236450
19.519200
19.548400
19.652125
19.708725
19.804475
19.890025
19.903500
19.950150
19.964275
20.022650
20.116525
20.494800
20.608675
20.661000
20.711325
20.736875
20.822000
20.910750
21.021850
21.045025
21.269200
21.334600
21.801875
21.827775
21.875125
21.881850
21.945475
22.009325
22.130300
22.162750
22.204625
22.263575
22.367075
22.511825
22.555800
22.726925
22.741200
22.805075
22.851550
23.002200
23.012525
23.033275
23.049950
23.109825
23.401050
23.490550
23.543950
23.787100
23.881150
23.994300
24.026225
24.053350
24.228425
24.356950
24.408550
24.628525
24.759000
24.791275
24.839500
24.953775
24.998800
25.200775
25.328450
25.377975
25.440825
25.459425
25.585350
25.648450
25.812300
25.907125
26.020025
26.040450
26.073375
26.116800
26.135475
26.284825
26.307125
26.325050
26.625300
26.693800
26.899350
27.089325
27.279650
27.437750
27.519175
27.582550
27.776300
27.850475
28.126650
28.143575
28.411725
28.456725
28.471425
28.702025
28.862800
28.884575
28.963825
29.012675
29.033475
29.104550
29.214075
29.250225
29.324425
29.395725
29.476375
29.585625
29.674550
29.727650
29.898500
29.906800
29.956575
