0.031750
0.129250
0.183150
0.294250
0.336125
0.390625
0.511550
0.592725
0.641225
0.675200
0.792950
0.879200
0.940450
0.967275
1.043100
1.113125
1.222225
1.283000
1.328925
1.448500
1.496525
1.518725
1.562875
1.653000
1.752825
1.787350
1.819575
1.838900
1.870275
1.883175
1.940525
1.979825
2.011675
2.034925
2.057375
2.127300
2.171450
2.190525
2.264725
2.454675
2.508775
2.529350
2.556175
2.630975
2.657275
2.735500
2.801550
2.877925
2.905775
2.921000
2.927225
2.934825
2.981550
3.002275
3.033800
3.102350
3.132625
3.173625
3.236200
3.266025
3.293375
3.324950
3.327675
3.529800
3.561475
3.578050
3.667100
3.696575
3.759950
3.790050
3.818625
3.865025
3.892525
3.933925
3.991625
4.085400
4.141850
4.291175
4.306300
4.355025
4.522150
4.753100
4.788225
4.808700
4.842900
4.856725
4.896775
4.927150
4.943625
4.979575
5.063300
5.102250
5.137275
5.185100
5.228550
5.279150
5.336050
5.390575
5.487150
5.604200
5.757000
5.857125
5.903500
6.039125
6.062200
6.112175
6.142625
6.198225
6.233200
6.307125
6.329175
6.336550
6.367200
6.416125
6.560650
6.651500
6.690650
6.727925
6.775800
6.811625
6.858650
6.863350
6.943625
6.998875
7.066450
7.222500
7.242775
7.272225
7.343025
7.373400
7.487475
7.521575
7.575075
7.603875
7.674925
7.837600
7.845925
7.994550
8.029850
8.079400
8.125650
8.154250
8.262725
8.327500
8.388775
8.484850
8.500625
8.609975
8.643525
8.679675
8.728800
8.836200
8.917350
8.934725
8.966250
9.062075
9.138575
9.186050
9.228525
9.245025
9.273675
9.334825
9.385300
9.404700
9.434900
9.457025
9.557000
9.580375
9.657925
9.700575
9.764375
9.809450
9.908750
9.967025
10.023925
10.053050
10.146900
10.190125
10.252050
10.275450
10.292225
10.339600
10.386925
10.427350
10.501325
10.531925
10.648050
10.723875
10.772150
10.856200
10.897000
10.976250
11.075650
11.160075
11.182450
11.193925
11.285900
11.338850
11.357150
11.377425
11.429425
11.451125
11.479825
11.507350
11.542350
11.670900
11.791825
11.956875
12.010200
12.059650
12.090050
12.109875
12.137725
12.204725
12.244225
12.264175
12.265475
12.325100
12.346950
12.364075
12.384050
12.572775
12.779875
12.889075
12.902700
13.000950
13.108750
13.130025
13.192850
13.225250
13.259875
13.308075
13.380800
13.457550
13.693250
13.721875
13.748075
13.762100
13.857975
13.891925
13.919625
13.942400
13.997625
14.027650
14.083325
14.426125
14.495100
14.531775
14.558900
14.588625
14.618925
14.737975
14.761000
14.797150
14.818625
14.843550
14.865275
14.893050
14.914925
14.935550
14.957450
14.988450
15.017150
15.044525
15.098625
15.124325
15.170350
15.192500
15.215925
15.245025
15.267075
15.309375
15.341700
15.412425
15.438350
15.479250
15.553550
15.605000
15.622800
15.649900
15.679700
15.764100
15.780900
15.885775
16.032775
16.134725
16.226200
16.381800
16.455200
16.485400
16.530700
16.582550
16.697375
16.713175
16.714325
16.740825
16.756875
16.799800
16.808775
16.828825
16.847925
16.879050
16.899450
16.914650
16.922500
16.962050
16.980950
17.000025
17.035775
17.048300
17.069925
17.085925
17.145725
17.158975
17.246475
17.287725
17.303400
17.326150
17.347075
17.467050
17.887875
18.020225
18.255125
18.270300
18.289825
18.356275
18.361300
18.509125
18.557425
18.602975
18.694000
18.978575
19.020275
19.077050
19.108350
19.369225
19.387125
19.424800
19.495950
19.560825
20.150725
20.216275
20.396525
20.444925
21.006650
21.499425
21.803250
21.828350
22.259225
22.296275
22.566750
22.742750
22.992550
23.553300
24.287750
24.469850
24.715575
24.999850
25.186675
25.239625
25.272675
25.365200
25.909000
26.065925
26.809325
26.916000
26.970825
27.026150
27.059550
27.372525
27.441175
27.727550
28.166625
28.470075
28.598575
28.622175
28.941150
28.971075
29.298250
29.398550
29.492400
