0.034475
0.064250
0.088975
0.122600
0.150525
0.177050
0.231775
0.282200
0.304100
0.313925
0.329500
0.340400
0.345250
0.354875
0.408275
0.427550
0.466325
0.482725
0.560175
0.600625
0.633975
0.679625
0.764250
0.813275
0.877200
0.952900
0.972375
0.985525
0.994800
1.002600
1.015900
1.032725
1.059050
1.080675
1.118575
1.153350
1.191875
1.307125
1.409025
1.427175
1.435975
1.470025
1.487950
1.528925
1.537950
1.552725
1.701700
1.729950
1.758225
1.860350
1.873100
1.893625
1.923375
1.941025
1.958575
2.069700
2.189825
2.196700
2.310725
2.368475
2.389800
2.644700
2.676025
2.718775
2.746850
2.761475
2.827250
2.849550
2.919450
2.946825
2.962875
3.005175
3.077025
3.140275
3.184400
3.242450
3.278375
3.295575
3.311275
3.323300
3.347200
3.402125
3.442975
3.466775
3.495575
3.575875
3.686600
3.719475
3.789750
3.847075
3.924500
3.975700
4.026600
4.074125
4.287750
4.319975
4.333725
4.343725
4.350850
4.383125
4.422825
4.437775
4.468875
4.484250
4.517225
4.552250
4.604000
4.682650
4.696325
4.746450
4.804000
4.843200
4.867675
4.888425
4.962925
5.012025
5.046175
5.092775
5.118350
5.153925
5.178950
5.189100
5.241550
5.285450
5.339375
5.358975
5.375600
5.395600
5.429925
5.453125
5.470750
5.490775
5.510750
5.542275
5.566325
5.613825
5.631000
5.644150
5.663625
5.696425
5.755150
5.822525
5.888925
5.921725
5.959325
5.980550
5.995025
6.009650
6.022625
6.038500
6.063575
6.096250
6.154275
6.176775
6.328850
6.359175
6.429425
6.463375
6.487825
6.500950
6.510025
6.528725
6.543625
6.550550
6.562500
6.571675
6.583625
6.638225
6.724075
6.802875
6.835350
6.866800
6.896850
6.929075
6.946500
7.004575
7.031000
7.069500
7.170675
7.194500
7.210350
7.227625
7.387050
7.430925
7.470975
7.497850
7.511650
7.527825
7.540725
7.549775
7.587875
7.722150
7.772875
7.927625
7.971525
8.016550
8.035550
8.055150
8.067550
8.087500
8.192025
8.234100
8.283600
8.315450
8.327225
8.335750
8.343425
8.348200
8.362975
8.420975
8.466400
8.482150
8.504650
8.526300
8.558400
8.617900
8.721875
8.757850
8.810475
8.836725
8.860050
8.879350
8.896100
8.913050
8.933125
8.956225
9.014250
9.062825
9.093725
9.113275
9.147875
9.199600
9.207900
9.219725
9.233125
9.247375
9.255325
9.260550
9.280125
9.362125
9.379175
9.401750
9.413575
9.427225
9.436700
9.452125
9.498875
9.519575
9.546800
9.566000
9.602950
9.649175
9.699050
9.721425
9.749250
9.776475
9.823600
9.848050
9.871275
9.895800
9.912750
9.931975
9.985975
10.013950
10.037725
10.090500
10.128175
10.164600
10.203350
10.226625
10.245475
10.261825
10.273875
10.286100
10.299275
10.330125
10.360225
10.401200
10.473325
10.518175
10.551275
10.576850
10.607250
10.641700
10.663925
10.679050
10.693500
10.706100
10.721450
10.737525
10.760175
10.773400
10.800700
10.812225
10.851075
10.860100
10.923525
10.978300
11.014400
11.086275
11.130075
11.151025
11.162750
11.178775
11.185700
11.227650
11.250650
11.283750
11.318800
11.335625
11.359225
11.395125
11.474875
11.489675
11.502575
11.526950
11.546225
11.605600
11.634200
11.643000
11.655775
11.669800
11.752325
11.772900
11.874200
11.906775
11.936675
11.977275
12.022025
12.063700
12.096100
12.107850
12.132150
12.147675
12.167100
12.189825
12.204150
12.215775
12.223575
12.242525
12.255825
12.265850
12.275825
12.282800
12.317550
12.329625
12.365150
12.479725
12.560900
12.586675
12.607750
12.621900
12.635975
12.673875
12.712850
12.774000
12.905875
12.919325
12.962100
12.972500
13.075625
13.119450
13.145550
13.203950
13.231600
13.268100
13.287050
13.335250
13.357725
13.410050
13.430700
13.439800
13.459300
13.522425
13.550050
13.562650
13.595325
13.608150
13.627825
13.653250
13.671075
13.782775
13.798400
13.822700
13.866100
13.886450
13.975650
14.018225
14.051150
14.105250
14.148475
14.155175
14.170425
14.200450
14.211050
14.220225
14.237000
14.266450
14.287200
14.307350
14.331750
14.370875
14.415675
14.449425
14.482300
14.520975
14.544550
14.560775
14.570475
14.577875
14.601500
14.641025
14.655975
14.683650
14.733475
14.780050
14.823675
14.844975
14.885850
14.896050
14.909375
14.923675
14.956350
14.996400
15.040650
15.083550
15.121700
15.177950
15.199025
15.227175
15.242150
15.268775
15.280200
15.291925
15.324650
15.345175
15.363450
15.369800
15.374350
15.425975
15.490925
15.571525
15.613625
15.636600
15.755200
15.763950
15.778150
15.803050
15.811600
15.833300
15.848700
15.872150
15.933650
15.997750
16.044600
16.066675
16.089750
16.130900
16.167450
16.196650
16.204950
16.209175
16.224150
16.348725
16.386600
16.410525
16.436650
16.474925
16.496750
16.537950
16.552025
16.566350
16.592975
16.636525
16.707975
16.742000
16.786575
16.815900
16.897225
16.941975
16.965025
16.987275
17.005975
17.021525
17.037975
17.063675
17.087750
17.113550
17.131300
17.179100
17.238350
17.265100
17.286050
17.332275
17.386350
17.429775
17.451875
17.483625
17.504950
17.520700
17.527725
17.537975
17.547250
17.576875
17.597775
17.618675
17.729400
17.804300
17.816225
17.825950
17.852450
17.897400
17.913175
17.928100
17.944025
17.959325
17.995575
18.049575
18.093425
18.133850
18.165150
18.202075
18.243575
18.353650
18.393575
18.403500
18.461800
18.485100
18.519075
18.558450
18.611075
18.644300
18.696750
18.740625
18.762175
18.780150
18.789450
18.799800
18.823775
18.841225
18.858900
18.877350
18.907650
18.966725
19.020850
19.084450
19.134875
19.176325
19.205425
19.212700
19.226375
19.235225
19.246850
19.287400
19.351350
19.381350
19.450900
19.460450
19.467150
19.489650
19.542625
19.564850
19.676300
19.690350
19.698150
19.719225
19.735475
19.777825
19.903500
19.945100
19.971975
19.990325
20.034350
20.055950
20.079475
20.091600
20.107175
20.137900
20.164050
20.217075
20.259800
20.303450
20.336350
20.364575
20.410775
20.427150
20.454800
20.483475
20.496075
20.508175
20.514650
20.530625
20.549425
20.588675
20.677775
20.732175
20.774475
20.824325
20.847900
20.877025
20.897275
20.920825
20.969925
20.986625
21.008500
21.029825
21.065850
21.082700
21.136750
21.230925
21.267225
21.299875
21.313575
21.328600
21.387075
21.397150
21.408550
21.423250
21.432100
21.551600
21.571075
21.603800
21.712950
21.726300
21.762525
21.789600
21.830625
21.850350
21.874175
21.901275
21.938825
21.958300
21.987600
22.030225
22.064725
22.099100
22.120850
22.175500
22.183475
22.202125
22.215750
22.235425
22.280875
22.322350
22.332800
22.345525
22.373625
22.381550
22.406100
22.447000
22.476550
22.512625
22.643875
22.655050
22.668875
22.683575
22.719800
22.753250
22.779700
22.811000
22.847200
22.873325
22.890475
22.954725
23.027000
23.043225
23.056975
23.075450
23.087700
23.099600
23.152025
23.183025
23.259825
23.300025
23.320925
23.344075
23.387875
23.397575
23.412600
23.419625
23.426675
23.450850
23.493100
23.517525
23.526675
23.535850
23.548700
23.580950
23.617150
23.655675
23.725325
23.757775
23.778200
23.799050
23.806750
23.813550
23.818250
23.824275
23.830950
23.908675
24.005550
24.153600
24.175400
24.209625
24.217850
24.282125
24.314500
24.341100
24.353325
24.364275
24.379475
24.389200
24.402200
24.414025
24.434450
24.460325
24.488050
24.504350
24.520775
24.546600
24.560800
24.586250
24.603525
24.616525
24.662625
24.683750
24.699675
24.724200
24.737775
24.768075
24.780600
24.794450
24.814225
24.836450
24.858525
24.872225
24.890100
24.913675
24.923575
24.968975
25.005000
25.033000
25.053550
25.069375
25.094350
25.117125
25.130250
25.160300
25.168350
25.213925
25.264625
25.304775
25.369275
25.416875
25.442875
25.456925
25.476525
25.497575
25.513925
25.526375
25.545625
25.562400
25.571800
25.589250
25.596775
25.611300
25.620250
25.642425
25.655000
25.672175
25.708500
25.735825
25.757350
25.780025
25.810575
25.836950
25.886875
25.931525
25.973525
26.019600
26.021500
26.042650
26.114800
26.165300
26.176875
26.188675
26.196900
26.212425
26.234725
26.245650
26.278050
26.302175
26.346275
26.398025
26.414175
26.451200
26.465300
26.473500
26.479650
26.543550
26.595325
26.623325
26.640625
26.692525
26.722175
26.741625
26.751550
26.767500
26.796925
26.814400
26.832475
26.904400
26.933950
26.962450
26.991525
27.020050
27.079625
27.106825
27.134900
27.172975
27.207850
27.234300
27.242100
27.250800
27.275550
27.283375
27.327350
27.354400
27.395550
27.425025
27.465500
27.477900
27.487700
27.497375
27.503350
27.512225
27.597150
27.666275
27.742275
27.795725
27.815650
27.831400
27.861725
27.899575
27.914950
27.956275
28.000825
28.009050
28.029375
28.052175
28.100450
28.110250
28.134625
28.147075
28.177375
28.196700
28.220200
28.234400
28.286975
28.313200
28.334200
28.359550
28.377875
28.394600
28.436650
28.456875
28.523025
28.534625
28.546950
28.559400
28.569550
28.575050
28.580525
28.585275
28.593100
28.642675
28.678050
28.712325
28.750825
28.785300
28.819575
28.832225
28.838250
28.844200
28.847750
28.851175
28.903100
28.918950
28.938550
28.954550
28.970500
29.020525
29.078150
29.099700
29.122650
29.137100
29.166475
29.213200
29.238025
29.255875
29.280500
29.317800
29.348675
29.384775
29.405125
29.422000
29.437875
29.447675
29.469700
29.473200
29.477925
29.482000
29.543325
29.572500
29.628425
29.674850
29.714750
29.758425
29.773850
29.821150
29.834025
29.850450
29.871100
29.894525
29.905625
