0.045875
0.128950
0.167825
0.202300
0.224375
0.252675
0.284800
0.306325
0.321625
0.368475
0.392625
0.428900
0.470950
0.511975
0.551550
0.672300
0.731450
0.763975
0.826000
0.877450
0.921450
0.987125
1.020075
1.052350
1.115600
1.148150
1.177550
1.198650
1.225550
1.263525
1.290700
1.330000
1.372575
1.424000
1.470100
1.514925
1.550925
1.575800
1.611225
1.684925
1.731600
1.782200
1.817725
1.851200
1.870525
1.901525
1.985300
2.045575
2.073475
2.104350
2.139950
2.200475
2.227875
2.285275
2.313800
2.415425
2.479000
2.548950
2.576400
2.612450
2.633725
2.654900
2.675650
2.693100
2.765425
2.815575
2.853825
2.911750
2.939300
2.977425
3.010100
3.072700
3.094950
3.158850
3.205625
3.378575
3.439600
3.464925
3.499100
3.533625
3.570625
3.588950
3.619350
3.635150
3.650775
3.678375
3.705575
3.726050
3.752700
3.800475
3.891150
3.974200
4.029750
4.074150
4.125250
4.145800
4.163900
4.182100
4.209100
4.230900
4.251550
4.278200
4.354200
4.392825
4.450675
4.523950
4.575900
4.615150
4.639025
4.665400
4.694875
4.728875
4.790500
4.886225
4.918650
5.026075
5.089400
5.137450
5.157775
5.227400
5.330600
5.383500
5.510375
5.558750
5.577675
5.617650
5.639400
5.717725
5.754075
5.812100
5.871650
5.991050
6.029325
6.062650
6.083525
6.094875
6.104800
6.116500
6.142075
6.163450
6.214875
6.240875
6.284050
6.329725
6.382600
6.430925
6.477325
6.510150
6.540275
6.569900
6.596200
6.621275
6.647975
6.671575
6.689175
6.717050
6.745775
6.774625
6.816875
6.932250
6.983525
7.009200
7.025175
7.066775
7.086350
7.123775
7.147050
7.182425
7.211650
7.252950
7.334200
7.441275
7.523975
7.593075
7.648950
7.671750
7.694950
7.712975
7.774125
7.820600
7.875050
7.932000
7.984175
8.098375
8.158700
8.182250
8.211800
8.252725
8.303600
8.383575
8.474200
8.498575
8.522800
8.558200
8.577750
8.618400
8.643375
8.656775
8.680050
8.711075
8.736500
8.780225
8.814725
8.895100
8.940575
8.985000
9.005175
9.040525
9.090400
9.120500
9.161675
9.181575
9.209800
9.270125
9.321025
9.364450
9.412425
9.448350
9.474350
9.537025
9.591325
9.622850
9.655550
9.712575
9.746700
9.784775
9.832000
9.874075
9.952025
10.005750
10.033125
10.059300
10.091750
10.144375
10.213875
10.252000
10.324350
10.353300
10.396150
10.422100
10.537825
10.566500
10.597600
10.621325
10.646500
10.683100
10.871900
10.897425
10.961675
10.990700
11.030150
11.262750
11.284250
11.416125
11.442150
11.483400
11.527425
11.553875
11.582550
11.629600
11.651050
11.762100
11.905775
11.967575
11.983850
12.004050
12.033500
12.067675
12.143925
12.175725
12.204600
12.248600
12.322850
12.345775
12.372975
12.417800
12.440675
12.493525
12.510300
12.525200
12.585825
12.611975
12.636825
12.670325
12.731275
12.833150
12.924275
12.957275
12.973500
13.003275
13.020900
13.065325
13.089450
13.105000
13.123000
13.161550
13.183425
13.211925
13.253175
13.341675
13.467025
13.487975
13.525425
13.565975
13.587725
13.611025
13.649950
13.745100
13.804575
13.912675
13.966125
13.976425
13.985800
14.031200
14.044875
14.088725
14.112950
14.143375
14.191150
14.247900
14.344550
14.373675
14.434375
14.487875
14.591800
14.652225
14.685325
14.763375
14.804200
14.818050
14.910650
14.931800
14.972700
15.003875
15.143175
15.192375
15.232850
15.251450
15.261125
15.279750
15.300250
15.335175
15.377975
15.429225
15.447725
15.474375
15.499175
15.559600
15.604050
15.678475
15.733850
15.769825
15.812975
15.879050
15.918100
16.018350
16.144425
16.200725
16.259425
16.330175
16.513875
16.613725
16.651375
16.695200
16.769100
16.789050
16.830325
16.872300
17.095100
17.118375
17.132450
17.152400
17.170075
17.200000
17.219300
17.244975
17.265650
17.294025
17.316825
17.337950
17.367275
17.579375
17.643225
17.664400
17.670950
17.684075
17.704100
17.745275
17.769175
17.807000
17.828675
17.893750
17.997500
18.046275
18.094450
18.112125
18.144600
18.153500
18.172550
18.205925
18.225700
18.273600
18.349425
18.430525
18.524250
18.604300
18.617250
18.640925
18.669475
18.710475
18.771475
18.831125
18.927350
19.055475
19.075250
19.112275
19.135225
19.207950
19.308825
19.448275
19.489400
19.526350
19.556075
19.604125
19.636550
19.670450
19.785750
19.908400
19.940350
19.979950
20.001650
20.078475
20.180925
20.246475
20.306075
20.323000
20.379325
20.435550
20.482325
20.558325
20.659775
20.723050
20.784675
20.802875
20.859150
20.887100
20.973400
21.033100
21.088125
21.160825
21.195775
21.246925
21.259775
21.304575
21.328425
21.364625
21.525375
21.581800
21.612200
21.634550
21.705525
21.742875
21.780025
21.854250
21.920950
21.982925
22.032050
22.050650
22.086250
22.108400
22.181725
22.238500
22.327175
22.386550
22.410050
22.427225
22.501375
22.530975
22.585800
22.684375
22.802375
22.821000
22.838650
22.869450
22.918525
22.956050
23.026750
23.100600
23.169225
23.216650
23.235600
23.304975
23.377550
23.477200
23.603000
23.640800
23.726775
23.746925
23.779325
23.812000
23.888025
24.030400
24.098425
24.112025
24.129525
24.141725
24.159375
24.208925
24.331450
24.430675
24.572375
24.628875
24.832275
24.903525
24.944050
24.964000
24.986875
25.010175
25.032550
25.067650
25.093850
25.140800
25.217675
25.243450
25.284300
25.322175
25.365400
25.386400
25.403350
25.426850
25.490450
25.543700
25.623775
25.674775
25.750725
25.765400
25.779875
25.799225
25.825250
25.852325
25.896050
25.945850
26.031150
26.120625
26.161625
26.184150
26.227500
26.260525
26.349850
26.538875
26.652125
26.674750
26.690900
26.748300
26.777250
26.810250
26.839750
26.899150
26.959700
27.031175
27.186075
27.212925
27.275850
27.388300
27.419775
27.500725
27.537325
27.612525
27.650675
27.708075
27.763650
27.777750
27.786500
27.830000
27.876200
27.919950
27.950925
27.962675
27.977275
27.990650
28.010775
28.025825
28.051375
28.083700
28.147800
28.180475
28.219600
28.255900
28.280900
28.299100
28.325375
28.354900
28.381525
28.444525
28.461350
28.527550
28.571475
28.620675
28.656700
28.705475
28.771825
28.801525
28.840875
28.901650
28.946125
28.997850
29.040800
29.080625
29.205025
29.234375
29.316550
29.370200
29.395000
29.425850
29.454125
29.488425
29.521875
29.559325
29.641125
29.678275
29.707150
29.729150
29.754875
29.775600
29.807675
29.824550
29.852850
29.873600
29.919575
29.984350
