0.000025
0.019700
0.034950
0.047725
0.058825
0.071025
0.082900
0.112950
0.135100
0.148175
0.167050
0.201000
0.224350
0.255100
0.277675
0.296950
0.307225
0.313925
0.339425
0.354775
0.366925
0.388950
0.406250
0.422350
0.435950
0.465450
0.501450
0.516475
0.531550
0.551250
0.601300
0.630800
0.732475
0.776825
0.816325
0.843025
0.858175
0.873925
0.888425
0.906250
0.930625
0.960450
0.979225
0.999850
1.018475
1.041425
1.057125
1.083425
1.108225
1.119575
1.132500
1.162575
1.177875
1.206050
1.254950
1.279850
1.319625
1.359425
1.406375
1.424250
1.440725
1.454075
1.469100
1.489300
1.523700
1.555925
1.577275
1.592775
1.612025
1.644275
1.657950
1.706525
1.751425
1.765450
1.809925
1.824400
1.842775
1.868500
1.885850
1.902275
1.924075
1.945850
1.967175
1.998800
2.035475
2.047850
2.071800
2.102700
2.117950
2.143675
2.153950
2.174950
2.192075
2.210825
2.223900
2.236175
2.247025
2.252950
2.260100
2.274225
2.281575
2.287150
2.300825
2.315500
2.331900
2.346525
2.361825
2.382400
2.398250
2.413975
2.432675
2.456475
2.481725
2.498650
2.508875
2.530800
2.546725
2.574375
2.596975
2.632175
2.657875
2.674525
2.696100
2.707975
2.721900
2.733475
2.744075
2.754550
2.766175
2.778850
2.792800
2.805300
2.821050
2.832525
2.848150
2.864325
2.883400
2.900975
2.910975
2.935225
2.963500
2.982325
2.999350
3.017250
3.035700
3.061975
3.074200
3.095650
3.113875
3.138700
3.182225
3.256100
3.297975
3.330350
3.352500
3.374750
3.382700
3.389700
3.410525
3.424850
3.432125
3.444775
3.458050
3.469975
3.479025
3.493400
3.504700
3.519750
3.546625
3.560375
3.577800
3.612950
3.656575
3.669975
3.683075
3.710325
3.722450
3.747225
3.763325
3.780550
3.794300
3.819925
3.867750
3.893400
3.919900
3.933875
3.965750
3.998075
4.015950
4.049200
4.069600
4.080025
4.091000
4.105850
4.113950
4.124150
4.140550
4.154925
4.166025
4.189000
4.199100
4.214925
4.230275
4.241425
4.257800
4.273025
4.300600
4.320375
4.343275
4.360450
4.404975
4.421600
4.449125
4.502475
4.522225
4.544350
4.567425
4.584250
4.613625
4.632050
4.660750
4.688625
4.709625
4.747025
4.780425
4.799975
4.819050
4.835200
4.851850
4.864425
4.894000
4.912900
4.944875
4.972150
4.986925
4.999950
5.023175
5.047375
5.069000
5.086250
5.119400
5.136900
5.168425
5.188700
5.207350
5.226400
5.242700
5.265300
5.283275
5.300675
5.319650
5.339900
5.359525
5.385050
5.403400
5.421650
5.446700
5.469925
5.497625
5.528250
5.565950
5.584325
5.607600
5.639650
5.682575
5.709750
5.745675
5.780050
5.847900
5.853825
5.859300
5.893825
5.908700
5.927350
5.944525
5.991650
6.015850
6.050050
6.090425
6.130475
6.156900
6.194725
6.227150
6.258100
6.293625
6.335400
6.373125
6.393825
6.407125
6.420850
6.426950
6.440225
6.468900
6.491300
6.516375
6.553125
6.573300
6.595325
6.629175
6.645750
6.656800
6.677175
6.687375
6.704775
6.718575
6.730800
6.743075
6.751600
6.757800
6.771800
6.784850
6.799050
6.811300
6.821700
6.834525
6.842250
6.853750
6.872950
6.890025
6.907450
6.925725
6.936925
6.958575
6.971125
6.994425
7.030025
7.063050
7.097925
7.124550
7.148375
7.167425
7.181400
7.213400
7.228225
7.240350
7.254050
7.263575
7.277550
7.288125
7.296625
7.325350
7.335250
7.342950
7.358900
7.374025
7.389075
7.408775
7.431150
7.457125
7.496525
7.520350
7.553300
7.596075
7.620750
7.641500
7.663525
7.682775
7.702850
7.718275
7.739100
7.750700
7.763600
7.771575
7.777575
7.788750
7.809825
7.819525
7.836750
7.843900
7.855875
7.867800
7.875425
7.889200
7.904100
7.915725
7.928200
7.950325
7.970825
7.997300
8.015150
8.034125
8.052175
8.060500
8.086875
8.106425
8.119250
8.139450
8.179125
8.204725
8.220750
8.235275
8.253400
8.269975
8.283900
8.290950
8.310475
8.325625
8.344950
8.370025
8.403075
8.465350
8.483025
8.499925
8.542375
8.576025
8.597625
8.620250
8.640500
8.654300
8.669575
8.687400
8.715875
8.746625
8.787325
8.806675
8.846175
8.873200
8.896850
8.927025
8.956275
8.972850
8.998150
9.030375
9.061750
9.087550
9.110775
9.140800
9.170125
9.188775
9.209150
9.219900
9.231800
9.250525
9.264250
9.279925
9.292300
9.303900
9.317350
9.329825
9.348000
9.355950
9.376925
9.393575
9.416575
9.439150
9.454100
9.474200
9.500075
9.512675
9.537550
9.548375
9.564050
9.570325
9.577425
9.584025
9.595275
9.606875
9.616350
9.626750
9.637925
9.653700
9.678475
9.701250
9.718550
9.730300
9.739525
9.755475
9.770225
9.784875
9.797675
9.810850
9.826375
9.845050
9.863300
9.879700
9.891975
9.910100
9.923575
9.952525
9.970875
9.998825
10.017600
10.044425
10.057600
10.075375
10.117200
10.139875
10.166050
10.194950
10.217025
10.240950
10.251625
10.264975
10.276575
10.301700
10.338375
10.352850
10.369575
10.391475
10.415525
10.434200
10.455750
10.475225
10.508075
10.557700
10.600700
10.645625
10.674800
10.707350
10.734450
10.759025
10.796950
10.817075
10.836225
10.872750
10.891525
10.955150
10.974250
10.996650
11.012450
11.033975
11.055775
11.079025
11.127050
11.164625
11.195125
11.247650
11.294150
11.310100
11.328375
11.341950
11.356225
11.371575
11.386800
11.413475
11.458650
11.480775
11.506150
11.526550
11.557675
11.579325
11.599800
11.618275
11.637250
11.653975
11.688375
11.712400
11.725325
11.747700
11.762125
11.780675
11.798925
11.821025
11.845050
11.859875
11.871600
11.896350
11.912525
11.922850
11.937900
11.951850
11.964075
11.975750
11.990125
12.006900
12.021550
12.038475
12.051275
12.058275
12.081575
12.084750
12.095325
12.113525
12.122650
12.136425
12.151350
12.172875
12.186375
12.203450
12.225225
12.246725
12.268350
12.285400
12.305600
12.327375
12.348875
12.370475
12.389325
12.405150
12.433600
12.454100
12.476800
12.500800
12.515125
12.524425
12.532575
12.543750
12.563650
12.575075
12.586175
12.594350
12.599775
12.611475
12.614550
12.621600
12.640300
12.657875
12.667025
12.693025
12.728050
12.744875
12.771575
12.796875
12.825475
12.862125
12.886475
12.913600
12.946400
12.977200
13.009850
13.033125
13.078550
13.092725
13.134800
13.160150
13.223600
13.352925
13.375775
13.378150
13.410075
13.428475
13.461300
13.519425
13.534475
13.546550
13.577725
13.592525
13.615475
13.634050
13.665200
13.695625
13.708950
13.735875
13.801975
13.824600
13.850475
13.897350
13.916075
13.939650
13.967000
13.991275
14.041100
14.085800
14.132175
14.183575
14.204950
14.222325
14.271375
14.295025
14.345275
14.393600
14.447200
14.581275
14.600500
14.618525
14.639100
14.653725
14.673725
14.687375
14.728700
14.780200
14.815525
14.854600
14.883700
14.904900
14.927850
14.962050
14.993000
15.010500
15.028175
15.067575
15.094925
15.123300
15.144650
15.175975
15.207000
15.227250
15.245800
15.282450
15.319400
15.334400
15.353575
15.371700
15.390800
15.404275
15.417275
15.436300
15.455500
15.478825
15.517550
15.537925
15.572950
15.613900
15.629325
15.664700
15.687325
15.713125
15.761075
15.826850
15.850325
15.876275
15.886050
15.902850
15.914175
15.924275
15.939075
15.948625
15.959775
15.978275
15.996850
16.016350
16.052150
16.066825
16.099375
16.118450
16.165075
16.181200
16.199175
16.210075
16.252950
16.280950
16.369975
16.398625
16.423975
16.457600
16.475850
16.486025
16.501450
16.519025
16.525125
16.528750
16.542325
16.568600
16.580950
16.638675
16.666350
16.684500
16.695300
16.718175
16.734275
16.757225
16.769375
16.828350
16.868200
16.893150
16.915925
16.934300
16.943950
16.956825
16.973050
16.984000
17.001925
17.020350
17.034025
17.046025
17.053350
17.070825
17.089375
17.102775
17.122325
17.150125
17.179150
17.221050
17.254250
17.307175
17.337350
17.369775
17.390100
17.405900
17.423400
17.436275
17.450725
17.462750
17.470750
17.489825
17.500925
17.517625
17.525175
17.537400
17.548650
17.563375
17.584250
17.603025
17.620475
17.641725
17.672600
17.697325
17.733225
17.759225
17.802025
17.866475
17.893800
17.915900
17.931225
17.942525
17.960000
17.975925
18.019525
18.037825
18.058525
18.070050
18.080825
18.093075
18.101950
18.108500
18.119175
18.131075
18.159575
18.181900
18.206750
18.249850
18.264275
18.301200
18.323825
18.345150
18.365500
18.370000
18.379875
18.385900
18.392250
18.407125
18.420525
18.428650
18.436600
18.443500
18.450150
18.461275
18.472375
18.487350
18.497500
18.505125
18.511200
18.522875
18.529875
18.538925
18.544850
18.564575
18.576925
18.589800
18.599300
18.615275
18.630875
18.653000
18.662450
18.680125
18.697450
18.712875
18.735700
18.764675
18.789900
18.819200
18.844600
18.875850
18.914650
18.934975
18.952875
18.961625
18.989600
19.005600
19.023825
19.043825
19.063000
19.076450
19.085125
19.100600
19.120175
19.134150
19.156900
19.183200
19.198025
19.221675
19.283750
19.311325
19.337675
19.358075
19.370325
19.389625
19.409675
19.421000
19.434025
19.451050
19.458700
19.480775
19.500675
19.513225
19.526275
19.535000
19.554825
19.568550
19.580350
19.594175
19.612250
19.630300
19.642450
19.684500
19.715950
19.747325
19.796100
19.831450
19.873275
19.881725
19.889750
19.899925
19.910900
19.921250
19.929425
19.945225
19.963775
19.989850
20.001475
20.020050
20.038050
20.068900
20.081300
20.097125
20.110075
20.120675
20.148400
20.162650
20.181350
20.198925
20.218200
20.247525
20.266275
20.290100
20.316950
20.341075
20.359025
20.386125
20.430950
20.445950
20.469500
20.494600
20.517650
20.531425
20.542875
20.558425
20.577900
20.598325
20.613275
20.625000
20.635200
20.679475
20.702100
20.729050
20.768200
20.798350
20.819675
20.833325
20.870350
20.893725
20.899425
20.914450
20.951200
20.961100
20.970425
20.985975
21.003200
21.021925
21.040725
21.058700
21.077750
21.101775
21.124875
21.157975
21.174000
21.202700
21.219600
21.239775
21.254250
21.295475
21.311325
21.380375
21.407750
21.425100
21.440900
21.447975
21.455725
21.469750
21.480500
21.495925
21.509425
21.531850
21.555425
21.580750
21.606400
21.630225
21.648525
21.673650
21.688100
21.729775
21.775825
21.799575
21.839325
21.868450
21.892975
21.908150
21.925925
21.940300
21.970125
21.991075
22.002600
22.028350
22.060975
22.088500
22.156250
22.190475
22.238700
22.272525
22.297225
22.321700
22.375425
22.460050
22.511025
22.549100
22.572900
22.587400
22.605400
22.625350
22.672500
22.709325
22.756725
22.777950
22.812550
22.890750
22.917275
22.969750
23.005625
23.031325
23.070025
23.118350
23.160150
23.277975
23.328025
23.365150
23.398325
23.475975
23.527825
23.565850
23.608575
23.627925
23.657400
23.711025
23.762525
23.771550
23.784275
23.796500
23.813525
23.825300
23.836600
23.845800
23.857300
23.871875
23.885675
23.907500
23.923325
23.951300
23.966150
23.988175
24.012700
24.058175
24.115475
24.157675
24.188625
24.222975
24.254525
24.265775
24.278075
24.302625
24.329225
24.363075
24.448700
24.471500
24.506650
24.533750
24.550250
24.563225
24.585325
24.607125
24.630550
24.653500
24.668350
24.685050
24.701250
24.713025
24.738400
24.760225
24.786225
24.803375
24.834050
24.853775
24.893150
24.915800
24.957575
24.990550
25.021975
25.038000
25.060850
25.095875
25.112375
25.154850
25.205975
25.243750
25.290225
25.327550
25.356200
25.403475
25.425275
25.441675
25.452150
25.462525
25.552450
25.572425
25.598600
25.615100
25.634625
25.659375
25.681500
25.705800
25.754375
25.862375
25.902775
25.944725
25.971700
26.009525
26.028750
26.061075
26.076725
26.153800
26.167050
26.192625
26.225875
26.231450
26.254475
26.267375
26.279450
26.298200
26.309000
26.319525
26.332575
26.339225
26.348175
26.367775
26.384000
26.400625
26.431925
26.446875
26.486825
26.523075
26.555450
26.578175
26.619600
26.640625
26.650225
26.665500
26.677050
26.698550
26.708300
26.725250
26.749600
26.788350
26.797150
26.825400
26.849400
26.885525
26.921075
26.944475
26.989200
27.031275
27.057450
27.073750
27.106250
27.142250
27.168700
27.214100
27.242400
27.276775
27.297325
27.334275
27.353475
27.371500
27.386475
27.409425
27.439600
27.454575
27.481425
27.498175
27.527175
27.565500
27.610025
27.643425
27.645650
27.684850
27.698100
27.720325
27.739350
27.771975
27.798725
27.807675
27.819525
27.833100
27.857725
27.879975
27.892275
27.929925
27.980225
28.017125
28.088225
28.125450
28.158450
28.186050
28.214625
28.228150
28.255150
28.287350
28.361125
28.450775
28.523125
28.539800
28.626775
28.704475
28.737650
28.845800
28.881000
28.903750
28.922425
28.936500
28.949900
28.961125
28.977650
28.989950
29.013425
29.029625
29.053850
29.079525
29.103525
29.120750
29.135575
29.149925
29.163425
29.185200
29.195925
29.208350
29.246725
29.266250
29.303925
29.321300
29.337175
29.362525
29.385825
29.398725
29.432625
29.469050
29.495150
29.521125
29.537600
29.571200
29.609700
29.625125
29.643025
29.661350
29.679400
29.690750
29.699100
29.716575
29.731975
29.745325
29.755475
29.767575
29.782400
29.792300
29.800975
29.816200
29.830000
29.850400
29.863050
29.894100
29.913475
29.964950
