0.046600
0.220950
0.240175
0.251275
0.450825
0.456350
0.946175
1.026050
1.358150
1.520100
1.630925
1.819100
3.065725
3.095925
3.148975
3.608825
3.624275
3.693150
3.790425
4.388975
4.689600
4.775100
5.146925
5.290925
5.410275
5.714475
5.815725
5.908525
6.059775
6.358325
6.606100
7.041875
7.488875
7.496750
7.540700
8.392000
8.535550
8.865525
9.063400
9.081350
9.347925
9.403975
9.594625
9.829325
9.851375
9.953250
10.132725
10.235350
10.324675
10.528300
10.907000
11.093775
11.290775
11.791625
11.865150
12.546900
12.591700
12.744600
13.799750
13.855600
14.048000
14.275400
14.429325
14.482275
14.599700
14.712175
14.818950
15.043575
15.274625
16.055575
16.508600
16.655600
17.109725
17.161250
17.239650
17.263850
17.411075
17.459550
17.552350
17.587475
18.163975
18.734275
18.795750
19.370975
20.227175
20.295200
20.719575
20.840250
21.057700
21.173750
21.179700
21.221225
21.307300
21.443800
21.588950
21.752425
21.798100
22.931875
23.213550
23.664125
23.754825
24.009725
24.033950
24.655450
24.697825
24.743175
24.748425
25.201475
25.338700
25.510775
25.534275
25.719325
25.777925
25.845800
25.891575
25.916200
26.627525
27.108550
27.529975
28.690800
28.926125
29.431800
29.523325
29.637275
29.729500
29.864375
29.878250
29.916975
