0.000075
0.004525
0.010350
0.015725
0.020250
0.027875
0.033375
0.039275
0.048350
0.082675
0.099000
0.106125
0.113850
0.121875
0.136650
0.146725
0.158475
0.172225
0.186250
0.202125
0.215750
0.228375
0.240150
0.252950
0.266675
0.275925
0.283925
0.292400
0.298175
0.304575
0.327300
0.330425
0.339725
0.343900
0.361100
0.366850
0.375600
0.383175
0.397000
0.404850
0.412625
0.427450
0.439450
0.448350
0.458175
0.470950
0.488225
0.510600
0.535050
0.569000
0.595550
0.609225
0.625750
0.638075
0.652700
0.672275
0.683950
0.689575
0.694825
0.738925
0.747550
0.754000
0.762550
0.784775
0.816100
0.825075
0.847825
0.872850
0.889525
0.905325
0.935925
0.951350
0.965750
0.988950
1.008225
1.053850
1.070000
1.089300
1.101400
1.116500
1.130600
1.143800
1.156525
1.173275
1.182925
1.195500
1.201000
1.207925
1.214075
1.227025
1.231650
1.237250
1.243325
1.248225
1.255525
1.265350
1.280050
1.297675
1.305750
1.315600
1.328275
1.338925
1.363050
1.376125
1.393075
1.420525
1.436550
1.448025
1.464500
1.477450
1.493700
1.525050
1.537100
1.552050
1.566575
1.582525
1.600050
1.615275
1.648175
1.675050
1.688175
1.704300
1.724000
1.735125
1.744525
1.753350
1.761250
1.769400
1.789150
1.796500
1.803600
1.809875
1.826425
1.832650
1.842450
1.849650
1.858400
1.884025
1.906450
1.921950
1.942050
1.958125
1.971750
1.989425
2.001050
2.015425
2.037950
2.050950
2.064500
2.078125
2.093075
2.113750
2.128900
2.141775
2.170500
2.185775
2.202925
2.215800
2.233925
2.248975
2.267975
2.284275
2.302850
2.327300
2.342425
2.355775
2.372525
2.387750
2.399350
2.426400
2.439425
2.456025
2.470850
2.481075
2.492950
2.515900
2.531375
2.547875
2.566525
2.579850
2.590450
2.617950
2.629950
2.651175
2.657250
2.660975
2.717550
2.733125
2.751925
2.781600
2.795050
2.822950
2.837875
2.847950
2.865875
2.879250
2.898250
2.908350
2.920225
2.937650
2.944025
2.948925
2.960875
2.969575
2.982875
2.992800
3.002900
3.011575
3.024425
3.032000
3.045950
3.058350
3.072150
3.085200
3.118625
3.135050
3.150400
3.166450
3.184825
3.204200
3.223675
3.243250
3.256400
3.274175
3.285250
3.298425
3.306275
3.314200
3.325375
3.330075
3.339900
3.343875
3.359525
3.377200
3.389400
3.402075
3.412025
3.477625
3.492000
3.549350
3.583000
3.600775
3.618250
3.634050
3.652300
3.662450
3.679400
3.689375
3.703850
3.719650
3.735050
3.791200
3.839875
3.853875
3.864575
3.875050
3.885475
3.900250
3.905750
3.913775
3.919450
3.934650
3.946150
3.957875
3.981475
3.997300
4.028000
4.049425
4.069950
4.087925
4.105050
4.125475
4.142975
4.159275
4.178125
4.197525
4.218700
4.224725
4.244875
4.267350
4.280150
4.298625
4.308550
4.319550
4.330800
4.341900
4.349700
4.360550
4.366575
4.375200
4.381825
4.387625
4.405775
4.414300
4.421925
4.431500
4.439725
4.450875
4.465075
4.479300
4.508450
4.527625
4.538850
4.567700
4.582750
4.598325
4.621150
4.637025
4.654275
4.670150
4.728625
4.741825
4.751250
4.760000
4.764850
4.773225
4.780175
4.791200
4.801750
4.813150
4.825400
4.840575
4.871825
4.908950
4.929800
4.939675
4.956775
4.972250
4.990325
5.000775
5.020425
5.040375
5.056650
5.069350
5.095875
5.107550
5.126200
5.141375
5.154725
5.165225
5.173400
5.186050
5.194725
5.201875
5.208525
5.215925
5.224875
5.242875
5.265125
5.277550
5.288175
5.302650
5.315675
5.331175
5.363050
5.383075
5.400675
5.438475
5.443750
5.449475
5.453925
5.459875
5.465775
5.472950
5.479425
5.506900
5.517625
5.525825
5.539775
5.580550
5.590300
5.603500
5.618175
5.634475
5.653375
5.670750
5.692700
5.715600
5.735525
5.759875
5.777900
5.791875
5.808475
5.815725
5.820925
5.825400
5.829650
5.859725
5.869625
5.882750
5.892900
5.903475
5.961225
5.977350
5.991450
6.008950
6.032125
6.051275
6.073750
6.096600
6.124475
6.132075
6.149450
6.153625
6.157750
6.161375
6.170325
6.178150
6.190000
6.195675
6.203500
6.209575
6.230150
6.239925
6.270975
6.286700
6.329475
6.344625
6.361975
6.374025
6.388525
6.409300
6.422400
6.438975
6.451400
6.488275
6.505375
6.520325
6.541000
6.560475
6.577925
6.607950
6.617650
6.626200
6.635075
6.656875
6.665750
6.684325
6.691275
6.701300
6.714250
6.724525
6.741600
6.759300
6.779400
6.801900
6.822900
6.839975
6.859675
6.898450
6.924400
6.945325
6.964550
6.980400
6.998450
7.017150
7.034675
7.048800
7.064475
7.078525
7.093400
7.114275
7.128450
7.159700
7.174200
7.196175
7.212150
7.229300
7.245025
7.283700
7.303700
7.320550
7.342950
7.381025
7.386900
7.390775
7.398750
7.408000
7.415275
7.435400
7.445325
7.467925
7.479275
7.489900
7.502175
7.513675
7.528800
7.547975
7.562625
7.574300
7.592225
7.612975
7.628425
7.650025
7.662000
7.677875
7.727550
7.744075
7.760125
7.766325
7.774200
7.809125
7.820900
7.835600
7.863725
7.880500
7.898675
7.940300
7.955975
7.971425
7.981875
7.999175
8.018450
8.032550
8.045100
8.077375
8.090400
8.107525
8.116275
8.127075
8.139750
8.149975
8.182800
8.189250
8.207025
8.226600
8.239625
8.271475
8.329475
8.345025
8.363475
8.384575
8.403100
8.417150
8.432875
8.450575
8.466850
8.481075
8.497625
8.514725
8.542650
8.551950
8.572000
8.590050
8.599425
8.609800
8.620925
8.636200
8.645500
8.656675
8.669425
8.685075
8.699750
8.713250
8.732500
8.768200
8.787675
8.802200
8.819875
8.855975
8.865550
8.876775
8.892025
8.908775
8.965775
8.983175
8.997400
9.008825
9.019825
9.038175
9.053675
9.069200
9.087825
9.104875
9.126450
9.142275
9.159875
9.175050
9.192800
9.209450
9.226125
9.240050
9.260400
9.280000
9.300625
9.325050
9.339875
9.375850
9.392775
9.404925
9.428650
9.438650
9.468650
9.498625
9.512850
9.533825
9.555100
9.569100
9.591675
9.607375
9.627100
9.650300
9.671475
9.698625
9.714475
9.739425
9.756700
9.781675
9.800525
9.822425
9.838025
9.864050
9.878675
9.891000
9.903150
9.916425
9.948600
9.966750
9.983825
10.004200
10.023050
10.041450
10.056800
10.078175
10.097175
10.118600
10.144550
10.172425
10.194025
10.212825
10.227550
10.242150
10.263575
10.283650
10.300575
10.312475
10.323550
10.347625
10.357625
10.372150
10.381225
10.396225
10.416950
10.436325
10.453825
10.472225
10.491725
10.505800
10.527875
10.567275
10.581500
10.597675
10.636900
10.647525
10.667975
10.687075
10.717175
10.729100
10.744900
10.753000
10.768500
10.780525
10.809225
10.847725
10.868950
10.892375
10.940650
10.957375
10.974500
10.991000
11.011625
11.026725
11.072125
11.092750
11.111300
11.126150
11.142850
11.162250
11.184075
11.205025
11.222250
11.259125
11.273075
11.291975
11.316550
11.333850
11.376625
11.394400
11.405900
11.417200
11.427500
11.439025
11.449875
11.460400
11.475500
11.491500
11.506900
11.521250
11.539350
11.561650
11.581000
11.595700
11.613600
11.625550
11.649100
11.667275
11.685400
11.703025
11.724000
11.754300
11.779350
11.796850
11.813200
11.828775
11.861975
11.873200
11.895300
11.905050
11.920175
11.939250
11.957025
11.977200
11.997625
12.019725
12.040000
12.059325
12.074225
12.089650
12.109400
12.125350
12.151650
12.174850
12.186400
12.228250
12.236550
12.248425
12.263750
12.276350
12.306250
12.324175
12.343375
12.362225
12.381275
12.416100
12.434225
12.452850
12.472475
12.487600
12.508525
12.525750
12.546000
12.564500
12.579775
12.594050
12.606625
12.619425
12.652825
12.661950
12.667700
12.675850
12.686575
12.697825
12.713675
12.723925
12.733775
12.746725
12.756550
12.772725
12.784825
12.812050
12.827025
12.841825
12.858275
12.878250
12.900225
12.916600
12.991025
13.005125
13.041450
13.052350
13.068800
13.082525
13.102000
13.115575
13.132800
13.150000
13.185650
13.206600
13.225125
13.241000
13.258125
13.295725
13.312475
13.333075
13.351975
13.369375
13.391700
13.411850
13.432550
13.457275
13.487275
13.505450
13.513725
13.523250
13.531225
13.542775
13.556000
13.567675
13.584875
13.594250
13.609725
13.646875
13.662750
13.677850
13.702975
13.719200
13.766275
13.788225
13.807225
13.830625
13.854075
13.870050
13.888475
13.908975
13.923575
13.945050
13.977325
13.996425
14.017325
14.056700
14.073100
14.085450
14.106000
14.123500
14.137475
14.156875
14.174700
14.192900
14.209825
14.229300
14.246425
14.271375
14.295100
14.312850
14.333300
14.352850
14.373425
14.387950
14.416025
14.432825
14.448900
14.470675
14.502450
14.530325
14.550400
14.566675
14.582250
14.596150
14.611175
14.629025
14.643225
14.659750
14.676750
14.695850
14.716825
14.737575
14.757925
14.773325
14.792700
14.808850
14.826150
14.844900
14.872100
14.878475
14.885825
14.892775
14.899200
14.907750
14.920375
14.933250
14.943700
14.956450
14.974000
14.992100
15.005875
15.044225
15.062575
15.104200
15.120725
15.139325
15.165650
15.179625
15.196350
15.209150
15.221350
15.236300
15.252250
15.267425
15.286200
15.307275
15.326750
15.340550
15.358075
15.378425
15.396400
15.415200
15.426450
15.438850
15.450175
15.465700
15.470575
15.495950
15.514575
15.530975
15.542925
15.561500
15.580875
15.598250
15.615450
15.639125
15.653025
15.671800
15.691625
15.711150
15.755725
15.772550
15.793000
15.812650
15.830125
15.852825
15.867050
15.886225
15.901200
15.925900
15.941950
15.960125
15.975325
15.987700
16.008125
16.029550
16.040775
16.055600
16.067650
16.093375
16.107350
16.119375
16.135425
16.147550
16.162925
16.176750
16.189275
16.206400
16.219375
16.236725
16.257975
16.276875
16.295875
16.316825
16.333400
16.348750
16.373750
16.390850
16.426150
16.438800
16.448425
16.464075
16.481125
16.489675
16.497625
16.516425
16.529725
16.574525
16.590650
16.604425
16.635600
16.654400
16.666550
16.681775
16.703975
16.723725
16.761475
16.775350
16.790200
16.812275
16.823825
16.834825
16.844800
16.860550
16.889400
16.902975
16.919350
16.931100
16.943225
16.962200
16.991500
17.005650
17.021725
17.038025
17.049200
17.065400
17.085800
17.103225
17.115775
17.150575
17.169275
17.177950
17.186550
17.194250
17.200900
17.205200
17.211575
17.221275
17.227175
17.236125
17.239350
17.245775
17.260350
17.265950
17.271800
17.290550
17.300850
17.311950
17.326900
17.341375
17.362750
17.387800
17.405975
17.424900
17.442800
17.463725
17.487050
17.507425
17.526000
17.542825
17.559925
17.575000
17.586500
17.606150
17.617350
17.624950
17.641325
17.661375
17.675875
17.692500
17.707900
17.726800
17.761500
17.772750
17.783575
17.794350
17.805425
17.818875
17.826850
17.838925
17.850025
17.862850
17.879500
17.893500
17.906125
17.922600
17.938400
17.959375
17.977875
18.001750
18.024225
18.048175
18.076350
18.097900
18.129600
18.148775
18.181325
18.197850
18.209625
18.219625
18.228250
18.239550
18.250225
18.269525
18.302200
18.347450
18.368350
18.387725
18.408625
18.425225
18.464375
18.477200
18.490675
18.502475
18.516425
18.530450
18.546125
18.564975
18.600900
18.616450
18.641075
18.660750
18.703475
18.723300
18.743100
18.763425
18.777875
18.797725
18.809225
18.817850
18.820975
18.826950
18.836350
18.849850
18.878600
18.899025
18.917225
18.955725
18.970825
18.988900
19.003325
19.021975
19.039300
19.054750
19.072450
19.093675
19.103475
19.112725
19.120675
19.127125
19.132225
19.144550
19.165825
19.189225
19.208775
19.223175
19.242200
19.258125
19.278375
19.308000
19.327350
19.345825
19.360825
19.385875
19.412925
19.428725
19.443150
19.449400
19.456350
19.467300
19.475950
19.485650
19.497675
19.511075
19.522250
19.534400
19.547875
19.572975
19.589550
19.625350
19.654100
19.673550
19.691375
19.717225
19.734750
19.751025
19.760400
19.768950
19.778725
19.790025
19.799575
19.814650
19.828875
19.842700
19.856625
19.879725
19.891625
19.906875
19.924800
19.938400
19.954725
19.967775
19.983650
20.002350
20.017325
20.037650
20.067450
20.112400
20.142550
20.153000
20.170125
20.182925
20.202550
20.226475
20.262350
20.281575
20.296650
20.313500
20.357200
20.386625
20.429150
20.444150
20.449925
20.454575
20.461825
20.467275
20.477175
20.486350
20.518975
20.531975
20.552350
20.562650
20.581375
20.604400
20.642625
20.660500
20.683525
20.699550
20.714550
20.732800
20.742525
20.748875
20.762825
20.769275
20.791450
20.811100
20.822200
20.840825
20.860750
20.877650
20.891900
20.907575
20.926400
20.946275
20.959025
20.977900
20.998000
21.027975
21.080675
21.098225
21.117800
21.135350
21.158000
21.177150
21.198225
21.218625
21.233500
21.250200
21.270750
21.276600
21.285350
21.295400
21.313025
21.331700
21.347125
21.361000
21.381250
21.400775
21.418425
21.469150
21.487125
21.501075
21.513800
21.530525
21.544375
21.557975
21.583800
21.599775
21.614525
21.623650
21.632950
21.640575
21.649525
21.661325
21.673800
21.716300
21.734750
21.753225
21.769500
21.786600
21.815100
21.838050
21.852950
21.881700
21.900225
21.916325
21.929025
21.966900
21.973550
21.981350
22.005525
22.020800
22.035000
22.051825
22.071925
22.085300
22.102675
22.126650
22.144000
22.159075
22.178550
22.189650
22.205000
22.245050
22.252450
22.261100
22.271600
22.279450
22.288550
22.305725
22.322750
22.336125
22.351425
22.364625
22.381625
22.395125
22.412325
22.433300
22.451350
22.471375
22.487700
22.503400
22.520900
22.536975
22.551825
22.563175
22.569350
22.574875
22.581450
22.586275
22.606550
22.618825
22.652375
22.668075
22.700025
22.718650
22.755850
22.768875
22.785850
22.805200
22.820200
22.841150
22.851125
22.858250
22.864850
22.873425
22.880750
22.895150
22.902925
22.912800
22.927850
22.939775
22.969275
22.980800
23.001175
23.021700
23.043150
23.061350
23.079300
23.092250
23.112150
23.129150
23.136750
23.153200
23.155825
23.164650
23.170125
23.174475
23.185425
23.197925
23.216950
23.250350
23.268550
23.289250
23.312550
23.333100
23.370400
23.399350
23.421950
23.444500
23.467775
23.485975
23.496525
23.503500
23.509700
23.522700
23.530825
23.545000
23.560650
23.576800
23.601725
23.635500
23.652600
23.671325
23.692650
23.724575
23.747225
23.766675
23.789325
23.807125
23.823450
23.835675
23.867800
23.876625
23.882975
23.930350
23.947025
23.972175
23.988400
24.015975
24.035325
24.055450
24.078650
24.100475
24.128650
24.155375
24.187875
24.208125
24.233350
24.265400
24.271950
24.282500
24.291650
24.302425
24.315025
24.327750
24.343525
24.360000
24.375200
24.387600
24.400500
24.409275
24.430175
24.492675
24.512200
24.566050
24.586225
24.623625
24.642000
24.685550
24.694775
24.714025
24.720800
24.732625
24.740775
24.749100
24.759225
24.768325
24.777625
24.790725
24.797225
24.807400
24.816375
24.828075
24.838025
24.853100
24.864100
24.890500
24.907175
24.927150
24.949300
24.965375
24.986975
25.009600
25.034050
25.056550
25.078275
25.110800
25.124600
25.139325
25.145125
25.149450
25.155075
25.165425
25.174500
25.191925
25.210725
25.221075
25.241525
25.260250
25.278350
25.301725
25.324150
25.345575
25.368125
25.382800
25.401700
25.417975
25.440650
25.457300
25.474575
25.520975
25.541025
25.562950
25.581950
25.589200
25.596250
25.604325
25.613825
25.620950
25.629350
25.636700
25.677525
25.691100
25.708050
25.721400
25.744925
25.761425
25.777350
25.812900
25.837500
25.857975
25.887625
25.931050
25.961925
25.984000
26.005175
26.024150
26.091550
26.103275
26.112825
26.121175
26.131750
26.144775
26.155125
26.166675
26.180475
26.197225
26.209125
26.244475
26.268150
26.288325
26.311850
26.339350
26.363725
26.388450
26.416075
26.436075
26.455500
26.476825
26.514625
26.551800
26.587175
26.611850
26.629700
26.650850
26.677925
26.698425
26.729525
26.749075
26.770525
26.787300
26.808200
26.824925
26.841825
26.848800
26.855650
26.859650
26.865075
26.875200
26.885875
26.893675
26.903525
26.914075
26.930050
26.944000
26.967925
26.984375
27.028550
27.047950
27.064975
27.095175
27.121500
27.145875
27.170825
27.194225
27.217800
27.239825
27.253650
27.267375
27.287550
27.309275
27.329350
27.350550
27.401375
27.422775
27.438150
27.454675
27.471550
27.487500
27.512250
27.529625
27.553750
27.568725
27.593450
27.609950
27.634775
27.677600
27.697700
27.711100
27.721625
27.737700
27.758025
27.776425
27.794925
27.814350
27.832150
27.850725
27.873025
27.897350
27.923800
27.949475
27.969075
27.988800
28.007500
28.026750
28.034000
28.044975
28.060825
28.075900
28.085550
28.103000
28.116475
28.140450
28.165425
28.212225
28.233900
28.258800
28.302000
28.320475
28.337375
28.374700
28.382425
28.389825
28.401600
28.407700
28.413475
28.423950
28.435650
28.453125
28.471500
28.490075
28.507925
28.534500
28.560725
28.590550
28.614850
28.634400
28.654275
28.674400
28.722400
28.745750
28.763900
28.776600
28.791475
28.809900
28.827000
28.845125
28.863400
28.884450
28.908025
28.925200
28.948050
28.978200
29.000900
29.024250
29.050900
29.082150
29.118925
29.141025
29.173600
29.199525
29.226850
29.247675
29.275300
29.293925
29.315925
29.340675
29.359325
29.385200
29.398050
29.417725
29.431100
29.446275
29.466550
29.492950
29.515475
29.548000
29.564475
29.617400
29.640400
29.659625
29.680475
29.690500
29.702275
29.714200
29.725300
29.738575
29.756150
29.767550
29.783175
29.802625
29.823175
29.869175
29.892650
29.912100
29.936100
29.957650
29.978875
29.997600
