0.003825
0.098250
0.170025
0.184725
0.429350
0.492300
0.559875
0.596500
0.949550
0.958150
1.258225
1.628150
1.641350
1.723425
2.067775
2.072650
2.365175
2.386550
2.431525
2.654900
2.704250
2.918025
2.944625
3.317775
3.444875
3.507625
3.576550
3.679075
3.741350
3.976500
4.169000
4.171225
4.245000
4.262225
4.620750
4.651675
4.699250
4.749075
4.942925
5.489275
5.503500
5.527925
5.811700
6.372125
6.585650
6.684250
6.885825
7.113675
8.033575
8.143900
8.273450
8.519950
8.649600
8.699000
8.802125
9.127325
9.154650
9.156825
9.278375
9.480475
9.568400
9.772525
10.032575
10.230325
10.276000
10.317225
10.850875
11.443075
11.549200
11.680900
11.693700
11.707350
11.775050
11.845400
12.067375
12.490550
12.537800
12.576375
12.637850
12.666800
12.677000
12.711750
13.324150
13.341475
13.392675
13.604225
13.662050
13.742600
13.744250
13.985925
14.058175
14.115100
14.236025
14.682350
14.711575
14.801300
15.176125
15.300125
15.484525
15.616350
15.673800
15.844575
15.932925
15.971450
16.017000
16.091075
16.259575
16.268300
16.290275
16.536325
16.722125
16.787275
17.457950
17.796900
17.826200
17.916275
18.172675
18.415325
18.548700
18.820125
19.152625
19.265550
19.407150
19.463125
19.603725
19.665850
19.711250
19.735650
19.836025
19.932675
19.974725
20.004525
20.274475
20.475425
20.603700
20.618175
20.978325
21.025925
21.032475
21.037775
21.136050
21.388500
21.486575
21.684375
21.758400
22.034200
22.149525
22.164775
22.198350
22.451700
22.564550
22.656925
22.977800
23.328075
23.412125
23.461875
23.476200
23.505150
23.569425
23.589875
23.735225
23.741500
24.338300
24.385650
24.402950
24.475950
24.736675
24.797275
24.914775
25.127975
25.237575
25.358025
25.492925
25.495700
25.545450
25.556200
25.721550
25.804625
25.850925
25.916175
25.923400
26.097000
26.167325
26.249875
26.378975
26.473250
26.513300
26.518150
26.679075
26.698300
26.808850
26.836950
26.851175
26.908575
27.085750
27.167900
27.191500
27.519425
27.535275
27.610275
27.849650
27.881650
28.178725
28.247475
28.517675
28.535975
28.612750
28.772325
28.817050
28.862075
29.148225
29.259025
29.303925
29.351750
29.401750
29.417925
29.588250
29.799750
29.810425
29.840525
