0.011175
0.287750
0.526875
0.608925
0.814275
1.109950
1.277875
1.544000
1.674875
1.823000
2.094850
2.421275
2.535450
2.985350
3.217350
3.455025
3.686050
4.000625
4.083450
4.226500
4.419175
4.694600
4.905725
5.066675
5.200950
5.644625
5.797275
5.979050
6.342625
6.503275
6.684000
7.535925
7.648575
7.846075
7.983850
8.148050
8.482750
9.084950
9.238500
9.392000
9.682900
9.849450
10.019450
10.241600
10.382725
10.797450
11.041700
11.272825
11.480500
11.688500
12.120400
12.319750
12.665825
12.894750
13.149750
13.365700
13.534175
13.766300
13.918975
14.088525
14.221025
14.415875
14.913525
15.249850
15.402800
16.021950
16.231800
16.591450
16.767500
16.929775
17.127525
17.263200
17.408700
17.602875
17.956825
18.446275
18.522750
18.708275
18.956425
19.077575
19.209325
19.339000
19.419125
19.547575
19.686475
19.862300
19.978325
20.105775
20.504350
20.593100
20.741225
20.886475
20.974850
21.200975
21.422550
21.521450
21.631775
21.785750
21.932175
22.073375
22.157850
22.378325
22.489900
22.871775
23.174975
23.360475
23.531100
23.677500
23.901800
23.958400
24.087275
24.265150
24.357275
24.466625
24.922650
24.993800
25.154825
25.236450
25.339275
25.524050
25.847850
26.438275
26.729950
26.782125
27.109000
27.158700
27.536875
27.907775
28.070325
28.181200
28.377800
28.604500
28.690875
28.961950
29.251025
29.557175
