0.243575
0.452075
0.560725
0.743025
0.919175
1.291225
1.444225
1.744375
1.903550
1.979200
2.038825
2.264650
2.486175
2.670925
2.933700
3.138050
3.266100
3.647050
3.833450
4.053150
4.211100
4.241925
4.516175
4.704050
4.841675
4.965350
5.181725
5.558800
5.712500
5.935125
6.146850
6.443875
6.606650
6.841675
7.128675
7.253150
7.291200
7.633125
7.878625
8.080700
8.379550
8.550825
8.716300
9.049575
9.268975
9.509125
9.651300
9.895625
10.071975
10.275200
10.533825
10.811125
10.914800
11.451200
11.616500
11.911700
12.088925
12.299375
12.465550
12.521375
12.602200
12.639575
12.673125
12.694700
12.736200
12.806350
12.866950
13.074225
13.360150
13.633325
14.082475
14.364175
14.591900
14.746575
15.089150
15.319500
15.581700
15.725350
15.993875
16.154750
16.350875
16.467400
16.579225
16.748150
16.922975
17.211500
17.424275
17.610450
17.748500
17.859975
17.892500
17.913900
17.933675
17.946950
18.103375
18.152650
18.226925
18.508100
18.610375
18.783250
18.960500
18.998075
19.177650
19.381975
19.560575
19.695700
19.905100
20.051425
20.200875
20.375100
20.559875
20.738525
20.967075
21.174775
21.306925
21.423400
21.632975
21.755775
21.885400
22.008800
22.138350
22.225275
22.393400
22.548050
22.632025
22.769975
22.909800
23.017300
23.038050
23.181000
23.389175
23.570825
23.679475
23.740750
23.773475
23.840725
23.971650
24.087025
24.242925
24.252925
24.342275
24.633750
24.752900
24.864625
24.953825
25.014825
25.079600
25.113450
25.141025
25.142700
25.228275
25.318900
25.411925
25.559075
25.826300
26.038550
26.224100
26.525900
26.694075
26.824575
26.936600
27.283250
27.453700
27.615550
27.745025
27.828000
27.942175
28.009325
28.120225
28.233000
28.366725
28.573250
28.642875
28.738325
28.774200
28.842700
28.972175
29.673850
29.792175
29.911000
