0.017800
0.031400
0.054275
0.080125
0.099725
0.114250
0.125200
0.135000
0.147300
0.192500
0.209775
0.275525
0.370850
0.393700
0.418675
0.437200
0.457500
0.473900
0.488550
0.566300
0.594900
0.611675
0.668050
0.710875
0.739775
0.799800
0.814900
0.837225
0.846900
0.867075
1.088000
1.109125
1.135425
1.149700
1.165225
1.196775
1.336250
1.460475
1.481075
1.504550
1.523150
1.556325
1.575025
1.592900
1.621100
1.681875
1.733600
1.765800
1.789375
1.809000
1.841675
1.866225
1.904475
1.939225
2.022075
2.140300
2.171075
2.191150
2.221750
2.279275
2.296200
2.312225
2.338975
2.359825
2.520875
2.549650
2.570825
2.597375
2.616600
2.642450
2.658000
2.678425
2.692500
2.700675
2.718625
2.733200
2.950550
2.996500
3.028950
3.055400
3.075550
3.092775
3.113750
3.134950
3.156825
3.172650
3.200925
3.249450
3.278200
3.329425
3.345425
3.366275
3.412225
3.428150
3.442975
3.495425
3.539600
3.765550
3.839475
3.861600
3.893050
3.914925
3.938825
3.956800
3.972475
3.992775
4.010800
4.027150
4.045825
4.088100
4.152400
4.316425
4.335450
4.373525
4.395925
4.430325
4.453100
4.476725
4.490475
4.512425
4.557875
4.590925
4.644100
4.659175
4.675525
4.693325
4.705525
4.723200
4.741000
4.754900
4.777675
4.788750
4.806350
4.885450
5.050725
5.099225
5.146800
5.179725
5.202725
5.244600
5.259150
5.279375
5.302925
5.320400
5.370575
5.407950
5.423525
5.468475
5.509350
5.555800
5.585500
5.609750
5.631975
5.659075
5.718625
5.746750
5.766800
5.787175
5.807050
5.835150
5.851725
5.876825
5.892875
5.912025
5.931475
5.997675
6.021475
6.047950
6.064575
6.125200
6.180775
6.271225
6.351350
6.380775
6.400625
6.449450
6.492875
6.510175
6.551400
6.583100
6.610525
6.637775
6.694325
6.731000
6.859350
6.909550
6.959600
6.982475
7.000875
7.023225
7.056325
7.097325
7.125400
7.146375
7.170375
7.208150
7.242425
7.382475
7.411750
7.436325
7.460375
7.524250
7.547425
7.578250
7.588900
7.619575
7.641800
7.666525
7.694225
7.713425
7.737225
7.756000
7.782075
7.827650
7.866125
7.888450
7.910600
7.940850
7.984775
8.012750
8.078850
8.111325
8.146050
8.194775
8.214850
8.241100
8.266025
8.289575
8.367875
8.381675
8.404550
8.502525
8.565775
8.589600
8.609025
8.621475
8.643450
8.660125
8.673125
8.708325
8.737950
8.777150
8.805425
8.851325
8.891750
8.914325
8.944475
9.075150
9.099575
9.130750
9.153675
9.170975
9.196275
9.214925
9.231950
9.283625
9.303500
9.353075
9.375050
9.400800
9.426275
9.442200
9.468500
9.491850
9.515675
9.567025
9.589575
9.627325
9.661550
9.714750
9.744850
9.883550
9.927300
10.084875
10.146025
10.165800
10.177600
10.210575
10.248850
10.267400
10.296525
10.317075
10.358000
10.411900
10.433675
10.443975
10.457125
10.502625
10.516650
10.539800
10.560475
10.599075
10.616325
10.656100
10.691275
10.724725
10.741800
10.759350
10.770450
10.794650
10.810100
10.846325
10.866300
11.145075
11.186175
11.222500
11.270750
11.341350
11.372075
11.403050
11.417675
11.457100
11.475000
11.502875
11.641525
11.692600
11.709600
11.734225
11.752125
11.769250
11.789875
11.947500
12.001550
12.021775
12.050375
12.076175
12.127400
12.151125
12.230000
12.266100
12.355450
12.368700
12.385475
12.412900
12.445000
12.461000
12.474150
12.489850
12.501275
12.523050
12.530900
12.550275
12.572500
12.582750
12.639650
12.661775
12.676375
12.707475
12.790500
12.970200
13.004825
13.116725
13.141825
13.162325
13.173825
13.188925
13.209175
13.232950
13.258050
13.528650
13.575825
13.599950
13.627300
13.643000
13.662925
13.688225
13.715350
13.755600
13.787100
13.824825
13.838325
13.919500
13.960625
14.012725
14.036875
14.083250
14.107625
14.126350
14.139125
14.153775
14.170200
14.190875
14.208300
14.304150
14.347700
14.378750
14.414075
14.431400
14.462975
14.519475
14.591675
14.648675
14.678000
14.697275
14.707875
14.716925
14.729700
14.737875
14.775025
14.787950
14.818650
15.010700
15.022625
15.045800
15.068125
15.082625
15.105800
15.119800
15.137825
15.160650
15.180950
15.352525
15.441850
15.463050
15.471750
15.627900
15.662475
15.688725
15.830650
15.857225
15.878425
15.905925
15.935250
15.957225
15.971525
15.985650
16.003875
16.032200
16.054425
16.075850
16.093800
16.125800
16.155975
16.182300
16.203250
16.220900
16.248725
16.276175
16.406250
16.438075
16.459175
16.483900
16.496150
16.503800
16.515800
16.528950
16.553150
16.569875
16.593525
16.610650
16.620125
16.632750
16.648700
16.666050
16.775225
16.790200
16.815325
16.826575
16.838725
16.851075
16.865575
16.943400
16.979425
17.199225
17.259875
17.275750
17.306475
17.348075
17.400750
17.424225
17.482725
17.531200
17.545100
17.585925
17.696600
17.721925
17.745775
17.762750
17.819500
17.860975
17.889875
17.940525
17.957325
17.970050
18.009750
18.085700
18.136150
18.167975
18.230275
18.246400
18.278400
18.505000
18.566250
18.591500
18.607450
18.637375
18.658475
18.726700
18.771900
18.835350
18.846025
18.863050
18.881800
18.928675
18.942900
18.959075
18.978525
18.999450
19.009725
19.035700
19.057250
19.080225
19.094750
19.119575
19.146525
19.167050
19.191100
19.484175
19.505950
19.523475
19.550325
19.571475
19.618400
19.643850
19.676050
19.774825
19.790200
19.843800
19.900700
19.983025
20.023350
20.070200
20.101950
20.110050
20.138550
20.197750
20.224925
20.243475
20.268825
20.311700
20.359675
20.394150
20.573200
20.598000
20.645100
20.669150
20.703450
20.722900
20.750700
20.766200
20.780100
20.802175
20.838625
20.873775
20.915100
20.930025
21.173350
21.193675
21.218925
21.229425
21.245575
21.259975
21.278525
21.295825
21.313925
21.327125
21.353075
21.388675
21.407125
21.457800
21.490375
21.514350
21.552425
21.568950
21.578100
21.588125
21.605000
21.621775
21.642400
21.682925
21.729100
21.751725
21.763350
21.785375
21.816375
21.844900
21.858100
21.867175
21.916750
21.954275
21.996025
22.208825
22.222775
22.242875
22.271325
22.287625
22.298250
22.311650
22.327675
22.353975
22.398750
22.503900
22.529725
22.541625
22.551050
22.566050
22.582750
22.592225
22.602125
22.615100
22.655950
22.680600
22.687200
22.694625
22.734250
22.838875
22.853300
22.860875
22.893100
22.913600
23.029050
23.068325
23.081625
23.094425
23.111425
23.128650
23.167900
23.408825
23.438700
23.455300
23.475075
23.498675
23.513325
23.520225
23.571875
23.623175
23.653050
23.666250
23.779575
23.828375
23.919375
23.948500
23.975325
23.992625
24.001700
24.062000
24.093325
24.123450
24.137175
24.165050
24.264950
24.325250
24.365800
24.393375
24.417350
24.427650
24.448625
24.466825
24.505550
24.531025
24.699325
24.734100
24.759200
24.805600
24.825200
24.856675
24.927150
25.023575
25.052700
25.086425
25.120225
25.160000
25.192125
25.226400
25.257900
25.277275
25.333950
25.357325
25.383050
25.402125
25.420900
25.440000
25.459700
25.478075
25.506025
25.523450
25.788450
25.804150
25.828625
25.846475
25.890875
25.942175
26.050025
26.076100
26.107300
26.129250
26.190100
26.238900
26.265350
26.286550
26.308150
26.328650
26.347250
26.375025
26.440800
26.467325
26.516875
26.706000
26.728925
26.756075
26.768950
26.780950
26.792550
26.805400
26.813725
26.832800
26.860950
26.885950
26.910675
26.942450
26.980125
27.173625
27.219975
27.247000
27.267725
27.299750
27.339600
27.446325
27.479425
27.514150
27.530850
27.554300
27.581350
27.600400
27.618925
27.640725
27.666425
27.676725
27.694150
27.748075
27.762575
27.784075
27.792025
27.807250
27.819825
27.876950
27.893525
27.914200
27.935850
27.943925
27.960325
28.001425
28.011900
28.041250
28.065750
28.086625
28.116075
28.289125
28.308925
28.332575
28.357300
28.380225
28.403325
28.428150
28.517350
28.645750
28.726450
28.761825
28.792375
28.812125
28.890150
28.999025
29.082475
29.122725
29.160875
29.187375
29.214225
29.234000
29.246575
29.269050
29.331150
29.380325
29.395950
29.408100
29.558225
29.605300
29.634175
29.646150
29.681100
29.714400
29.815750
29.844725
29.883675
29.910550
29.926450
29.985100
