0.002775
0.010400
0.020200
0.027650
0.046075
0.053875
0.060825
0.067400
0.088425
0.114025
0.127750
0.147900
0.167950
0.181175
0.194075
0.209450
0.228350
0.245025
0.265325
0.287575
0.304200
0.331475
0.357550
0.410200
0.462975
0.487600
0.513500
0.540550
0.572300
0.603700
0.635425
0.654600
0.706300
0.732100
0.747850
0.781700
0.795225
0.809550
0.825150
0.842100
0.860975
0.904475
0.924375
0.956150
0.977900
1.010100
1.033800
1.072725
1.107775
1.143725
1.176475
1.204350
1.221050
1.239750
1.265000
1.291375
1.307350
1.336025
1.380275
1.408750
1.448425
1.489600
1.505950
1.528525
1.539100
1.559775
1.586950
1.630625
1.673375
1.710075
1.738650
1.766800
1.785475
1.830225
1.850300
1.869700
1.889450
1.906025
1.923650
1.936250
1.947575
1.985875
1.996525
2.023000
2.034850
2.049450
2.060875
2.074150
2.087475
2.097200
2.106250
2.127850
2.145375
2.168500
2.198350
2.229675
2.279125
2.345550
2.375825
2.388125
2.395550
2.407575
2.420275
2.426825
2.437175
2.444900
2.462325
2.473425
2.496600
2.504375
2.520350
2.526050
2.579675
2.607500
2.629150
2.639450
2.651300
2.668825
2.687800
2.716100
2.731675
2.751525
2.766000
2.782150
2.800275
2.849650
2.862975
2.874950
2.889675
2.907725
2.944400
2.961700
2.986475
3.023275
3.053175
3.091550
3.117900
3.134850
3.153000
3.174725
3.190250
3.205875
3.224050
3.242475
3.265600
3.279375
3.294600
3.313100
3.330525
3.348750
3.376100
3.423225
3.448250
3.491875
3.502700
3.512725
3.519925
3.527700
3.534675
3.541075
3.545000
3.562100
3.581400
3.653450
3.672875
3.687375
3.706900
3.733200
3.774375
3.836125
3.875525
3.893475
3.905125
3.919150
3.935250
3.952250
3.968675
3.989100
4.001350
4.014450
4.029675
4.038900
4.047425
4.060050
4.075175
4.085425
4.098675
4.109950
4.118325
4.129550
4.137625
4.166300
4.175900
4.185725
4.196075
4.228025
4.240175
4.251000
4.260900
4.270375
4.287100
4.296725
4.307975
4.343925
4.359375
4.377550
4.390925
4.415850
4.436800
4.451250
4.468425
4.482550
4.497050
4.515400
4.533350
4.553675
4.565300
4.578825
4.585425
4.595150
4.616275
4.626050
4.634225
4.642350
4.672375
4.702525
4.932150
4.955375
4.977500
5.012550
5.075250
5.132900
5.151950
5.165450
5.178950
5.189175
5.198025
5.209400
5.220575
5.236500
5.248575
5.270800
5.294250
5.306825
5.318825
5.351400
5.367975
5.380800
5.398075
5.416225
5.442175
5.472650
5.517650
5.532125
5.559200
5.588650
5.618500
5.632525
5.649825
5.675675
5.699425
5.722025
5.743575
5.763675
5.791400
5.815750
5.861050
5.875700
5.890225
5.903100
5.914625
5.928000
5.952850
5.971275
5.986225
5.999100
6.028175
6.047675
6.064675
6.087325
6.110750
6.129550
6.144450
6.155100
6.164175
6.177650
6.186800
6.197075
6.208150
6.216700
6.236650
6.255575
6.290350
6.320325
6.337875
6.360850
6.382825
6.433675
6.454625
6.472025
6.496200
6.521975
6.555075
6.576500
6.607550
6.636100
6.668600
6.705750
6.734900
6.759875
6.778850
6.800750
6.816700
6.831300
6.847250
6.864200
6.878875
6.892275
6.909850
6.919975
6.931900
6.946100
6.967875
6.973500
6.985850
6.995500
7.002600
7.012175
7.038700
7.055875
7.082025
7.090275
7.113250
7.146450
7.159750
7.184275
7.215050
7.271075
7.293875
7.304225
7.310550
7.324875
7.330400
7.339900
7.351900
7.370250
7.396625
7.427400
7.447175
7.472425
7.480950
7.487425
7.494675
7.502525
7.524075
7.544650
7.582200
7.638550
7.661200
7.668750
7.679675
7.684950
7.690125
7.712150
7.733300
7.762175
7.782975
7.803725
7.815850
7.823525
7.831175
7.837725
7.845875
7.877575
7.894825
7.912250
7.933425
7.949175
7.956250
7.973875
7.980825
7.998000
8.016650
8.029825
8.043875
8.075150
8.103325
8.136900
8.162400
8.194650
8.240350
8.273050
8.301325
8.321525
8.338250
8.353400
8.366550
8.376800
8.382575
8.390300
8.403950
8.415050
8.433925
8.448175
8.466275
8.488825
8.516025
8.537675
8.554850
8.583375
8.605500
8.619225
8.631425
8.642050
8.656025
8.672800
8.690525
8.705425
8.725175
8.743300
8.765675
8.800600
8.828175
8.854375
8.867800
8.888625
8.908075
8.938525
8.952000
8.965500
8.979950
8.997750
9.015825
9.047750
9.062825
9.076350
9.089350
9.101600
9.116900
9.123100
9.128800
9.304000
9.445650
9.465300
9.484325
9.499350
9.535775
9.578800
9.607825
9.628450
9.651350
9.674650
9.696525
9.711600
9.723525
9.737125
9.748350
9.760775
9.770550
9.788600
9.822150
9.844150
9.860075
9.870600
9.890500
9.901850
9.915150
9.921050
9.957900
10.249725
10.258025
10.272075
10.282500
10.293450
10.317000
10.330250
10.343125
10.352750
10.367400
10.389200
10.427200
10.464025
10.491950
10.508650
10.522000
10.543000
10.557875
10.581650
10.599275
10.608975
10.621575
10.630550
10.646450
10.658025
10.672825
10.693125
10.710325
10.723800
10.733400
10.749000
10.775575
10.827200
10.897650
10.929725
10.946425
10.958300
10.966800
10.976450
11.000025
11.029725
11.048875
11.073150
11.091000
11.115800
11.139300
11.167450
11.213075
11.227850
11.246725
11.266300
11.294175
11.317100
11.333275
11.346600
11.365275
11.378050
11.424725
11.433225
11.473975
11.494250
11.506900
11.517775
11.523850
11.530800
11.550175
11.571975
11.594450
11.628675
11.746625
11.805650
11.831950
11.862025
11.877050
11.900150
11.931075
11.967725
12.003675
12.029775
12.052700
12.064100
12.078600
12.093725
12.109325
12.121775
12.164825
12.182475
12.199325
12.218900
12.236850
12.259375
12.277100
12.294275
12.312575
12.333800
12.378150
12.425350
12.456425
12.504075
12.525825
12.557300
12.587050
12.618775
12.630600
12.640075
12.649125
12.656175
12.677825
12.712275
12.746375
12.773100
12.815350
12.878325
12.908825
12.923225
12.939550
12.955700
12.987725
13.017925
13.047325
13.090225
13.131550
13.160375
13.188150
13.218475
13.237375
13.271300
13.288050
13.323625
13.358775
13.383325
13.418650
13.473575
13.505000
13.525725
13.536600
13.562575
13.597225
13.625175
13.640875
13.666425
13.688650
13.706825
13.724900
13.745650
13.764650
13.789850
13.821950
13.845900
13.873725
13.900100
13.917850
13.930625
13.942850
13.953775
13.967375
13.979050
13.988625
13.998600
14.007350
14.016700
14.022850
14.040850
14.048075
14.063125
14.079175
14.105450
14.116950
14.132275
14.142525
14.179775
14.198175
14.217600
14.230700
14.249200
14.267450
14.288350
14.325725
14.381500
14.426275
14.456150
14.472225
14.490525
14.511875
14.524375
14.544375
14.561550
14.578250
14.595550
14.607875
14.623400
14.638875
14.658725
14.693700
14.726700
14.753250
14.781200
14.810700
14.830300
14.846850
14.871900
14.887275
14.905250
14.928075
14.947675
14.966800
14.996125
15.019050
15.035750
15.058350
15.076525
15.092675
15.118175
15.146075
15.178825
15.213350
15.243850
15.287375
15.319575
15.348525
15.376800
15.406750
15.438725
15.455425
15.471750
15.490250
15.513025
15.543725
15.575500
15.593575
15.621575
15.640750
15.667375
15.697475
15.739200
15.757925
15.774225
15.800375
15.819075
15.835350
15.845450
15.859950
15.869575
15.880475
15.903350
15.918800
15.939725
15.962475
15.989750
16.012375
16.046100
16.086050
16.126975
16.173925
16.193975
16.292650
16.313475
16.336475
16.354100
16.369400
16.383175
16.392425
16.402600
16.413650
16.422925
16.436075
16.447800
16.460675
16.474900
16.483650
16.496275
16.508975
16.517950
16.535775
16.553200
16.573125
16.595950
16.615150
16.636975
16.667225
16.712575
16.739950
16.766900
16.796125
16.829050
16.851675
16.899925
16.922000
16.946925
16.985225
17.024275
17.045825
17.068175
17.092600
17.105625
17.118100
17.139200
17.156500
17.191000
17.242900
17.361275
17.378225
17.392550
17.403200
17.457600
17.472125
17.484200
17.492700
17.504050
17.518975
17.533800
17.550625
17.566725
17.579700
17.591475
17.602850
17.611075
17.620725
17.628400
17.638925
17.657500
17.673950
17.696850
17.712675
17.730950
17.748175
17.775650
17.793100
17.813400
17.825100
17.839850
17.850925
17.864100
17.885500
17.905975
17.922750
17.949850
17.973650
17.997975
18.021875
18.050825
18.080375
18.137750
18.185975
18.200375
18.219800
18.234400
18.249875
18.268300
18.286825
18.305300
18.333875
18.348225
18.361925
18.371900
18.383800
18.397575
18.414750
18.431900
18.444725
18.461400
18.476275
18.506900
18.536875
18.565850
18.584200
18.602400
18.624675
18.652150
18.670600
18.690200
18.703250
18.736000
18.747925
18.768675
18.789750
18.808125
18.839000
18.876450
18.923625
18.956950
19.010850
19.025975
19.034900
19.043975
19.059600
19.074575
19.084375
19.098400
19.116750
19.132150
19.146050
19.160475
19.174375
19.189525
19.209350
19.223800
19.244875
19.286250
19.309875
19.320725
19.337200
19.351825
19.383525
19.422925
19.464850
19.511425
19.565275
19.589900
19.607150
19.616875
19.633250
19.641350
19.647750
19.653725
19.660400
19.682375
19.690600
19.711500
19.796275
19.804075
19.812275
19.828775
19.849550
19.858925
19.880825
19.890900
19.904275
19.916500
19.931425
19.945350
19.963150
19.976225
19.995700
20.011250
20.049175
20.069325
20.091550
20.110925
20.126375
20.149800
20.180250
20.204700
20.226650
20.239475
20.258100
20.284425
20.303425
20.318800
20.345125
20.364375
20.402550
20.455050
20.476800
20.522550
20.541850
20.554350
20.577325
20.605775
20.623275
20.640700
20.658050
20.672725
20.691400
20.709425
20.725275
20.738150
20.754250
20.773625
20.798175
20.818375
20.843050
20.865025
20.887200
20.912050
20.940500
20.960950
20.989250
21.021200
21.072575
21.126725
21.154000
21.188650
21.212675
21.240825
21.284825
21.317225
21.344525
21.356400
21.364650
21.374700
21.386325
21.411625
21.469600
21.500075
21.525075
21.550375
21.568050
21.587025
21.604350
21.616050
21.629550
21.646400
21.665550
21.689550
21.707225
21.737525
21.762200
21.776225
21.790825
21.804150
21.853225
21.882925
21.918975
21.986850
22.010875
22.027050
22.049775
22.064075
22.096125
22.140800
22.229725
22.249650
22.269725
22.286250
22.308250
22.324275
22.336775
22.344400
22.353200
22.361700
22.368375
22.374900
22.384350
22.392575
22.399725
22.407050
22.426775
22.436225
22.448200
22.469975
22.481550
22.490725
22.501525
22.508200
22.530850
22.544225
22.556850
22.693275
22.728950
22.763250
22.778325
22.794200
22.819875
22.878575
22.926025
22.935050
22.946550
22.969100
22.981250
22.997775
23.012825
23.023050
23.043350
23.057775
23.078450
23.088825
23.099300
23.112050
23.120050
23.133350
23.142275
23.150775
23.175875
23.203750
23.255950
23.268100
23.286250
23.307100
23.339700
23.369375
23.404625
23.441575
23.494300
23.522350
23.538900
23.556075
23.565000
23.573800
23.580000
23.588250
23.594050
23.601000
23.606150
23.611500
23.647975
23.715450
23.734650
23.745850
23.774675
23.791900
23.805625
23.827550
23.848600
23.865750
23.885975
23.912250
23.942900
23.962575
23.982150
24.003925
24.017675
24.036375
24.054525
24.076200
24.100900
24.124150
24.139900
24.158850
24.175275
24.187675
24.198575
24.205625
24.223175
24.227475
24.239575
24.359650
24.413525
24.420850
24.452250
24.492750
24.529275
24.559350
24.586575
24.612600
24.652550
24.672250
24.694300
24.708400
24.730900
24.746025
24.767075
24.782550
24.804900
24.824850
24.840800
24.853150
24.860025
24.879925
24.889325
24.900850
24.910925
24.919150
24.931800
25.055350
25.112250
25.132775
25.144900
25.175375
25.195225
25.208975
25.218375
25.242425
25.251275
25.279100
25.294525
25.311700
25.326400
25.349250
25.355300
25.483375
25.532925
25.554925
25.613100
25.626250
25.634950
25.686625
25.703125
25.717750
25.731350
25.747150
25.759150
25.776575
25.787725
25.799225
25.812600
25.823450
25.836250
25.852025
25.883425
25.900175
25.913450
25.932525
25.967075
25.987025
26.017050
26.032650
26.051350
26.068025
26.084300
26.095350
26.107625
26.116400
26.125250
26.134200
26.146275
26.156850
26.185150
26.198425
26.207225
26.217775
26.242650
26.259275
26.268925
26.282675
26.292100
26.303900
26.315825
26.324725
26.337250
26.351575
26.397200
26.425350
26.445875
26.464750
26.483475
26.507850
26.526100
26.549150
26.560625
26.575925
26.588425
26.603925
26.615700
26.624425
26.634800
26.651550
26.673500
26.679000
26.689375
26.699600
26.710425
26.749825
26.841300
26.921450
27.013525
27.022300
27.033100
27.040825
28.236250
28.341825
28.359225
28.405550
28.621250
28.685775
28.720475
28.859900
28.925575
29.083225
29.095625
29.109350
29.158275
29.174050
29.190500
29.203000
29.233500
29.246525
29.270100
29.283300
29.297875
29.313400
29.328425
29.351200
29.376425
29.409150
29.430125
29.452425
29.466575
29.481950
29.510675
29.532900
29.569625
29.584825
29.609650
29.623850
29.646125
29.674725
29.701950
29.726700
29.744150
29.760700
29.772450
29.782600
29.790575
29.800950
29.821175
29.841775
29.943100
29.957325
29.968425
29.975075
29.995300
