0.001625
0.022900
0.243625
0.660800
1.209375
1.227700
1.232925
1.259000
1.270175
1.318000
1.331150
1.360250
1.376675
1.594275
1.636850
1.680600
1.725475
1.748200
1.766875
1.817225
1.999750
2.069225
2.080250
2.089050
2.124900
2.131050
2.137175
2.198000
2.221600
2.315925
2.571375
2.681350
3.229200
3.258550
3.263375
3.279175
3.308025
3.314925
3.355425
3.379800
3.589375
3.714725
3.729025
3.923825
4.112775
4.696025
4.735200
4.901825
5.014925
5.052525
5.162800
5.412650
5.501925
5.540150
5.628300
5.916900
5.964450
6.077625
6.185475
6.223675
6.482725
6.579200
7.088200
7.298950
7.483350
7.491150
7.522350
7.547950
7.561325
7.637625
7.711925
7.763125
8.055000
8.074825
8.432375
8.630775
8.762900
8.872175
8.885775
8.978825
8.992850
9.094875
9.101025
9.133550
9.160775
9.204600
9.275750
9.283325
9.325750
9.368050
9.371575
9.389650
9.416725
9.436025
9.470400
9.474475
9.491125
9.494450
9.504475
9.513900
9.558450
9.604325
9.643350
9.659500
9.686900
9.699325
9.712175
9.736050
9.871225
9.880500
9.899600
9.902825
9.906025
9.909450
9.915425
9.920250
9.944600
9.986850
10.036725
10.252475
10.363425
10.375425
10.703300
10.844500
11.186900
11.228850
11.337350
11.571075
11.632375
11.715625
11.744425
11.760025
11.879650
11.990700
12.027425
12.056525
12.060625
12.071275
12.095000
12.136250
12.469000
12.581600
12.664425
13.025675
13.194625
13.228525
13.236800
13.246700
13.253725
13.270850
13.287575
13.404125
13.847775
13.858300
13.866775
13.891075
13.946150
13.998375
14.017175
14.065425
14.071550
14.106225
14.121775
14.126525
14.135400
14.148975
14.158300
14.188825
14.199725
14.237975
14.414075
14.486600
14.490875
14.512650
14.537850
14.547550
14.555150
14.564050
14.636025
14.720350
14.862725
14.987625
15.067650
15.081200
15.090800
15.172650
15.220025
15.256025
15.432250
15.743875
15.946525
15.974250
16.002200
16.012225
16.055450
16.101275
16.128100
16.143050
16.350200
16.371525
17.002600
17.059675
17.458050
17.640975
17.910600
18.070325
18.222650
19.589425
19.755275
19.778650
19.953725
20.157625
20.198050
20.216625
20.284500
20.306400
20.334775
20.352075
20.361300
20.369325
20.412025
20.658675
20.688550
20.740450
20.753600
20.871025
20.883225
20.889175
20.921225
20.940500
21.357225
21.364125
21.393075
21.614175
21.798700
21.984900
22.473375
22.856925
23.007525
23.250875
23.352550
23.366400
23.918025
23.963075
24.305425
24.326950
24.345050
24.407000
24.485525
24.590325
24.719000
24.760525
24.769625
24.780500
24.874550
24.902100
24.914975
24.958525
25.686325
25.833700
26.337025
26.354825
26.393125
26.509500
26.693600
26.744750
26.802600
27.005400
27.083375
27.185725
27.219275
27.226925
27.279400
27.317100
27.320925
27.349675
27.362625
27.382975
27.389350
27.433250
27.518700
27.531625
27.674500
27.833325
27.933600
27.945875
28.008975
28.168500
28.551750
28.622725
28.990650
29.006000
29.012450
29.020075
29.048775
29.201050
29.466175
29.486975
