0.003225
0.019650
0.035800
0.058925
0.080675
0.107525
0.140275
0.190275
0.196425
0.213525
0.226000
0.237300
0.263425
0.272475
0.282125
0.293700
0.303125
0.314825
0.325425
0.332200
0.340325
0.349700
0.360375
0.367950
0.378225
0.388525
0.397250
0.407625
0.427450
0.438100
0.448200
0.461800
0.510100
0.535850
0.559875
0.587175
0.619100
0.646800
0.673400
0.691550
0.714225
0.721500
0.728250
0.732325
0.740150
0.746400
0.754400
0.766675
0.776475
0.791425
0.805550
0.833375
0.843700
0.858125
0.870425
0.883500
0.899650
0.921250
0.953200
0.963150
0.973575
0.983625
0.993700
1.003825
1.016850
1.028750
1.036050
1.047150
1.062725
1.072025
1.077825
1.085500
1.093475
1.103650
1.120525
1.137025
1.160175
1.175575
1.196900
1.214625
1.228675
1.242350
1.253050
1.263150
1.278550
1.297500
1.306500
1.314150
1.326075
1.336200
1.357325
1.371500
1.384225
1.409350
1.422850
1.438250
1.455050
1.469675
1.481650
1.498250
1.515825
1.532200
1.560600
1.599875
1.632125
1.654350
1.670800
1.680800
1.689450
1.700325
1.741575
1.752850
1.765350
1.778425
1.786050
1.794550
1.801950
1.810125
1.819050
1.826800
1.835700
1.844675
1.871350
1.876850
1.888900
1.898325
1.907800
1.922925
1.944125
1.962000
1.974725
1.987425
2.019325
2.041475
2.055500
2.068500
2.087775
2.103250
2.114700
2.126050
2.148625
2.169200
2.195275
2.222425
2.289125
2.315500
2.361675
2.381400
2.396100
2.421725
2.437700
2.466350
2.498600
2.524775
2.549275
2.574925
2.604700
2.634475
2.652225
2.667175
2.691625
2.699400
2.710425
2.723925
2.752800
2.765350
2.777400
2.785975
2.795650
2.808225
2.820225
2.833450
2.848800
2.866975
2.883450
2.898200
2.926225
2.937950
2.950500
2.963850
2.976450
2.988200
3.003175
3.019975
3.030550
3.044750
3.057850
3.078225
3.099550
3.127550
3.140950
3.157125
3.182175
3.202200
3.226725
3.244825
3.253575
3.260725
3.266700
3.271150
3.283725
3.290925
3.301075
3.309975
3.317025
3.325950
3.333850
3.341325
3.352200
3.385350
3.431025
3.444600
3.458950
3.468525
3.490800
3.502850
3.515250
3.524950
3.532325
3.540350
3.551000
3.557225
3.562900
3.570850
3.577925
3.595700
3.633875
3.645250
3.655025
3.663000
3.674050
3.685525
3.710625
3.720200
3.731225
3.748975
3.760450
3.774550
3.787000
3.798800
3.824150
3.837650
3.848650
3.880925
3.895600
3.907500
3.918125
3.930125
3.939575
3.950525
3.958600
3.985450
3.997150
4.005350
4.017675
4.044825
4.057175
4.070625
4.078450
4.092100
4.100175
4.111175
4.121275
4.129425
4.154400
4.162300
4.171400
4.179350
4.185925
4.193950
4.204350
4.211175
4.217500
4.225425
4.233400
4.240175
4.246875
4.257625
4.265575
4.274550
4.282325
4.289150
4.304450
4.309950
4.318100
4.325700
4.333750
4.341150
4.349000
4.360250
4.371300
4.377625
4.389225
4.397475
4.404750
4.418675
4.426550
4.434700
4.443000
4.450925
4.459000
4.464425
4.471850
4.481275
4.489375
4.519975
4.526075
4.539825
4.547775
4.554000
4.563400
4.571450
4.578400
4.585600
4.591975
4.597650
4.612400
4.620800
4.628200
4.634000
4.641075
4.654975
4.662850
4.671425
4.680825
4.694175
4.703550
4.710675
4.718125
4.727025
4.733850
4.741525
4.749700
4.755475
4.761200
4.767625
4.792400
4.806125
4.818550
4.830225
4.843775
4.857150
4.867250
4.881800
4.897975
4.914925
4.931225
4.949375
4.978825
5.055350
5.082275
5.094950
5.109775
5.122450
5.133975
5.144950
5.161375
5.169725
5.180075
5.190725
5.201225
5.208750
5.221325
5.237875
5.245300
5.272175
5.290950
5.316325
5.338100
5.367450
5.402925
5.428525
5.452600
5.490725
5.499850
5.505650
5.510325
5.514800
5.519300
5.525625
5.529750
5.535325
5.541900
5.548625
5.556425
5.563600
5.570650
5.588050
5.596775
5.605450
5.612550
5.646525
5.685650
5.715250
5.748900
5.818250
5.850650
5.875400
5.897550
5.910400
5.922450
5.926825
5.938800
5.946200
5.965600
5.980875
5.993425
6.008200
6.025300
6.044050
6.067850
6.095275
6.122500
6.148100
6.175400
6.204300
6.243600
6.260575
6.271800
6.281300
6.296900
6.302875
6.309650
6.345250
6.370675
6.392675
6.432700
6.464525
6.488775
6.525325
6.547300
6.564425
6.575100
6.582225
6.590400
6.595150
6.601250
6.609475
6.615800
6.623925
6.634500
6.645850
6.661525
6.677850
6.692225
6.705650
6.714350
6.724600
6.736125
6.748275
6.759225
6.775425
6.788050
6.799250
6.807700
6.815300
6.822875
6.831250
6.836800
6.843700
6.851325
6.860550
6.869800
6.879525
6.888775
6.917125
6.927300
6.941025
6.952600
6.960775
6.982325
7.002525
7.018625
7.034150
7.048725
7.061875
7.073350
7.083250
7.092475
7.122600
7.132550
7.142650
7.151425
7.161650
7.172000
7.187450
7.207700
7.215450
7.222050
7.245100
7.258200
7.276450
7.303850
7.342275
7.376275
7.405300
7.435500
7.468525
7.485650
7.495400
7.504400
7.519150
7.524900
7.529900
7.536300
7.544150
7.551200
7.561400
7.580400
7.593875
7.624275
7.641025
7.662425
7.681850
7.707200
7.733500
7.759700
7.783525
7.810625
7.830300
7.860000
7.889975
7.907400
7.918500
7.924250
7.939700
7.945075
7.951550
7.965200
7.999925
8.013500
8.020600
8.028975
8.034500
8.047125
8.052000
8.057250
8.068375
8.073300
8.083850
8.088425
8.094975
8.109950
8.115000
8.137100
8.157225
8.162550
8.166725
8.171175
8.179075
8.186450
8.190075
8.203025
8.206100
8.218900
8.233525
8.239275
8.242150
8.253400
8.262625
8.269550
8.276150
8.280525
8.289575
8.301550
8.309500
8.316475
8.333125
8.342900
8.347125
8.355475
8.367525
8.375675
8.387225
8.399625
8.414500
8.427500
8.436400
8.437675
8.452875
8.459800
8.494125
8.501025
8.508925
8.515050
8.522725
8.538775
8.548300
8.556675
8.569775
8.575975
8.582050
8.589525
8.597525
8.605600
8.617350
8.624350
8.631050
8.639800
8.650750
8.666100
8.672625
8.712250
8.721650
8.732425
8.739000
8.744950
8.750225
8.764775
8.771325
8.778525
8.786350
8.797100
8.802600
8.808300
8.812550
8.818325
8.826100
8.834450
8.841900
8.855000
8.863300
8.874925
8.885275
8.895875
8.908300
8.921950
8.942700
8.957750
8.969025
8.995225
9.027175
9.056375
9.083325
9.116900
9.136000
9.150600
9.160275
9.168500
9.175625
9.184600
9.191725
9.199925
9.217200
9.249275
9.276950
9.305700
9.340725
9.360750
9.376875
9.387325
9.397225
9.404350
9.419850
9.432225
9.441400
9.449900
9.461800
9.470425
9.478100
9.488525
9.499500
9.507675
9.516625
9.522725
9.527800
9.534875
9.550050
9.559175
9.569550
9.580300
9.600550
9.608825
9.617875
9.626475
9.635300
9.642425
9.649800
9.657725
9.668925
9.682175
9.695125
9.706600
9.732300
9.759200
9.787725
9.802875
9.827900
9.839950
9.848675
9.854025
9.858400
9.862575
9.865700
9.869025
9.873125
9.877700
9.888675
9.902850
9.914000
9.926525
9.935400
9.943575
9.952675
9.961975
9.967825
9.973225
9.980700
9.986750
9.991100
9.996575
10.001500
10.006875
10.011775
10.017250
10.023150
10.028225
10.033075
10.038575
10.046100
10.053050
10.061900
10.070775
10.079825
10.089050
10.101325
10.122450
10.146500
10.183550
10.211250
10.234950
10.259750
10.286550
10.296475
10.305075
10.313850
10.326775
10.342600
10.362400
10.372900
10.390500
10.404950
10.415700
10.422675
10.428425
10.433800
10.437500
10.443025
10.448700
10.455350
10.462500
10.469550
10.484650
10.498200
10.512975
10.525150
10.537550
10.554325
10.567450
10.591125
10.617350
10.642075
10.678250
10.711525
10.718525
10.730300
10.742700
10.753525
10.766725
10.781900
10.794375
10.806525
10.830975
10.849300
10.869475
10.897525
10.914125
10.933800
10.962925
10.978550
10.997775
11.019950
11.039725
11.068500
11.095675
11.114475
11.130800
11.142525
11.149425
11.155375
11.161775
11.174475
11.184775
11.194725
11.204525
11.217550
11.232475
11.248225
11.257600
11.266975
11.274375
11.284525
11.303225
11.313575
11.328950
11.343225
11.356850
11.367575
11.376475
11.386275
11.404875
11.418450
11.427925
11.441450
11.451300
11.462950
11.494375
11.503950
11.522750
11.537725
11.548425
11.568850
11.577925
11.589275
11.603800
11.615650
11.627125
11.638250
11.649425
11.668175
11.680050
11.687600
11.696350
11.709225
11.718525
11.725825
11.741625
11.760600
11.778575
11.797525
11.799075
11.807125
11.813300
11.819200
11.824225
11.829400
11.835075
11.844050
11.851400
11.861700
11.871175
11.877650
11.886700
11.905000
11.916825
11.925950
11.929225
11.937650
11.949100
11.957975
11.964200
11.972775
11.984500
12.004300
12.014925
12.023500
12.045375
12.053925
12.067275
12.078950
12.091700
12.102175
12.115575
12.128175
12.140125
12.147575
12.156125
12.165625
12.175250
12.183925
12.193450
12.211525
12.221425
12.234825
12.246925
12.255300
12.264825
12.275800
12.283350
12.296025
12.312100
12.325975
12.343975
12.361550
12.374700
12.388550
12.407000
12.420375
12.431050
12.444575
12.455025
12.468000
12.480150
12.491950
12.499500
12.508425
12.521500
12.537025
12.547725
12.559925
12.572775
12.587200
12.601325
12.610900
12.620175
12.629375
12.647400
12.662700
12.672925
12.684600
12.695275
12.709050
12.715675
12.723500
12.735525
12.747075
12.754800
12.762700
12.771825
12.782350
12.792075
12.807625
12.814925
12.825600
12.834250
12.843450
12.850350
12.859625
12.875500
12.883325
12.890625
12.899100
12.905350
12.911650
12.917400
12.925850
12.940000
12.947725
12.954925
12.962725
12.967950
12.980750
12.990750
12.998000
13.008200
13.017950
13.025050
13.031750
13.037200
13.044075
13.050075
13.067500
13.075975
13.082475
13.088975
13.095700
13.103475
13.112225
13.121125
13.127700
13.148050
13.153775
13.160475
13.172625
13.178075
13.189125
13.197975
13.217650
13.223725
13.230550
13.238200
13.245650
13.256650
13.263350
13.271225
13.277375
13.283975
13.299150
13.305425
13.313925
13.320775
13.327850
13.334750
13.343100
13.354000
13.361750
13.367475
13.373425
13.379250
13.385800
13.391950
13.399250
13.414225
13.422100
13.429250
13.445450
13.452475
13.464725
13.473250
13.481850
13.488950
13.496275
13.502875
13.509900
13.516275
13.523500
13.536125
13.541475
13.545975
13.556600
13.560400
13.567175
13.573325
13.585075
13.590350
13.598025
13.604275
13.613925
13.619275
13.626100
13.638200
13.645200
13.660300
13.666825
13.671850
13.707775
13.719550
13.734200
13.738250
13.741500
13.745050
13.750900
13.753900
13.759500
13.762625
13.770675
13.777100
13.783900
13.786275
13.792525
13.795550
13.802750
13.806025
13.822175
13.826225
13.831025
13.834475
13.839050
13.843575
13.853500
13.858275
13.879150
13.883700
13.892750
13.896600
13.901150
13.912575
13.919050
13.924125
13.929325
13.934375
13.939450
13.945100
13.949600
13.958500
13.965650
13.971000
13.982625
13.988850
13.995575
14.002700
14.011075
14.021375
14.028700
14.037700
14.044000
14.052000
14.059850
14.066175
14.072550
14.080975
14.088825
14.094250
14.100350
14.111000
14.116425
14.121750
14.127425
14.135775
14.142975
14.150900
14.167175
14.176175
14.182875
14.190650
14.197600
14.203625
14.209750
14.219500
14.231575
14.250100
14.263350
14.272875
14.286000
14.300675
14.310975
14.319375
14.329275
14.339475
14.348775
14.357950
14.375125
14.382100
14.390450
14.401175
14.413200
14.427350
14.436025
14.445925
14.454150
14.461725
14.468400
14.474325
14.479775
14.485250
14.490725
14.495075
14.503900
14.511925
14.521750
14.532400
14.549800
14.568625
14.596775
14.632500
14.661175
14.700850
14.725900
14.747975
14.763250
14.773425
14.779525
14.784625
14.789375
14.792850
14.797200
14.802750
14.808275
14.815725
14.844150
14.875000
14.909525
14.934025
14.940175
14.944325
14.948400
14.954175
14.960500
14.963350
14.968575
14.972925
14.977725
14.983150
14.989200
14.994950
14.999875
15.007700
15.017200
15.026275
15.037850
15.058900
15.082375
15.106775
15.118025
15.146875
15.171800
15.197475
15.228125
15.257700
15.277625
15.289175
15.297450
15.304450
15.309975
15.319150
15.326800
15.333525
15.340350
15.347150
15.352650
15.360300
15.367075
15.374125
15.381825
15.391800
15.404675
15.416350
15.440850
15.472475
15.502025
15.533025
15.560925
15.586600
15.605350
15.624700
15.643600
15.658850
15.679725
15.694775
15.704775
15.718850
15.728350
15.737875
15.754725
15.765100
15.776350
15.785750
15.794575
15.801150
15.809150
15.814600
15.819450
15.826250
15.834900
15.844175
15.850625
15.858675
15.866200
15.874925
15.884050
15.890750
15.900500
15.907825
15.926000
15.934875
15.942200
15.952800
15.963525
15.971600
15.980825
15.990200
15.999400
16.019750
16.042850
16.064325
16.087275
16.127200
16.161525
16.174550
16.184325
16.195550
16.202475
16.216550
16.236050
16.249050
16.261950
16.274850
16.285975
16.313925
16.340150
16.363925
16.385900
16.412375
16.438000
16.460125
16.481300
16.486925
16.505025
16.532200
16.566075
16.594400
16.637075
16.671025
16.704975
16.733875
16.759175
16.777125
16.791350
16.803975
16.813675
16.823350
16.830925
16.841150
16.849600
16.862100
16.872625
16.879925
16.888700
16.897725
16.905400
16.911575
16.921750
16.931950
16.939975
16.948475
16.956950
16.965325
16.974725
16.983275
16.991500
17.011975
17.027175
17.048300
17.063025
17.074650
17.085975
17.097675
17.108150
17.117500
17.133300
17.146300
17.156225
17.166450
17.176150
17.187100
17.200675
17.219950
17.237200
17.251400
17.264975
17.276850
17.291175
17.301225
17.315475
17.330725
17.344600
17.360975
17.382750
17.394425
17.400800
17.409450
17.416400
17.426700
17.439525
17.456450
17.468100
17.478850
17.493225
17.509600
17.517325
17.527400
17.540675
17.556550
17.571150
17.588975
17.603650
17.614175
17.624375
17.633075
17.641600
17.662125
17.677475
17.687900
17.697025
17.709450
17.717425
17.725075
17.735025
17.747500
17.760650
17.776750
17.797500
17.811325
17.824350
17.835900
17.856450
17.871950
17.887425
17.899075
17.916375
17.940200
17.968575
17.993075
18.022225
18.043800
18.057400
18.069125
18.079325
18.088575
18.101600
18.111300
18.125075
18.138925
18.156200
18.171625
18.181550
18.190550
18.200725
18.214350
18.229900
18.242700
18.275100
18.303050
18.337650
18.365550
18.410425
18.441300
18.467075
18.504875
18.547700
18.569675
18.585550
18.594900
18.602775
18.608750
18.617775
18.629200
18.637325
18.649975
18.658175
18.670150
18.679175
18.689175
18.698025
18.708300
18.719375
18.733975
18.745775
18.758425
18.770375
18.780050
18.788525
18.795425
18.803600
18.814675
18.822375
18.832375
18.841075
18.849325
18.859175
18.867450
18.873800
18.884475
18.902525
18.918625
18.929800
18.941500
18.950150
18.961525
18.972375
18.986425
19.004525
19.014600
19.025450
19.037675
19.062625
19.076500
19.086125
19.096250
19.106375
19.116625
19.130525
19.140875
19.151775
19.165975
19.178075
19.188725
19.200700
19.209900
19.222900
19.234275
19.249375
19.260300
19.271950
19.281275
19.291075
19.304475
19.318675
19.328675
19.352250
19.367325
19.378275
19.391125
19.402750
19.411500
19.421725
19.432575
19.445300
19.454225
19.465250
19.482450
19.499575
19.522700
19.533675
19.543900
19.552300
19.560700
19.568775
19.574775
19.583425
19.589950
19.597400
19.602675
19.607625
19.611475
19.615875
19.620725
19.626975
19.630625
19.639375
19.647950
19.665475
19.680325
19.694925
19.708550
19.723125
19.744750
19.760350
19.771400
19.786050
19.803350
19.825775
19.839900
19.850100
19.859675
19.870000
19.878025
19.886825
19.895650
19.907625
19.920275
19.932250
19.945625
19.959775
19.970700
19.981075
19.993075
20.001450
20.007825
20.018925
20.030400
20.044875
20.056350
20.066325
20.081550
20.086575
20.092275
20.101700
20.111350
20.125000
20.138375
20.154950
20.172825
20.186050
20.198225
20.221875
20.233450
20.246475
20.257775
20.266500
20.280575
20.294225
20.307500
20.317000
20.329400
20.341025
20.350300
20.368475
20.380975
20.395400
20.408075
20.425925
20.442075
20.454875
20.471200
20.485375
20.500800
20.517825
20.540425
20.564875
20.589775
20.626375
20.667000
20.716450
20.742425
20.764125
20.781250
20.794450
20.811550
20.846475
20.877825
20.910075
20.929800
20.938025
20.943475
20.947950
20.951875
20.960100
20.969950
20.981325
20.990225
21.008300
21.022125
21.034450
21.042325
21.049425
21.056550
21.065575
21.072325
21.080700
21.087925
21.096200
21.102600
21.109725
21.116025
21.120950
21.125625
21.131575
21.136325
21.146950
21.151300
21.155725
21.161300
21.167200
21.170800
21.174550
21.178400
21.182175
21.185025
21.188625
21.192125
21.196250
21.202425
21.213775
21.218525
21.226325
21.229900
21.232975
21.237650
21.244825
21.261625
21.271425
21.277675
21.285275
21.290250
21.297375
21.301875
21.320675
21.334800
21.339300
21.347950
21.356275
21.363975
21.371075
21.377925
21.399725
21.407900
21.415875
21.423400
21.432275
21.439025
21.448550
21.457850
21.466050
21.478500
21.486825
21.495550
21.504975
21.520125
21.531200
21.540875
21.570975
21.583925
21.593625
21.611550
21.628875
21.638375
21.648900
21.659875
21.673375
21.685725
21.693925
21.703775
21.713775
21.723275
21.734075
21.745475
21.759200
21.770875
21.786100
21.808475
21.843625
21.850850
21.856175
21.860375
21.864750
21.869475
21.873850
21.878225
21.883775
21.890325
21.899875
21.914475
21.934575
21.956250
21.979175
22.011550
22.034925
22.060525
22.088025
22.099900
22.108400
22.115575
22.122375
22.127425
22.134925
22.142400
22.148550
22.152700
22.160175
22.163800
22.166475
22.170150
22.173025
22.176575
22.179250
22.182725
22.186400
22.191500
22.195850
22.199900
22.205975
22.209300
22.213975
22.218675
22.222675
22.227950
22.233375
22.238450
22.245275
22.250375
22.258650
22.266675
22.273450
22.279400
22.284725
22.289950
22.295725
22.303700
22.308850
22.313825
22.318375
22.324800
22.335175
22.342025
22.348800
22.356150
22.363600
22.368875
22.376725
22.383275
22.392150
22.399875
22.407300
22.413250
22.420450
22.428775
22.437425
22.451975
22.463325
22.479775
22.489375
22.510250
22.517000
22.525750
22.533175
22.538825
22.545700
22.552025
22.559125
22.566025
22.572425
22.579450
22.589650
22.596875
22.605775
22.611825
22.618425
22.627700
22.637400
22.645200
22.653050
22.660100
22.667650
22.678850
22.702050
22.717375
22.727850
22.737300
22.746350
22.756500
22.765425
22.780125
22.798275
22.814925
22.832150
22.847350
22.857100
22.864375
22.876700
22.884575
22.892900
22.901375
22.909825
22.918750
22.924950
22.932275
22.938250
22.945850
22.951575
22.960825
22.969075
22.976325
22.985325
22.997450
23.006075
23.015900
23.024625
23.044500
23.058600
23.070275
23.079150
23.088050
23.099675
23.109700
23.117225
23.129600
23.138400
23.147675
23.154275
23.162400
23.169700
23.178750
23.187200
23.195750
23.204325
23.215375
23.223525
23.233050
23.242525
23.255425
23.265275
23.282750
23.302875
23.322725
23.332250
23.340150
23.346700
23.352550
23.356475
23.361350
23.365400
23.371875
23.379400
23.387250
23.394025
23.404600
23.424550
23.467700
23.495325
23.533350
23.563775
23.593850
23.605950
23.614200
23.621500
23.629175
23.639825
23.656000
23.691400
23.725250
23.747325
23.762300
23.772000
23.781850
23.792425
23.802200
23.813400
23.824000
23.834200
23.845175
23.860475
23.875600
23.889000
23.910200
23.920625
23.932225
23.941975
23.950500
23.957875
23.968150
23.981250
23.993375
24.008150
24.022025
24.035825
24.053300
24.067925
24.087850
24.104050
24.113450
24.125800
24.151325
24.160875
24.170750
24.179275
24.192500
24.214225
24.229800
24.240075
24.249600
24.261475
24.273075
24.284150
24.298550
24.313350
24.328750
24.341675
24.362250
24.386650
24.416025
24.443600
24.463825
24.502325
24.534975
24.577800
24.614650
24.626850
24.636550
24.644375
24.653700
24.664200
24.673400
24.688825
24.712075
24.733150
24.757700
24.786850
24.808975
24.842800
24.871500
24.901600
24.949150
24.989725
25.014275
25.048250
25.080925
25.109275
25.142900
25.192250
25.228050
25.274300
25.318125
25.380250
25.415400
25.464625
25.489400
25.501550
25.509125
25.513875
25.519700
25.523750
25.527850
25.532250
25.538325
25.543675
25.549175
25.555500
25.563450
25.573275
25.581850
25.592000
25.603775
25.617675
25.629825
25.643850
25.660225
25.675350
25.690100
25.702500
25.723325
25.743725
25.770125
25.794100
25.812375
25.832750
25.869000
25.894350
25.933925
25.977750
26.028700
26.052350
26.082900
26.112575
26.162350
26.195050
26.232600
26.274675
26.339425
26.383600
26.433975
26.462400
26.481800
26.483375
26.495400
26.516225
26.556150
26.583150
26.607625
26.621600
26.634650
26.649625
26.664125
26.675650
26.693075
26.707350
26.720675
26.736300
26.750350
26.772600
26.791150
26.806825
26.820550
26.841500
26.852300
26.866125
26.875475
26.884675
26.893050
26.916275
26.932775
26.947575
26.965750
26.975475
26.995225
27.015825
27.033125
27.046425
27.060750
27.083050
27.096250
27.110525
27.124775
27.136250
27.144400
27.153700
27.161950
27.168875
27.178500
27.190100
27.201475
27.211750
27.226350
27.240900
27.263275
27.279550
27.294425
27.306575
27.316350
27.328550
27.339800
27.353050
27.363800
27.375250
27.383625
27.393100
27.403625
27.413275
27.426500
27.441125
27.453225
27.469250
27.480100
27.499750
27.514425
27.525900
27.533850
27.543750
27.566325
27.583600
27.596500
27.606375
27.616450
27.632850
27.664975
27.684725
27.705100
27.726425
27.741000
27.755100
27.765325
27.775575
27.784100
27.791625
27.800375
27.808050
27.815550
27.822725
27.829850
27.836200
27.839675
27.849875
27.857875
27.865375
27.871400
27.878275
27.884525
27.892400
27.900500
27.912425
27.925675
27.935275
27.951675
27.965725
27.980275
27.991025
28.002850
28.014950
28.026050
28.035725
28.046950
28.057200
28.066575
28.077450
28.086350
28.094500
28.107475
28.117525
28.124375
28.131925
28.142400
28.153225
28.161475
28.169300
28.177600
28.185925
28.192350
28.201625
28.208300
28.218625
28.228675
28.235200
28.241775
28.248300
28.255200
28.261150
28.265400
28.270275
28.274125
28.278650
28.283325
28.288975
28.292875
28.298525
28.305700
28.311475
28.318775
28.323650
28.329100
28.333475
28.339350
28.342925
28.346875
28.349850
28.353125
28.355925
28.362875
28.366375
28.370175
28.373575
28.376700
28.381275
28.385975
28.389050
28.393550
28.403125
28.408225
28.419000
28.431525
28.436225
28.440775
28.445025
28.455000
28.465050
28.469825
28.478900
28.488225
28.489700
28.494025
28.499425
28.506950
28.517525
28.526900
28.533775
28.545525
28.591575
28.599925
28.612725
28.624975
28.632350
28.640275
28.649625
28.662575
28.683650
28.710725
28.733225
28.754025
28.765450
28.773125
28.786000
28.793450
28.796700
28.799875
28.803500
28.808000
28.812650
28.818125
28.826125
28.833950
28.840600
28.847250
28.853200
28.859000
28.866925
28.875300
28.884125
28.894250
28.912100
28.926775
28.943225
28.955825
28.966350
28.973900
28.981475
28.987400
28.992525
29.003850
29.018050
29.038725
29.058650
29.081875
29.101400
29.126225
29.169975
29.197325
29.214150
29.231050
29.241600
29.251700
29.262600
29.274425
29.283300
29.291225
29.298425
29.306825
29.320325
29.332025
29.341600
29.350775
29.362575
29.381275
29.391950
29.407650
29.424275
29.443875
29.473400
29.505775
29.541650
29.569425
29.600700
29.641650
29.659150
29.670075
29.678800
29.686325
29.699575
29.736925
29.754200
29.778075
29.790300
29.801650
29.812775
29.823550
29.838175
29.860400
29.886775
29.911975
29.935350
29.963025
29.995675
