0.030350
0.049025
0.075925
0.125575
0.243850
0.549000
0.691700
0.786575
0.914450
1.174550
1.382750
1.495750
1.595050
1.817000
2.161100
2.293900
2.394425
2.828225
3.116375
3.261100
3.533025
3.625650
3.839950
3.912550
4.019675
4.387875
4.488175
4.514625
4.752350
4.988400
5.319875
5.373275
5.450800
5.624850
5.724025
5.790050
5.918650
6.074775
6.389325
6.695750
6.856775
6.917350
7.223600
7.258075
7.542925
7.721950
8.486450
8.617650
8.820975
8.865850
8.893900
8.968200
9.124950
9.176000
9.231100
9.308450
9.503075
9.643275
9.932200
9.966050
10.169125
10.201900
10.237500
10.461825
10.549050
10.620850
10.989500
11.155025
11.670100
12.045250
12.147750
12.199100
12.271375
12.300500
12.496025
12.956975
13.128525
13.192150
13.205350
13.597800
13.612775
13.690300
13.815625
14.245700
14.348350
14.385800
14.934950
15.473775
15.592400
15.615150
15.753525
15.949800
16.024225
16.083800
16.313200
16.345000
16.385325
16.764900
16.818225
16.925050
16.957425
17.095525
17.536275
17.608525
17.679250
17.785275
17.894125
17.991750
18.286150
18.350725
18.464850
18.943675
19.031675
19.032700
19.160775
19.252575
19.292225
19.333075
19.590925
19.684950
19.753175
19.833025
19.952275
20.108400
20.358875
20.484125
20.711350
20.860375
21.043400
21.232800
21.339825
21.395350
21.561650
21.839100
22.035900
22.082250
22.375850
22.636425
22.750100
22.887925
23.113325
23.282100
23.452150
23.476000
23.602775
23.649850
23.801375
24.063400
24.202875
24.251325
24.335150
25.314300
25.743175
25.777700
25.796775
25.992975
26.045750
26.085975
26.215625
26.422700
26.592200
26.801075
26.958125
27.220625
27.273175
27.389825
28.351300
28.630375
28.910475
29.040775
29.150800
29.304450
29.329800
29.363100
29.430775
29.517925
29.802750
