0.013350
0.084700
0.109025
0.142950
0.189925
0.242375
0.312650
0.353675
0.405975
0.453150
0.483850
0.531075
0.542550
0.608850
0.647600
0.721875
0.747550
0.791725
0.827025
0.860225
0.863700
0.933475
0.997050
1.042925
1.084575
1.113450
1.136075
1.161000
1.201375
1.212225
1.232950
1.263350
1.273150
1.285900
1.332400
1.382575
1.445250
1.496250
1.561000
1.610850
1.653375
1.680275
1.741000
1.779900
1.870000
1.946950
1.962500
1.967725
2.011125
2.055800
2.059575
2.090025
2.106075
2.183125
2.223800
2.247275
2.375225
2.443350
2.462550
2.485100
2.553650
2.579750
2.600550
2.690425
2.718825
2.797800
2.817825
2.883750
2.903800
2.934275
2.972575
3.015225
3.066375
3.081475
3.105750
3.127125
3.206600
3.231450
3.272125
3.382375
3.410000
3.474425
3.489375
3.533700
3.608075
3.728875
3.766050
3.800250
3.840150
3.855800
3.993975
4.046275
4.084650
4.122775
4.204075
4.236050
4.273225
4.310300
4.330925
4.448925
4.555075
4.581850
4.617950
4.685100
4.703075
4.763225
4.780800
4.784700
4.824325
4.868375
4.890200
4.925750
5.121225
5.137400
5.176475
5.229550
5.260500
5.323825
5.336025
5.368700
5.397100
5.491625
5.527625
5.553300
5.610900
5.635325
5.837800
5.862100
5.908150
5.927000
6.021325
6.055875
6.111600
6.154500
6.238650
6.299725
6.322075
6.344000
6.372625
6.443125
6.512375
6.549125
6.590475
6.623625
6.660475
6.684125
6.732700
6.764975
6.817675
6.839900
6.867525
6.870875
6.888150
6.934225
6.978650
7.030925
7.082275
7.105100
7.120025
7.160050
7.204175
7.238300
7.253250
7.275875
7.291875
7.332650
7.400125
7.435525
7.466975
7.493375
7.507225
7.552675
7.587775
7.754250
7.835550
7.867875
7.908925
7.954250
7.976675
8.019825
8.040175
8.096500
8.110125
8.154275
8.166225
8.236700
8.261725
8.276775
8.397350
8.408475
8.468275
8.489700
8.530050
8.569700
8.673900
8.716900
8.741250
8.788250
8.817250
9.015550
9.093850
9.109800
9.154650
9.208800
9.234925
9.246350
9.273025
9.314925
9.392850
9.451800
9.516475
9.613725
9.654500
9.674275
9.715475
9.746550
9.760600
9.801400
9.846125
9.882625
9.952825
9.977000
10.046825
10.077725
10.124025
10.152475
10.184625
10.215600
10.228475
10.288900
10.316025
10.385125
10.410625
10.464625
10.504700
10.518050
10.559675
10.594475
10.630550
10.654750
10.688100
10.731550
10.754350
10.786625
10.815075
10.864375
10.901075
10.916525
10.923275
10.957500
11.019525
11.052825
11.062050
11.111100
11.140025
11.165050
11.196050
11.230700
11.265250
11.288175
11.349800
11.371425
11.384000
11.391800
11.455250
11.467150
11.504575
11.517175
11.549125
11.584975
11.619025
11.691050
11.730000
11.762575
11.784750
11.813950
11.883275
11.912375
11.990400
12.006875
12.028725
12.041850
12.087775
12.105550
12.134975
12.142925
12.232450
12.249850
12.287800
12.335550
12.404275
12.431025
12.516450
12.539725
12.557825
12.578250
12.616375
12.659475
12.705175
12.743850
12.763150
12.791325
12.831350
12.883600
12.925125
12.930450
12.947900
13.030075
13.039100
13.088125
13.099125
13.152825
13.177325
13.195825
13.216250
13.267550
13.301825
13.318525
13.365650
13.398250
13.471750
13.502825
13.552925
13.575425
13.625450
13.631550
13.644925
13.676525
13.706750
13.777750
13.790225
13.831200
13.889550
13.925875
13.946050
13.980950
14.021150
14.044600
14.049125
14.108825
14.144825
14.233000
14.314625
14.373825
14.416250
14.437950
14.471325
14.501875
14.505675
14.590850
14.612125
14.650550
14.703000
14.790800
14.829875
14.855000
14.874725
14.900525
14.935000
14.942075
14.954775
14.979825
15.008050
15.052250
15.143625
15.208900
15.371825
15.406000
15.423550
15.464200
15.511325
15.556825
15.599125
15.650650
15.671900
15.677825
15.733200
15.770575
15.851175
15.865150
15.919150
15.959650
15.986225
16.072225
16.123300
16.161425
16.177950
16.201450
16.262125
16.310350
16.346325
16.375775
16.449000
16.476050
16.499350
16.546425
16.570150
16.675300
16.732900
16.765725
16.776725
16.783250
16.804500
16.850625
16.912925
17.029925
17.059525
17.143650
17.180800
17.257575
17.310175
17.347700
17.363425
17.379400
17.382075
17.399400
17.403375
17.512175
17.556600
17.580400
17.593250
17.641300
17.681600
17.720525
17.785675
17.806025
17.817925
17.921650
17.962150
18.039350
18.061625
18.108125
18.154700
18.180300
18.220275
18.242850
18.316000
18.481700
18.506800
18.538600
18.566900
18.570950
18.583725
18.588725
18.597325
18.621900
18.740050
18.755725
18.825225
18.882100
18.903475
18.919725
18.998775
19.003000
19.061875
19.099425
19.161725
19.204625
19.205475
19.280950
19.318825
19.362525
19.380275
19.482000
19.491325
19.506850
19.530675
19.626900
19.633775
19.659950
19.672650
19.673550
19.702125
19.776500
19.812250
19.828325
19.870225
19.942850
19.963000
20.005000
20.027600
20.049900
20.125850
20.147450
20.197925
20.220000
20.232900
20.288350
20.378275
20.393000
20.399900
20.451175
20.489950
20.506425
20.538675
20.557400
20.572775
20.613275
20.639625
20.654275
20.691525
20.740600
20.769425
20.909025
20.973275
20.999500
21.087300
21.104050
21.160025
21.213800
21.273375
21.328400
21.361025
21.381950
21.439000
21.491575
21.526225
21.580025
21.613850
21.631225
21.660950
21.715500
21.752725
21.788225
21.840850
21.861525
21.863425
21.913200
21.971000
21.986175
22.021775
22.078850
22.172425
22.233850
22.253150
22.301925
22.328425
22.363175
22.400025
22.439875
22.490050
22.556375
22.577125
22.656425
22.680375
22.728450
22.758225
22.789000
22.851450
22.893075
22.927475
22.963975
23.010175
23.030525
23.139250
23.206900
23.241325
23.268625
23.312375
23.360850
23.395750
23.423375
23.452500
23.477500
23.520225
23.590000
23.625250
23.662550
23.686075
23.735875
23.762375
23.813275
23.841675
23.857300
23.894150
23.914950
23.951275
24.005650
24.035075
24.100250
24.137900
24.159100
24.234575
24.270250
24.314375
24.334150
24.382250
24.488000
24.507850
24.544375
24.583275
24.667225
24.701250
24.730450
24.762575
24.771200
24.814350
24.836150
24.859825
24.924850
24.981575
25.008100
25.053475
25.090350
25.133875
25.196375
25.229300
25.256250
25.300275
25.360275
25.403550
25.438625
25.534250
25.575100
25.611075
25.634450
25.688050
25.719375
25.756375
25.800150
25.816050
25.820625
25.877050
25.898850
25.934725
25.982975
25.996625
26.048250
26.069325
26.128625
26.153600
26.219075
26.239100
26.300600
26.346975
26.384625
26.394500
26.443725
26.525875
26.565600
26.616225
26.640000
26.674350
26.696075
26.741950
26.793825
26.836800
26.922125
26.955500
27.039975
27.091425
27.142650
27.219775
27.286575
27.304575
27.368550
27.410900
27.450200
27.481250
27.511225
27.570200
27.608375
27.630450
27.663900
27.684000
27.715850
27.761375
27.795225
27.813750
27.935350
27.960500
28.008000
28.063200
28.072425
28.193375
28.235525
28.273400
28.301075
28.317425
28.388250
28.420550
28.470450
28.511650
28.576100
28.595475
28.653125
28.665375
28.688875
28.696850
28.711100
28.837875
28.881175
28.899875
28.924375
28.950075
28.977150
29.067525
29.164875
29.206125
29.247275
29.285250
29.349825
29.388375
29.408850
29.454125
29.491500
29.526500
29.705375
29.740375
29.747900
29.801275
29.821375
29.831025
29.912200
29.967625
