0.409325
0.679550
0.980625
1.018475
1.092750
1.230575
1.375725
1.484550
1.607100
1.822125
1.892425
2.026975
2.170575
2.213100
2.296250
2.335900
2.394850
2.560675
2.878950
2.925525
2.991825
3.020700
3.091000
3.142025
3.234675
3.343925
3.404850
3.834150
4.104875
4.202300
4.257600
4.337575
4.575375
4.605000
4.781825
4.847875
4.946675
5.233375
5.267750
5.346650
5.550900
5.567950
5.939125
6.163025
6.231825
6.476050
6.563300
6.717000
6.767350
6.832650
6.994475
7.036025
7.071000
7.316575
7.431425
7.492950
7.544275
7.681100
7.965675
7.993550
8.007650
8.187050
8.202675
8.256500
8.346800
8.381700
8.558875
8.688675
8.940425
9.044175
9.341975
9.359325
9.681875
9.735850
9.833050
9.952075
10.225250
10.241100
10.602200
10.723400
10.879950
10.944700
11.131175
11.146400
11.181750
11.330475
11.383750
11.621350
11.683825
11.733475
11.831875
11.918575
11.938775
12.027625
12.223275
12.327925
12.510750
12.538700
12.567550
12.668950
12.786250
13.071825
13.138575
13.158250
13.222175
13.616250
13.678375
13.747450
14.013350
14.125800
14.172325
14.219550
14.294600
14.551850
14.553150
14.910775
15.111225
15.134875
15.228525
15.710075
15.776200
15.871350
16.041125
16.456950
16.478200
16.502900
16.577950
16.630975
16.696775
17.016825
17.360325
17.476525
17.652300
17.721100
17.800900
17.834650
17.890700
17.996275
18.092625
18.144425
18.581575
18.920000
19.068800
19.215575
19.359650
19.384650
19.421350
19.532250
19.734050
20.132600
20.258150
20.296600
20.332900
20.446600
20.555500
20.835875
20.890000
21.041275
21.143750
21.348575
21.492400
21.503275
21.533200
21.669900
21.684225
22.024925
22.045050
22.088950
22.098250
22.149950
22.337875
22.492700
22.576400
22.689800
22.916750
22.966250
23.041625
23.087100
23.350475
23.982775
24.108525
24.528150
24.613225
24.719450
24.733650
25.088600
25.312225
25.368875
25.383600
25.428300
25.535325
25.800325
25.830050
25.903875
25.932350
26.086650
26.198700
26.783650
26.807550
27.037275
27.175525
27.193525
27.507125
27.564350
27.590875
27.611050
27.966475
28.120075
28.227550
28.262850
28.354250
28.455200
28.584300
28.647725
28.669150
28.715950
29.023775
29.079525
29.129850
29.294250
29.329250
29.374575
29.583975
29.644750
29.779100
29.864875
