0.004050
0.015075
0.033575
0.059425
0.069350
0.089850
0.175525
0.222350
0.227775
0.241200
0.271225
0.278500
0.330200
0.355975
0.404250
0.446550
0.496675
0.515400
0.542475
0.589575
0.605425
0.622575
0.633050
0.658825
0.663025
0.711600
0.717575
0.739050
0.780500
0.805050
0.821775
0.843125
0.861150
0.886000
0.929900
0.949250
0.975375
1.015000
1.040550
1.047825
1.076925
1.094025
1.123775
1.142275
1.155125
1.157375
1.166500
1.174825
1.182825
1.191275
1.226725
1.251750
1.280025
1.338550
1.383700
1.409650
1.428575
1.441800
1.455150
1.507250
1.519875
1.525300
1.546875
1.569950
1.620275
1.648425
1.676075
1.708075
1.757225
1.787575
1.797750
1.812775
1.820175
1.827250
1.838800
1.848200
1.855650
1.870600
1.911200
1.917775
1.937850
1.952875
1.956600
2.009575
2.024900
2.155925
2.181175
2.206325
2.231650
2.252775
2.279825
2.298050
2.317125
2.328000
2.337250
2.358075
2.376400
2.401025
2.415825
2.423775
2.436825
2.451400
2.485750
2.558925
2.577925
2.604800
2.625725
2.643375
2.658425
2.665100
2.676025
2.685625
2.699525
2.717925
2.724775
2.764475
2.784775
2.844950
2.864800
2.881375
2.901025
2.920525
2.943625
2.977725
2.984500
2.991575
2.997475
3.010400
3.017975
3.056675
3.068600
3.081975
3.153775
3.218300
3.229900
3.244575
3.264225
3.274675
3.290175
3.308375
3.328650
3.378075
3.407250
3.423475
3.518650
3.549775
3.570375
3.583000
3.602175
3.626800
3.713150
3.732225
3.759325
3.787675
3.862600
3.871600
3.890075
3.906400
3.911150
3.915975
3.923900
3.934425
3.953825
4.009125
4.051225
4.106050
4.136000
4.143550
4.151125
4.181050
4.203125
4.210650
4.287125
4.291725
4.300950
4.312225
4.319675
4.386325
4.428225
4.517400
4.535400
4.562925
4.584575
4.611350
4.631575
4.660275
4.719800
4.762150
4.777500
4.790875
4.850900
4.878025
4.926700
4.993575
5.018250
5.056800
5.096175
5.113875
5.127350
5.148450
5.154475
5.162575
5.184600
5.199200
5.207100
5.225225
5.270025
5.318300
5.335800
5.346575
5.353600
5.392375
5.412300
5.426150
5.454800
5.486800
5.505625
5.521975
5.538025
5.542300
5.554650
5.564850
5.590850
5.622700
5.630750
5.635250
5.639025
5.643950
5.664725
5.679350
5.682425
5.688275
5.693275
5.704425
5.714550
5.744025
5.784775
5.807400
5.865600
5.868050
5.871950
5.917350
5.933750
5.972100
5.992525
6.015825
6.037875
6.093875
6.130025
6.168625
6.190050
6.197400
6.222825
6.261075
6.276975
6.285225
6.310300
6.320725
6.360025
6.384400
6.410725
6.441650
6.465025
6.486400
6.514750
6.526750
6.557275
6.593425
6.604525
6.611025
6.675925
6.684550
6.761600
6.784200
6.795925
6.825425
6.844700
6.859325
6.894900
6.914700
6.947825
6.972100
6.987700
7.045400
7.066525
7.074000
7.103025
7.111150
7.138650
7.155825
7.172525
7.192050
7.200750
7.209525
7.236025
7.243475
7.251150
7.259775
7.267875
7.269650
7.356725
7.369700
7.401750
7.426900
7.440575
7.459050
7.463750
7.467775
7.529425
7.543975
7.562925
7.575825
7.584375
7.597675
7.611575
7.621350
7.627975
7.635125
7.641075
7.652200
7.659225
7.686800
7.733050
7.759025
7.818925
7.828625
7.840975
7.858450
7.884625
7.911600
7.997575
8.004075
8.020100
8.033850
8.042775
8.049025
8.066700
8.105825
8.149900
8.164750
8.186475
8.193750
8.234500
8.255150
8.270125
8.288850
8.304350
8.311700
8.353425
8.404050
8.448600
8.471125
8.485125
8.528050
8.559775
8.587825
8.651900
8.662425
8.724450
8.731875
8.746925
8.770275
8.818675
8.824900
8.857525
8.867625
8.903425
8.960975
9.003225
9.052400
9.058600
9.096400
9.133875
9.151650
9.181575
9.263050
9.278925
9.289350
9.304300
9.333775
9.348100
9.377225
9.386000
9.418850
9.432900
9.442025
9.453025
9.467025
9.489050
9.510900
9.524150
9.533850
9.541575
9.548775
9.556725
9.576650
9.603500
9.626200
9.666700
9.689375
9.721550
9.747900
9.791175
9.813675
9.866950
9.914800
9.947300
9.953700
9.978500
9.992375
10.009475
10.013475
10.021350
10.033750
10.077475
10.084450
10.111625
10.145825
10.153800
10.184975
10.193075
10.205750
10.285675
10.299125
10.325750
10.367975
10.386025
10.421775
10.434500
10.466200
10.483575
10.513075
10.538250
10.547650
10.558375
10.610675
10.633875
10.660050
10.674900
10.680475
10.688300
10.693425
10.698425
10.715700
10.724250
10.730125
10.771100
10.775850
10.815300
10.821600
10.852775
10.868625
10.890500
11.012275
11.025600
11.035575
11.042325
11.050875
11.059750
11.073850
11.082500
11.091350
11.109500
11.140100
11.153500
11.166375
11.221900
11.246025
11.286450
11.316225
11.464275
11.501150
11.530525
11.543725
11.551925
11.579700
11.627000
11.659125
11.675100
11.699650
11.732225
11.759525
11.788000
11.813825
11.838850
11.862300
11.907950
11.929575
11.963950
11.969725
11.989600
11.997475
12.014325
12.039400
12.080600
12.101025
12.250025
12.273725
12.300425
12.311975
12.362825
12.370825
12.478225
12.502800
12.622375
12.640775
12.644700
12.653250
12.658475
12.662425
12.669525
12.670525
12.681375
12.686875
12.689125
12.693875
12.713375
12.746275
12.806500
12.825125
12.833775
12.842650
12.855275
12.875125
12.894675
12.934025
12.944775
12.973500
12.998750
13.032325
13.042175
13.076400
13.107200
13.131250
13.187350
13.247600
13.275850
13.294750
13.320850
13.339000
13.356850
13.390800
13.397025
13.412825
13.469625
13.518100
13.526125
13.527625
13.559525
13.560500
13.588275
13.597950
13.610450
13.623375
13.650300
13.670750
13.728350
13.795200
13.832000
13.863875
13.917000
13.959475
13.972225
13.990200
13.994875
14.029475
14.145800
14.242625
14.253775
14.278800
14.285775
14.328425
14.337850
14.347700
14.357400
14.407600
14.431425
14.457650
14.498475
14.525025
14.549400
14.631525
14.654425
14.677675
14.737350
14.800050
14.804850
14.812975
14.821725
14.831050
14.855000
14.874450
14.910475
14.947950
14.989225
15.014525
15.086175
15.128150
15.195225
15.201550
15.205275
15.212375
15.226525
15.234225
15.261000
15.289975
15.317950
15.332225
15.345750
15.350200
15.356450
15.372700
15.387075
15.393800
15.406100
15.460825
15.481600
15.517300
15.541875
15.574400
15.666525
15.722625
15.777650
15.788375
15.796675
15.801950
15.811775
15.816850
15.821350
15.832625
15.847425
15.853025
15.870400
15.888600
15.908375
15.948550
15.972400
15.992725
16.009300
16.056275
16.109375
16.126925
16.130300
16.196725
16.220400
16.238475
16.252000
16.257425
16.267225
16.291625
16.296275
16.314550
16.405750
16.425975
16.513400
16.556750
16.605750
16.625875
16.631625
16.642200
16.651975
16.656825
16.661425
16.671225
16.687250
16.698325
16.716575
16.762250
16.775650
16.810400
16.845625
16.879075
16.899250
16.963050
16.988025
17.010525
17.073950
17.087450
17.099325
17.106500
17.112350
17.131950
17.140875
17.155225
17.164800
17.178975
17.201375
17.258500
17.298250
17.323125
17.366850
17.383425
17.423750
17.471275
17.478375
17.519300
17.597525
17.642825
17.708700
17.724625
17.752825
17.769900
17.774250
17.817925
17.821000
17.837750
17.860425
17.935600
17.956050
17.982775
17.995500
18.041675
18.064350
18.089450
18.137900
18.170425
18.178375
18.204050
18.226200
18.295050
18.302200
18.320325
18.326550
18.331525
18.349450
18.366975
18.414025
18.423675
18.434050
18.541950
18.567600
18.597250
18.636375
18.654150
18.707750
18.730425
18.739275
18.748950
18.758450
18.780075
18.788950
18.799450
18.830575
18.864225
18.882550
18.909625
18.932925
18.967375
18.987475
18.994750
19.040700
19.068900
19.091075
19.118475
19.139050
19.197750
19.230700
19.255000
19.286175
19.295775
19.305300
19.328775
19.355000
19.371750
19.380525
19.415450
19.420150
19.438150
19.486925
19.576450
19.606950
19.668800
19.710450
19.739200
19.767350
19.787825
19.816600
19.845300
19.855175
19.866800
19.874175
19.882575
19.888650
19.903450
19.908150
20.029900
20.037675
20.048975
20.163450
20.188650
20.213500
20.257350
20.268450
20.274975
20.286200
20.291075
20.316500
20.339000
20.362300
20.373075
20.452925
20.469425
20.502650
20.525900
20.547725
20.606325
20.624775
20.680400
20.686200
20.690475
20.695075
20.698700
20.723025
20.735000
20.777850
20.811000
20.846375
20.873250
20.966275
20.974025
21.091550
21.133750
21.174750
21.189700
21.206450
21.222975
21.234075
21.250300
21.306500
21.315725
21.320450
21.337100
21.346000
21.348600
21.358575
21.383300
21.424400
21.524150
21.542700
21.577650
21.646575
21.658725
21.718625
21.757350
21.821600
21.851650
21.876975
21.938800
21.949450
21.974000
21.993000
21.997625
22.003700
22.008325
22.012875
22.036375
22.050675
22.052900
22.101075
22.123450
22.131750
22.174175
22.190950
22.194125
22.206750
22.214900
22.224550
22.231750
22.283775
22.309300
22.325100
22.340325
22.356300
22.405125
22.495100
22.577025
22.593750
22.648675
22.675150
22.688450
22.695975
22.703400
22.755550
22.768775
22.777875
22.798675
22.817800
22.825875
22.859175
22.885825
22.921050
22.976750
23.025750
23.052950
23.126750
23.133775
23.147625
23.151925
23.158025
23.169350
23.176850
23.188350
23.211300
23.244675
23.251075
23.282325
23.288050
23.293300
23.306600
23.312725
23.359200
23.444950
23.470825
23.515975
23.575750
23.600225
23.624525
23.637125
23.644350
23.676275
23.729975
23.737075
23.831750
23.890125
23.907100
23.937725
23.991400
24.022425
24.035250
24.042150
24.047700
24.068125
24.083325
24.102750
24.136075
24.143075
24.152825
24.184075
24.311650
24.326700
24.353175
24.360275
24.392275
24.511375
24.523750
24.544225
24.548925
24.552225
24.558975
24.559875
24.583850
24.596950
24.620525
24.643375
24.670175
24.680225
24.694100
24.706300
24.749650
24.790600
24.854300
24.919650
24.941650
25.016425
25.037875
25.060625
25.074700
25.093150
25.097875
25.137675
25.153075
25.184800
25.238375
25.257350
25.285650
25.329500
25.357750
25.371600
25.405550
25.420925
25.446400
25.454925
25.474625
25.482950
25.531575
25.557000
25.580900
25.588400
25.589525
25.636975
25.644750
25.660250
25.666175
25.667800
25.673300
25.691325
25.737225
25.778675
25.805950
25.838500
25.918450
25.961750
25.972125
25.981825
25.992900
26.004950
26.016650
26.029300
26.050025
26.067400
26.080600
26.092450
26.101500
26.117275
26.128150
26.203050
26.222750
26.260600
26.368000
26.397325
26.467575
26.487800
26.514775
26.523125
26.529350
26.538650
26.554975
26.568775
26.577675
26.587750
26.597500
26.617500
26.685575
26.708800
26.753725
26.760625
26.768675
26.783675
26.828200
26.834825
26.842800
26.857950
26.867075
26.896025
26.915600
26.939425
26.952425
26.985100
26.995600
27.017900
27.069550
27.094075
27.123900
27.224800
27.244125
27.253250
27.268175
27.307600
27.340550
27.426025
27.476225
27.522425
27.540850
27.567850
27.592575
27.613600
27.625100
27.648275
27.659225
27.668475
27.687825
27.713550
27.743775
27.751925
27.759050
27.769550
27.822875
27.852375
27.872225
27.904500
27.938250
27.993275
28.031675
28.050500
28.090400
28.113275
28.119650
28.145825
28.157850
28.183500
28.200825
28.243075
28.249725
28.274050
28.302425
28.314250
28.364150
28.374125
28.394200
28.402650
28.411200
28.457100
28.487250
28.519625
28.577600
28.640375
28.656175
28.698900
28.794975
28.850850
28.912525
28.941125
28.986975
29.010850
29.020150
29.027200
29.047000
29.052175
29.060125
29.066450
29.073200
29.108325
29.127475
29.137450
29.145000
29.156150
29.166225
29.177075
29.187200
29.210575
29.231975
29.293625
29.302875
29.311475
29.325175
29.353275
29.369400
29.439250
29.466075
29.503600
29.565125
29.589475
29.643525
29.693500
29.697800
29.718575
29.725750
29.784725
29.815000
29.875650
29.947775
