0.111775
0.185050
0.236425
0.311350
0.550125
0.604050
0.708725
0.747950
0.797650
0.968725
0.999025
1.057975
1.339450
1.369325
1.391025
1.432700
1.827675
1.910000
1.947400
2.001350
2.230050
2.259150
2.280875
2.319150
2.605250
2.823150
3.020425
3.075950
3.175275
3.261275
3.474350
3.503325
3.547850
3.756275
3.982500
4.016750
4.192725
4.250675
4.505875
4.566950
4.664925
4.855300
4.926900
5.185350
5.233550
5.324175
5.562475
5.629025
5.668325
5.702225
5.979650
6.056425
6.093325
6.128800
6.173200
6.408325
6.675225
6.702525
7.082200
7.354050
7.467100
7.503850
7.563000
7.816375
7.912025
7.954650
8.030575
8.291475
8.344925
8.402025
8.721100
9.027625
9.081375
9.493750
9.550975
9.842125
9.892400
10.082800
10.153525
10.466100
10.564700
10.612275
10.864700
11.163675
11.278800
11.356200
11.700875
11.737650
12.027875
12.108050
12.195250
12.248275
12.573425
12.637425
12.687125
12.744425
12.898150
13.173650
13.208375
13.245350
13.593950
13.622300
13.643150
13.687875
13.747300
14.064850
14.118125
14.147600
14.269325
14.674800
14.740125
14.779200
14.826525
15.201275
15.272800
15.332175
15.383450
15.703650
15.746550
15.778700
15.816850
15.882325
16.227525
16.322100
16.362275
16.385400
16.410950
16.448150
16.502450
17.039250
17.275000
17.310950
17.479775
17.528000
17.754300
17.803275
17.835575
18.072125
18.208175
18.277675
18.319025
18.357800
18.622750
18.662225
18.695475
18.828650
19.066500
19.170275
19.483700
19.523575
19.571025
19.708750
19.978525
20.011625
20.062825
20.408300
20.449050
20.480450
20.900375
20.963650
21.004925
21.138050
21.362650
21.419825
21.484900
21.866975
21.927775
21.983025
22.329375
22.475850
22.541975
22.785775
22.822050
22.844725
22.890750
23.018125
23.408525
23.464850
23.796775
23.868800
23.906450
23.937950
24.047250
24.374175
24.740475
24.773025
24.795200
24.844925
24.888600
25.100700
25.137950
25.228550
25.526125
25.629225
25.681300
25.737250
26.022925
26.089450
26.134150
26.194700
26.547050
26.580775
26.619900
26.676225
27.024000
27.073650
27.140400
27.430600
27.489300
27.730900
28.040050
28.329100
28.387400
28.447225
28.499175
28.847750
28.874700
28.912625
29.344725
29.387100
29.453450
29.761900
29.789325
29.829700
29.900525
