0.003750
0.051550
0.091800
0.122950
0.152250
0.187000
0.201275
0.208775
0.216450
0.224675
0.231000
0.237725
0.252350
0.266550
0.281950
0.310475
0.327225
0.371825
0.401425
0.442700
0.453975
0.477775
0.498125
0.504425
0.510850
0.517025
0.523100
0.536000
0.557000
0.577975
0.600425
0.635000
0.667000
0.705200
0.733250
0.788575
0.797025
0.805650
0.813175
0.815000
0.817550
0.822500
0.828525
0.834675
0.840800
0.846975
0.867850
0.873900
0.887200
0.901150
0.916550
0.959625
1.000425
1.030025
1.068125
1.098975
1.136600
1.194850
1.207075
1.214550
1.221650
1.226075
1.237100
1.241125
1.245775
1.251775
1.257600
1.270450
1.291950
1.318575
1.339700
1.358800
1.383050
1.431600
1.466675
1.511225
1.597625
1.607650
1.617075
1.626150
1.633375
1.640050
1.647800
1.653850
1.661950
1.668050
1.673225
1.683550
1.693450
1.700575
1.712100
1.723225
1.734925
1.746800
1.764650
1.803625
1.825125
1.855875
1.878350
1.902400
1.929925
1.975175
2.002775
2.064525
2.077325
2.087300
2.095050
2.102450
2.109000
2.116250
2.123325
2.138075
2.155150
2.167325
2.184175
2.204375
2.221250
2.238750
2.265325
2.292450
2.313050
2.353375
2.388475
2.416200
2.465625
2.526800
2.549375
2.557850
2.566125
2.574400
2.578675
2.585325
2.592100
2.598500
2.602625
2.610950
2.621125
2.633550
2.665350
2.697950
2.732075
2.775950
2.811325
2.857625
2.885325
2.892875
2.898950
2.906775
2.910400
2.915250
2.920800
2.926800
2.933575
2.937625
2.944625
2.949525
2.954650
2.960100
2.967625
2.975650
2.989475
2.998925
3.008800
3.025375
3.044600
3.067825
3.092425
3.104125
3.123750
3.146475
3.162100
3.175025
3.188050
3.199275
3.219550
3.259775
3.280000
3.299425
3.342050
3.387825
3.419225
3.462075
3.474875
3.480050
3.490275
3.497325
3.506025
3.510150
3.516225
3.522850
3.530700
3.539350
3.554525
3.568975
3.590500
3.610100
3.636250
3.664600
3.692425
3.727700
3.766125
3.812350
3.817525
3.825175
3.832725
3.839175
3.844650
3.852400
3.858075
3.864925
3.873125
3.880050
3.890500
3.899975
3.914025
3.932825
3.950500
3.975900
4.008675
4.043725
4.091025
4.135950
4.178675
4.194325
4.202625
4.208025
4.214800
4.218875
4.223425
4.226775
4.231375
4.236025
4.240800
4.245125
4.250250
4.258950
4.280725
4.298250
4.341000
4.371175
4.392950
4.426300
4.443400
4.455000
4.470875
4.486925
4.509250
4.532175
4.547850
4.568975
4.585850
4.619125
4.634650
4.639350
4.666075
4.689125
4.720425
4.741575
4.783700
4.814475
4.843600
4.876025
4.907400
4.936825
4.969900
4.992750
5.008950
5.031800
5.069300
5.091850
5.110525
5.123050
5.154775
5.196875
5.234450
5.260350
5.292125
5.349575
5.387875
5.436875
5.455900
5.483125
5.498925
5.517850
5.534200
5.573675
5.621975
5.651225
5.685425
5.714950
5.738100
5.751125
5.759050
5.766700
5.775475
5.789650
5.802700
5.812500
5.826175
5.840900
5.861125
5.876600
5.890050
5.911750
5.948900
5.975700
6.026150
6.049150
6.083950
6.112325
6.144750
6.162600
6.173125
6.190050
6.198650
6.211475
6.221000
6.229500
6.241250
6.262850
6.286225
6.308150
6.340550
6.366750
6.385200
6.419500
6.465750
6.508600
6.548850
6.603825
6.626225
6.642000
6.654200
6.686275
6.712475
6.756775
6.779225
6.815375
6.860750
6.890100
6.943250
7.000325
7.041525
7.092825
7.109275
7.114750
7.126750
7.134525
7.143875
7.151275
7.158325
7.167725
7.175875
7.187250
7.200775
7.215475
7.224500
7.230300
7.234425
7.240200
7.244775
7.250425
7.257200
7.260625
7.266850
7.272625
7.279600
7.286675
7.291050
7.303300
7.310900
7.318800
7.323225
7.328350
7.336175
7.342650
7.350225
7.359850
7.367525
7.376650
7.382000
7.392225
7.399025
7.407900
7.415800
7.423975
7.432450
7.437700
7.441400
7.452475
7.457925
7.464150
7.469450
7.474675
7.481925
7.489125
7.496650
7.503675
7.509750
7.524075
7.529500
7.537825
7.543375
7.549525
7.558150
7.561525
7.566450
7.572625
7.576850
7.582450
7.588525
7.595100
7.603900
7.619450
7.626500
7.632050
7.639675
7.644175
7.651625
7.661600
7.665925
7.672000
7.676400
7.680950
7.687200
7.690875
7.704150
7.707425
7.711425
7.716300
7.720225
7.725300
7.729375
7.734050
7.737125
7.740175
7.744025
7.747475
7.751175
7.754150
7.759025
7.764325
7.767750
7.783100
7.789850
7.794525
7.799000
7.802325
7.808875
7.814575
7.818925
7.823575
7.827175
7.832175
7.834975
7.839225
7.842925
7.851825
7.855675
7.860475
7.868575
7.875350
7.881625
7.888350
7.896700
7.904775
7.914500
7.922475
7.926550
7.931400
7.934425
7.940000
7.943125
7.946025
7.951425
7.954100
7.966450
7.972575
7.978225
7.983000
7.989600
8.002800
8.008525
8.013825
8.020150
8.025000
8.029475
8.033650
8.038100
8.043150
8.051250
8.055075
8.066950
8.070475
8.074025
8.077800
8.082700
8.087275
8.092375
8.097875
8.104450
8.110500
8.114225
8.121200
8.133400
8.144450
8.150875
8.156150
8.162450
8.167150
8.178700
8.191675
8.211150
8.217425
8.223100
8.226300
8.232200
8.236375
8.240100
8.244125
8.247950
8.252050
8.255850
8.262325
8.265600
8.269525
8.272075
8.277425
8.282100
8.286875
8.290800
8.297975
8.303550
8.309225
8.314150
8.319025
8.326375
8.338800
8.348575
8.359975
8.375000
8.394400
8.399450
8.407025
8.410925
8.414525
8.419925
8.423875
8.426850
8.432125
8.438500
8.442250
8.445050
8.453075
8.456550
8.461400
8.466500
8.472900
8.478075
8.482300
8.487900
8.492325
8.497625
8.500550
8.505150
8.510575
8.517625
8.525050
8.530225
8.540725
8.548175
8.553975
8.564000
8.572200
8.579525
8.588900
8.596650
8.606025
8.610775
8.618700
8.625725
8.631050
8.636375
8.646975
8.651175
8.656450
8.661300
8.664975
8.671275
8.675300
8.680325
8.683175
8.687100
8.692000
8.695900
8.703200
8.707950
8.717975
8.723075
8.734775
8.740875
8.746000
8.751350
8.755800
8.766675
8.773650
8.783225
8.793175
8.799550
8.807750
8.811450
8.817900
8.820650
8.826050
8.829500
8.833375
8.836825
8.840600
8.844225
8.851625
8.855850
8.860425
8.868450
8.879600
8.888200
8.900400
8.909075
8.918975
8.930050
8.942225
8.955200
8.964275
8.971675
8.976800
8.980350
8.983825
8.986700
8.995350
8.998925
9.002300
9.005875
9.015575
9.025225
9.034400
9.042950
9.049025
9.058500
9.068400
9.075525
9.086150
9.099250
9.110925
9.127450
9.137900
9.143675
9.151650
9.159750
9.167350
9.172725
9.177425
9.182725
9.187450
9.190125
9.195225
9.200725
9.204525
9.213750
9.219875
9.227200
9.236650
9.247275
9.252875
9.259450
9.270525
9.279025
9.288100
9.295275
9.304350
9.315575
9.323300
9.327900
9.331675
9.335250
9.337850
9.345350
9.349750
9.353825
9.357550
9.364075
9.368550
9.371325
9.374900
9.382300
9.387950
9.397550
9.402400
9.414025
9.421850
9.433975
9.457200
9.471050
9.494225
9.504225
9.522875
9.533800
9.543975
9.553700
9.558675
9.561775
9.566425
9.569000
9.571900
9.574600
9.578725
9.586950
9.605775
9.610425
9.615275
9.622400
9.632600
9.644675
9.655225
9.667025
9.682425
9.698475
9.709025
9.712025
9.715600
9.718825
9.722400
9.725525
9.728450
9.733525
9.737875
9.741675
9.745525
9.748800
9.752350
9.757250
9.766000
9.776350
9.783300
9.790150
9.797300
9.802900
9.811750
9.819900
9.838500
9.873300
9.883275
9.893150
9.898650
9.903050
9.906900
9.910400
9.915400
9.920150
9.927450
9.932250
9.936700
9.941475
9.944775
9.950425
9.954350
9.958300
9.961825
9.966625
9.971675
9.975975
9.982900
9.992250
9.998950
10.004625
10.014325
10.021675
10.033100
10.050000
10.072150
10.087625
10.102100
10.114650
10.119875
10.124125
10.127475
10.131125
10.134725
10.139650
10.142475
10.147400
10.154275
10.160675
10.168700
10.177125
10.185750
10.193975
10.204100
10.212000
10.227775
10.236675
10.248950
10.258525
10.284150
10.293875
10.304575
10.313625
10.323650
10.328275
10.338350
10.342675
10.345675
10.349725
10.352725
10.357100
10.360125
10.365100
10.368200
10.374000
10.381150
10.389250
10.397700
10.409100
10.416350
10.426925
10.433550
10.440600
10.444850
10.451150
10.454150
10.463025
10.481225
10.490325
10.498925
10.505800
10.508800
10.512025
10.514700
10.519125
10.522075
10.534850
10.547225
10.556675
10.562425
10.570500
10.578225
10.585275
10.600150
10.613200
10.623750
10.641750
10.655875
10.668950
10.681975
10.699975
10.718300
10.730700
10.751575
10.767250
10.772225
10.776775
10.780975
10.784450
10.790075
10.794200
10.799775
10.806950
10.815625
10.825650
10.830700
10.835975
10.839275
10.844400
10.848475
10.858175
10.865500
10.874975
10.885250
10.891175
10.899500
10.906525
10.916725
10.922975
10.928975
10.943200
10.947675
10.953200
10.956700
10.962725
10.966725
10.975675
10.984550
10.989675
10.992025
11.006875
11.015975
11.024675
11.030550
11.037975
11.044525
11.052500
11.058350
11.061875
11.068550
11.074750
11.081750
11.091600
11.102175
11.117550
11.138875
11.153125
11.165875
11.201725
11.228500
11.239450
11.247550
11.257425
11.266325
11.275075
11.288600
11.309800
11.338775
11.360400
11.379125
11.403575
11.425825
11.443275
11.464375
11.490350
11.519275
11.537400
11.552475
11.560325
11.568800
11.578400
11.592125
11.607825
11.621450
11.639450
11.681000
11.708125
11.742950
11.778500
11.833225
11.875900
11.919975
11.964475
12.000475
12.019500
12.027625
12.039500
12.052250
12.080350
12.115875
12.126425
12.151775
12.204300
12.235700
12.256200
12.277675
12.295975
12.311500
12.317675
12.328950
12.346625
12.360425
12.419150
12.449625
12.503825
12.535625
12.561775
12.596800
12.627375
12.662600
12.697725
12.741425
12.786875
12.858275
12.904200
12.947600
13.000050
13.070700
13.141375
13.188400
13.225225
13.294800
13.314075
13.328975
13.337225
13.382700
13.421125
13.451725
13.491150
13.550450
13.563825
13.577275
13.589625
13.598575
13.614125
13.633900
13.668000
13.727925
13.769300
13.801325
13.833675
13.846575
13.905400
13.925950
13.943450
13.950150
13.962775
13.980350
13.991725
14.000475
14.012550
14.032700
14.067050
14.089325
14.118975
14.139250
14.166375
14.185425
14.197825
14.215700
14.249750
14.285550
14.316050
14.360525
14.412525
14.461900
14.534275
14.564950
14.628225
14.653475
14.690625
14.727900
14.785900
14.840225
14.865825
14.896225
14.987475
15.021650
15.084550
15.156200
15.213075
15.247100
15.313200
15.439825
15.504425
15.568175
15.650450
15.723425
15.740650
15.763975
15.774900
15.804575
15.824425
15.833300
15.840575
15.853125
15.857375
15.866950
15.879925
15.901625
15.916075
15.935875
15.952650
15.970750
15.992700
16.016925
16.051600
16.120450
16.162100
16.172425
16.230625
16.268850
16.315700
16.402675
16.471850
16.531100
16.564275
16.612950
16.676650
16.681550
16.767500
16.820250
16.864050
16.893775
16.912050
16.919300
16.930000
16.951025
16.991175
17.049525
17.089950
17.122000
17.151100
17.167925
17.181575
17.193975
17.201750
17.209425
17.219250
17.234750
17.247325
17.264425
17.276575
17.287125
17.295150
17.302225
17.310700
17.321325
17.325850
17.331700
17.339825
17.345350
17.356500
17.368175
17.373850
17.385950
17.392400
17.403725
17.421150
17.430225
17.447150
17.465550
17.475800
17.493350
17.508825
17.522600
17.551325
17.583725
17.596525
17.623250
17.651950
17.672825
17.694825
17.719175
17.730625
17.739525
17.760975
17.791225
17.815050
17.837475
17.855800
17.870725
17.888175
17.905625
17.924750
17.950650
17.981875
18.007250
18.040525
18.077275
18.101875
18.140075
18.177375
18.219375
18.251975
18.260600
18.270550
18.275175
18.282450
18.290000
18.296700
18.305225
18.315575
18.324750
18.332025
18.341325
18.352325
18.366575
18.376900
18.388600
18.396400
18.402300
18.408775
18.420500
18.434875
18.450125
18.457450
18.466300
18.473375
18.478450
18.485675
18.491650
18.498525
18.506850
18.512275
18.517125
18.522175
18.525975
18.531275
18.534950
18.538275
18.546025
18.550575
18.554150
18.558550
18.566725
18.570600
18.575725
18.578375
18.584675
18.590900
18.598600
18.601950
18.611875
18.618200
18.632050
18.643050
18.655275
18.670800
18.686850
18.693100
18.699250
18.704775
18.714675
18.718850
18.727300
18.735950
18.740825
18.748200
18.756100
18.765125
18.775500
18.786325
18.791450
18.798975
18.806275
18.806925
18.812200
18.817325
18.823025
18.828875
18.835300
18.840450
18.848175
18.853350
18.858100
18.862525
18.865200
18.868425
18.873200
18.878250
18.880600
18.883575
18.891450
18.893900
18.896800
18.899700
18.903650
18.910200
18.914425
18.921450
18.925400
18.930800
18.937000
18.943650
18.950025
18.957425
18.961925
18.967525
18.996825
19.004500
19.015900
19.022025
19.026225
19.032375
19.037350
19.042350
19.045825
19.049825
19.055875
19.060025
19.064000
19.066375
19.069350
19.073425
19.077350
19.080975
19.084450
19.087325
19.090100
19.092875
19.095875
19.099600
19.104400
19.112500
19.122200
19.127450
19.131875
19.137125
19.144150
19.151725
19.157625
19.166225
19.175675
19.191275
19.205325
19.220275
19.225400
19.232650
19.236450
19.242075
19.245225
19.249900
19.256400
19.261125
19.265400
19.272375
19.276800
19.281800
19.288525
19.292625
19.305500
19.315700
19.322075
19.330225
19.340375
19.348625
19.361225
19.369950
19.378375
19.384625
19.390650
19.394700
19.400350
19.403425
19.406525
19.409950
19.414725
19.419450
19.422525
19.425825
19.429450
19.433575
19.435950
19.441175
19.444800
19.452825
19.464025
19.469775
19.473275
19.480225
19.495725
19.505675
19.516475
19.529425
19.536050
19.548075
19.556225
19.566675
19.571975
19.578050
19.583200
19.586775
19.591750
19.596275
19.600600
19.603450
19.608775
19.612900
19.616275
19.619325
19.624800
19.633925
19.640875
19.658950
19.675575
19.689725
19.705600
19.718825
19.724025
19.733100
19.738400
19.743625
19.748800
19.754225
19.759725
19.764000
19.767675
19.772025
19.775075
19.778450
19.784375
19.789075
19.793025
19.800225
19.804600
19.811100
19.816750
19.821025
19.826650
19.833400
19.842100
19.852650
19.864100
19.871750
19.880225
19.886550
19.891875
19.897250
19.903725
19.908450
19.912700
19.917450
19.920250
19.926075
19.931325
19.934200
19.939375
19.948950
19.954300
19.969525
19.977500
19.988600
20.001100
20.014550
20.023750
20.032800
20.037750
20.044825
20.048600
20.053700
20.059800
20.064875
20.078075
20.088225
20.091600
20.100350
20.109325
20.116700
20.129575
20.137375
20.151750
20.163450
20.172675
20.186675
20.196550
20.205250
20.210750
20.215250
20.219125
20.222850
20.226300
20.232700
20.237850
20.242400
20.247225
20.251875
20.256675
20.259925
20.264350
20.274800
20.285850
20.292575
20.298875
20.305575
20.311625
20.316850
20.335050
20.346675
20.354125
20.371200
20.388175
20.399125
20.407100
20.411075
20.415150
20.419450
20.426450
20.429525
20.433100
20.435700
20.440700
20.451250
20.454900
20.460225
20.471150
20.483600
20.489875
20.501550
20.520650
20.534100
20.547575
20.561000
20.573200
20.583050
20.591600
20.596400
20.600200
20.607075
20.612050
20.615500
20.625275
20.629850
20.634275
20.639350
20.643675
20.650150
20.656400
20.661350
20.666925
20.674400
20.679150
20.685250
20.692375
20.705775
20.717200
20.725850
20.736000
20.749425
20.760375
20.770225
20.779975
20.784350
20.790425
20.798625
20.802725
20.808200
20.812400
20.818350
20.823450
20.826675
20.830650
20.835550
20.840675
20.849550
20.855175
20.873075
20.882000
20.897525
20.903375
20.912175
20.931475
20.941525
20.953775
20.976075
20.996900
21.008225
21.025025
21.038800
21.044825
21.050125
21.055850
21.060525
21.067650
21.073975
21.086600
21.094975
21.106850
21.118500
21.127775
21.134575
21.142325
21.146725
21.154025
21.165500
21.171750
21.177800
21.187525
21.193125
21.200850
21.216100
21.235950
21.258100
21.266750
21.283425
21.303900
21.312850
21.319100
21.324450
21.329650
21.333450
21.338175
21.341625
21.346250
21.349850
21.353100
21.358025
21.362475
21.371775
21.377525
21.384100
21.393850
21.399775
21.409900
21.421325
21.432100
21.440200
21.451475
21.466175
21.481125
21.495500
21.509800
21.524250
21.547500
21.561025
21.571575
21.585350
21.594200
21.599275
21.603550
21.607425
21.611450
21.614750
21.619950
21.624900
21.629775
21.635875
21.642050
21.652300
21.665800
21.691225
21.702700
21.712800
21.723000
21.734250
21.743575
21.752100
21.760250
21.772275
21.781950
21.794375
21.808275
21.825000
21.846725
21.883100
21.899700
21.921075
21.948000
21.971925
21.995325
22.013250
22.032500
22.056800
22.075225
22.110075
22.144150
22.182325
22.222325
22.283100
22.310875
22.326425
22.348625
22.369400
22.380325
22.394325
22.436300
22.465225
22.487125
22.550525
22.574650
22.592250
22.611525
22.632725
22.663200
22.753600
22.783075
22.835600
22.869000
22.904125
22.941700
22.987850
23.000625
23.039400
23.100075
23.129650
23.160475
23.207750
23.227800
23.281600
23.331550
23.364025
23.386575
23.423025
23.458400
23.485400
23.521900
23.565850
23.642075
23.707850
23.739925
23.779800
23.887350
23.933000
23.976650
24.002425
24.036600
24.052825
24.074450
24.095650
24.115325
24.129825
24.140675
24.168900
24.187675
24.223450
24.254450
24.307025
24.334275
24.350350
24.362450
24.377250
24.394025
24.409425
24.417125
24.426625
24.436250
24.447925
24.464525
24.475150
24.484450
24.493825
24.507925
24.514100
24.529350
24.538175
24.549425
24.555000
24.561150
24.572975
24.578025
24.592100
24.597250
24.606050
24.615550
24.620350
24.623550
24.628375
24.632225
24.637950
24.642050
24.648875
24.658200
24.663050
24.672200
24.719975
24.761350
24.815475
24.925400
24.946825
24.951750
24.958475
24.962400
24.968075
24.973825
24.982075
24.988625
25.007700
25.065100
25.113700
25.130000
25.141475
25.163050
25.174425
25.185525
25.199350
25.206950
25.213750
25.226375
25.263600
25.279075
25.306575
25.346400
25.386575
25.419950
25.455500
25.488350
25.496175
25.506550
25.513650
25.523800
25.530325
25.534625
25.539275
25.545550
25.548750
25.554275
25.559600
25.567425
25.572050
25.584525
25.597050
25.624125
25.661625
25.678125
25.739700
25.817725
25.838275
25.890350
25.908050
25.915375
25.920625
25.927450
25.934625
25.940625
25.947775
25.951875
25.958475
25.965450
25.976375
25.985075
26.001875
26.018125
26.025900
26.042450
26.050750
26.061600
26.073775
26.113575
26.142050
26.165450
26.205300
26.228150
26.260000
26.299700
26.364875
26.373275
26.382950
26.390450
26.403925
26.410650
26.431725
26.459300
26.477850
26.504650
26.542325
26.572975
26.616250
26.651775
26.682525
26.694075
26.699075
26.707350
26.719100
26.724450
26.738675
26.767375
26.792075
26.825200
26.852625
26.893300
26.923025
26.956325
26.981900
27.024300
27.061275
27.099150
27.113050
27.129100
27.139275
27.149875
27.165625
27.195625
27.218650
27.241850
27.262825
27.275600
27.284250
27.298200
27.307875
27.316125
27.327100
27.337175
27.345325
27.352500
27.361225
27.374675
27.385725
27.400400
27.413950
27.432150
27.475725
27.505850
27.530350
27.565825
27.601000
27.634525
27.660575
27.696475
27.739375
27.811350
27.841550
27.868600
27.916275
27.946025
27.976900
28.020725
28.078325
28.131925
28.182675
28.233600
28.271025
28.293775
28.372100
28.420050
28.456125
28.467175
28.479000
28.485950
28.498500
28.508375
28.533075
28.571875
28.597750
28.631525
28.664075
28.709175
28.744150
28.786775
28.813050
28.833425
28.842075
28.853075
28.876925
28.899125
28.910450
28.926750
28.939925
28.959075
28.984650
29.014850
29.060050
29.096550
29.131525
29.166000
29.231300
29.243050
29.254150
29.265725
29.289025
29.306800
29.323475
29.340250
29.353375
29.382400
29.408300
29.435550
29.456625
29.481750
29.518150
29.568200
29.610875
29.668800
29.704650
29.767475
29.777125
29.789825
29.806475
29.835950
29.858675
29.870600
29.898200
29.944900
29.991975
