0.001275
0.021975
0.038125
0.065275
0.098250
0.144225
0.151950
0.165550
0.179175
0.308425
0.334250
0.417500
0.442275
0.497050
0.586800
0.602425
0.620950
0.673200
0.719425
0.739450
0.770725
0.852175
0.936250
0.994625
1.048950
1.115975
1.153875
1.183050
1.228675
1.331525
1.391050
1.426025
1.511775
1.555700
1.608700
1.642450
1.664875
1.688150
1.704775
1.719325
1.814925
1.818425
1.848125
1.876100
1.916000
1.998225
2.091550
2.139850
2.248550
2.374825
2.393975
2.421300
2.571525
2.638475
2.757075
2.834375
2.871475
2.936775
2.940050
2.973600
3.041725
3.174175
3.201200
3.249200
3.307200
3.329200
3.358150
3.387075
3.498975
3.545550
3.571750
3.639025
3.717475
3.741200
3.761825
3.767375
3.820450
3.862175
3.949625
3.990350
4.048825
4.076475
4.116225
4.138475
4.163175
4.212575
4.278250
4.396300
4.425250
4.453675
4.486075
4.505375
4.601150
4.637400
4.702250
4.728575
4.771475
4.808650
4.871350
5.016850
5.040475
5.071050
5.138700
5.170375
5.210000
5.233200
5.337200
5.465900
5.521375
5.592350
5.633075
5.644725
5.650025
5.668125
5.675650
5.697475
5.737875
5.759175
5.791425
5.828425
5.904950
5.934525
5.969250
6.083375
6.164050
6.199675
6.318500
6.351425
6.374325
6.403975
6.485500
6.506500
6.562775
6.684575
6.761525
6.782425
6.804775
6.864900
6.870600
6.885500
6.902550
6.921975
6.944850
6.965900
6.987175
7.010525
7.071950
7.231800
7.263300
7.299575
7.318675
7.354625
7.386950
7.418675
7.455300
7.516750
7.619950
7.665525
7.784350
7.849875
7.914475
7.977675
8.006050
8.045100
8.121625
8.180525
8.253000
8.296975
8.463500
8.547600
8.606800
8.788800
8.820550
8.854175
8.935900
8.981250
9.060825
9.125800
9.166475
9.210625
9.330475
9.353075
9.415350
9.474825
9.527525
9.578825
9.614225
9.655775
9.691650
9.733475
9.758600
9.800300
9.825850
9.846025
9.861925
9.884625
9.921700
9.949900
10.011225
10.051775
10.082175
10.114150
10.213800
10.249900
10.265550
10.280475
10.312500
10.324950
10.343625
10.395300
10.420975
10.491075
10.520750
10.594525
10.737600
10.762450
10.810900
10.854525
10.912175
10.967500
11.008850
11.052600
11.170350
11.227175
11.306000
11.323075
11.339675
11.371050
11.397200
11.433075
11.460125
11.474525
11.518700
11.551525
11.617075
11.653950
11.693500
11.714550
11.748325
11.772125
11.825275
11.895750
11.915325
11.937775
12.000650
12.026550
12.154925
12.230125
12.242425
12.263875
12.315600
12.421775
12.436700
12.506175
12.602150
12.629300
12.769575
12.803125
13.000125
13.071500
13.110800
13.316450
13.376050
13.414575
13.467075
13.559675
13.744575
13.931225
14.021200
14.338025
14.432375
14.481250
14.496400
14.523650
14.551250
14.592600
14.629125
14.734100
14.752650
14.754175
14.795625
14.809150
14.827800
14.854175
14.929925
15.029050
15.132050
15.189925
15.204100
15.245975
15.275750
15.302075
15.503400
15.623925
15.655125
15.752175
15.781650
15.899050
15.958825
15.982175
16.076675
16.130625
16.205550
16.232425
16.261050
16.284725
16.316150
16.360675
16.376975
16.388825
16.472975
16.536575
16.562550
16.636825
16.744375
16.755525
16.953975
17.018550
17.068275
17.119100
17.147775
17.187050
17.292925
17.358125
17.403000
17.497175
17.560800
17.603775
17.666900
17.705925
17.727275
17.762625
17.783300
17.805975
17.814100
17.838925
17.868300
17.882825
17.912000
17.969375
18.003125
18.031625
18.067500
18.120775
18.149125
18.177400
18.196600
18.299200
18.329725
18.359000
18.437350
18.454425
18.505925
18.547300
18.575150
18.647850
18.672750
18.695425
18.706575
18.756400
18.885175
18.952350
19.029375
19.035650
19.082050
19.098800
19.163175
19.176750
19.194500
19.235625
19.268200
19.399500
19.431625
19.503725
19.531850
19.554625
19.659575
19.697475
19.786325
19.810450
19.836500
19.906100
19.926950
19.959775
20.005050
20.063150
20.101075
20.238850
20.272750
20.299950
20.317225
20.329725
20.355450
20.372150
20.375550
20.387800
20.397350
20.441625
20.474625
20.495475
20.512275
20.532225
20.594900
20.631475
20.639225
20.661775
20.701850
20.726125
20.771375
20.827925
20.895550
20.956075
21.061600
21.085700
21.145450
21.206050
21.250500
21.284675
21.306825
21.322950
21.384025
21.439975
21.479025
21.553375
21.592850
21.638500
21.782200
21.832625
21.853500
21.854950
21.914450
21.926950
21.937050
21.973575
22.011025
22.014225
22.018200
22.101300
22.274400
22.305450
22.327000
22.342125
22.355875
22.417875
22.425350
22.443700
22.460575
22.472350
22.495425
22.518500
22.591225
22.682225
22.752600
22.775775
22.821800
22.833675
22.849650
22.870200
22.894650
22.968550
23.002825
23.049550
23.112375
23.241575
23.292975
23.345125
23.352825
23.371700
23.380750
23.403100
23.723175
23.731250
23.736650
23.780200
23.920225
24.054775
24.313275
24.349525
24.391475
24.746375
24.868625
24.914225
25.003100
25.131075
25.345100
25.369275
25.390675
25.492225
25.552650
25.583100
25.638075
25.677325
25.725850
25.748175
25.846975
25.878725
25.893975
25.910150
25.963000
25.993450
26.083050
26.297925
26.329850
26.522300
26.714125
26.919125
26.983175
27.015200
27.033100
27.056125
27.128325
27.230250
27.333175
27.364725
27.616975
27.963725
28.104200
28.347175
28.521675
28.607600
28.615375
28.670850
28.698275
28.711525
28.737500
28.811375
29.043850
29.270475
29.340300
29.431350
29.443375
29.539200
29.649375
29.660550
29.732525
29.745125
29.773400
29.798025
29.812475
29.837725
29.914175
29.932050
29.960475
