0.081800
0.315900
0.407125
0.670325
0.751750
0.819700
0.896300
1.146625
1.272075
1.409375
1.429550
1.797900
1.885050
1.997750
2.314175
2.543350
2.776925
2.890050
3.035375
3.466150
3.620050
3.684625
3.749125
3.916075
4.103125
4.465225
4.530000
4.535050
4.873725
5.040050
5.159100
5.427100
5.727250
6.102800
6.137975
6.285150
7.196575
7.366700
7.485200
7.534775
8.207475
8.241200
8.369200
8.411000
8.680950
8.750750
8.844600
8.900700
8.965850
9.104825
9.168450
9.294875
9.789650
9.864975
9.902075
9.937475
10.030025
10.457000
10.912700
11.124050
11.321350
11.348050
11.544400
11.645925
11.758700
11.794025
11.871225
12.044100
12.464950
12.535350
12.784625
12.933925
13.316350
13.458300
13.768000
13.863375
13.932575
13.974950
14.180925
14.246700
14.387500
14.682775
14.727450
14.786325
14.946625
15.000800
15.171525
15.311500
15.811625
15.861600
16.214550
16.248425
16.278075
16.304375
16.831050
16.875125
16.975725
17.257200
17.631725
17.684750
17.707575
17.840975
18.132675
18.650600
18.765475
18.879400
19.264250
19.386175
19.712075
19.898525
19.949175
20.663000
20.753250
21.229125
21.406525
21.471950
21.532525
21.569675
21.717200
21.844575
21.884475
21.959350
22.070700
22.548525
22.667775
22.865325
22.986350
23.176825
23.263875
23.626950
24.043525
24.390050
24.506525
24.531150
25.382325
25.469825
25.616925
25.781950
25.841175
26.009525
26.114525
26.250175
26.482400
26.510925
26.567200
26.667825
26.832625
26.925650
27.113125
27.140675
27.211800
27.555525
27.709550
28.170975
28.249700
28.455150
28.513550
28.551525
28.782075
28.892525
29.776250
29.850225
