0.226700
0.632750
0.660500
0.680375
0.828925
1.172500
1.207550
1.392475
2.252400
2.303125
2.365450
2.432750
2.655975
2.718050
2.964950
3.020525
3.090550
3.097525
3.287975
3.366750
3.410450
3.761950
3.838625
3.973250
4.496600
5.373425
5.514225
5.573300
6.107300
6.123250
6.280950
6.322350
6.382550
6.646075
6.853775
6.879000
6.966750
7.358750
8.185825
9.025800
9.263175
9.297575
9.319700
9.372000
9.382675
10.074875
10.546850
11.708650
11.808600
12.790500
12.835650
13.029325
13.126375
14.089300
14.441375
14.711100
14.940425
15.010550
15.030025
15.114625
15.575050
15.957850
16.157000
16.339875
16.618175
16.772125
17.186225
17.667625
17.930025
18.755250
19.155175
19.428525
19.641650
19.747250
20.240800
20.278350
20.399150
20.799825
20.866575
20.969950
21.846400
22.224500
22.288225
22.728450
22.857575
22.883400
23.414000
23.447500
23.490450
23.568825
23.678600
24.387075
24.437475
24.469325
24.516850
24.545975
24.644375
25.024700
25.407950
25.544850
25.784150
25.972750
26.041825
26.212175
26.426825
26.553750
26.955675
27.078575
27.150925
27.263650
27.483650
27.861575
28.036200
28.520825
28.999750
29.018975
29.499375
29.787275
