0.098775
0.874100
1.347475
1.494375
1.538575
1.643450
1.676025
1.743000
2.342200
2.551100
3.633300
3.785200
4.246200
4.322250
4.386300
4.481800
4.898525
5.023400
5.231875
5.263650
5.661700
5.688150
5.904525
6.125575
6.240300
6.309350
6.653975
6.671125
6.723825
7.654975
7.808950
7.860300
7.923400
7.958225
7.964625
8.039825
8.352600
8.466275
8.521825
8.609550
8.691675
8.821575
9.666125
9.693025
9.711475
9.742950
10.223475
10.284700
10.835100
10.905050
11.014225
11.061775
11.191675
11.307975
12.014050
12.491825
12.506800
12.537950
12.567325
12.578350
12.608375
12.731625
13.005050
13.066125
13.172450
13.291750
13.595850
13.636625
13.765975
14.462050
14.627200
14.772925
14.818200
14.937525
15.019950
15.490300
15.695700
15.800775
15.844025
15.867625
15.907450
16.124450
16.776525
16.789925
16.807700
16.822825
17.141625
17.270650
17.382800
17.516600
17.675400
18.057875
18.126075
18.154825
18.213475
18.327500
18.423175
18.502050
18.567725
18.602875
18.631950
18.758025
19.140900
19.557525
19.771150
19.831300
19.987525
20.046050
20.108100
20.283450
20.325700
20.363450
20.407225
20.526450
20.553575
21.107500
21.319975
21.350150
21.385625
21.427750
21.459225
21.733725
21.768200
21.794550
22.099900
22.511575
22.594025
22.741150
22.903175
22.965700
23.194700
23.204575
23.213300
23.637500
23.732150
23.744125
23.764000
23.998550
24.470550
25.216375
25.369050
25.469650
25.798125
25.899500
26.398125
26.418225
26.460200
26.714750
26.946675
27.435575
27.512750
27.546975
27.728700
27.973525
28.042900
28.069000
28.180350
28.214200
28.286500
28.784975
28.803300
28.851400
29.125650
29.232550
29.569500
29.600525
