0.022300
0.101375
0.145825
0.184600
0.279625
0.288500
0.391825
0.414325
0.445800
0.462525
0.688175
0.808800
0.849700
1.015725
1.073775
1.112000
1.214850
1.221325
1.248700
1.272525
1.777175
1.788325
1.843275
1.965525
1.997975
2.452900
2.484575
2.525975
2.553075
2.620450
2.656900
2.709950
2.870550
3.055450
3.321775
3.353375
3.369325
3.376075
3.432825
3.452425
3.710475
3.720150
3.742025
3.990625
4.090700
4.112450
4.326975
4.360925
4.366000
4.383875
4.566000
4.676725
4.689300
4.761275
4.849350
4.960550
5.027000
5.141150
5.384875
5.437400
5.442225
5.907425
6.064875
6.097675
6.107725
6.149475
6.316700
6.339700
6.484075
6.535325
6.557875
6.586025
6.657875
6.848375
7.000500
7.095600
7.225050
7.304550
7.337575
7.415325
7.608850
7.619600
7.684200
7.725200
7.792400
8.108425
8.241550
8.533275
8.572300
8.587200
8.601700
8.619925
8.857825
8.880825
8.888975
8.920025
8.963950
9.021875
9.058700
9.089400
9.229875
9.619075
9.650200
9.766175
9.798300
9.836150
9.932825
10.360775
10.375000
10.450000
10.526425
10.544500
10.587900
10.724050
11.143050
11.163050
11.286625
11.341675
11.359100
11.685550
11.798025
11.894575
12.255725
12.303725
12.348300
12.387225
12.404225
12.499675
12.797150
12.905425
12.917750
12.995875
13.156050
13.239900
13.244450
13.256300
13.268475
13.274625
13.300850
13.325875
13.336350
13.387525
13.456075
13.668425
13.875850
13.945825
13.971400
14.002775
14.009550
14.102475
14.123475
14.365375
14.384175
14.531575
14.814675
15.001900
15.045775
15.100725
15.126275
15.218850
15.240850
15.251825
15.301050
15.488175
15.727000
15.840350
15.863175
16.185300
16.260425
16.298875
16.336275
16.342150
16.546600
16.793525
17.149825
17.352950
17.674600
17.714000
17.897800
18.104925
18.412425
18.460425
18.562650
18.765350
18.772575
18.850300
18.922375
18.973625
19.389650
19.596400
19.811100
19.959225
20.010400
20.154950
20.309475
20.338925
20.405850
20.458075
20.529825
21.157875
21.396925
21.685800
21.757150
22.001200
22.036600
22.296550
22.577250
22.716525
23.351600
23.786725
23.805575
23.945325
24.067700
24.099500
24.105275
24.160175
24.284725
25.000475
25.143650
25.180575
25.209750
25.440225
25.964725
25.998825
26.304075
26.530150
26.558550
26.568725
26.807850
26.884750
27.528775
27.645775
27.806550
27.896100
27.916725
28.892175
29.032400
29.034025
29.069350
29.228250
29.550700
29.559500
29.588400
29.884225
