0.001525
0.021875
0.044300
0.071375
0.090300
0.107800
0.141325
0.160000
0.182450
0.214875
0.259300
0.271475
0.277125
0.282750
0.287975
0.295375
0.302450
0.322075
0.330150
0.345225
0.360950
0.371200
0.403800
0.422000
0.435625
0.448825
0.473050
0.496100
0.546175
0.631050
0.663025
0.700000
0.705700
0.710475
0.727075
0.733050
0.752425
0.772375
0.784525
0.790950
0.799950
0.809500
0.822125
0.831325
0.837000
0.845400
0.858225
0.874525
0.916950
0.929850
0.933475
0.938725
0.947350
0.952075
0.956575
0.961200
0.965750
0.969600
0.977325
0.980950
0.985125
0.988600
0.992225
0.999475
1.003000
1.016875
1.022775
1.042325
1.053250
1.081300
1.102275
1.125675
1.149150
1.167375
1.211950
1.236100
1.259475
1.283350
1.324700
1.339450
1.347300
1.352700
1.358150
1.368850
1.376950
1.381300
1.389550
1.397600
1.413025
1.421175
1.426025
1.438275
1.445725
1.452225
1.453975
1.457525
1.471050
1.486175
1.513600
1.535975
1.551950
1.572600
1.604875
1.626325
1.644000
1.675075
1.691225
1.711325
1.727075
1.733625
1.741225
1.752900
1.757575
1.762150
1.769100
1.776700
1.786500
1.799200
1.806725
1.820500
1.828875
1.848700
1.867625
1.902750
1.923575
1.943850
1.965675
2.018700
2.046950
2.065275
2.087650
2.106525
2.127825
2.152000
2.176200
2.190975
2.215675
2.242425
2.264700
2.271950
2.286450
2.289725
2.295750
2.309225
2.313400
2.317550
2.337650
2.340525
2.348125
2.357325
2.361800
2.368150
2.372800
2.384050
2.389700
2.393050
2.396525
2.400875
2.404350
2.408750
2.419525
2.427675
2.436725
2.447075
2.465350
2.489075
2.508475
2.526225
2.552550
2.576225
2.600300
2.630075
2.652400
2.686225
2.714250
2.750625
2.782550
2.801325
2.812050
2.834325
2.842075
2.854375
2.859625
2.867650
2.886025
2.899375
2.914975
2.931825
2.951725
2.976075
2.988050
2.997700
3.011075
3.030925
3.048850
3.064500
3.093175
3.108200
3.128525
3.146925
3.164575
3.194050
3.215500
3.227275
3.256675
3.284475
3.315775
3.351850
3.379275
3.399550
3.423400
3.437875
3.453550
3.465125
3.476800
3.482950
3.491550
3.501700
3.515675
3.522150
3.528850
3.535900
3.542325
3.547600
3.555925
3.561350
3.571150
3.582700
3.595850
3.613725
3.630025
3.638000
3.645800
3.654375
3.660625
3.667325
3.681800
3.690150
3.694825
3.706650
3.720075
3.729025
3.738250
3.777150
3.808775
3.819575
3.845800
3.878000
3.895350
3.916700
3.943575
3.978575
4.005750
4.029900
4.038275
4.049350
4.082825
4.103725
4.124050
4.141900
4.156150
4.171150
4.188975
4.204850
4.226600
4.253300
4.281250
4.313275
4.350600
4.376100
4.404825
4.425950
4.440150
4.453400
4.475950
4.485575
4.496125
4.511125
4.519150
4.523750
4.547550
4.560475
4.570675
4.597075
4.602950
4.623150
4.633550
4.640000
4.651675
4.658525
4.709075
4.731750
4.746925
4.763450
4.780400
4.803775
4.818775
4.840375
4.853450
4.884850
4.900975
4.937900
4.985350
5.023325
5.046550
5.072275
5.089250
5.110900
5.125475
5.135200
5.143350
5.156250
5.198750
5.218400
5.226225
5.237125
5.244850
5.255725
5.263950
5.277125
5.296325
5.309150
5.325225
5.352200
5.367775
5.381575
5.413975
5.431925
5.460500
5.486625
5.506100
5.536375
5.563650
5.577725
5.605250
5.629775
5.651200
5.675050
5.699725
5.721500
5.753525
5.771225
5.794625
5.819550
5.834775
5.850975
5.886225
5.901650
5.912475
5.928350
5.941175
5.960200
5.983450
5.995700
6.012300
6.020800
6.038425
6.061450
6.095075
6.197725
6.222000
6.241550
6.264975
6.294300
6.341400
6.375525
6.397875
6.408200
6.425400
6.429450
6.434875
6.443725
6.453350
6.468825
6.491275
6.503300
6.529125
6.543250
6.559000
6.571025
6.586725
6.604550
6.624000
6.647175
6.668800
6.686825
6.707825
6.745200
6.769800
6.800775
6.819950
6.852475
6.859250
6.865950
6.878250
6.885375
6.892800
6.899675
6.906575
6.916200
6.932850
6.962775
6.974600
6.990200
7.025000
7.043075
7.082750
7.100750
7.112850
7.119825
7.131625
7.142825
7.150900
7.157075
7.167100
7.175575
7.186900
7.203475
7.221550
7.239225
7.256950
7.273375
7.294775
7.315250
7.332550
7.347775
7.363425
7.373625
7.383000
7.394575
7.402150
7.409725
7.414425
7.422100
7.431275
7.438125
7.454025
7.468550
7.480025
7.502825
7.517350
7.537575
7.562500
7.577050
7.599675
7.618400
7.632875
7.649500
7.672650
7.705725
7.716550
7.727775
7.733200
7.737275
7.742600
7.753250
7.759025
7.765125
7.776275
7.788325
7.811200
7.862850
7.886400
7.904475
7.919025
7.934725
7.944825
7.964100
7.971800
7.979250
7.984025
7.988875
7.994125
7.998175
8.008125
8.012150
8.018050
8.024275
8.033100
8.040900
8.047775
8.073525
8.107250
8.121025
8.138000
8.156525
8.172850
8.191425
8.214050
8.232200
8.246900
8.266900
8.295475
8.320175
8.330925
8.359350
8.365725
8.370550
8.376325
8.380800
8.385025
8.400825
8.405100
8.410825
8.419150
8.433525
8.439450
8.445175
8.451100
8.460125
8.479850
8.495850
8.511725
8.524775
8.536900
8.554475
8.573275
8.594900
8.620550
8.646325
8.668950
8.681525
8.709900
8.728250
8.741900
8.763375
8.772625
8.777100
8.786800
8.793175
8.796275
8.799825
8.804525
8.824900
8.830175
8.834750
8.839775
8.845425
8.848700
8.851975
8.863550
8.868700
8.885450
8.893925
8.908550
8.933825
8.970625
8.998075
9.018575
9.038325
9.042550
9.057125
9.076125
9.112300
9.131900
9.155900
9.178325
9.198975
9.224275
9.251575
9.271675
9.293100
9.303425
9.321325
9.334675
9.340275
9.348175
9.362050
9.374950
9.387700
9.400825
9.418075
9.428300
9.440950
9.456750
9.482025
9.501400
9.523425
9.547775
9.564675
9.591025
9.605200
9.621325
9.639100
9.663100
9.686200
9.726525
9.763625
9.773050
9.788575
9.790975
9.793575
9.798000
9.804450
9.811275
9.818800
9.822900
9.827325
9.832175
9.838650
9.843600
9.847925
9.853600
9.860475
9.874600
9.879650
9.883675
9.891250
9.899325
9.909850
9.915475
9.922600
9.928925
9.939950
9.985725
9.996350
10.018550
10.043825
10.067725
10.089100
10.115125
10.141850
10.164275
10.187325
10.232275
10.256575
10.278725
10.296125
10.322750
10.341650
10.357650
10.396025
10.426925
10.448525
10.462475
10.474800
10.493850
10.516525
10.535875
10.557925
10.577975
10.598650
10.613825
10.652350
10.670250
10.687450
10.703925
10.710350
10.720700
10.732525
10.757975
10.771175
10.803575
10.818200
10.835325
10.857000
10.881400
10.902000
10.924800
10.943800
10.959100
10.981150
11.000075
11.023725
11.046350
11.071425
11.092375
11.109050
11.129450
11.154550
11.170500
11.230625
11.319875
11.336200
11.346575
11.354475
11.366875
11.376575
11.385000
11.389500
11.399275
11.405250
11.410700
11.414750
11.419400
11.430250
11.436825
11.440925
11.451300
11.456650
11.460925
11.465725
11.473575
11.478400
11.482425
11.485550
11.490875
11.501175
11.504525
11.510225
11.513650
11.517025
11.521950
11.528400
11.532725
11.539050
11.547925
11.555775
11.564300
11.580050
11.586400
11.598050
11.608050
11.622575
11.642175
11.656550
11.674200
11.690850
11.704450
11.717150
11.730450
11.745075
11.761075
11.773675
11.778050
11.781975
11.797250
11.809075
11.812725
11.822000
11.825700
11.830025
11.834900
11.840000
11.845250
11.848800
11.856500
11.868150
11.878875
11.893900
11.912625
11.923425
11.949300
11.990825
12.013500
12.041325
12.059200
12.074975
12.110600
12.120875
12.128450
12.132050
12.140875
12.147600
12.160675
12.168100
12.174725
12.182300
12.189225
12.194825
12.200975
12.208625
12.220475
12.227200
12.235925
12.255375
12.268200
12.283550
12.292000
12.315075
12.330350
12.340450
12.373975
12.394025
12.412225
12.435225
12.453375
12.486625
12.528950
12.540325
12.548025
12.557500
12.563100
12.571525
12.576325
12.579900
12.582575
12.587450
12.591300
12.598825
12.610400
12.618025
12.625075
12.642750
12.657550
12.675175
12.711525
12.738325
12.756400
12.779450
12.798500
12.821025
12.842675
12.870350
12.873900
12.878000
12.881650
12.885000
12.888700
12.892225
12.897850
12.902450
12.905725
12.908550
12.912200
12.915775
12.920875
12.926950
12.930775
12.943100
12.954050
12.959300
12.962575
12.966300
12.969950
12.974975
12.980725
12.989850
13.005575
13.020225
13.050000
13.055525
13.063075
13.069225
13.075850
13.084600
13.090550
13.099100
13.107850
13.121325
13.131125
13.146500
13.165150
13.186450
13.218250
13.242850
13.266300
13.290425
13.309625
13.326250
13.342400
13.363025
13.388550
13.400725
13.411700
13.428700
13.432400
13.437375
13.441300
13.445875
13.455650
13.467000
13.477025
13.489000
13.495125
13.503050
13.508850
13.521375
13.540325
13.558325
13.578375
13.596100
13.617375
13.632625
13.646175
13.666675
13.686375
13.692925
13.707150
13.721675
13.728675
13.737150
13.746075
13.752675
13.761125
13.769150
13.774250
13.793950
13.816525
13.833800
13.845875
13.869650
13.889975
13.913150
13.929050
13.956175
13.986400
14.013325
14.057950
14.079525
14.090600
14.107475
14.163150
14.191375
14.218325
14.236775
14.265050
14.296200
14.329575
14.365925
14.386775
14.437825
14.457775
14.478200
14.496700
14.520100
14.546625
14.563175
14.598625
14.634950
14.653650
14.664050
14.675025
14.690500
14.697125
14.727800
14.740200
14.752325
14.768300
14.789675
14.819150
14.847200
14.875900
14.901200
14.922300
14.943475
14.962150
14.986675
15.009950
15.020875
15.026175
15.030925
15.036925
15.046075
15.056425
15.066425
15.073300
15.098525
15.116350
15.126500
15.138550
15.148450
15.160175
15.175700
15.185000
15.196500
15.211300
15.226475
15.249975
15.263225
15.287700
15.322900
15.343475
15.360525
15.372600
15.392675
15.446000
15.463375
15.481625
15.508675
15.534125
15.559475
15.583350
15.607400
15.626850
15.646550
15.675275
15.690125
15.705425
15.720575
15.736075
15.775150
15.791700
15.809550
15.823550
15.837300
15.849275
15.856675
15.863625
15.873975
15.882325
15.890000
15.896925
15.907675
15.918475
15.930725
15.947450
15.982825
16.001650
16.020800
16.036325
16.049400
16.065600
16.074950
16.079725
16.085375
16.094175
16.099175
16.105975
16.114850
16.120100
16.130075
16.141375
16.153225
16.169150
16.179250
16.186225
16.196675
16.207175
16.215350
16.229525
16.240700
16.263075
16.273800
16.295450
16.322800
16.333600
16.357950
16.378250
16.398600
16.417950
16.435350
16.445000
16.456050
16.462250
16.473500
16.485675
16.492575
16.502675
16.512300
16.527200
16.538525
16.553350
16.567300
16.581200
16.588500
16.599250
16.613475
16.624925
16.641725
16.656675
16.677875
16.702750
16.716425
16.732625
16.774900
16.795350
16.810400
16.823650
16.835525
16.849275
16.868625
16.882025
16.904175
16.914700
16.925850
16.935725
16.946000
16.953125
16.964075
16.975675
16.988250
17.003275
17.022725
17.043175
17.059700
17.098050
17.120350
17.137675
17.157100
17.175625
17.199450
17.251100
17.262425
17.275525
17.286975
17.305575
17.322425
17.350325
17.374550
17.389725
17.398150
17.409325
17.412975
17.421000
17.427450
17.436225
17.446650
17.456325
17.469600
17.479525
17.499850
17.514000
17.524425
17.545950
17.563375
17.580075
17.622775
17.642625
17.670825
17.690625
17.732125
17.749175
17.772000
17.799050
17.824700
17.843900
17.886675
17.905375
17.927225
17.950675
17.966600
17.981725
17.995575
18.015225
18.037450
18.057450
18.074575
18.097400
18.120025
18.129825
18.148025
18.155325
18.162950
18.171000
18.177875
18.191300
18.208225
18.228450
18.239200
18.258575
18.277175
18.295975
18.309925
18.353850
18.399775
18.414675
18.428200
18.448975
18.461825
18.483350
18.512750
18.536675
18.565850
18.611025
18.644425
18.673500
18.689575
18.716950
18.735875
18.768400
18.791200
18.813350
18.840075
18.855975
18.875500
18.891575
18.909775
18.936500
18.958325
18.988100
19.007800
19.023725
19.051425
19.085025
19.106850
19.137475
19.179175
19.211200
19.240625
19.262500
19.281375
19.310450
19.320600
19.331575
19.349875
19.367625
19.383525
19.403350
19.418350
19.435300
19.456425
19.478125
19.501150
19.517750
19.537475
19.560575
19.588575
19.592050
19.609750
19.627400
19.654375
19.679100
19.691350
19.701750
19.715300
19.729900
19.743525
19.764875
19.792250
19.823475
19.835275
19.863700
19.884750
19.898425
19.931500
19.966050
19.983425
20.004450
20.017075
20.042275
20.063025
20.085350
20.112550
20.147100
20.168375
20.189025
20.219375
20.231825
20.245575
20.263275
20.275375
20.287825
20.299700
20.313650
20.327175
20.359225
20.377950
20.395700
20.411925
20.426125
20.447550
20.461250
20.480600
20.507775
20.525150
20.548275
20.573275
20.601425
20.626575
20.646675
20.680250
20.739975
20.760825
20.775375
20.787850
20.802775
20.813800
20.832800
20.854050
20.873800
20.899300
20.914575
20.926375
20.940175
20.956350
20.959300
20.987450
21.034550
21.047975
21.059975
21.072775
21.122275
21.147650
21.177600
21.213900
21.234600
21.252050
21.279900
21.311575
21.333025
21.361825
21.388650
21.441750
21.471650
21.499775
21.516200
21.533700
21.550300
21.563200
21.571225
21.582625
21.594925
21.609075
21.623900
21.638075
21.649525
21.661650
21.694975
21.712600
21.744350
21.792000
21.809800
21.837975
21.862075
21.885900
21.914550
21.941225
21.959925
21.979825
21.988400
22.000875
22.009175
22.020275
22.040050
22.067225
22.125000
22.185575
22.199725
22.231800
22.237600
22.254300
22.267250
22.299225
22.321900
22.346850
22.400025
22.417000
22.432775
22.447000
22.473300
22.476475
22.485200
22.495850
22.525325
22.533050
22.543075
22.554350
22.562925
22.581300
22.603875
22.617250
22.630450
22.643825
22.658550
22.676450
22.694150
22.711625
22.727250
22.742450
22.760500
22.781925
22.822625
22.859025
22.875875
22.918825
22.944850
22.966850
22.980975
22.998825
23.016725
23.035200
23.056725
23.086825
23.118500
23.127925
23.139225
23.155250
23.171675
23.184325
23.197625
23.207500
23.209400
23.218350
23.232800
23.242450
23.256200
23.264700
23.283375
23.294425
23.302975
23.316400
23.341950
23.355250
23.366350
23.386800
23.409550
23.432700
23.445800
23.463250
23.482150
23.500875
23.514500
23.536900
23.553625
23.575700
23.604550
23.616100
23.628075
23.667100
23.688000
23.706375
23.729400
23.744950
23.758825
23.765700
23.777075
23.783350
23.791875
23.802175
23.809750
23.821050
23.834850
23.847350
23.851550
23.866225
23.877000
23.896225
23.906275
23.924025
23.939650
23.961275
23.983300
24.000000
24.017075
24.033475
24.054750
24.076000
24.092500
24.116050
24.147300
24.176525
24.179250
24.216675
24.247875
24.279075
24.307700
24.332325
24.359800
24.378975
24.420275
24.428225
24.436075
24.449025
24.460050
24.477200
24.484075
24.501050
24.518725
24.535025
24.554075
24.565975
24.588025
24.609075
24.639725
24.717625
24.750025
24.784500
24.810875
24.830100
24.864100
24.875475
24.887050
24.896600
24.904300
24.918225
24.938950
24.953675
24.968425
24.983125
25.007950
25.031625
25.057750
25.090025
25.107350
25.135200
25.154850
25.177750
25.220775
25.272775
25.294175
25.316450
25.346125
25.384850
25.400050
25.427275
25.497875
25.530525
25.759575
25.830100
25.847150
25.875775
25.908500
25.921475
25.952425
25.969200
26.000075
26.020700
26.042325
26.063700
26.091450
26.118350
26.138025
26.165300
26.183775
26.213375
26.241975
26.276000
26.297500
26.330500
26.351975
26.377400
26.396875
26.423800
26.454775
26.479600
26.508375
26.549125
26.559375
26.577150
26.597050
26.652675
26.671400
26.719875
26.770950
26.793750
26.817975
26.834725
26.845925
26.880850
26.904950
26.936650
26.964150
26.985150
27.005600
27.024700
27.059150
27.075000
27.091050
27.131500
27.180175
27.205850
27.285175
27.303875
27.319725
27.337950
27.381525
27.402750
27.417900
27.449950
27.467200
27.492200
27.521300
27.567250
27.599625
27.618875
27.639675
27.658700
27.682200
27.691000
27.709400
27.725650
27.742825
27.762675
27.789175
27.813150
27.839625
27.862000
27.888825
27.948550
27.985125
27.997150
28.021975
28.038175
28.059875
28.084000
28.109975
28.140675
28.163375
28.185600
28.209275
28.233425
28.252075
28.270675
28.291175
28.309750
28.330600
28.362825
28.398700
28.426350
28.456300
28.473250
28.494175
28.520275
28.553450
28.570700
28.598500
28.619950
28.652825
28.730875
28.758400
28.806125
28.845925
28.881075
28.926925
28.971675
29.002625
29.028650
29.076650
29.096900
29.111625
29.147825
29.161275
29.177100
29.203725
29.229200
29.251675
29.274125
29.295925
29.351200
29.386475
29.426950
29.450675
29.503850
29.539300
29.548775
29.558400
29.565950
29.573425
29.582525
29.589825
29.599050
29.608875
29.622150
29.635025
29.654175
29.709425
29.733950
29.751950
29.760025
29.771350
29.775825
29.782150
29.789000
29.797200
29.806150
29.810450
29.819600
29.826250
29.833750
29.843325
29.851900
29.863675
29.871950
29.890325
29.918850
29.941775
29.983475
