0.044275
0.076100
0.095600
0.562650
0.577950
0.692450
0.802375
0.839525
0.871025
0.900525
0.910550
0.920600
0.983075
1.020900
1.039350
1.133775
1.314225
1.353425
1.464750
1.515175
1.717275
1.802275
1.847750
1.993950
2.191325
2.424600
2.460600
2.497500
2.647975
2.729200
2.778725
2.878225
2.941600
3.001000
3.060575
3.098450
3.124350
3.211700
3.238625
3.263350
3.373100
3.421100
3.516975
3.523500
3.537350
3.608050
3.703950
3.762275
3.850000
4.265775
4.290600
4.343350
4.596000
4.655975
4.718900
4.740175
4.917225
5.147175
5.314350
5.343625
5.353925
5.385650
5.508525
5.618925
5.656700
5.692300
5.761900
6.382675
6.476200
6.727700
6.786800
6.790950
6.826275
7.095725
7.201175
7.258525
7.276075
7.280600
7.438425
7.504750
7.536775
7.548400
7.552525
7.586525
7.777175
7.877150
8.017425
8.079900
8.363500
8.415875
8.528775
8.602000
8.743150
8.837325
9.003725
9.071775
9.086750
9.300500
9.450250
9.565500
9.602350
9.707375
9.750400
9.854850
9.892050
9.979875
9.999200
10.021500
10.082200
10.277650
10.434950
10.800775
10.873825
11.102650
11.219375
11.243450
11.435700
11.586825
11.655175
11.772300
11.922925
11.985275
12.122425
12.163025
12.388350
12.404775
12.791075
12.848500
12.899525
12.937550
12.943900
13.013050
13.089750
13.376350
13.444825
13.476925
13.518000
13.644275
13.889150
13.896700
14.343950
14.363175
14.515225
14.695650
14.762000
14.798150
14.854500
14.899900
14.935150
14.958650
15.250925
15.268650
15.350125
15.386225
15.460575
15.483225
15.581400
15.627725
15.766950
16.069025
16.149700
16.285850
16.399625
16.580950
16.667675
16.701825
16.799225
17.010175
17.057725
17.222775
17.266850
17.297000
17.404300
17.518550
17.910725
17.974200
17.998525
18.011225
18.144875
18.262275
18.302450
18.365275
18.388600
18.500575
18.536050
18.602675
18.678325
18.785625
18.815950
18.851650
18.990550
19.059900
19.109700
19.245825
19.259700
19.268975
19.310750
19.346375
19.611150
19.628075
19.635300
19.654000
19.845625
19.921200
19.934450
19.951250
20.383475
20.464525
20.577825
20.597650
20.645575
20.702875
20.959700
20.990100
21.022200
21.162700
21.203450
21.486600
21.598075
21.750375
21.788700
21.826650
21.840250
21.984150
22.008275
22.214950
22.252775
22.264175
22.384650
22.434550
22.464925
22.536950
22.558600
22.610950
22.642750
22.710625
22.841300
22.884800
22.906375
22.919500
22.940375
23.047975
23.227700
23.257600
23.480325
23.633200
23.771850
24.043975
24.079575
24.124025
24.158575
24.171525
24.222475
24.237275
24.265600
24.320150
24.473475
24.505025
24.702550
24.788750
24.971250
25.007900
25.149275
25.217600
25.307425
25.345500
25.444500
25.718450
25.934425
26.129875
26.237825
26.337300
26.355075
26.385275
26.437925
26.457625
26.509850
26.585325
26.593275
26.739125
26.863300
26.978650
27.160925
27.219800
27.277000
27.331600
27.417900
27.466250
27.644100
27.756425
27.901500
27.916100
27.924525
27.976025
28.134825
28.253575
28.303325
28.511500
28.672925
28.696975
28.801550
28.819425
28.852350
29.061125
29.167450
29.172175
29.228600
29.448025
29.711050
