0.228550
0.702850
0.715325
1.143775
1.461650
2.321075
2.401225
2.425475
2.450300
2.639800
2.793650
2.841325
2.912700
2.945700
3.015500
3.358875
3.373625
3.840450
3.863775
3.902375
4.115075
4.125375
4.151000
4.277475
4.366850
4.387525
4.835575
4.989500
5.089250
5.155425
5.223600
5.292625
5.415575
5.923650
6.544025
6.608525
6.924650
6.975625
7.047050
7.153975
7.313150
7.585275
7.633700
7.815500
7.922200
7.935350
8.257200
8.378150
8.427400
8.682225
8.804700
8.834825
8.941500
9.227200
9.273100
9.523100
9.573575
9.762625
9.774100
10.217900
10.231225
10.309625
10.340400
10.431050
10.530725
10.577950
10.620100
11.007725
11.080950
11.221675
11.244975
11.270950
11.701400
11.712125
12.396625
12.459950
12.479425
12.524675
12.622825
12.732800
12.901800
12.920100
13.002225
13.287925
13.394500
13.486175
13.681525
13.850800
13.882050
14.016150
14.255300
14.348975
14.405175
14.481025
14.499925
14.599875
14.654050
14.667675
14.890975
14.953100
15.035375
15.161800
15.197175
15.425150
15.545400
15.640175
15.700500
15.713425
15.757425
15.782075
15.889750
16.116675
16.382725
16.779575
17.028075
17.138450
17.417950
17.520450
17.699050
17.893025
17.991500
18.055650
18.132200
18.385900
18.456925
18.623050
18.846950
18.972450
19.089600
19.126000
19.161725
19.300700
19.391325
19.628300
19.929200
19.981325
20.662650
20.774025
21.186750
21.250350
21.290050
21.765950
21.831200
21.895250
22.068300
22.093050
22.105650
22.138475
22.540900
22.566225
22.879950
22.962675
23.298550
23.366725
23.612650
23.972275
24.205475
24.306775
24.323425
24.452600
24.603075
24.789125
24.874950
24.928325
25.143625
25.157050
25.182200
25.555800
25.595275
25.669200
25.687825
25.754650
25.901500
26.104500
26.133600
26.148225
26.168975
26.199525
26.232975
26.250825
26.510400
26.539525
26.834650
26.978850
27.045875
27.110550
27.144600
27.276600
27.300700
27.500225
27.645250
27.671775
27.867125
28.039025
28.073625
28.503975
28.800400
29.325825
29.561400
29.724350
29.736175
29.849275
