0.048850
0.092625
0.114925
0.153850
0.186750
0.249675
0.323750
0.389650
0.484825
0.611425
0.648650
0.668100
0.800275
0.869800
0.939475
1.096450
1.118800
1.185700
1.255375
1.496350
1.606175
1.688700
1.705825
1.785600
1.887850
1.962600
2.044275
2.066875
2.089150
2.107975
2.128600
2.176550
2.340050
2.387825
2.503600
2.557075
2.578900
2.594925
2.608800
2.638025
2.688625
2.799750
2.849300
3.091025
3.136325
3.209950
3.251950
3.432250
3.469375
3.497575
3.531575
3.557925
3.631300
3.782875
3.805950
3.836300
4.003175
4.049750
4.143425
4.158900
4.205500
4.253050
4.284750
4.371475
4.472950
4.550825
4.577725
4.638525
4.707550
4.764150
4.780675
4.841775
4.864000
4.899150
4.948275
5.093275
5.203200
5.218825
5.253250
5.292825
5.322325
5.348825
5.472775
5.645375
5.735375
5.791600
5.817100
5.838725
5.920625
5.954950
5.974650
6.024450
6.057475
6.113950
6.134725
6.156900
6.175300
6.212800
6.241575
6.270300
6.317525
6.365325
6.407050
6.478650
6.594350
6.616425
6.638275
6.674550
6.731400
6.825350
6.897000
6.964000
7.124925
7.192150
7.240425
7.298100
7.341375
7.382175
7.453325
7.492300
7.529850
7.581975
7.629025
7.672600
7.740625
7.824325
7.919150
7.957000
7.977175
7.992975
8.035900
8.054250
8.078475
8.224275
8.281975
8.341150
8.428950
8.459525
8.599000
8.705225
8.777725
8.853025
8.891125
8.951150
9.015300
9.538875
9.664275
9.865275
9.986200
10.031000
10.058900
10.111225
10.154300
10.189550
10.455150
10.747275
10.793525
10.971275
11.009350
11.068025
11.293925
11.313800
11.458375
11.517325
11.552100
11.615375
11.650100
11.728475
11.751600
11.779550
11.853600
11.867500
11.914925
11.925175
11.978675
12.083525
12.244625
12.450100
12.531850
12.574500
12.659900
12.675525
12.688925
12.704150
12.744050
12.853125
12.907775
12.975125
13.010500
13.027975
13.062375
13.077250
13.235375
13.308475
13.346175
13.394150
13.416650
13.431800
13.451475
13.470725
13.497025
13.499900
13.524450
13.562750
13.667625
13.785350
13.821800
13.849400
13.893600
13.935000
13.953700
14.060300
14.198850
14.215875
14.244125
14.324175
14.345475
14.364450
14.491050
14.545575
14.560725
14.597325
14.620475
14.634975
14.670400
14.728675
14.759550
14.799725
14.839125
14.857050
14.908000
14.937000
14.957250
15.035175
15.108825
15.138225
15.164675
15.194000
15.226175
15.258600
15.287650
15.353300
15.387975
15.413175
15.430225
15.485275
15.514400
15.630700
15.665125
15.712600
15.731625
15.766475
15.789175
15.816325
15.906200
15.922300
15.958450
15.980050
15.999950
16.009925
16.025075
16.052550
16.078875
16.105800
16.299900
16.449075
16.494625
16.571125
16.588325
16.672675
16.691575
16.715575
16.737225
16.751650
16.767225
16.807750
16.948500
16.995075
17.030700
17.127625
17.140775
17.178000
17.202350
17.237525
17.329075
17.355325
17.385875
17.469900
17.490425
17.509500
17.552475
17.626150
17.633800
17.673475
17.701975
17.711825
17.827600
17.852375
17.882775
17.928725
17.981025
18.008150
18.032000
18.073950
18.287025
18.337775
18.360100
18.386725
18.425800
18.466225
18.481125
18.528950
18.679900
18.778700
18.797100
18.813675
18.831425
18.851275
18.877675
19.017550
19.042700
19.092650
19.156725
19.176950
19.189750
19.250525
19.288775
19.316175
19.349550
19.399575
19.474825
19.516450
19.575825
19.680900
19.728475
19.762500
19.814200
19.844825
19.891575
19.921075
20.025450
20.049275
20.082875
20.091850
20.103100
20.165000
20.213800
20.248625
20.294575
20.314275
20.332925
20.356900
20.375075
20.425000
20.451500
20.493300
20.521875
20.581650
20.597975
20.606650
20.617725
20.643225
20.667275
20.680875
20.713700
20.739275
20.767550
20.808075
20.855525
20.934575
20.948300
20.971450
20.993900
21.076225
21.146450
21.204000
21.235300
21.259750
21.283325
21.301850
21.315175
21.332650
21.385675
21.456450
21.479200
21.508350
21.543775
21.575175
21.606475
21.620050
21.692950
21.708375
21.758925
21.875025
21.949600
22.032950
22.128275
22.154075
22.167825
22.183975
22.221375
22.312450
22.363350
22.530450
22.606425
22.659200
22.674125
22.691300
22.712900
22.731275
22.756700
22.785525
22.819775
22.843725
22.885725
22.929400
22.994175
23.023325
23.044400
23.065200
23.116025
23.141450
23.162100
23.196525
23.230225
23.344675
23.421125
23.473525
23.567075
23.594900
23.619400
23.634175
23.657825
23.675100
23.709450
23.727400
23.752225
23.771075
23.829625
23.875825
23.947600
23.987350
24.022200
24.094050
24.138450
24.167825
24.184750
24.235775
24.268350
24.354550
24.380850
24.445250
24.485125
24.528925
24.601425
24.622450
24.639800
24.687175
24.724725
24.737400
24.750425
24.766450
24.782825
24.841975
24.878500
24.913425
24.957850
24.996750
25.056400
25.073175
25.088925
25.146825
25.165625
25.189575
25.211375
25.233250
25.240400
25.256200
25.288475
25.327975
25.361275
25.427175
25.460675
25.506300
25.538850
25.553400
25.569400
25.584750
25.597950
25.622825
25.637575
25.658100
25.694975
25.767125
25.883525
25.902125
25.914700
25.942375
25.958500
25.976050
25.998975
26.001175
26.025400
26.069125
26.117325
26.195775
26.240350
26.355575
26.372650
26.384400
26.399325
26.414125
26.462250
26.521675
26.577925
26.632575
26.658425
26.694775
26.767200
26.804700
26.814025
26.833250
26.871125
26.957025
26.993600
27.116350
27.136025
27.164900
27.204825
27.235750
27.279150
27.343900
27.430650
27.503325
27.558225
27.675825
27.729950
27.865850
27.902400
27.922350
27.954600
28.000475
28.194075
28.241600
28.309425
28.453400
28.544775
28.630425
28.659800
28.683400
28.719150
28.754875
28.937525
29.011000
29.024600
29.090825
29.115625
29.324075
29.370150
29.518325
29.610700
29.632225
29.662600
29.735800
29.777025
29.854550
29.890500
29.929250
29.948850
29.976425
29.994975
