0.021050
0.055600
0.080600
0.095675
0.115300
0.140325
0.153300
0.168100
0.196400
0.213675
0.232325
0.347725
0.398300
0.426400
0.481025
0.498275
0.515125
0.529525
0.567475
0.577150
0.604800
0.631725
0.661975
0.693775
0.722950
0.739500
0.760300
0.823525
0.836350
0.915275
0.976825
1.018100
1.050750
1.065325
1.103525
1.129675
1.146675
1.171675
1.191875
1.215600
1.243000
1.273275
1.292475
1.334075
1.385650
1.407325
1.432975
1.454600
1.467200
1.556750
1.610675
1.629050
1.649975
1.754000
1.780375
1.795625
1.826650
1.835925
1.886025
1.903850
1.969375
1.984300
2.007950
2.090775
2.171450
2.192125
2.207550
2.232400
2.246825
2.298325
2.380675
2.424375
2.455975
2.466200
2.503725
2.528550
2.552350
2.573300
2.594300
2.609500
2.643075
2.658950
2.676400
2.696050
2.714950
2.742700
2.760525
2.776350
2.793750
2.818600
2.852275
2.895350
2.950050
2.986050
3.035875
3.078775
3.123500
3.186000
3.228225
3.263125
3.285750
3.303425
3.330050
3.359125
3.383550
3.417150
3.514575
3.533025
3.562900
3.579200
3.595550
3.614200
3.634125
3.729250
3.792525
3.864150
3.935600
4.011250
4.031775
4.056400
4.078100
4.091075
4.108175
4.132875
4.149150
4.176075
4.203700
4.293450
4.362975
4.432675
4.466325
4.516875
4.530300
4.566575
4.597750
4.647425
4.673700
4.711875
4.776725
4.795300
4.824725
4.856200
4.872350
4.884275
4.897300
4.933825
4.991350
5.019225
5.068225
5.105975
5.164775
5.234825
5.249925
5.271775
5.298275
5.322475
5.354600
5.394575
5.415450
5.521125
5.560625
5.643375
5.669450
5.696450
5.719875
5.738400
5.748250
5.795175
5.811250
5.839075
5.860700
5.888725
5.914325
5.945900
5.975075
6.001325
6.054750
6.097800
6.149250
6.193675
6.241500
6.273550
6.294550
6.319950
6.376475
6.430175
6.516975
6.542475
6.577600
6.594350
6.658950
6.705075
6.729525
6.763975
6.806350
6.930550
7.014800
7.106400
7.159400
7.196300
7.252400
7.394300
7.422175
7.467350
7.489225
7.511400
7.575750
7.621525
7.778000
7.806275
7.862725
7.883200
7.909925
7.955450
8.022700
8.098025
8.150250
8.176400
8.228175
8.247625
8.272075
8.328775
8.370800
8.457400
8.517475
8.553925
8.643625
8.706600
8.840125
8.883950
8.902500
8.957000
8.996500
9.021175
9.061400
9.234900
9.262275
9.318975
9.350650
9.376075
9.400375
9.455050
9.492625
9.528400
9.621750
9.664950
9.687950
9.702075
9.726850
9.775975
9.802150
9.840925
9.860775
9.878900
9.891625
9.941500
10.008000
10.078975
10.172675
10.205575
10.228950
10.300225
10.353025
10.543325
10.648375
10.710875
10.940375
10.968775
11.004750
11.019325
11.038225
11.357900
11.384150
11.396025
11.406075
11.450050
11.649325
11.685125
11.714150
11.775625
11.812600
11.858000
11.883500
12.034750
12.065825
12.097550
12.149300
12.235925
12.397025
12.474175
12.509325
12.558050
12.629225
12.685275
12.818475
12.903725
12.935275
12.969550
12.996800
13.021150
13.042425
13.088400
13.136275
13.213900
13.379950
13.446825
13.483300
13.580675
13.666700
13.738875
13.859825
13.900275
14.001200
14.051325
14.170725
14.201425
14.232475
14.268225
14.305975
14.357350
14.395550
14.465275
14.480025
14.496825
14.556725
14.591525
14.730800
14.763650
14.784475
14.792000
14.813575
14.841375
14.899750
14.950150
14.976350
15.015550
15.050075
15.069275
15.098325
15.134800
15.243575
15.277975
15.328450
15.461325
15.500500
15.535425
15.568050
15.584200
15.614250
15.640825
15.710375
15.745575
15.842950
15.928000
15.954975
15.990275
16.019275
16.071125
16.125875
16.135600
16.194875
16.223375
16.329725
16.357900
16.420775
16.482575
16.551925
16.655275
16.685225
16.722525
16.763350
16.884675
17.011600
17.063875
17.185850
17.357525
17.400825
17.450850
17.489500
17.561125
17.581225
17.609575
17.680300
17.735200
17.764925
17.793775
17.834025
17.870900
17.926550
17.943825
17.966900
18.011000
18.064375
18.147450
18.197175
18.264400
18.321350
18.345425
18.383975
18.461000
18.485350
18.515475
18.559125
18.594675
18.620050
18.735875
18.792575
18.838925
18.848325
18.898275
18.924375
18.957450
19.008200
19.050650
19.115050
19.132850
19.158350
19.194100
19.310750
19.375100
19.406875
19.434775
19.497950
19.628600
19.693150
19.830025
19.877850
19.914475
19.994175
20.043125
20.141350
20.186350
20.243125
20.274700
20.307275
20.326325
20.355750
20.420850
20.448775
20.529400
20.577475
20.761725
20.785650
20.803700
20.850825
20.977825
21.016500
21.047350
21.155525
21.190400
21.216275
21.244450
21.281125
21.342725
21.376275
21.407625
21.436050
21.467375
21.500500
21.544475
21.599525
21.667700
21.691600
21.750400
21.819125
21.848700
21.875750
21.920250
21.933700
21.961125
21.982050
21.997750
22.041700
22.097175
22.128925
22.148700
22.250875
22.282975
22.327300
22.412500
22.458400
22.552975
22.569975
22.592050
22.617900
22.661050
22.701900
22.740475
22.765275
22.794475
22.820725
22.874900
22.883200
22.915100
23.053600
23.072000
23.126100
23.149525
23.195800
23.231825
23.316725
23.375275
23.398425
23.440225
23.473800
23.503300
23.529425
23.631600
23.675850
23.736700
23.752350
23.760825
23.794625
23.825850
23.850500
23.876575
23.900600
23.920250
24.037525
24.052475
24.077675
24.134225
24.157600
24.181900
24.202175
24.231325
24.269650
24.291625
24.321450
24.345625
24.367750
24.427950
24.445600
24.458200
24.483275
24.501300
24.583375
24.620850
24.656000
24.679100
24.716900
24.783425
24.800025
24.813850
24.835425
24.860375
24.873500
24.886825
24.957550
24.981375
25.013775
25.074075
25.124475
25.171575
25.215700
25.265375
25.318150
25.336800
25.357875
25.373625
25.411225
25.430400
25.447550
25.465225
25.478150
25.490925
25.509950
25.533975
25.570850
25.593925
25.618825
25.657150
25.678225
25.734750
25.808500
25.844100
25.861675
25.887900
25.910050
25.929075
25.940225
25.959800
25.976300
26.011950
26.027450
26.048100
26.094475
26.108075
26.127250
26.147950
26.225200
26.242650
26.269275
26.294975
26.317025
26.351750
26.378225
26.440300
26.480525
26.508350
26.537225
26.566500
26.582075
26.601075
26.627325
26.665950
26.695650
26.726750
26.747925
26.772000
26.802475
26.842575
26.868400
26.897600
26.909950
26.966875
26.994450
27.016675
27.076025
27.097800
27.135450
27.171950
27.211525
27.227825
27.245475
27.270525
27.317850
27.351675
27.373075
27.407250
27.437575
27.463625
27.489750
27.504225
27.537650
27.558375
27.581150
27.615000
27.635775
27.657350
27.691975
27.707575
27.780825
27.795200
27.809850
27.824525
27.863525
27.878400
27.887600
27.916575
27.942575
27.978325
28.085550
28.121850
28.146750
28.187450
28.211925
28.291075
28.324275
28.343075
28.382000
28.395450
28.455825
28.513025
28.550425
28.599500
28.620700
28.705000
28.726675
28.751675
28.775125
28.786675
28.837100
28.871350
28.911275
28.976975
28.996675
29.027475
29.058650
29.086675
29.127250
29.182400
29.209475
29.242250
29.284925
29.310225
29.328925
29.349825
29.378725
29.403500
29.429600
29.454575
29.583775
29.617025
29.666625
29.682600
29.700525
29.768775
29.792350
29.815375
29.834575
29.858475
29.939250
29.969425
29.990725
