0.031075
0.049800
0.060075
0.071050
0.551250
0.566850
0.574700
0.640875
0.738150
1.043350
1.066775
1.250175
1.448925
1.859275
2.193250
2.223500
2.246225
2.257575
2.300750
2.337650
2.415950
2.693375
2.764050
2.780375
2.839250
3.118600
3.188650
3.264750
3.276025
3.396375
3.696175
3.744550
4.026000
4.325625
4.341300
4.393525
4.410950
4.470600
4.976025
5.294100
5.460050
5.850825
5.990475
6.003075
6.030425
6.521250
6.825475
6.846475
6.862350
7.478850
7.490375
7.526700
7.552200
7.576000
7.897600
7.981800
8.036575
8.334375
8.362200
8.386825
8.443250
8.458600
8.482525
8.839900
8.875600
8.969875
9.012925
9.313350
9.676525
9.700775
9.715950
9.740500
9.757000
9.816075
9.851550
9.929625
10.225225
10.306200
10.322425
10.352700
10.379125
10.402575
10.427725
10.734100
10.751800
10.805475
11.049400
11.082075
11.104725
11.130450
11.165725
11.199750
11.350025
11.360225
11.420625
11.445750
11.485425
11.507500
11.547650
11.554525
11.606050
11.952625
12.049250
12.147600
12.244425
12.522575
12.718400
12.731375
12.757100
12.799675
12.820525
12.845525
12.930925
12.971050
13.032425
13.224600
13.236675
13.253525
13.284350
13.298000
13.314325
13.353875
13.385050
13.396200
13.500950
13.742325
13.760675
13.773500
13.889575
14.113800
14.155300
14.185825
14.487900
15.040625
15.065950
15.085525
15.417675
15.599275
15.639625
15.791075
15.853275
15.911975
15.927350
15.996300
16.010225
16.087725
16.469550
16.530650
16.597650
17.009750
17.341425
17.764475
17.782225
17.799825
17.869800
17.969225
18.169050
18.225675
18.281775
18.847250
18.864725
19.072375
19.186425
19.389500
20.188350
20.253175
20.425950
20.438525
20.570775
20.802475
20.918525
21.417100
21.470600
21.627325
21.653950
21.679475
21.707975
21.791350
22.343250
22.393700
22.585350
22.626300
22.636575
23.012850
23.136700
23.463775
23.604150
23.620975
23.680500
23.780600
23.805850
23.872850
23.914625
24.178675
24.265875
24.308600
24.453550
24.806800
25.047800
25.195950
25.252800
25.551125
25.613500
25.649200
25.681400
26.055375
26.124175
26.164725
26.449800
26.496775
26.544575
26.749550
26.872600
27.181875
27.210475
27.559300
27.579750
27.884525
28.148875
28.203550
28.231200
28.623450
28.686850
28.747650
28.909875
29.075025
29.137075
29.740425
29.779325
29.858925
