0.000500
0.034775
0.077450
0.112650
0.214925
0.275275
0.364600
0.414475
0.497225
0.549075
0.560900
0.601575
0.648025
0.673000
0.696650
0.734450
0.809425
0.873825
0.883600
0.895950
0.917800
0.984875
0.997625
1.012375
1.050875
1.077600
1.101450
1.133725
1.161775
1.169300
1.183450
1.234700
1.238300
1.245000
1.271100
1.279450
1.305250
1.379725
1.410550
1.415575
1.607550
1.647850
1.778225
1.859425
2.156675
2.289225
2.308075
2.393075
2.606225
2.724200
2.784525
2.828525
2.900450
2.922625
2.965775
3.001400
3.109925
3.206225
3.267600
3.451550
3.521825
3.532775
3.564725
3.594175
3.602625
3.678625
3.688725
3.696300
3.706125
3.729175
3.734525
3.746700
3.761650
3.781600
3.791200
3.812475
3.831250
3.845125
3.855125
3.908725
3.924450
3.946475
3.963000
3.968925
4.089200
4.184450
4.218250
4.295125
4.498775
4.538500
4.582075
4.640525
4.655850
4.779100
4.802675
4.824950
4.838925
4.853925
4.882800
4.933850
5.069975
5.138800
5.183375
5.212050
5.249425
5.283725
5.371850
5.450525
5.597025
5.630225
5.643675
5.693550
5.753475
5.892975
5.948800
5.980650
6.189625
6.235475
6.326125
6.364000
6.392175
6.454575
6.526000
6.565125
6.685875
6.723600
6.776850
6.808075
6.847875
6.967350
7.023300
7.229150
7.233350
7.238450
7.348475
7.472400
7.524500
7.541800
7.549050
7.560000
7.584225
7.614000
7.728450
7.856075
7.958175
8.008725
8.014450
8.030000
8.053750
8.190975
8.252025
8.347275
8.362325
8.382500
8.410825
8.530550
8.581825
8.598225
8.607950
8.619700
8.630125
8.639150
8.654400
8.675325
8.712050
9.001800
9.009825
9.021850
9.066475
9.103475
9.109025
9.118300
9.149600
9.197125
9.222050
9.458650
9.492350
9.514025
9.547925
9.591875
9.620450
9.737325
9.779525
9.829950
9.905875
9.944100
10.048900
10.102950
10.407075
10.425900
10.430475
10.452925
10.459400
10.468725
10.836500
10.856050
11.006650
11.019200
11.040175
11.144425
11.213550
11.244725
11.403275
11.443175
11.486925
11.516625
11.572750
11.600575
11.606475
11.613775
11.655200
11.670925
11.679775
11.688650
11.708225
11.811225
11.912300
11.938850
11.968675
12.002950
12.008375
12.079650
12.254625
12.307075
12.413550
12.469200
12.518350
12.548100
12.580800
12.635750
12.844400
12.887825
12.941575
12.979300
13.049375
13.057125
13.132375
13.180925
13.184725
13.298125
13.348800
13.415575
13.430425
13.435950
13.492775
13.513625
13.567350
13.662200
13.703900
13.770775
13.839000
13.892425
13.898250
13.916625
13.924925
13.968000
13.978100
14.179800
14.222675
14.261450
14.297350
14.350150
14.357300
14.376400
14.384275
14.392275
14.401400
14.415400
14.463525
14.632025
14.693575
14.741975
14.812400
14.846500
14.861275
14.872850
14.898400
14.907675
14.917800
15.100625
15.162025
15.213475
15.262550
15.378975
15.453000
15.479550
15.527725
15.617925
15.677050
15.717875
15.861550
15.902325
16.119575
16.178975
16.271650
16.316750
16.446200
16.494450
16.541525
16.593775
16.639650
16.748800
16.789225
16.829900
16.938400
17.024400
17.076125
17.098700
17.152500
17.212550
17.272650
17.367950
17.379725
17.444425
17.531025
17.655275
17.686000
17.741475
17.782825
17.820625
17.879525
17.912225
17.918525
17.936350
18.072600
18.153875
18.187350
18.268300
18.306675
18.368500
18.416475
18.451175
18.500475
18.563975
18.610000
18.646925
18.810125
18.867150
18.883950
19.013875
19.192125
19.272300
19.295525
19.307650
19.317675
19.326625
19.333675
19.338750
19.352425
19.372050
19.389475
19.480350
19.567750
19.595825
19.616475
19.628325
19.641825
19.666625
19.675650
19.713200
19.792725
19.834700
19.882150
19.905800
19.920600
19.978850
20.018750
20.036975
20.044700
20.059650
20.118450
20.133475
20.151625
20.184750
20.249300
20.302725
20.447500
20.458475
20.466125
20.489775
20.497250
20.505800
20.534975
20.602375
20.643350
20.654525
20.679500
20.818250
20.871200
20.978825
21.052425
21.069950
21.112350
21.176125
21.323800
21.367000
21.407200
21.433200
21.481450
21.556400
21.635250
21.676150
21.787975
21.811425
21.822275
21.859475
21.870350
21.878450
21.900550
21.949075
21.970900
21.988975
21.993525
22.034575
22.120825
22.176750
22.269075
22.289850
22.314000
22.327175
22.334575
22.348175
22.375975
22.387000
22.418050
22.430900
22.470300
22.518400
22.775400
22.971350
23.255825
23.321975
23.335450
23.340100
23.366425
23.386025
23.657200
23.688625
23.707575
23.716350
23.761450
23.771025
23.788300
23.797450
23.806800
23.839525
23.965025
24.022600
24.064925
24.104450
24.148375
24.163200
24.203300
24.212200
24.245050
24.405025
24.514500
24.577175
24.679475
24.742625
24.850475
24.940275
24.999800
25.049300
25.076875
25.089675
25.099900
25.123250
25.138225
25.171725
25.179775
25.198325
25.221375
25.229975
25.251050
25.290150
25.404625
25.458900
25.513175
25.609200
25.662700
25.792325
25.810750
25.837450
25.897325
25.929275
25.936050
25.971550
25.979125
26.006075
26.060400
26.216950
26.255325
26.329925
26.382825
26.449850
26.474900
26.499000
26.548300
26.605000
26.632850
26.658500
26.746575
26.898550
26.997425
27.057800
27.118425
27.251950
27.301600
27.351675
27.370850
27.458825
27.489925
27.491350
27.508400
27.690700
27.805000
27.920175
27.952100
28.085675
28.134900
28.245825
28.262925
28.393475
28.472925
28.555900
28.610925
28.701000
28.742000
28.777950
28.795325
28.822825
28.897675
28.983900
29.023775
29.059525
29.085750
29.089050
29.093100
29.104700
29.107050
29.138000
29.148025
29.157625
29.182700
29.186825
29.217750
29.250550
29.271925
29.281600
29.291000
29.302250
29.308925
29.331250
29.338425
29.341550
29.370800
29.374725
29.387250
29.488600
29.507850
29.692325
29.709850
29.730775
29.778100
29.825625
29.863150
29.877000
29.907150
29.916075
29.953575
