0.073175
0.140800
0.189525
0.343400
0.411675
0.498250
0.554850
0.614150
0.829850
0.963750
1.036825
1.153050
1.442150
1.805725
1.829050
1.991700
2.286100
2.314650
2.498525
2.561850
2.650700
2.703750
2.802675
2.911150
3.233225
3.314600
3.422450
3.473950
3.503825
3.805975
3.905100
3.940900
3.996350
4.049600
4.120800
4.134525
4.162900
4.198600
4.244025
4.277150
4.322475
4.445650
4.493525
4.643825
4.671625
4.714450
4.761200
4.819800
4.856875
4.887700
4.909875
4.943600
5.057325
5.257575
5.320800
5.339150
5.477825
5.524475
5.538225
5.566400
5.659975
5.708275
5.754900
5.761125
5.852225
6.088050
6.139425
6.318725
6.341225
6.408575
6.577025
6.598125
6.645200
6.695750
6.727225
6.926825
6.960075
7.117650
7.209000
7.335625
7.461775
7.526150
7.540700
7.759325
7.800650
7.866400
7.938650
8.043600
8.189500
8.226725
8.286075
8.300950
8.379675
8.395400
8.417025
8.548275
8.590525
8.874700
8.905375
8.974250
9.092300
9.281575
9.322150
9.363100
9.513475
9.677450
9.757150
9.802500
9.828775
9.880075
9.926800
10.034525
10.105900
10.298825
10.373425
10.411875
10.452775
10.602900
10.705600
10.813975
10.837325
11.002825
11.121025
11.259775
11.684125
11.725450
11.774875
11.800350
11.891825
12.173950
12.231425
12.367250
12.370250
12.378925
12.674050
12.712025
13.162600
13.315400
13.385750
13.521550
13.559625
13.574600
13.617075
13.642025
13.801200
13.946100
13.960500
14.070975
14.099575
14.127250
14.323150
14.400200
14.607475
14.637400
14.674800
14.761025
14.798175
14.835975
15.152250
15.205650
15.229475
15.429800
15.514200
15.617850
15.749550
15.792950
15.868350
15.926675
16.185750
16.314850
16.358625
16.514025
16.583425
16.596625
16.632350
16.663650
17.050025
17.250275
17.288725
17.331325
17.354075
17.362725
17.423425
17.462525
17.571150
17.604125
17.937650
18.116375
18.235750
18.403350
18.517150
18.721550
18.775625
18.898400
19.053000
19.100875
19.386750
19.396650
19.432200
19.524000
19.576800
19.635525
19.670575
19.725950
19.876300
20.004475
20.297225
20.462825
20.508300
20.599725
20.754575
20.942825
21.028275
21.084975
21.137750
21.210500
21.563300
21.636475
21.677350
21.682450
21.854300
21.950750
22.160825
22.189700
22.221200
22.236700
22.405075
22.541425
22.624825
22.650650
22.851000
22.926925
23.066450
23.229225
23.605250
23.760975
23.840450
23.934175
23.981575
24.075125
24.125525
24.165225
24.199225
24.457575
24.701525
24.767900
24.791150
24.815900
25.105825
25.123550
25.139925
25.253700
25.331725
25.377150
25.474925
25.494700
25.520950
25.653825
25.947350
26.026775
26.063675
26.116000
26.250700
26.610050
26.666525
26.779850
26.877175
27.166450
27.343400
27.532550
27.628650
27.675900
27.685475
27.841875
27.886550
27.963475
28.184700
28.297300
28.456750
28.670450
28.714550
28.747550
28.771200
28.867375
28.948725
29.078575
29.249075
29.317850
29.382725
29.441900
29.527750
29.555125
29.677750
29.732800
29.771950
29.859600
29.900650
