0.150700
0.353550
0.568350
0.646225
0.670775
0.705575
0.732900
0.790675
0.947725
0.979125
0.993575
1.035025
1.141575
1.268475
1.327225
1.386725
1.469375
1.527575
1.564475
1.616125
1.773650
1.886050
1.907400
2.041975
2.087550
2.251825
2.482300
2.509400
2.654050
2.753400
2.984250
3.027175
3.091575
3.351950
3.570875
3.711650
3.768300
3.969050
4.110550
4.603425
4.759600
4.836250
4.962350
5.121050
5.360300
5.599025
5.730175
5.830150
5.949650
5.993500
6.310125
6.518225
6.685450
6.930775
7.057100
7.188500
7.277025
7.467375
7.625250
8.181350
8.558425
8.563375
8.629150
8.753200
8.899100
9.291850
9.341925
9.362650
9.421500
9.463500
9.655375
9.688100
9.709800
9.747450
9.805850
9.885400
10.076750
10.258025
10.465125
10.482025
10.777725
10.975750
11.322200
11.408575
11.471900
11.505100
11.802225
11.939850
12.077275
12.141000
12.370850
12.469800
12.503600
12.599225
12.701275
12.764475
12.839850
13.071825
13.422250
13.480850
13.541300
13.566650
13.646800
13.911775
13.932100
13.992950
14.120050
14.129650
14.186375
14.264050
14.401025
14.550975
14.588050
14.605725
14.627950
14.844325
14.985100
15.056625
15.185925
15.381950
15.619325
15.906825
16.438325
16.503500
16.561400
16.639425
16.662750
16.671125
16.688975
16.703925
16.794350
17.542875
17.556250
17.780775
17.848600
17.877500
17.966300
18.156000
18.177175
18.236575
18.294950
18.476025
18.677425
18.901725
18.983225
19.180875
19.297675
19.367775
19.390550
19.640725
19.790900
19.936800
20.012425
20.147075
20.231300
20.457700
20.698350
20.851375
20.983475
21.236050
21.269050
21.346200
21.494475
21.575575
21.625650
21.774225
21.937875
22.205800
22.243625
22.382375
22.536500
22.626250
22.723725
22.729575
22.886900
23.144225
23.216550
23.348575
23.788850
24.422675
24.544975
24.630375
24.648775
24.788725
24.799975
24.839525
24.930050
24.990800
25.060050
25.080125
25.199800
25.756425
25.985275
26.010275
26.175250
26.324475
26.478950
26.495525
26.517625
26.718700
26.756900
26.878825
26.950950
26.984125
27.056050
27.163850
27.189825
27.324100
27.360200
27.476450
27.603475
27.705400
27.727275
27.806600
27.933175
28.187725
28.269425
28.418850
28.583075
28.802325
28.915225
29.192900
29.277125
29.323675
29.407850
29.858775
29.946200
29.978800
