0.056375
0.088250
0.119725
0.203275
0.231475
0.389625
0.444000
0.471600
0.586525
0.635475
0.655325
0.759675
0.805175
0.865575
0.922050
0.958075
1.000600
1.079100
1.142575
1.145950
1.219800
1.313900
1.508875
1.545825
1.566925
1.735300
1.825825
1.936925
1.939400
2.039575
2.130050
2.318050
2.439225
2.484975
2.514950
2.542400
2.587325
2.708775
2.803475
2.873425
3.019325
3.085075
3.119375
3.182250
3.210200
3.309275
3.758275
4.013950
4.017175
4.055975
4.096900
4.133400
4.329025
4.453750
4.511575
4.564125
4.589800
4.607675
4.672225
4.684975
4.763750
4.782150
4.800900
4.851900
4.865100
4.968300
5.050725
5.090975
5.121725
5.200500
5.378225
5.398675
5.441750
5.454725
5.465900
5.480550
5.492650
5.520425
5.579800
5.619350
5.653125
5.765675
5.987675
6.016525
6.065925
6.093700
6.116150
6.124325
6.140150
6.159125
6.184000
6.214450
6.243975
6.281950
6.392175
6.444775
6.502600
6.547775
6.590525
6.630150
6.655850
6.715675
6.754325
6.774025
6.794900
6.810300
6.826300
6.843600
6.908400
6.949025
6.990400
7.046475
7.092375
7.130125
7.177575
7.236800
7.292675
7.313975
7.328900
7.357250
7.419400
7.490775
7.550425
7.655400
7.658950
7.744500
7.830425
7.894525
8.013100
8.109000
8.159300
8.182975
8.207375
8.214325
8.245500
8.270400
8.351725
8.455825
8.547300
8.715650
8.762175
8.789700
8.822725
9.183350
9.217750
9.219550
9.225350
9.263275
9.356925
9.490650
9.529575
9.627000
9.639800
9.673550
9.715200
9.731700
9.770800
10.015750
10.092225
10.279050
10.338625
10.375450
10.384900
10.396075
10.405900
10.427525
10.622125
10.808775
10.848875
10.941575
10.996575
11.116600
11.161325
11.192225
11.216775
11.268850
11.328575
11.479225
11.656375
11.748950
11.755100
11.790700
11.791850
11.815675
11.851800
11.879325
11.913050
11.959200
12.026875
12.397100
12.489475
12.559150
12.610050
12.624600
12.687500
12.848800
13.234600
13.341700
13.434900
13.462175
13.508875
13.528825
13.617900
13.639900
13.725675
13.804350
13.864025
13.896550
13.988500
14.065300
14.113325
14.196425
14.303500
14.345875
14.393875
14.424000
14.454625
14.528025
14.714000
14.937625
14.954525
14.996325
15.144025
15.163950
15.289650
15.381750
15.440600
15.665775
15.728850
15.753100
15.797275
15.829250
15.864625
15.900050
15.929150
15.965850
16.055900
16.198400
16.208100
16.339900
16.421125
16.502300
16.507450
16.545025
16.599025
16.610500
16.676675
16.728200
16.747975
16.889675
16.922300
16.969375
17.012600
17.056675
17.155850
17.192650
17.221775
17.248200
17.294725
17.327450
17.354125
17.403075
17.462875
17.605700
17.651925
17.726875
17.783650
17.836600
17.891100
17.905950
17.957025
17.994225
18.043700
18.068750
18.124700
18.228250
18.375775
18.531325
18.632325
18.720475
18.759175
18.798350
18.814950
18.820150
18.851575
18.874800
18.891850
18.939750
18.963675
18.993775
19.048650
19.071500
19.086850
19.096950
19.114125
19.129300
19.187800
19.196300
19.216400
19.266850
19.271275
19.280825
19.296225
19.430250
19.529350
19.571225
19.592800
19.595700
19.613150
19.670250
19.716350
19.809600
19.853300
19.879875
19.909625
19.929900
20.001875
20.165525
20.175350
20.201050
20.205025
20.248850
20.287350
20.314300
20.391475
20.444500
20.568625
20.646075
20.700075
20.728800
20.775350
20.971950
21.001975
21.030525
21.088125
21.110550
21.121725
21.148225
21.188725
21.219150
21.244250
21.261625
21.282825
21.290875
21.291950
21.326575
21.361400
21.385500
21.414525
21.454775
21.504000
21.566575
21.585325
21.609500
21.656475
21.765675
21.803425
21.878650
21.914600
21.943825
21.953225
22.011125
22.024075
22.050400
22.311000
22.595200
22.649025
22.690650
22.721575
22.821950
22.842575
22.860300
22.872200
22.896725
22.914700
22.948425
22.990950
23.007775
23.031600
23.049625
23.062700
23.072250
23.083100
23.235175
23.264650
23.343875
23.350900
23.427375
23.444650
23.470500
23.529275
23.551100
23.563175
23.587175
23.622250
23.666000
23.762850
23.770625
23.774900
23.804075
23.817175
23.824575
24.427950
24.630125
24.770400
24.814450
24.845375
24.869800
24.886400
24.939650
25.037450
25.064400
25.096575
25.145850
25.257150
25.287400
25.331700
25.416875
25.437275
25.508400
25.654050
25.702950
25.727250
25.743675
25.797725
25.849900
25.898050
26.003875
26.111250
26.214800
26.257600
26.286550
26.320100
26.349425
26.393600
26.426500
26.481950
26.549150
26.590075
26.654175
26.680425
26.755500
26.806100
26.818850
26.942075
27.007600
27.019875
27.075400
27.105475
27.138225
27.139450
27.175200
27.203850
27.244100
27.269475
27.293500
27.429575
27.450625
27.490500
27.519800
27.555050
27.580775
27.581825
27.696425
27.776175
27.820050
27.871475
27.896800
27.960825
28.004025
28.051450
28.094550
28.155100
28.175450
28.196975
28.230200
28.268200
28.300075
28.399275
28.461400
28.493525
28.537225
28.778325
28.819625
28.911175
28.939575
28.997225
29.143400
29.154825
29.223075
29.318100
29.405750
29.423600
29.510700
29.563875
29.634025
29.677125
29.740950
29.821300
29.855400
29.873100
29.940900
29.998950
