0.021300
0.032450
0.040875
0.054675
0.069400
0.081775
0.092450
0.101700
0.113000
0.122225
0.138000
0.154025
0.170875
0.190525
0.201000
0.215000
0.227150
0.243750
0.256725
0.271200
0.286425
0.299275
0.319250
0.329650
0.341175
0.357875
0.373300
0.398500
0.411600
0.447450
0.464350
0.476975
0.495200
0.525575
0.550575
0.563050
0.572825
0.591250
0.602750
0.614075
0.622625
0.632125
0.652875
0.671350
0.685925
0.700950
0.711500
0.719375
0.728200
0.738675
0.751525
0.763250
0.783350
0.795150
0.808325
0.821725
0.832600
0.840675
0.853775
0.882350
0.897625
0.911475
0.919000
0.930225
0.947700
0.966450
0.978800
0.990500
1.007200
1.020100
1.039225
1.061100
1.100100
1.111200
1.140425
1.151325
1.165450
1.184450
1.209400
1.237425
1.268425
1.289050
1.326550
1.340375
1.375750
1.405700
1.421875
1.466150
1.491300
1.505200
1.523500
1.559425
1.580450
1.599750
1.615575
1.631350
1.645675
1.657725
1.668300
1.688275
1.703450
1.716525
1.736550
1.756725
1.787025
1.801875
1.822650
1.852450
1.907150
1.979475
2.002475
2.016000
2.030450
2.043700
2.059050
2.084750
2.224625
2.246550
2.261050
2.268475
2.275650
2.280175
2.285450
2.292175
2.301025
2.310825
2.317050
2.330875
2.340850
2.356400
2.369225
2.396375
2.462000
2.495900
2.503525
2.509200
2.513600
2.517350
2.520925
2.523050
2.527625
2.532800
2.543250
2.554200
2.564350
2.570625
2.578725
2.587550
2.596300
2.606775
2.621100
2.648775
2.672950
2.733400
2.773925
2.865450
2.876025
2.910475
2.945850
2.968375
2.984650
2.992675
3.014975
3.024675
3.037300
3.049475
3.059850
3.070750
3.080500
3.088325
3.099750
3.111625
3.121750
3.140725
3.161875
3.186875
3.220475
3.258000
3.284875
3.322275
3.436250
3.452625
3.521675
3.546025
3.582175
3.617325
3.640300
3.657025
3.675950
3.692000
3.708700
3.719250
3.735125
3.746600
3.766700
3.785575
3.804125
3.818850
3.842450
3.857000
3.889775
3.921950
3.942650
3.990775
4.032925
4.052600
4.066750
4.089250
4.099525
4.108550
4.112725
4.120300
4.129225
4.133800
4.142175
4.152650
4.167750
4.182300
4.195150
4.208200
4.237500
4.272000
4.357075
4.373775
4.392850
4.425925
4.437650
4.448950
4.465075
4.476200
4.493000
4.511750
4.521475
4.535675
4.553550
4.572675
4.586350
4.602750
4.619800
4.638250
4.647525
4.657700
4.678100
4.685625
4.697375
4.714500
4.725125
4.744200
4.756475
4.774675
4.791350
4.818900
4.981300
4.997250
5.007450
5.018325
5.023150
5.032075
5.044025
5.053950
5.062700
5.072350
5.083250
5.098475
5.116100
5.130600
5.142825
5.164625
5.186175
5.204650
5.227000
5.255500
5.278725
5.285300
5.302900
5.315325
5.334900
5.344625
5.381275
5.393250
5.420900
5.453075
5.478975
5.497600
5.512300
5.522900
5.536950
5.561325
5.574925
5.583475
5.594675
5.603775
5.618725
5.639275
5.654775
5.678500
5.699100
5.720125
5.737100
5.764350
5.786550
5.806000
5.815700
5.825225
5.844600
5.861350
5.890875
5.920225
6.105925
6.110925
6.117200
6.123975
6.130200
6.137450
6.141550
6.143825
6.149175
6.153400
6.156675
6.159625
6.166150
6.174050
6.180275
6.194150
6.211400
6.219550
6.241750
6.255425
6.278625
6.300800
6.326275
6.357975
6.455575
6.477675
6.495275
6.508675
6.520425
6.538175
6.552325
6.562825
6.570500
6.577125
6.587175
6.591750
6.610275
6.620975
6.635125
6.652600
6.696600
6.765300
6.792200
6.808575
6.829650
6.842175
6.852575
6.857625
6.865400
6.870925
6.878100
6.884700
6.890125
6.894600
6.905225
6.911325
6.916825
6.925300
6.931000
6.936975
6.943750
6.950750
6.956800
6.965750
6.990125
6.999600
7.018275
7.028775
7.039000
7.059325
7.074725
7.086725
7.118150
7.142550
7.187475
7.238075
7.327400
7.352025
7.364725
7.376100
7.382200
7.386625
7.392800
7.398475
7.401600
7.405600
7.414875
7.421825
7.428725
7.434275
7.442875
7.450775
7.461650
7.485700
7.511550
7.534200
7.555425
7.591175
7.643500
7.729475
7.781975
7.799025
7.821450
7.837450
7.848100
7.862025
7.867475
7.879875
7.891325
7.902575
7.917950
7.942350
7.965600
7.991075
8.026075
8.062075
8.116225
8.146900
8.173375
8.184400
8.201825
8.211850
8.220600
8.236475
8.248500
8.260850
8.279100
8.300650
8.317825
8.340700
8.365625
8.376425
8.385175
8.406375
8.417925
8.435175
8.455725
8.479250
8.499875
8.510575
8.522350
8.533225
8.544075
8.556500
8.568700
8.577625
8.594250
8.626575
8.633725
8.642150
8.653950
8.663000
8.670150
8.681675
8.694500
8.707550
8.714675
8.727500
8.743400
8.754000
8.767475
8.783150
8.811450
8.832800
8.859425
8.927950
9.038125
9.047575
9.055500
9.063475
9.068450
9.074850
9.083125
9.089575
9.094575
9.103550
9.111250
9.115475
9.123150
9.132225
9.142750
9.162700
9.174450
9.205775
9.236275
9.288850
9.328775
9.378275
9.397750
9.431375
9.462275
9.483275
9.493500
9.510050
9.573875
9.586975
9.606725
9.625500
9.634075
9.641600
9.649750
9.655750
9.666300
9.672550
9.676700
9.679650
9.685750
9.690350
9.696500
9.702000
9.708950
9.716225
9.722550
9.730475
9.735200
9.746750
9.754200
9.768625
9.786575
9.827425
9.852025
9.874350
9.904625
9.923100
9.939025
9.959725
10.026100
10.062200
10.074300
10.088725
10.099300
10.107125
10.115550
10.120025
10.128300
10.135025
10.139925
10.146750
10.151175
10.158200
10.162500
10.166825
10.169225
10.174150
10.178850
10.189175
10.200650
10.219475
10.227950
10.241025
10.256225
10.261500
10.275250
10.282450
10.292500
10.307775
10.319375
10.332825
10.345050
10.365875
10.381050
10.417200
10.447325
10.497400
10.547675
10.565750
10.577325
10.590925
10.602125
10.610400
10.615725
10.623050
10.627425
10.634025
10.640900
10.647525
10.657525
10.664375
10.677725
10.683275
10.692225
10.698625
10.714750
10.738875
10.748350
10.755750
10.771875
10.819550
10.866175
10.972700
10.984400
10.993675
11.000975
11.015775
11.019800
11.025800
11.028300
11.034800
11.044425
11.048475
11.052475
11.058450
11.067400
11.071750
11.076675
11.084225
11.094950
11.103300
11.117825
11.128925
11.139700
11.150100
11.159450
11.169725
11.179425
11.187025
11.199600
11.206200
11.228000
11.252125
11.343500
11.376225
11.391125
11.400375
11.407450
11.415975
11.421900
11.428075
11.434300
11.437775
11.440775
11.443875
11.450200
11.456950
11.460625
11.467425
11.471475
11.476925
11.484025
11.495700
11.506275
11.519525
11.534375
11.560925
11.590900
11.670175
11.695025
11.709425
11.729400
11.738675
11.751525
11.757700
11.768950
11.776275
11.784200
11.787950
11.790950
11.794675
11.796975
11.801225
11.807100
11.813575
11.821000
11.828450
11.838850
11.848025
11.853775
11.859125
11.872775
11.879350
11.884500
11.890975
11.898700
11.910550
11.925850
11.940850
11.949525
11.963125
11.975500
11.984975
12.000850
12.013375
12.024150
12.042400
12.063300
12.101350
12.118075
12.132275
12.144725
12.157075
12.197575
12.277600
12.318450
12.342300
12.352150
12.365250
12.378000
12.389675
12.396300
12.405600
12.413325
12.430925
12.442550
12.453175
12.478200
12.495775
12.512400
12.535725
12.687925
12.711950
12.733550
12.743675
12.749875
12.754475
12.761925
12.768225
12.773725
12.779625
12.783425
12.789325
12.793700
12.801725
12.811050
12.820450
12.833750
12.846200
12.861525
12.885575
12.901600
12.924650
12.963425
13.108450
13.125450
13.143775
13.153700
13.162475
13.166350
13.171125
13.178825
13.184875
13.189025
13.196175
13.203475
13.215475
13.224100
13.236175
13.242950
13.257350
13.265900
13.273750
13.295700
13.307500
13.321325
13.342875
13.377350
13.412700
13.426625
13.445700
13.454850
13.461850
13.470925
13.475550
13.481725
13.486850
13.493325
13.498550
13.504900
13.512200
13.528500
13.537625
13.549825
13.560925
13.577300
13.587375
13.601350
13.618450
13.633925
13.649275
13.668325
13.682150
13.700025
13.714450
13.743000
13.762225
13.787850
13.889400
13.946850
13.962350
13.975800
13.982325
13.984825
13.993875
13.999875
14.006050
14.014750
14.026150
14.041025
14.048250
14.056200
14.071075
14.084875
14.108900
14.125025
14.158650
14.289125
14.334775
14.360150
14.384550
14.400425
14.417675
14.426925
14.444350
14.460875
14.475450
14.490725
14.512025
14.541725
14.558475
14.600950
14.650400
14.707275
14.722775
14.733725
14.750300
14.756675
14.759425
14.769150
14.775325
14.780200
14.786450
14.791275
14.798550
14.809325
14.818250
14.827025
14.846425
14.858425
14.871475
14.880500
14.889075
14.898350
14.914425
14.924850
14.938875
14.954825
14.975975
15.009575
15.024900
15.036850
15.066050
15.084700
15.104525
15.119725
15.133475
15.141250
15.151250
15.159225
15.166200
15.175700
15.181275
15.189325
15.192975
15.200250
15.208800
15.214725
15.227600
15.233500
15.245175
15.259000
15.291500
15.313150
15.323950
15.339550
15.353625
15.371450
15.378675
15.394350
15.406750
15.422950
15.433500
15.446275
15.460250
15.479500
15.499150
15.528650
15.604775
15.656475
15.673150
15.690075
15.704550
15.714100
15.722700
15.736600
15.748300
15.756100
15.769925
15.788625
15.805900
15.832675
15.849725
15.870525
15.890375
15.942600
15.976625
15.989875
16.002200
16.019800
16.027900
16.035950
16.045900
16.054250
16.060875
16.065525
16.073550
16.081775
16.091250
16.101825
16.111475
16.120150
16.129225
16.141900
16.157000
16.169625
16.194925
16.208575
16.228000
16.294175
16.354900
16.380300
16.427375
16.457025
16.474400
16.490850
16.500000
16.509550
16.521225
16.532575
16.553975
16.565125
16.586350
16.600900
16.663200
16.750525
16.765075
16.788800
16.807850
16.822925
16.837875
16.844400
16.854625
16.874350
16.890650
16.896500
16.904275
16.910775
16.917275
16.923275
16.928875
16.934450
16.941050
16.957400
16.967675
16.975250
16.982750
17.003575
17.014350
17.025225
17.039025
17.048525
17.061200
17.073825
17.085050
17.100175
17.115650
17.127950
17.149550
17.156625
17.170800
17.181575
17.191975
17.203000
17.221900
17.240350
17.256275
17.271575
17.301075
17.319700
17.346475
17.369200
17.396350
17.414250
17.430800
17.447350
17.468875
17.492075
17.515350
17.532675
17.541775
17.551075
17.560750
17.569350
17.579200
17.584775
17.591475
17.596025
17.610950
17.622750
17.633850
17.654100
17.667425
17.680200
17.687625
17.702950
17.724975
17.739275
17.754625
17.769775
17.784125
17.795600
17.803325
17.815425
17.827875
17.847325
17.859625
17.867050
17.879075
17.887150
17.895750
17.905625
17.914950
17.922875
17.936375
17.946100
17.955025
17.966700
17.976125
17.989975
18.007675
18.018325
18.031150
18.043100
18.052825
18.061525
18.076900
18.095650
18.109550
18.125850
18.139925
18.166150
18.194200
18.233775
18.247675
18.267500
18.282600
18.291975
18.317425
18.334575
18.352500
18.365825
18.398475
18.428550
18.482975
18.497150
18.503875
18.515425
18.532575
18.545400
18.555900
18.561875
18.568825
18.585575
18.596950
18.605000
18.618900
18.634700
18.644850
18.656725
18.670700
18.684875
18.696025
18.708225
18.719525
18.731275
18.752425
18.763875
18.780725
18.803200
18.821725
18.845375
18.861900
18.906275
18.942875
18.961500
18.983350
19.041125
19.071575
19.083000
19.103900
19.120300
19.137225
19.158425
19.178025
19.186925
19.198725
19.212000
19.226700
19.237725
19.245100
19.255625
19.262600
19.270175
19.276750
19.296225
19.332450
19.351600
19.514225
19.519750
19.525475
19.530950
19.534050
19.538800
19.541225
19.545150
19.548825
19.556025
19.561225
19.567250
19.573675
19.578575
19.585950
19.590875
19.609975
19.621875
19.630975
19.648700
19.671600
19.723525
19.774950
19.846125
19.866525
19.917225
19.945075
19.977050
19.990025
20.000275
20.017700
20.031300
20.048250
20.060525
20.074925
20.083650
20.092100
20.102850
20.109125
20.117225
20.126975
20.138275
20.149250
20.161250
20.179025
20.197125
20.207850
20.228975
20.249850
20.267700
20.369950
20.507025
20.518375
20.526875
20.530250
20.537900
20.543250
20.547225
20.552575
20.559500
20.566050
20.574775
20.578800
20.590300
20.598600
20.606750
20.613975
20.622325
20.632750
20.640125
20.649600
20.673125
20.699000
20.769575
20.861325
20.903950
20.927275
20.939050
20.955875
20.965925
20.975775
20.989675
21.002400
21.010750
21.021875
21.031825
21.040425
21.050000
21.057550
21.068575
21.079650
21.091575
21.119300
21.130475
21.147350
21.156850
21.171675
21.185800
21.208575
21.222550
21.252675
21.275475
21.320775
21.409425
21.416500
21.421500
21.429325
21.434550
21.441825
21.446475
21.455600
21.461225
21.469900
21.474400
21.483325
21.489875
21.497675
21.519700
21.536950
21.559400
21.578250
21.641675
21.707475
21.739900
21.758325
21.779850
21.807100
21.823175
21.837975
21.849525
21.869450
21.889375
21.900000
21.917375
21.930925
21.970550
22.006775
22.038050
22.065675
22.086725
22.124575
22.154875
22.212400
22.227475
22.239825
22.258175
22.285400
22.339575
22.363150
22.530200
22.554325
22.569375
22.580725
22.587950
22.596575
22.606550
22.613800
22.619800
22.626200
22.633025
22.640300
22.646400
22.656650
22.667025
22.698175
22.735025
22.908925
22.925200
22.933250
22.940025
22.949175
22.955725
22.963350
22.972700
22.981900
22.990825
23.001675
23.009550
23.025200
23.034650
23.046225
23.064750
23.097475
23.159875
23.253525
23.271475
23.284550
23.292550
23.303350
23.311250
23.317175
23.324025
23.333475
23.347875
23.357425
23.368400
23.375775
23.395375
23.418075
23.435350
23.497525
23.609200
23.621950
23.630500
23.643500
23.650125
23.655625
23.660825
23.664950
23.673075
23.679125
23.684775
23.692350
23.701100
23.706850
23.712175
23.726625
23.732100
23.737650
23.746575
23.751775
23.757550
23.765800
23.780950
23.790300
23.799000
23.803150
23.809450
23.818450
23.825750
23.837400
23.848475
23.867000
23.884875
23.903650
23.915050
23.927775
23.946150
23.961025
23.989000
24.000425
24.032675
24.060150
24.100975
24.137150
24.187250
24.214300
24.257275
24.343575
24.353150
24.364225
24.370825
24.377825
24.383850
24.387500
24.392400
24.397775
24.401925
24.407050
24.412400
24.419000
24.425100
24.431575
24.438975
24.448925
24.465625
24.482175
24.512225
24.638175
24.661625
24.688250
24.702225
24.711575
24.719800
24.735625
24.742175
24.748400
24.756400
24.760725
24.769575
24.773200
24.781575
24.787100
24.793900
24.802350
24.808050
24.820000
24.828175
24.848575
24.874975
24.894975
24.955925
24.991975
25.016725
25.037825
25.054350
25.072400
25.119975
25.146375
25.161750
25.183950
25.192400
25.201775
25.218375
25.231025
25.247825
25.260775
25.279425
25.300275
25.316800
25.329225
25.343100
25.359725
25.379125
25.388725
25.406550
25.429650
25.456425
25.603125
25.609975
25.615425
25.618300
25.622650
25.628300
25.630875
25.635525
25.639325
25.643200
25.647875
25.653775
25.659150
25.673900
25.678600
25.684850
25.690550
25.702375
25.707575
25.714850
25.721650
25.730925
25.743075
25.751625
25.767125
25.776550
25.788650
25.809625
25.821575
25.841525
25.865575
25.890875
25.915325
25.941250
25.969775
26.001275
26.025100
26.069350
26.186975
26.222250
26.231375
26.240050
26.248350
26.256525
26.263275
26.268850
26.274850
26.280575
26.285425
26.290550
26.295150
26.299150
26.305825
26.317425
26.329650
26.341900
26.351125
26.360750
26.368225
26.381150
26.390375
26.410300
26.424475
26.442775
26.464925
26.488875
26.502725
26.522400
26.542175
26.567125
26.603275
26.625225
26.658375
26.723250
26.755175
26.799775
26.820325
26.832525
26.838275
26.847575
26.855175
26.866000
26.878875
26.895850
26.911125
26.920700
26.932725
26.946525
27.133025
27.147550
27.159125
27.171100
27.182875
27.191300
27.200350
27.205600
27.211175
27.215625
27.221950
27.229475
27.239600
27.248975
27.262300
27.281475
27.314800
27.363850
27.375375
27.386275
27.390950
27.398900
27.407975
27.413150
27.422425
27.428700
27.433975
27.443275
27.449850
27.459250
27.464050
27.468600
27.473075
27.482425
27.489050
27.494700
27.502200
27.509025
27.543675
27.556850
27.579275
27.596000
27.619275
27.626725
27.635275
27.645650
27.651900
27.659125
27.665200
27.671400
27.677425
27.690600
27.693625
27.699825
27.705800
27.717750
27.729275
27.739175
27.751275
27.772425
27.785400
27.816550
27.842500
27.878225
27.904850
27.939900
27.947675
27.961725
27.982450
27.991700
28.003475
28.016250
28.024225
28.033700
28.044850
28.055575
28.064275
28.075275
28.089975
28.100225
28.125050
28.153800
28.176150
28.195800
28.296100
28.332125
28.354600
28.364125
28.375850
28.382275
28.390225
28.397375
28.406725
28.413700
28.420575
28.428125
28.436275
28.441500
28.448825
28.458775
28.473400
28.483625
28.507875
28.523400
28.552300
28.622900
28.700125
28.728175
28.740450
28.750375
28.759600
28.767025
28.776525
28.784825
28.796250
28.804325
28.810850
28.817900
28.830025
28.845975
28.881050
28.905675
29.053625
29.072850
29.106350
29.120625
29.132325
29.140700
29.149100
29.158825
29.166125
29.173800
29.181600
29.189950
29.199175
29.206275
29.213225
29.229325
29.242225
29.259750
29.275425
29.288375
29.296475
29.303525
29.308325
29.313750
29.320350
29.327825
29.334525
29.339975
29.345025
29.348350
29.353450
29.360475
29.367075
29.374250
29.383450
29.388850
29.392425
29.401275
29.407975
29.414050
29.419600
29.430275
29.439600
29.452900
29.464800
29.482950
29.497975
29.537450
29.605400
29.680975
29.694550
29.703275
29.710125
29.720650
29.726025
29.735100
29.740700
29.746675
29.756475
29.763325
29.770425
29.776250
29.784025
29.789675
29.793900
29.802650
29.808275
29.815725
29.823125
29.832225
29.847250
29.856125
29.867800
29.880875
29.898475
29.908350
29.917750
29.926375
29.934600
29.942525
29.949225
29.956250
29.961175
29.970675
29.979550
29.990075
