0.279650
0.579275
0.680675
0.951525
1.317350
1.798575
3.453500
3.884325
3.955475
4.353950
4.393675
4.933775
5.172475
5.205100
5.513825
5.666825
5.756400
6.030325
6.120825
6.264600
6.501075
6.854200
6.902750
7.021725
7.364400
7.657025
7.840075
8.765750
8.826700
9.100025
9.255825
9.379525
9.610075
9.646725
9.808600
10.272600
11.002675
11.021750
11.025200
11.059875
11.334075
11.618725
11.780650
12.353650
12.913500
12.992350
13.113925
13.519200
13.839850
13.990500
14.413600
14.436275
15.094250
15.299500
15.859075
16.808200
17.064125
17.189650
17.348775
17.796750
18.395225
18.617225
19.229850
19.255575
19.682300
19.894575
19.920725
19.990550
20.029525
20.080475
20.192150
20.307425
20.719950
20.910750
20.964875
21.122225
21.197125
21.859400
22.016500
22.316850
22.733150
23.219300
23.556775
23.922025
24.041300
24.277800
24.556125
25.004725
25.021125
25.709425
26.155200
26.181475
26.208125
26.293725
26.299725
26.403475
27.242475
27.335150
27.477750
27.786200
28.102200
28.418275
28.704700
28.937400
29.255075
29.281500
29.349575
29.541200
29.735575
29.774125
