0.081050
0.170675
0.198150
0.495525
0.581875
0.626375
0.765400
0.978875
1.212050
1.547000
1.641625
1.673475
1.922300
2.073850
2.147100
2.394075
2.474050
2.539950
2.632150
2.702525
2.900850
3.028475
3.064550
3.189250
3.295525
3.346300
3.394650
3.562875
3.598400
3.631875
3.668050
3.697200
3.724450
3.944625
4.018400
4.047700
4.392050
4.448100
4.770800
4.784375
4.837950
5.010175
5.034175
5.288575
5.310925
5.324650
5.605500
5.687525
5.792625
5.873000
6.118600
6.437450
6.454400
6.477225
6.500975
6.587850
6.654600
6.744700
6.755800
7.016300
7.298000
7.348825
7.357450
7.465125
7.626150
7.662100
7.727475
8.025150
8.189700
8.288500
8.478550
8.485250
8.547175
8.752475
8.869875
9.034950
9.055100
9.090325
9.311200
9.322550
9.385725
9.563450
10.017625
10.088350
10.287625
10.465900
10.771975
10.808475
10.918225
10.959100
11.323100
11.366675
11.401400
11.939525
11.964675
11.991875
12.001300
12.246275
12.579475
12.775925
12.807650
12.815875
12.849750
13.060775
13.085750
13.095675
13.443600
13.662250
13.713200
13.825800
14.058000
14.091500
14.109050
14.145075
14.174650
14.503275
14.554475
14.634750
14.664300
15.005650
15.543575
15.550900
15.571475
15.588850
16.036200
16.117700
16.183025
16.216875
16.331275
16.692250
16.747125
16.810725
16.828725
16.893675
17.159125
17.329225
17.572825
17.598975
17.695500
17.909575
17.949550
17.979075
18.013350
18.223450
18.289650
18.325975
18.629000
18.693050
18.705100
18.756825
18.784675
19.091300
19.140800
19.165925
19.489875
19.647875
19.909900
20.285400
20.320400
20.372650
20.409350
20.630975
20.651950
20.742675
20.785950
21.035550
21.119875
21.306925
21.424375
21.725525
21.831075
21.857050
21.911650
21.998150
22.061000
22.104575
22.166850
22.466875
22.483425
22.504325
22.808250
22.823975
22.898025
22.946600
23.081400
23.174425
23.347725
23.511575
24.105775
24.422600
24.453575
24.480625
24.490600
24.567675
24.670475
24.885900
25.199925
25.230125
25.329750
25.633300
25.889375
25.994925
26.255800
26.290550
26.311600
26.336875
26.352475
26.372775
26.667275
26.716350
26.765900
26.811050
26.870800
27.056800
27.091750
27.184350
27.546350
27.811425
28.006475
28.023350
28.290125
28.315825
28.359550
28.391125
28.565875
28.605200
28.694350
28.862600
28.910000
28.925025
28.976800
29.076350
29.129500
29.190350
29.212825
29.277750
29.438575
29.481150
29.765250
29.844775
29.899275
