0.368200
0.541900
0.705900
0.794175
0.885450
0.940050
1.053450
1.181150
1.245975
1.317275
1.439100
1.911700
2.009375
2.209075
2.251075
2.318850
2.441650
2.500150
2.527700
2.552400
3.009725
3.152825
3.243700
3.364250
3.405925
3.462025
3.480150
3.906700
4.013425
4.033975
4.428125
4.486050
4.573600
4.822850
4.928875
4.947275
4.963625
5.033650
5.310425
5.433875
5.567175
5.586800
5.879375
5.978675
6.215600
6.348575
6.380450
6.703525
7.300825
7.338125
7.852925
8.027325
8.189475
8.239025
8.314000
8.342250
8.396000
8.413625
8.429900
8.440950
8.546275
8.633850
8.736550
9.080500
9.146775
9.197475
9.217800
9.250650
9.304675
9.412550
9.427050
9.487550
9.506350
9.574225
9.625300
9.647775
9.659375
9.719675
9.974875
10.021675
10.046600
10.062900
10.134300
10.150325
10.231975
10.399125
10.483175
10.570125
10.671725
10.697425
10.907650
10.927450
11.252300
11.384875
11.533100
11.811075
11.832750
12.269050
13.348650
13.366875
13.956450
13.988700
14.035250
14.095175
14.170375
14.443525
14.493475
14.978100
14.996525
15.119450
15.142575
15.303000
15.414100
15.624900
15.652725
15.684075
15.729525
15.753800
16.095525
16.107525
16.210025
16.221850
16.487225
16.583750
16.585450
16.599600
16.642025
16.701625
16.780225
17.078750
17.141775
17.341375
17.478725
17.542700
17.590600
17.763550
17.804750
17.932225
18.046750
18.121200
18.161125
18.648675
18.658950
18.695400
18.794825
18.860975
19.292325
19.305475
19.352950
19.377350
19.844275
19.873700
19.923475
20.016950
20.368900
20.397675
20.473725
20.507950
20.569275
21.018200
21.044375
21.084150
21.194250
21.220725
21.268550
21.506300
21.553900
21.623450
21.669725
21.726800
21.829025
21.864375
21.958050
21.990400
22.271375
22.336925
22.363250
22.662175
22.769325
22.831550
22.870200
22.896825
22.921925
22.985525
23.155725
23.237500
23.248800
23.271100
23.316375
23.347825
23.730925
23.975175
24.057150
24.219975
24.282950
24.618250
24.651350
24.690475
24.751225
25.079775
25.453300
25.563675
25.869375
25.889750
26.010650
26.096600
26.488875
26.543325
26.696025
26.803725
26.894200
26.920850
26.986375
27.037050
27.285000
27.363900
27.446450
27.547050
27.885875
27.916100
27.937375
27.960425
28.020425
28.038050
28.057425
28.379975
28.700700
28.755450
28.813200
29.279700
