0.002375
0.022125
0.032575
0.040675
0.068700
0.082075
0.088000
0.152250
0.170075
0.266675
0.299600
0.308325
0.352675
0.426300
0.469300
0.540425
0.555675
0.568550
0.602550
0.671425
0.758975
0.783000
0.802875
0.830725
0.914300
0.929625
0.962400
1.046000
1.055125
1.068850
1.146850
1.193275
1.250600
1.269075
1.279050
1.296675
1.319500
1.325750
1.340150
1.440550
1.491400
1.540575
1.574600
1.610625
1.622950
1.695375
1.723025
1.747550
1.764700
1.772600
1.787825
1.823375
1.918375
1.943700
1.959100
1.966925
2.008250
2.028200
2.064025
2.086700
2.127850
2.144350
2.170825
2.186600
2.267800
2.294100
2.309725
2.327075
2.347150
2.358850
2.385450
2.426475
2.438800
2.451250
2.463575
2.502425
2.515100
2.534875
2.546700
2.558200
2.585425
2.595700
2.705300
2.751700
2.797800
2.814850
2.883400
2.906450
2.942425
2.963025
2.975075
3.002925
3.015200
3.043300
3.145300
3.247600
3.290175
3.323125
3.331450
3.352600
3.364150
3.381625
3.423450
3.444775
3.476225
3.531900
3.552350
3.627900
3.659475
3.797050
3.829350
3.838550
3.848325
3.862925
3.895475
3.907150
3.954075
4.006400
4.123600
4.213075
4.245175
4.258450
4.268725
4.278375
4.288800
4.324350
4.346825
4.373675
4.380375
4.397625
4.407675
4.463250
4.488100
4.561800
4.582300
4.606350
4.682100
4.702525
4.720475
4.743825
4.769975
4.874025
4.924400
4.956875
4.965400
5.001800
5.082075
5.089550
5.127000
5.134625
5.162500
5.179675
5.227225
5.294575
5.330500
5.463575
5.516300
5.523400
5.569425
5.575900
5.625075
5.669575
5.676525
5.791350
5.865575
5.882175
5.949825
5.975575
6.062625
6.095275
6.109075
6.134725
6.171950
6.211550
6.392175
6.420225
6.445550
6.461975
6.518525
6.532625
6.573575
6.584000
6.599375
6.654875
6.721950
6.761850
6.775875
6.786500
6.824225
6.887400
6.950825
7.010375
7.031025
7.090000
7.109925
7.147825
7.159875
7.210925
7.225100
7.245350
7.274350
7.285350
7.299350
7.351150
7.356575
7.372075
7.411325
7.432475
7.475500
7.499750
7.569350
7.615425
7.674775
7.691425
7.720050
7.730250
7.748050
7.755650
7.764175
7.775550
7.788550
7.802425
7.814750
7.829600
7.845650
7.914400
7.958425
7.981300
8.057200
8.113100
8.136900
8.147575
8.165400
8.179100
8.201825
8.251525
8.297600
8.308700
8.338100
8.379750
8.424775
8.529725
8.551450
8.558800
8.566675
8.576100
8.638150
8.652700
8.666575
8.692350
8.725575
8.739725
8.762425
8.842325
8.859425
8.885700
8.912475
8.941500
9.061625
9.132275
9.158925
9.168025
9.180475
9.189575
9.213875
9.221875
9.231150
9.236975
9.244275
9.272750
9.283275
9.312175
9.432975
9.440625
9.477600
9.494500
9.539525
9.540800
9.580600
9.598300
9.632725
9.701500
9.724575
9.792350
9.802000
9.810100
9.824450
9.841400
9.850350
9.868650
9.876450
9.886300
9.898750
9.912200
9.940325
9.952050
9.966575
10.066800
10.093450
10.122100
10.160025
10.187350
10.196300
10.217650
10.231425
10.264750
10.285325
10.297775
10.314100
10.333275
10.352475
10.379475
10.511100
10.541325
10.555125
10.560375
10.571125
10.579575
10.586450
10.605700
10.644975
10.663750
10.676900
10.700300
10.779025
10.818550
10.868350
10.883775
10.890850
10.897950
10.951675
11.004250
11.023300
11.033125
11.115550
11.197025
11.214675
11.253275
11.290675
11.319925
11.372675
11.392075
11.405600
11.429850
11.484075
11.569825
11.597150
11.631225
11.654425
11.718250
11.747550
11.769400
11.813450
11.841750
11.858850
11.881675
11.925925
11.945475
11.959650
11.978775
11.985175
11.989100
11.996825
12.034875
12.061925
12.084775
12.106900
12.150800
12.159775
12.169750
12.221650
12.330425
12.418600
12.489100
12.516200
12.523850
12.552500
12.601800
12.619175
12.651250
12.700550
12.765675
12.855075
12.927075
12.957800
12.970775
12.998400
13.036050
13.076925
13.128975
13.227575
13.250325
13.264500
13.274775
13.287800
13.307850
13.338725
13.354775
13.397250
13.435750
13.481125
13.532100
13.562500
13.580625
13.601725
13.637925
13.645075
13.693125
13.728575
13.749175
13.800850
13.815800
13.873475
13.888200
13.910650
13.929950
13.964525
13.993350
14.011500
14.032300
14.059825
14.082875
14.123050
14.144600
14.187200
14.211250
14.220325
14.225450
14.297975
14.322275
14.342775
14.354500
14.389050
14.404625
14.425400
14.440025
14.505400
14.521450
14.529175
14.553275
14.658575
14.678950
14.753875
14.783075
14.792275
14.844475
14.858475
14.889000
14.902975
14.913025
14.986150
15.001650
15.037975
15.066075
15.077475
15.097575
15.111100
15.201775
15.227425
15.257025
15.296475
15.307325
15.319275
15.332350
15.341775
15.362700
15.466825
15.511075
15.541075
15.569100
15.585850
15.621150
15.630300
15.655350
15.665000
15.723850
15.821200
15.873050
15.900925
15.941775
15.967375
15.980675
16.018325
16.034175
16.073725
16.132850
16.289550
16.340175
16.366725
16.384225
16.397225
16.422875
16.431850
16.451650
16.466400
16.498150
16.518200
16.575025
16.602550
16.696425
16.709225
16.723800
16.760075
16.803450
16.859850
16.896125
17.045125
17.077825
17.114800
17.130125
17.199900
17.218150
17.226200
17.234425
17.242325
17.249325
17.265575
17.273375
17.280750
17.407150
17.472375
17.529100
17.551025
17.598375
17.688700
17.731850
17.749450
17.759625
17.774025
17.786175
17.801225
17.849475
17.875150
17.892575
17.916900
17.941675
17.972500
18.011450
18.053150
18.073775
18.129700
18.182075
18.203325
18.252125
18.280675
18.292900
18.305475
18.313000
18.333025
18.340150
18.437300
18.451575
18.479675
18.488025
18.529300
18.545325
18.562125
18.572800
18.632625
18.764150
18.784325
18.865250
18.900500
18.914950
18.925525
18.937150
18.959975
18.969875
18.979400
19.031300
19.047375
19.108650
19.226200
19.260000
19.272550
19.347750
19.395775
19.404275
19.416175
19.431000
19.443100
19.451300
19.482375
19.506100
19.530625
19.558825
19.577925
19.586175
19.613675
19.624100
19.637850
19.678825
19.717900
19.731050
19.787050
19.805150
19.831100
19.843425
19.853475
19.872875
19.889600
19.941775
19.969825
20.096750
20.127625
20.143825
20.150925
20.167050
20.173700
20.179150
20.186825
20.213550
20.270675
20.286100
20.295550
20.326600
20.344550
20.406300
20.651725
20.704275
20.735625
20.752725
20.831350
20.895975
20.987450
21.014425
21.039425
21.112650
21.156650
21.179725
21.221425
21.265350
21.286125
21.291050
21.310200
21.391975
21.408450
21.468775
21.486075
21.546100
21.565725
21.589025
21.612975
21.662850
21.707775
21.719375
21.733475
21.736375
21.747550
21.798700
21.856425
21.877950
21.910500
21.943375
21.949350
22.034000
22.095125
22.117275
22.149775
22.163925
22.185825
22.218550
22.305200
22.381675
22.441825
22.469975
22.484375
22.519300
22.574150
22.586800
22.692475
22.721825
22.749600
22.816700
22.833475
22.849625
22.860025
22.869325
22.879975
22.890275
22.897075
22.930600
22.976875
23.000575
23.046475
23.073025
23.099700
23.136000
23.170950
23.261450
23.331425
23.369250
23.417825
23.430250
23.463675
23.485350
23.519725
23.536050
23.571275
23.586875
23.637325
23.686700
23.706700
23.731700
23.775100
23.868500
23.942975
23.975350
24.003425
24.022725
24.043225
24.094725
24.156900
24.178625
24.224100
24.247725
24.377325
24.431950
24.447975
24.475750
24.489625
24.510950
24.651150
24.689850
24.701425
24.736250
24.864175
24.905400
24.924550
24.940975
24.954475
24.965475
24.968075
24.977150
25.011250
25.081325
25.146800
25.165225
25.206025
25.244900
25.289450
25.358225
25.373375
25.405650
25.435675
25.482975
25.540275
25.561375
25.586050
25.646250
25.690750
25.718200
25.734775
25.766300
25.842600
26.008300
26.053800
26.087125
26.129075
26.147625
26.174700
26.229575
26.270100
26.443375
26.459700
26.630650
26.650350
26.673350
26.707525
26.729000
26.765775
26.814650
26.840975
26.877125
26.894800
26.955325
27.017875
27.035400
27.046750
27.066950
27.138150
27.151825
27.240375
27.315325
27.383725
27.403350
27.417550
27.434175
27.446750
27.457775
27.465225
27.524150
27.536300
27.609375
27.626225
27.704100
27.764375
27.806800
27.852700
27.879625
27.907750
27.921400
27.934550
27.976700
28.032850
28.078650
28.138750
28.153575
28.208325
28.241300
28.261450
28.305600
28.326325
28.353775
28.396750
28.407425
28.419900
28.449100
28.521675
28.528975
28.677275
28.712350
28.726125
28.750650
28.762975
28.822825
28.848875
28.860500
28.894300
28.896700
28.932100
28.975500
29.080800
29.100475
29.114250
29.136525
29.159225
29.166150
29.201650
29.210900
29.221550
29.231550
29.270925
29.331150
29.364300
29.381725
29.444650
29.476400
29.516925
29.612750
29.659625
29.696675
29.732900
29.786875
29.896950
29.899125
29.939150
29.971950
