0.025050
0.128975
0.307750
0.335425
0.435250
0.463025
0.532975
0.547725
0.571750
0.576850
0.597750
0.629125
0.693825
0.780250
0.806050
0.945075
1.025300
1.054150
1.160425
1.213925
1.264525
1.274075
1.329475
1.343750
1.348950
1.434050
1.467000
1.563825
1.579750
1.582750
1.648150
1.663600
1.684925
1.713575
1.773475
1.804700
1.893500
1.903725
2.075100
2.120675
2.157150
2.210300
2.217700
2.284700
2.293900
2.331525
2.387925
2.413300
2.476200
2.520350
2.543625
2.576000
2.629800
2.731800
2.800425
2.801850
2.936350
2.981150
3.221425
3.258875
3.269125
3.294000
3.389600
3.437150
3.455100
3.573800
3.638325
3.664950
3.733250
3.786625
3.805250
3.890750
3.974875
4.023100
4.048725
4.153725
4.266150
4.275075
4.325975
4.336075
4.424900
4.538450
4.550450
4.554175
4.592275
4.643850
4.694250
4.713475
4.769300
4.924100
4.945450
4.953725
4.961575
5.096350
5.104875
5.133200
5.241500
5.259075
5.270825
5.372525
5.433750
5.510850
5.562900
5.612450
5.665625
5.686675
5.699700
5.727450
5.767225
5.827450
5.844450
5.858125
5.864900
5.875825
5.888775
5.890050
5.895450
5.919250
5.951475
5.956625
6.019250
6.068025
6.070100
6.110250
6.133850
6.151575
6.240900
6.348950
6.398525
6.412025
6.497275
6.539275
6.564425
6.600775
6.739775
6.824850
6.849575
6.860400
6.881175
7.004525
7.041725
7.108775
7.136800
7.241675
7.300550
7.321325
7.327300
7.364150
7.408875
7.503825
7.509675
7.528800
7.533825
7.572100
7.629550
7.641700
7.667000
7.803875
7.947325
7.958500
7.981350
8.003275
8.085200
8.095725
8.117975
8.155825
8.179350
8.298600
8.351450
8.366050
8.388400
8.522750
8.558375
8.580050
8.609225
8.639375
8.643925
8.658275
8.682000
8.725300
8.775375
8.827525
8.858175
8.872825
8.961375
8.999050
9.029900
9.049800
9.062475
9.064450
9.144075
9.194325
9.231650
9.249600
9.364575
9.411475
9.425000
9.492325
9.514375
9.597650
9.613250
9.622575
9.638700
9.768625
9.818925
9.877850
9.897175
9.969125
9.970900
10.026575
10.071950
10.113825
10.182600
10.292400
10.405950
10.431175
10.488400
10.647100
10.691825
10.781650
10.790225
10.803600
10.980275
10.984175
10.992250
11.038225
11.082100
11.158800
11.165425
11.236375
11.266975
11.444625
11.491275
11.534800
11.548300
11.706125
11.716550
11.803450
11.819025
11.939075
11.986000
12.040550
12.087600
12.110125
12.268575
12.288125
12.331575
12.346625
12.469100
12.582875
12.594475
12.683625
12.771575
12.786725
12.821650
12.847050
12.966150
13.002450
13.017150
13.029050
13.043125
13.109950
13.138350
13.227950
13.263775
13.282375
13.427900
13.587975
13.621425
13.695975
13.707675
13.771225
13.796800
13.812875
13.836550
13.852825
13.942250
14.045150
14.259425
14.335275
14.375425
14.404050
14.437400
14.475475
14.493300
14.516975
14.518950
14.554350
14.568200
14.616800
14.649125
14.700600
14.746700
14.758300
14.777300
14.785550
14.813775
14.903675
14.980100
15.038400
15.045225
15.138025
15.227000
15.273000
15.344075
15.374275
15.376750
15.397575
15.496900
15.511750
15.514750
15.557825
15.602400
15.661775
15.727925
15.775025
15.834300
15.849850
15.889600
15.929050
15.943375
15.986000
16.022450
16.060800
16.107350
16.148325
16.197750
16.218550
16.227850
16.339850
16.376675
16.478725
16.569100
16.600300
16.636425
16.706350
16.884675
16.897350
16.933575
16.937675
16.949775
17.017600
17.030750
17.106175
17.179825
17.229950
17.301075
17.329950
17.369200
17.387000
17.464250
17.525950
17.541725
17.579550
17.621675
17.640100
17.705400
17.741000
17.792100
17.796525
17.821450
17.843975
17.969025
18.027075
18.079750
18.091250
18.093550
18.137775
18.223300
18.252125
18.274800
18.323625
18.359675
18.451450
18.562125
18.636575
18.708500
18.912275
18.963675
18.971325
19.026150
19.190875
19.224750
19.244450
19.317900
19.341700
19.384350
19.408650
19.429800
19.489925
19.506825
19.548050
19.577875
19.718500
19.720400
19.729150
19.876225
19.913525
20.007500
20.129875
20.149750
20.173975
20.212225
20.330525
20.347350
20.359950
20.365300
20.374050
20.392800
20.415650
20.454550
20.469975
20.478725
20.518625
20.686450
20.706325
20.840425
20.859825
20.955950
21.019250
21.046450
21.047625
21.124650
21.166650
21.306000
21.443250
21.491475
21.518525
21.584075
21.819700
21.867425
21.906175
21.947625
21.959275
22.031650
22.121125
22.139900
22.194525
22.207050
22.219925
22.224700
22.258525
22.286100
22.386200
22.574250
22.631325
22.650550
22.691675
22.767650
22.781900
22.927550
23.023575
23.080975
23.082950
23.151800
23.166475
23.224975
23.376750
23.430500
23.463675
23.549700
23.569125
23.616800
23.652675
23.671800
23.743625
23.803250
23.835475
23.878475
23.885325
23.931650
23.952400
23.955675
23.967050
23.992125
24.094450
24.115300
24.219525
24.282950
24.326050
24.331300
24.403625
24.537850
24.570450
24.582675
24.634475
24.670225
24.688125
24.691025
24.712200
24.757400
24.879925
24.894525
24.905350
25.007900
25.012600
25.015325
25.075275
25.093125
25.096300
25.124100
25.133325
25.136725
25.184275
25.194725
25.202225
25.270900
25.409850
25.438675
25.442650
25.478000
25.486825
25.547850
25.588600
25.608925
25.692225
25.724175
25.732175
25.737975
25.749400
25.759975
25.768975
25.799525
25.845825
25.890050
25.912450
26.041000
26.067250
26.083200
26.118625
26.142300
26.160050
26.183075
26.212150
26.214250
26.230075
26.295250
26.345975
26.357950
26.408850
26.415475
26.480350
26.502500
26.563650
26.633400
26.781925
26.845550
26.859125
26.881325
26.906325
26.967575
27.038425
27.080900
27.095500
27.321750
27.358650
27.401875
27.429525
27.433350
27.473050
27.482325
27.533525
27.555575
27.570725
27.592175
27.676500
27.692375
27.736150
27.762700
27.856375
27.876700
27.955275
28.038825
28.057650
28.159850
28.296200
28.374275
28.473550
28.481725
28.488700
28.503875
28.597850
28.621325
28.699350
28.723850
28.771500
28.781950
28.804525
28.858775
28.872750
28.888525
28.944075
28.953775
29.031500
29.039225
29.087525
29.090500
29.100525
29.154550
29.168425
29.202025
29.264925
29.314500
29.360425
29.367050
29.376500
29.408950
29.437275
29.461650
29.509000
29.549225
29.616525
29.652425
29.684525
29.831100
29.863350
29.945750
