0.022725
0.042225
0.116750
0.136500
0.218800
0.249200
0.459925
0.663225
0.670550
0.722225
0.788775
0.883800
0.885725
0.961825
0.996200
1.069975
1.301525
1.405450
1.529525
1.571400
1.756475
2.151675
2.294875
2.448575
2.584525
2.588375
2.641950
2.705975
2.774650
2.792825
2.853250
2.894825
3.032475
3.086125
3.193600
3.244025
3.257675
3.299200
3.479350
3.559175
3.571725
3.645175
3.788700
3.800000
3.854300
3.857325
3.904650
3.905900
3.982750
4.097075
4.242050
4.399225
4.438825
4.467400
4.688500
4.713450
4.772800
4.780150
4.852025
4.985325
5.077525
5.080150
5.214775
5.305575
5.453350
5.667925
5.838275
5.942950
6.012925
6.060600
6.197350
6.353525
6.529775
6.593200
6.618175
6.625750
7.157525
7.260425
7.477800
7.608700
7.642600
7.686225
7.742600
7.830025
7.874600
7.916950
7.956475
7.989525
8.198300
8.207550
8.327450
8.362000
8.370525
8.438725
8.483250
8.503625
8.649000
8.686450
8.720600
8.757550
8.933000
9.040075
9.089725
9.181900
9.237800
9.309750
9.320200
9.336975
9.362575
9.389500
9.437900
9.490800
9.602250
9.695100
9.736325
9.748950
9.825675
9.913325
9.965675
10.006300
10.030250
10.078800
10.087525
10.122425
10.172875
10.219600
10.257300
10.289650
10.307950
10.384100
10.438475
10.444600
10.557275
10.612325
10.747200
10.775800
10.803000
10.887825
10.935075
10.992950
11.031525
11.072200
11.109200
11.159575
11.260575
11.295000
11.362125
11.376100
11.438100
11.463325
11.472075
11.528325
11.531450
11.570700
11.649000
11.720875
11.733825
11.798425
11.875050
11.913750
11.922050
11.982275
12.081725
12.120925
12.226100
12.286275
12.336100
12.383275
12.469025
12.499075
12.514500
12.585800
12.648650
12.662450
12.678100
12.773600
12.780275
12.841425
12.889425
12.913250
13.019500
13.021925
13.065850
13.106900
13.193200
13.246500
13.297475
13.328300
13.362550
13.383650
13.427250
13.429400
13.499725
13.532325
13.572525
13.600450
13.620500
13.649825
13.673200
13.682150
13.814850
13.905150
14.021300
14.060625
14.066125
14.114725
14.154025
14.163925
14.211550
14.324000
14.330925
14.362200
14.374750
14.424050
14.461850
14.488425
14.536900
14.556125
14.588675
14.649950
14.736950
14.786350
14.853525
14.931075
15.102275
15.161250
15.215300
15.253700
15.310900
15.403525
15.436700
15.481000
15.506850
15.519325
15.582975
15.642475
15.802650
15.966550
16.041900
16.118725
16.135000
16.171825
16.213000
16.256250
16.306800
16.338725
16.361425
16.385700
16.395575
16.414450
16.463300
16.484050
16.490425
16.520900
16.552075
16.558300
16.595475
16.603100
16.668100
16.721050
16.745600
16.767625
16.817775
16.872025
16.922525
16.961825
17.020350
17.058125
17.059950
17.135750
17.197525
17.273725
17.365325
17.397950
17.433250
17.459025
17.531850
17.571550
17.676350
17.692575
17.746475
17.834125
17.853350
17.900025
17.907525
18.058275
18.099450
18.148700
18.181875
18.202075
18.253875
18.260150
18.300250
18.324650
18.434375
18.442600
18.514875
18.620225
18.710050
18.734700
18.790800
18.859450
18.944950
18.980775
18.983675
19.042575
19.119400
19.194750
19.230675
19.282325
19.284750
19.358850
19.380000
19.401600
19.449975
19.508725
19.572025
19.590325
19.717425
19.740825
19.827725
19.829000
19.874825
19.986075
20.003325
20.058050
20.075800
20.142400
20.157925
20.189325
20.280475
20.302025
20.390650
20.411600
20.437475
20.490500
20.565725
20.616350
20.637500
20.704475
20.756800
20.781200
20.802900
20.854650
20.909150
20.972950
21.084500
21.088325
21.127650
21.150050
21.192050
21.210400
21.260225
21.306950
21.366600
21.384500
21.503550
21.616025
21.639750
21.714275
21.950975
22.077575
22.151750
22.208975
22.287925
22.491425
22.520225
22.547275
22.762100
22.828600
22.880850
23.003750
23.150125
23.160700
23.226725
23.307325
23.349500
23.379250
23.436875
23.485675
23.527225
23.550300
23.605425
23.659700
23.699775
23.720850
23.775125
23.845100
23.917775
23.948025
23.964900
24.006000
24.034075
24.095900
24.111650
24.197925
24.365725
24.454000
24.520075
24.607775
24.647850
24.658800
24.767275
24.851050
24.856775
24.891450
24.902650
25.069225
25.218525
25.320950
25.352700
25.369375
25.434325
25.502200
25.527775
25.556750
25.576700
25.677700
25.740175
25.897100
25.931950
25.947050
25.982325
25.985750
26.107375
26.141275
26.181550
26.189100
26.217825
26.273550
26.323700
26.343400
26.399250
26.431350
26.436600
26.461950
26.568975
26.662050
26.690050
26.765275
26.862225
26.878125
26.903700
27.164925
27.213425
27.216675
27.230650
27.340400
27.395575
27.406675
27.441500
27.495175
27.535875
27.560600
27.594825
27.683225
27.791225
27.819825
27.822600
27.858275
27.933425
27.955875
27.986700
27.988250
28.019025
28.023650
28.065625
28.218900
28.274775
28.288000
28.293825
28.388550
28.438075
28.500575
28.604325
28.684775
28.762925
28.929550
28.961500
29.047125
29.070950
29.127625
29.210300
29.255900
29.309975
29.348400
29.440775
29.497275
29.557200
29.587600
29.703775
29.718525
29.825525
29.938150
