0.000450
0.016950
0.163075
0.216275
0.355000
0.456500
0.545275
0.685725
0.830050
0.878500
0.911625
0.921225
0.983400
1.000550
1.125800
1.147400
1.180375
1.256550
1.286300
1.445825
1.492200
1.559875
1.647300
1.697025
1.728600
1.777125
1.893650
2.133925
2.211750
2.275225
2.483800
2.541250
2.865300
3.001150
3.153025
3.301650
3.331200
3.413950
3.427075
3.484975
3.579150
3.620425
3.641875
3.799875
3.829125
4.097775
4.132325
4.167750
4.244125
4.326300
4.372800
4.925050
4.979550
5.206050
5.210675
5.243950
5.285250
5.303225
5.310925
5.399975
5.439725
5.467725
5.503450
5.532475
5.558175
5.629475
5.636950
5.642800
5.659150
5.673225
5.701075
5.861175
5.891750
5.917975
5.945525
5.963525
5.971275
5.990850
6.012500
6.064850
6.075825
6.094100
6.112625
6.165400
6.200675
6.245425
6.390225
6.461050
6.515325
6.523925
6.570650
6.610675
6.685150
6.702475
6.775675
6.887125
6.937725
7.042925
7.113500
7.543725
7.595450
7.642125
7.723850
7.759450
7.800025
7.824900
7.923500
7.936000
7.948925
7.957000
8.008200
8.031550
8.068825
8.088125
8.105850
8.227925
8.238675
8.339200
8.377650
8.395025
8.587725
8.603150
8.782450
9.148800
9.308425
9.326225
9.353800
9.408600
9.415075
9.433200
9.476200
9.624300
9.692625
9.698900
9.776750
9.904200
9.931975
10.067200
10.071000
10.142225
10.157025
10.284525
10.352725
10.360225
10.609375
10.705975
10.738975
10.831875
10.960375
11.040300
11.171950
11.203150
11.210625
11.258375
11.504775
11.538725
11.541825
11.578600
11.587100
11.782400
11.798725
11.827175
11.935500
11.979450
12.011275
12.028500
12.042200
12.083750
12.102775
12.130050
12.189125
12.219150
12.431675
12.479700
12.560525
12.742100
12.777550
12.791325
12.795275
12.828275
12.979900
13.200400
13.215475
13.348325
13.402650
13.634350
13.909425
13.961175
13.991250
14.064500
14.086200
14.152225
14.213725
14.288200
14.309675
14.328075
14.534875
14.626075
14.727050
14.742475
14.753650
14.769775
14.831800
14.883925
14.897500
14.910900
14.981275
14.992350
15.034175
15.165225
15.201275
15.241625
15.516350
15.627125
15.660800
15.676375
15.692625
15.749425
15.786500
15.834550
16.042600
16.244300
16.313025
16.464800
16.651375
16.714150
16.731500
16.857600
16.894300
17.309375
17.341825
17.344675
17.365875
17.410625
17.487550
17.600125
17.716875
17.843675
17.921400
17.950975
17.966425
18.016875
18.027100
18.255050
18.292675
18.318375
18.464050
18.494075
18.508750
18.519550
18.545225
18.553325
18.572200
18.591950
18.598575
18.628125
18.703825
18.714375
18.769550
18.792175
19.156700
19.311550
20.297325
20.396625
20.704400
20.712700
20.719650
20.747400
20.752275
20.758175
20.761725
20.776800
20.781975
20.843225
20.921075
20.943200
21.074675
21.096725
21.307125
21.388525
21.443350
21.479525
21.520300
21.580275
21.673000
22.232450
22.268550
22.271725
22.285725
22.299475
22.335325
22.350975
22.358500
22.373975
22.429500
22.649800
22.870600
23.059675
23.243275
23.265275
23.386250
23.530575
23.569925
23.619000
23.634550
23.680750
23.773475
23.848725
23.969325
24.034800
24.166900
24.208950
24.276375
24.461250
24.507050
24.755975
24.775800
24.795425
24.805100
25.017100
25.056775
25.295425
25.324300
25.337675
25.353975
25.379025
25.435300
25.450050
25.586400
25.636000
25.904750
25.918350
25.937475
25.952450
26.162425
26.248800
26.368525
26.894350
26.936025
27.268800
27.351925
27.471675
27.512600
27.576925
27.628450
27.927225
28.000800
28.062175
28.372950
28.938475
28.992500
29.020250
29.040425
29.523050
29.977650
