0.002750
0.021225
0.045825
0.058625
0.070525
0.083675
0.108525
0.127000
0.145925
0.193325
0.208950
0.228600
0.242300
0.250500
0.261150
0.280775
0.289550
0.307575
0.315800
0.335550
0.351925
0.373300
0.385200
0.402725
0.422375
0.473000
0.496075
0.510850
0.524350
0.539650
0.560350
0.585700
0.606025
0.619200
0.633250
0.649575
0.664575
0.682175
0.710050
0.734925
0.755050
0.769200
0.833075
0.864550
0.894500
0.908275
0.924725
0.945075
0.961750
0.978700
1.000425
1.020475
1.040325
1.052050
1.069000
1.083650
1.094025
1.108625
1.120125
1.129350
1.149725
1.162900
1.185325
1.203400
1.230925
1.270850
1.296350
1.316675
1.330550
1.339925
1.358200
1.371800
1.390275
1.406050
1.423200
1.445625
1.455875
1.470600
1.481775
1.495975
1.508400
1.518400
1.535050
1.549775
1.573550
1.589900
1.606875
1.633150
1.669800
1.699400
1.722850
1.748275
1.760500
1.786125
1.803050
1.818850
1.826200
1.835200
1.853050
1.881125
1.905375
1.929350
1.949300
1.970975
1.992050
2.018175
2.035350
2.070450
2.120125
2.149850
2.161275
2.178450
2.202175
2.219775
2.243775
2.263200
2.278500
2.289100
2.298850
2.314525
2.338875
2.354300
2.374275
2.388925
2.407500
2.422300
2.442825
2.476900
2.515450
2.526225
2.543350
2.555025
2.563850
2.575200
2.587800
2.595925
2.607175
2.639325
2.659950
2.676550
2.692225
2.718500
2.759625
2.792000
2.808225
2.827225
2.855725
2.875750
2.889025
2.904625
2.922150
2.932675
2.946075
2.959450
2.976075
2.987200
3.003000
3.012000
3.030275
3.044825
3.076575
3.109425
3.136425
3.147950
3.165000
3.178075
3.201425
3.225050
3.242900
3.258375
3.272625
3.291375
3.313175
3.334475
3.355300
3.366900
3.390000
3.404100
3.418600
3.426625
3.437825
3.444225
3.462850
3.472650
3.489250
3.497675
3.516625
3.534700
3.557850
3.575075
3.605775
3.631225
3.660675
3.672900
3.687600
3.708475
3.728400
3.755550
3.769600
3.777625
3.797625
3.810300
3.824200
3.839700
3.850350
3.870700
3.877975
3.893025
3.901975
3.911700
3.935000
3.953250
3.965650
3.984400
4.003425
4.014575
4.036850
4.055475
4.075100
4.090000
4.099900
4.130925
4.148675
4.166100
4.202300
4.213950
4.225975
4.241025
4.260300
4.277950
4.296750
4.312650
4.336875
4.352400
4.364950
4.388500
4.418525
4.445375
4.465225
4.475075
4.493025
4.506575
4.517750
4.534250
4.546450
4.552975
4.570975
4.623775
4.647125
4.661175
4.674550
4.683675
4.709700
4.732525
4.770500
4.805750
4.821850
4.831500
4.844625
4.865550
4.878575
4.888800
4.898825
4.916100
4.930850
4.951475
4.966900
4.981425
5.005600
5.025175
5.035100
5.058025
5.069250
5.091150
5.105225
5.128550
5.147225
5.166200
5.188125
5.211175
5.240925
5.287825
5.310025
5.324000
5.336550
5.361450
5.377450
5.392100
5.409000
5.430425
5.453400
5.464750
5.478875
5.504825
5.521800
5.535050
5.549975
5.560575
5.582925
5.595800
5.624500
5.638350
5.666275
5.710575
5.753600
5.773150
5.787775
5.796300
5.812675
5.837700
5.854750
5.877925
5.907700
5.932525
5.951575
5.966225
5.983650
5.996050
6.021375
6.047050
6.058925
6.079250
6.086250
6.107325
6.117075
6.137975
6.158675
6.181575
6.206050
6.228550
6.251250
6.264575
6.279800
6.307550
6.330600
6.347800
6.367100
6.382725
6.394325
6.403800
6.418725
6.430425
6.464150
6.488900
6.504200
6.530625
6.566400
6.583925
6.605250
6.621375
6.638350
6.653475
6.674925
6.695250
6.707200
6.726875
6.740550
6.754350
6.770850
6.797650
6.828125
6.851825
6.883650
6.904775
6.927650
6.945175
6.965775
6.984100
6.991425
7.006925
7.029275
7.045300
7.064725
7.076925
7.085600
7.101500
7.118200
7.135500
7.179500
7.216250
7.247650
7.263950
7.275575
7.293175
7.317725
7.343025
7.356100
7.372750
7.388900
7.403650
7.425875
7.439825
7.460425
7.480150
7.503550
7.520025
7.534775
7.556625
7.570500
7.596750
7.618700
7.647200
7.667375
7.692625
7.714425
7.729850
7.747400
7.765400
7.780300
7.802150
7.814900
7.842050
7.862575
7.894975
7.917225
7.945800
8.021150
8.048325
8.068275
8.092600
8.105200
8.120975
8.141275
8.160300
8.177750
8.197850
8.213700
8.228675
8.251575
8.269300
8.283325
8.306350
8.316100
8.327900
8.338975
8.362725
8.383800
8.404950
8.429125
8.476550
8.488750
8.518375
8.559825
8.579500
8.592750
8.601875
8.625225
8.634025
8.655225
8.666825
8.681300
8.700425
8.715750
8.733925
8.759900
8.780125
8.800400
8.820800
8.837650
8.853000
8.869100
8.882475
8.901325
8.916975
8.931800
8.948700
8.975100
9.002225
9.027275
9.053550
9.091200
9.107975
9.130900
9.147025
9.166325
9.183150
9.216975
9.235525
9.254225
9.261950
9.273750
9.306550
9.317425
9.348500
9.361400
9.374325
9.391325
9.406325
9.426025
9.451000
9.490250
9.514125
9.550725
9.580400
9.607525
9.623125
9.641350
9.659200
9.666075
9.683475
9.694350
9.705900
9.719125
9.729800
9.764925
9.780825
9.801625
9.827350
9.849575
9.872000
9.908275
9.932225
9.959300
9.973050
9.985775
9.999200
10.015675
10.049700
10.070825
10.088100
10.108175
10.128600
10.139100
10.153175
10.165250
10.179025
10.191750
10.204650
10.226075
10.275550
10.279350
10.308300
10.325350
10.343125
10.361175
10.377725
10.394650
10.407600
10.437900
10.460925
10.489275
10.510575
10.524875
10.541975
10.561950
10.581150
10.607250
10.642050
10.655950
10.658850
10.697375
10.714200
10.737350
10.777525
10.795250
10.810025
10.825900
10.843025
10.857700
10.878300
10.945000
10.958150
10.989900
11.019550
11.037550
11.056300
11.066450
11.072925
11.077575
11.088600
11.101600
11.115850
11.135025
11.152475
11.164200
11.205425
11.215725
11.233475
11.271825
11.322475
11.340125
11.358800
11.372500
11.378725
11.394350
11.406750
11.412800
11.439450
11.466375
11.486000
11.509425
11.520925
11.537025
11.558375
11.580200
11.603150
11.618100
11.634375
11.647475
11.671100
11.699025
11.720350
11.753875
11.774650
11.786475
11.815975
11.828700
11.837750
11.858300
11.871775
11.882125
11.897325
11.911625
11.926650
11.947000
11.958775
11.973525
12.001925
12.039625
12.055825
12.073100
12.089925
12.105925
12.127975
12.139075
12.153250
12.181225
12.199875
12.217625
12.233200
12.252025
12.271150
12.288175
12.304925
12.319850
12.343575
12.358675
12.381775
12.397300
12.409525
12.421725
12.441575
12.452800
12.468350
12.489100
12.508150
12.536125
12.549175
12.562400
12.587875
12.601950
12.631700
12.651350
12.668550
12.679250
12.697775
12.712700
12.735000
12.751500
12.767900
12.794575
12.828700
12.858275
12.869200
12.886275
12.910275
12.938200
12.953925
12.971375
12.980325
12.997875
13.018350
13.032000
13.043950
13.073800
13.102275
13.129925
13.161700
13.180150
13.199875
13.219350
13.227150
13.249050
13.270325
13.309475
13.323600
13.343400
13.363725
13.402650
13.412050
13.426525
13.449825
13.464950
13.521200
13.539550
13.550625
13.569450
13.586400
13.595225
13.609275
13.624950
13.644650
13.663375
13.685950
13.697800
13.716750
13.737925
13.749600
13.769475
13.787275
13.808650
13.828025
13.841925
13.869600
13.884525
13.908500
13.936200
13.962850
13.980075
13.996100
14.012625
14.037275
14.066950
14.088675
14.097850
14.120350
14.144925
14.165775
14.179125
14.202425
14.219375
14.232175
14.238325
14.250175
14.266900
14.288375
14.308575
14.334550
14.362900
14.408175
14.439900
14.457875
14.473025
14.496075
14.520400
14.538625
14.557425
14.563575
14.582000
14.597950
14.620400
14.628275
14.636875
14.646050
14.671700
14.695350
14.711300
14.722675
14.740175
14.753150
14.774475
14.789400
14.806775
14.837575
14.851175
14.876725
14.901225
14.914050
14.922150
14.931250
14.954650
14.965075
14.988025
15.001075
15.010275
15.032200
15.046225
15.058525
15.068300
15.079450
15.096350
15.116050
15.151075
15.156625
15.202325
15.235650
15.250450
15.269975
15.288350
15.305775
15.322800
15.332025
15.341625
15.359700
15.370650
15.381150
15.403575
15.418650
15.424600
15.448100
15.455600
15.478650
15.505625
15.533225
15.563450
15.589825
15.605250
15.616525
15.633900
15.647950
15.662975
15.676400
15.694125
15.710300
15.717850
15.742100
15.751500
15.775300
15.808600
15.827725
15.840275
15.852675
15.865100
15.880975
15.895775
15.923225
15.953950
15.971150
15.990450
16.016600
16.028400
16.046100
16.067000
16.083825
16.096675
16.104275
16.116850
16.130750
16.144825
16.156425
16.167075
16.177000
16.202125
16.219400
16.251025
16.282950
16.304750
16.319200
16.342250
16.408375
16.422850
16.436250
16.451550
16.465150
16.486700
16.500275
16.511850
16.525475
16.544050
16.555900
16.562325
16.581875
16.593800
16.613375
16.632150
16.652100
16.673900
16.682675
16.714025
16.732100
16.778775
16.821975
16.834250
16.844175
16.851550
16.864325
16.878250
16.886175
16.897650
16.906175
16.945500
16.967650
17.002775
17.048350
17.090200
17.127100
17.139950
17.148725
17.157675
17.170750
17.184900
17.190900
17.209075
17.219275
17.236775
17.251125
17.264125
17.274700
17.282575
17.301925
17.313575
17.328825
17.349250
17.366525
17.399400
17.426275
17.456475
17.499125
17.547100
17.566775
17.580775
17.595700
17.614775
17.636325
17.650000
17.660700
17.671025
17.683600
17.709200
17.729125
17.750350
17.776800
17.790175
17.806600
17.821125
17.840450
17.860175
17.879925
17.893525
17.906800
17.927550
17.955500
17.982900
18.023825
18.070550
18.094350
18.108475
18.125725
18.145100
18.150125
18.160250
18.179825
18.194025
18.210250
18.225875
18.244875
18.273000
18.289000
18.298625
18.319100
18.341025
18.361425
18.372900
18.387175
18.398950
18.412625
18.427525
18.433825
18.446550
18.466775
18.483825
18.511000
18.525425
18.548175
18.588325
18.607000
18.627575
18.637750
18.653775
18.672125
18.685950
18.706075
18.718950
18.731275
18.750125
18.764425
18.780350
18.799875
18.821575
18.841750
18.858525
18.887675
18.916175
18.998375
19.020775
19.027575
19.050600
19.068875
19.085600
19.105325
19.120125
19.145275
19.161675
19.182350
19.190150
19.208025
19.230075
19.247250
19.260575
19.282325
19.297350
19.308175
19.328750
19.339950
19.364275
19.398100
19.424200
19.441100
19.461075
19.465675
19.489900
19.504600
19.515900
19.532875
19.544900
19.559700
19.584250
19.598000
19.611900
19.628225
19.662525
19.670300
19.682775
19.703550
19.715425
19.729725
19.765800
19.791725
19.844975
19.869500
19.883625
19.898400
19.914750
19.937825
19.957925
19.970725
19.989650
20.007850
20.019475
20.031375
20.040600
20.057500
20.074275
20.093375
20.103350
20.117275
20.140400
20.157575
20.175600
20.194050
20.214600
20.229550
20.271550
20.297500
20.324650
20.336875
20.350250
20.363125
20.385050
20.406600
20.431925
20.462600
20.480925
20.514400
20.533950
20.551875
20.567200
20.580500
20.595175
20.609275
20.621700
20.635450
20.652925
20.666775
20.685875
20.707475
20.721925
20.737750
20.741550
20.747425
20.768250
20.789375
20.807825
20.824825
20.842100
20.854575
20.877000
20.897375
20.915275
20.966475
20.989350
21.003075
21.021150
21.050175
21.075925
21.097725
21.111700
21.121975
21.129025
21.137925
21.157525
21.171475
21.184125
21.206100
21.224500
21.236900
21.255825
21.273425
21.293875
21.304875
21.318025
21.327925
21.338200
21.350125
21.365875
21.390550
21.421300
21.437750
21.450150
21.464675
21.490525
21.506075
21.516275
21.529925
21.548675
21.554625
21.571600
21.589375
21.623425
21.656250
21.672300
21.692975
21.714550
21.730200
21.742550
21.752725
21.771800
21.786475
21.796700
21.807575
21.814525
21.831150
21.853375
21.881925
21.904500
21.925450
21.956725
21.973325
21.988950
22.006000
22.035150
22.075525
22.089800
22.116575
22.135850
22.146075
22.159100
22.167850
22.182175
22.191950
22.201550
22.215175
22.226425
22.243475
22.258325
22.282675
22.301775
22.322700
22.357700
22.377350
22.404975
22.420575
22.442550
22.460125
22.477250
22.494600
22.506725
22.523150
22.538150
22.554700
22.572125
22.596150
22.622975
22.658375
22.688675
22.750725
22.772700
22.790375
22.806825
22.818025
22.828725
22.845150
22.869350
22.890000
22.899125
22.909200
22.922025
22.936375
22.948925
22.959350
22.978050
22.996900
23.007200
23.034875
23.063550
23.083250
23.094625
23.109075
23.137025
23.166800
23.199850
23.234350
23.261850
23.277025
23.286925
23.309025
23.328425
23.353175
23.369375
23.388750
23.400150
23.411650
23.434450
23.448875
23.455975
23.470925
23.486725
23.501950
23.518925
23.527075
23.540575
23.555175
23.570975
23.584500
23.619775
23.658025
23.669350
23.687225
23.706250
23.722400
23.743575
23.752775
23.769200
23.779975
23.792200
23.808500
23.833575
23.848850
23.872375
23.910300
23.962800
24.001575
24.020250
24.037825
24.063400
24.084075
24.099550
24.115750
24.132625
24.138150
24.150000
24.160050
24.178750
24.185825
24.203300
24.215800
24.222025
24.248975
24.269400
24.283100
24.301675
24.314650
24.340900
24.367600
24.393750
24.419850
24.429200
24.443150
24.455100
24.478925
24.487925
24.507475
24.519050
24.535575
24.569775
24.581775
24.590300
24.603575
24.623350
24.646300
24.662725
24.675550
24.685550
24.699900
24.714225
24.725275
24.738375
24.751225
24.770775
24.788675
24.801100
24.854350
24.890450
24.910975
24.932175
24.951925
24.970700
24.980500
24.989875
25.004250
25.012025
25.020900
25.037125
25.056525
25.066475
25.089200
25.100675
25.107475
25.123275
25.129975
25.145300
25.156400
25.163050
25.174925
25.203500
25.218275
25.233950
25.252625
25.261400
25.279225
25.295050
25.301650
25.308675
25.316375
25.321225
25.326750
25.339825
25.361225
25.380550
25.393200
25.402400
25.411300
25.425150
25.446675
25.458425
25.470100
25.487875
25.499925
25.509925
25.526675
25.534575
25.545850
25.564800
25.579875
25.601625
25.623975
25.639550
25.655600
25.671125
25.678800
25.687925
25.704200
25.716950
25.731900
25.744725
25.757650
25.770775
25.790500
25.811375
25.821475
25.832925
25.846675
25.873600
25.895975
25.907525
25.926075
25.939900
25.945175
25.956900
25.973700
25.986300
25.999275
26.016350
26.038750
26.064375
26.082175
26.092050
26.115775
26.142950
26.157525
26.171100
26.182875
26.196175
26.212675
26.222825
26.237300
26.251575
26.267925
26.288175
26.300050
26.322325
26.338850
26.360250
26.384825
26.399275
26.431025
26.443175
26.475725
26.527675
26.542525
26.558200
26.571800
26.581000
26.585450
26.598650
26.611400
26.624400
26.634450
26.646200
26.660250
26.678725
26.694025
26.705050
26.720525
26.738425
26.755650
26.769275
26.793450
26.822975
26.850925
26.868875
26.897675
26.943100
26.954225
26.974975
26.984350
26.997775
27.014950
27.028100
27.039600
27.055350
27.069500
27.096525
27.122200
27.140375
27.162025
27.178975
27.212300
27.228200
27.255850
27.280800
27.305500
27.332650
27.349400
27.369125
27.388375
27.406425
27.418325
27.428875
27.443525
27.458925
27.475500
27.488150
27.511275
27.532850
27.552500
27.560950
27.583825
27.601850
27.618575
27.640300
27.662375
27.682475
27.710200
27.725975
27.751175
27.790275
27.829175
27.851600
27.873700
27.891800
27.902625
27.909825
27.923325
27.939250
27.954750
27.980750
27.988075
28.006300
28.017450
28.023625
28.034525
28.046625
28.057800
28.071500
28.088725
28.111050
28.123350
28.141700
28.161775
28.177950
28.194350
28.213850
28.241350
28.262200
28.292150
28.359300
28.374250
28.399875
28.421450
28.424550
28.452525
28.467125
28.483025
28.493150
28.507700
28.518950
28.527325
28.539800
28.554750
28.565700
28.584175
28.601125
28.616050
28.642175
28.658675
28.707425
28.729950
28.750100
28.768600
28.790025
28.822625
28.839600
28.854875
28.863900
28.871525
28.889725
28.911150
28.926675
28.945350
28.954650
28.971500
28.980750
28.991550
29.005825
29.016900
29.030825
29.048975
29.063575
29.071325
29.098375
29.137775
29.156925
29.175400
29.192650
29.219825
29.236650
29.248975
29.264325
29.275350
29.289575
29.312600
29.326900
29.335425
29.354200
29.368325
29.392925
29.409225
29.419700
29.443025
29.462575
29.485550
29.544025
29.560575
29.571675
29.598725
29.613100
29.634200
29.648325
29.653600
29.677800
29.691750
29.706650
29.716050
29.746125
29.757775
29.769350
29.796525
29.814800
29.830850
29.849375
29.875375
29.899300
29.918400
29.942475
