0.130050
0.234475
0.249725
0.262625
0.321950
0.351500
0.408125
0.448525
0.472975
0.491800
0.506325
0.559175
0.766950
0.809325
0.906775
0.961725
0.982400
1.011725
1.057800
1.128625
1.157875
1.186300
1.263100
1.308675
1.340000
1.397475
1.462350
1.513700
1.547100
1.560900
1.576825
1.596650
1.630075
1.643300
1.669375
1.735425
1.760575
1.810925
1.977250
2.003650
2.020475
2.151125
2.182600
2.294725
2.339000
2.435300
2.450000
2.497850
2.574375
2.648350
2.724775
2.753800
2.777575
2.806400
2.853650
2.869225
2.972175
2.987625
3.001575
3.316400
3.333400
3.414775
3.460575
3.478125
3.508400
3.539400
3.556350
3.580900
3.597325
3.630550
3.683725
3.749750
3.762500
3.829500
3.883825
3.979475
4.031050
4.055300
4.072325
4.139450
4.186900
4.245600
4.259075
4.304725
4.354200
4.437850
4.560575
4.675800
4.778625
4.837100
4.850250
4.880225
5.040250
5.084900
5.117050
5.184725
5.322850
5.422775
5.550775
5.579800
5.607150
5.656175
5.703650
5.761800
5.810050
5.845600
6.052075
6.130425
6.158100
6.178200
6.226375
6.244600
6.265575
6.274800
6.324000
6.462250
6.509575
6.553975
6.782350
6.825250
6.892875
6.964575
7.183425
7.199675
7.315125
7.425375
7.480825
7.496750
7.633425
7.660625
7.672500
7.705350
7.720275
7.835825
7.940400
7.969650
8.028425
8.096300
8.180000
8.196400
8.219250
8.256325
8.307875
8.423075
8.530550
8.630450
8.638250
8.718125
8.808600
8.992875
9.244325
9.258425
9.356750
9.625400
9.695425
9.727050
9.806225
9.888625
9.918900
9.951900
10.005450
10.018825
10.065550
10.115200
10.179950
10.197200
10.229850
10.382375
10.514925
10.655625
10.673675
10.686700
10.763225
10.803375
10.816700
10.866700
10.936450
10.981875
11.073150
11.254975
11.290375
11.304425
11.546550
11.578350
11.671750
11.725725
11.786700
11.840750
11.879725
12.021650
12.142775
12.204450
12.364925
12.564750
12.595000
12.672450
12.729725
12.810475
12.992750
13.028675
13.064100
13.096000
13.134725
13.260975
13.414450
13.471750
13.482050
13.511125
13.775800
13.972450
14.020225
14.038925
14.061275
14.159500
14.271625
14.299725
14.315975
14.333050
14.366375
14.369925
14.381825
14.400350
14.634000
14.709425
14.769100
14.805425
14.945800
15.006875
15.015100
15.094200
15.168875
15.331225
15.345250
15.375175
15.404075
15.509825
15.581700
15.595375
15.634525
15.866975
15.892925
15.990125
16.048125
16.185550
16.245075
16.289200
16.363300
16.377625
16.437825
16.491925
16.640825
16.711825
16.886075
16.922300
16.933500
16.996850
17.071950
17.156450
17.167700
17.310100
17.321525
17.524600
17.638250
17.688475
18.107075
18.276900
18.323575
18.349900
18.496050
18.548375
18.562700
18.593275
18.661125
18.695700
18.858075
18.908250
18.936750
18.975200
19.036975
19.129425
19.208600
19.225075
19.284900
19.352725
19.495575
19.624225
19.637950
19.653775
19.668525
19.784200
19.836125
19.936850
19.979275
19.984175
20.053325
20.061575
20.087250
20.190050
20.255925
20.278900
20.496600
20.544625
20.608775
20.737750
20.781550
20.815000
20.898425
20.928400
20.960525
21.020125
21.123175
21.138350
21.302100
21.314625
21.418850
21.452500
21.648700
21.711550
21.919550
21.938200
22.047575
22.081325
22.122250
22.183225
22.249075
22.311500
22.341900
22.372925
22.611900
22.642300
22.838975
22.930075
22.953100
22.965525
23.043925
23.089075
23.120125
23.152375
23.224700
23.389000
23.404375
23.470450
23.486750
23.564675
23.634950
23.715150
23.743550
23.773025
23.820000
23.922400
23.936450
24.041650
24.186600
24.214825
24.293325
24.488475
24.689900
24.717575
24.767675
24.851000
24.927250
24.942300
24.946575
24.979300
25.010900
25.062400
25.109575
25.264775
25.272225
25.452825
25.464550
25.532425
25.568450
25.743125
25.782325
25.937700
25.972850
26.002800
26.017625
26.052075
26.139225
26.239575
26.283200
26.339650
26.404625
26.418975
26.526625
26.622500
26.670225
26.711875
26.728975
26.845450
26.999775
27.017350
27.033075
27.048650
27.100775
27.305400
27.312200
27.452100
27.467575
27.555325
27.587150
27.675250
27.689075
27.774625
27.824400
27.857425
27.922425
27.954100
27.968825
28.123275
28.171400
28.281975
28.316600
28.410825
28.442900
28.577350
28.672625
28.902775
28.935200
29.184175
29.196525
29.266800
29.319675
29.378300
29.459225
29.503825
29.538450
29.678725
29.790750
29.871425
29.905925
29.953200
29.971025
29.978875
