0.108825
0.308275
0.736875
0.755100
0.858600
0.936300
1.000500
1.016075
1.423575
1.510425
1.604450
1.680350
1.796225
1.813000
1.935375
2.158500
2.392800
2.563150
2.581650
2.654350
2.673850
2.686800
2.832225
2.847100
3.168675
3.260950
3.429300
3.466475
3.515175
3.526550
3.563900
3.652400
3.658175
3.669225
3.837550
3.983950
4.083575
4.322875
4.693100
4.790850
4.832825
4.985800
5.001925
5.011050
5.099325
5.151500
5.359625
5.571975
5.671350
5.936900
5.994200
6.007350
6.112600
6.191300
6.258800
6.273800
6.604725
6.636300
6.652300
6.661725
6.816400
6.896800
7.160950
7.163175
7.245625
7.432625
7.534950
7.545350
7.556025
7.748500
7.762525
7.782525
7.953275
8.253300
8.341325
8.419175
8.577450
8.591725
8.682825
8.824275
8.834375
8.845175
8.861650
9.037975
9.206425
9.344025
9.493475
9.504575
9.528575
9.629825
9.725375
9.758875
9.878750
9.887175
9.897000
9.948850
10.098700
10.167300
10.262175
10.270100
10.274725
10.284825
10.295625
10.367175
10.415025
10.430050
10.984600
11.118600
11.176025
11.206225
11.466725
11.483700
11.608325
11.721775
11.785700
11.868500
11.879375
12.046950
12.064425
12.158200
12.323625
12.332700
12.346225
12.358125
12.453150
12.621075
12.711650
12.730925
12.777775
12.788600
12.901150
12.971400
13.157050
13.246425
13.279725
13.327075
13.426625
13.727950
13.733050
14.046600
14.140675
14.251875
14.310650
14.372600
14.529075
14.662775
14.881575
15.272825
15.525100
15.862925
15.933725
15.940400
15.956100
16.049725
16.150175
16.165100
16.268925
16.456725
16.465225
16.471625
16.629500
16.646175
16.902525
16.930750
17.081700
17.192200
17.201525
17.415500
17.428850
17.508450
17.690325
17.723375
17.812950
17.985025
17.999900
18.107725
18.134350
18.320250
18.337550
18.351175
18.451800
18.507225
18.517225
18.529675
18.618200
18.809275
18.911625
19.029400
19.295200
19.474500
19.931350
19.947450
20.026975
20.208275
20.298275
20.392050
20.564350
20.579325
20.597175
20.653850
20.663575
20.676700
20.920200
20.947750
20.952350
21.048400
21.063500
21.121825
21.243575
21.276450
21.399050
21.589525
21.676400
21.779750
21.792025
21.803700
21.981450
22.196975
22.218975
22.374650
22.768625
22.955500
22.965450
23.240875
23.369200
23.386775
23.671625
23.688225
23.700700
24.073650
24.233875
24.245700
24.413925
24.686475
24.848175
25.026825
25.047675
25.071650
25.513975
25.543925
25.804700
26.020825
26.039125
26.049775
26.058025
26.131125
26.263625
26.286200
26.310325
26.435175
26.788675
26.903875
27.041625
27.415300
27.633850
27.641875
27.680800
27.749750
28.025575
28.029700
28.037225
28.250875
28.421825
28.577125
28.690900
28.860300
28.891325
28.916775
28.922700
29.054025
29.090075
29.148525
29.749250
29.981550
