0.010725
0.025725
0.060200
0.079425
0.095775
0.110900
0.126500
0.146425
0.152975
0.163775
0.179550
0.190375
0.200825
0.206800
0.222600
0.232125
0.242625
0.255125
0.263800
0.274975
0.280675
0.295025
0.310650
0.320125
0.323625
0.337100
0.343575
0.353725
0.362925
0.425575
0.437750
0.446775
0.455100
0.463450
0.475850
0.486100
0.500950
0.513100
0.526225
0.534850
0.546950
0.557350
0.565775
0.576450
0.585975
0.596900
0.610025
0.618450
0.628775
0.639900
0.666675
0.681600
0.698750
0.718250
0.733075
0.747125
0.779125
0.841000
0.852625
0.865225
0.876925
0.883725
0.891050
0.898725
0.905650
0.921600
0.932925
0.941975
0.947425
0.961225
0.972250
0.982125
0.997100
1.006825
1.014100
1.025450
1.032775
1.043675
1.050450
1.062200
1.076900
1.087725
1.102200
1.121375
1.133400
1.178700
1.189275
1.193800
1.210025
1.224800
1.241900
1.249425
1.260275
1.269025
1.275925
1.280100
1.292725
1.302050
1.311175
1.323850
1.334500
1.343975
1.349800
1.363375
1.378550
1.383100
1.400875
1.409075
1.424550
1.434125
1.444700
1.461250
1.475725
1.496425
1.511825
1.521500
1.532775
1.568850
1.586375
1.597300
1.616575
1.625075
1.634475
1.645675
1.658050
1.667425
1.679175
1.689200
1.700075
1.710725
1.721525
1.732175
1.743800
1.758450
1.763225
1.769775
1.776775
1.783275
1.791925
1.800600
1.807150
1.818075
1.830900
1.836300
1.842550
1.849450
1.860400
1.863725
1.871425
1.879825
1.890150
1.897675
1.912675
1.922125
1.932300
1.936025
1.944850
1.956675
1.964975
1.977550
1.989275
1.997950
2.003600
2.020150
2.036150
2.049125
2.060575
2.079375
2.090750
2.113400
2.125775
2.142525
2.158050
2.168625
2.218750
2.231150
2.240375
2.250050
2.258575
2.266600
2.278275
2.288425
2.305175
2.319650
2.327475
2.338700
2.358675
2.378975
2.395075
2.422025
2.452225
2.479150
2.530925
2.546925
2.551100
2.571300
2.585900
2.603325
2.615550
2.628375
2.641150
2.654225
2.673700
2.689750
2.715225
2.728525
2.741900
2.759150
2.853450
2.867400
2.875500
2.887675
2.898875
2.911375
2.928375
2.939100
2.955875
2.973125
2.991475
3.001825
3.027550
3.039100
3.061200
3.093675
3.142350
3.152775
3.162650
3.174550
3.194475
3.208525
3.223200
3.245900
3.261025
3.274875
3.293450
3.314150
3.331125
3.356650
3.386525
3.411525
3.435000
3.461900
3.482950
3.503925
3.554625
3.581825
3.594625
3.610525
3.636625
3.642550
3.669325
3.696575
3.719700
3.734625
3.788250
3.802400
3.816100
3.841075
3.866025
3.878950
3.905050
3.925450
3.941725
3.962475
3.987775
4.093925
4.122600
4.137225
4.152075
4.157900
4.172275
4.180075
4.192350
4.207775
4.216300
4.232225
4.243775
4.259700
4.277975
4.293225
4.328150
4.350675
4.380375
4.401450
4.415275
4.523025
4.543900
4.580700
4.606125
4.619450
4.634050
4.646200
4.661900
4.685525
4.706500
4.721625
4.731925
4.753750
4.775775
4.787425
4.798550
4.803850
4.818925
4.831075
4.847850
4.861850
4.878250
4.896025
4.918950
4.955375
4.979675
5.100500
5.113500
5.131175
5.156900
5.174050
5.187175
5.198700
5.212325
5.223775
5.234750
5.249950
5.257825
5.269600
5.285275
5.297125
5.304550
5.323650
5.334375
5.348850
5.368275
5.382800
5.397125
5.411700
5.422350
5.454675
5.543050
5.561700
5.577300
5.587075
5.598550
5.606725
5.622125
5.634050
5.646575
5.662050
5.673325
5.697275
5.714250
5.730475
5.751225
5.774325
5.804050
5.861175
5.928925
5.945250
5.968925
5.982850
5.994825
6.003725
6.018400
6.028850
6.039750
6.062425
6.076800
6.094050
6.111325
6.142025
6.157650
6.174150
6.247250
6.286125
6.300475
6.310600
6.320125
6.346050
6.364600
6.372400
6.386475
6.396450
6.410525
6.421450
6.441675
6.463250
6.479525
6.495900
6.518300
6.524825
6.552150
6.571025
6.598650
6.687650
6.698250
6.709075
6.724375
6.738425
6.749100
6.760350
6.774900
6.788250
6.801825
6.810200
6.826175
6.837775
6.853025
6.872375
6.893625
6.918500
6.936425
6.959900
6.979350
6.993025
7.021900
7.130700
7.151425
7.161550
7.169900
7.184300
7.202325
7.217600
7.232825
7.248975
7.267050
7.281150
7.296675
7.311875
7.327150
7.347725
7.390875
7.404925
7.431800
7.452250
7.486150
7.594375
7.616300
7.628900
7.646500
7.686125
7.731775
7.744300
7.763475
7.784925
7.798000
7.825125
7.837125
7.847175
7.867000
7.886025
7.905275
7.921400
7.960550
8.004450
8.052400
8.078850
8.206450
8.221900
8.253425
8.275350
8.302300
8.324575
8.344850
8.354275
8.373450
8.392425
8.403775
8.414050
8.425125
8.442350
8.455900
8.490550
8.541600
8.571150
8.604975
8.667975
8.684925
8.704500
8.719500
8.730175
8.745975
8.778325
8.799375
8.831750
8.860925
8.883875
8.908475
8.944800
8.973025
8.998225
9.019275
9.044475
9.079525
9.097375
9.109325
9.145425
9.153250
9.178050
9.200550
9.214475
9.239750
9.273850
9.325300
9.373075
9.461250
9.492200
9.531675
9.546450
9.557100
9.579325
9.596425
9.633300
9.647975
9.660750
9.671975
9.682950
9.695125
9.701725
9.716125
9.743625
9.769550
9.814600
9.893975
9.922950
9.931725
9.941200
9.957075
9.969125
9.981550
9.996525
10.008875
10.024325
10.038600
10.050825
10.071375
10.081525
10.095550
10.105625
10.122250
10.136800
10.151050
10.158150
10.174800
10.188675
10.205325
10.232950
10.252325
10.277800
10.316675
10.406175
10.422975
10.437475
10.448525
10.465275
10.488850
10.505900
10.523400
10.535050
10.558425
10.588875
10.606475
10.623800
10.634775
10.648725
10.665450
10.686725
10.711925
10.725900
10.738150
10.767550
10.784925
10.810525
10.832425
10.844800
10.872725
10.891875
10.992550
11.016025
11.034850
11.047925
11.059950
11.073725
11.093475
11.105550
11.120075
11.138475
11.163175
11.173150
11.188325
11.212400
11.224025
11.242075
11.260750
11.285475
11.302425
11.319700
11.341550
11.363725
11.391300
11.413450
11.441525
11.454150
11.570425
11.590625
11.613375
11.631425
11.649100
11.663700
11.681675
11.705825
11.728575
11.744025
11.757675
11.771850
11.784875
11.800225
11.817700
11.835550
11.849850
11.863975
11.880675
11.903250
11.908825
11.931550
11.970725
12.021800
12.032750
12.163450
12.204900
12.216225
12.242125
12.267500
12.282825
12.298850
12.309900
12.330475
12.348775
12.366600
12.382850
12.392800
12.405500
12.419450
12.432700
12.455675
12.481350
12.498925
12.527325
12.540825
12.575850
12.701825
12.723100
12.733300
12.741675
12.786400
12.800100
12.827225
12.844525
12.863325
12.880175
12.900400
12.912500
12.928300
12.943500
12.956825
12.986075
13.000850
13.005825
13.024550
13.041525
13.051800
13.064650
13.098325
13.107200
13.160425
13.179225
13.210225
13.227450
13.240550
13.256700
13.266000
13.279725
13.290475
13.301225
13.317825
13.327575
13.346100
13.377400
13.406750
13.425075
13.466250
13.484075
13.552025
13.569875
13.585650
13.600550
13.609950
13.629475
13.652400
13.679000
13.687625
13.706200
13.716925
13.747600
13.760050
13.777025
13.791400
13.810975
13.826725
13.849125
13.873850
13.904975
13.934375
13.953575
13.993275
14.083975
14.089675
14.110800
14.125175
14.149300
14.157600
14.168950
14.176200
14.183425
14.195825
14.210900
14.223825
14.231800
14.249000
14.262850
14.276050
14.290000
14.305825
14.311775
14.345150
14.363100
14.393075
14.424925
14.501550
14.522000
14.539775
14.549325
14.555775
14.578250
14.586800
14.610000
14.628825
14.638825
14.649250
14.663950
14.682125
14.701950
14.719275
14.740175
14.801450
14.829825
14.849875
14.864425
14.915150
14.932225
14.959975
14.972475
14.995175
15.018750
15.034050
15.045025
15.060950
15.069425
15.087800
15.103825
15.113650
15.131175
15.159675
15.177325
15.193475
15.205300
15.219075
15.229400
15.243425
15.259900
15.267325
15.286125
15.302450
15.315625
15.331575
15.350100
15.381350
15.394600
15.456825
15.521850
15.530325
15.545000
15.561425
15.574775
15.596625
15.605000
15.619975
15.633825
15.643475
15.660025
15.670450
15.682900
15.695875
15.702850
15.719225
15.733350
15.743550
15.751950
15.767950
15.787525
15.807500
15.825375
15.902275
15.910075
15.927350
15.947750
15.984475
15.997900
16.013125
16.035100
16.050550
16.060050
16.069475
16.099500
16.117725
16.132950
16.152925
16.168100
16.187900
16.203200
16.215475
16.230850
16.245975
16.259375
16.273175
16.286525
16.296525
16.311350
16.322550
16.339875
16.363000
16.378250
16.395675
16.421775
16.436425
16.445125
16.455975
16.465150
16.478175
16.495725
16.508375
16.529000
16.561950
16.585775
16.610350
16.633750
16.670525
16.696975
16.762075
16.784150
16.795725
16.806550
16.824275
16.838500
16.845800
16.863075
16.875325
16.898050
16.931625
16.946975
16.954600
16.975200
16.987225
16.994850
17.000625
17.014175
17.030900
17.047400
17.066775
17.076350
17.090800
17.108325
17.123175
17.160050
17.189150
17.206925
17.232425
17.250250
17.337425
17.347350
17.359750
17.373025
17.384625
17.396925
17.417550
17.431325
17.449150
17.466275
17.500650
17.513050
17.523575
17.535425
17.560350
17.574725
17.591650
17.605850
17.658275
17.686200
17.744825
17.760475
17.773725
17.795175
17.818725
17.835875
17.846500
17.856150
17.864400
17.881500
17.892600
17.904950
17.914200
17.924375
17.941525
17.954200
17.974100
17.981700
18.010350
18.037975
18.068650
18.107225
18.219575
18.234425
18.252850
18.268975
18.286475
18.300825
18.317500
18.339350
18.350150
18.372725
18.386550
18.389750
18.401225
18.420325
18.434150
18.453150
18.464550
18.487100
18.500750
18.540375
18.590800
18.610575
18.744800
18.758175
18.774950
18.795550
18.818600
18.834200
18.850325
18.864400
18.884875
18.897525
18.918425
18.929350
18.945500
18.963750
18.984375
19.002650
19.018225
19.052025
19.070850
19.100650
19.139350
19.247675
19.263725
19.276825
19.297900
19.313750
19.333975
19.354475
19.371625
19.389925
19.404700
19.419125
19.435375
19.459275
19.494875
19.524250
19.546525
19.560750
19.579075
19.597850
19.619725
19.634325
19.650950
19.669850
19.687525
19.737850
19.775450
19.798050
19.890350
19.911425
19.934850
19.954550
19.981900
19.999900
20.028650
20.054225
20.067700
20.087525
20.098375
20.117250
20.141725
20.156725
20.179075
20.202100
20.222550
20.272900
20.286650
20.308425
20.377350
20.397750
20.415075
20.469325
20.510650
20.610575
20.685975
20.734650
20.754400
20.770075
20.792875
20.810800
20.830700
20.846050
20.863600
20.886775
20.898775
20.913025
20.921900
20.939225
20.958250
20.969100
20.979675
20.997000
21.007800
21.015700
21.039125
21.047125
21.077175
21.096100
21.139700
21.159775
21.193550
21.310000
21.336225
21.351175
21.367900
21.388450
21.404750
21.422425
21.436150
21.454125
21.474375
21.484150
21.508200
21.514650
21.536075
21.550875
21.570600
21.594300
21.616225
21.640875
21.660725
21.685550
21.744675
21.769125
21.878150
21.891600
21.903800
21.925050
21.950275
21.970950
21.991725
22.007800
22.021450
22.034375
22.048950
22.064025
22.081675
22.093550
22.105850
22.124325
22.143800
22.172850
22.213275
22.238500
22.269625
22.286325
22.391825
22.418500
22.439475
22.454275
22.468625
22.486575
22.505475
22.519025
22.534700
22.551075
22.568275
22.585075
22.611950
22.632450
22.653025
22.672325
22.697500
22.720525
22.732625
22.749875
22.781750
22.799650
22.824300
22.842300
22.867250
22.895650
22.920775
23.025225
23.039025
23.059250
23.082575
23.110450
23.132975
23.160125
23.180450
23.200875
23.224600
23.242925
23.252075
23.275275
23.288725
23.298325
23.312550
23.324775
23.337850
23.350900
23.362475
23.374225
23.386275
23.406975
23.439775
23.482225
23.612700
23.628650
23.646875
23.658100
23.683550
23.702475
23.732500
23.742400
23.753175
23.771400
23.787825
23.802650
23.817350
23.830000
23.847600
23.877125
23.912800
23.929375
23.943950
23.965600
23.981375
23.996425
24.012825
24.030050
24.043950
24.054025
24.069200
24.082775
24.100325
24.114300
24.128600
24.147600
24.170800
24.191500
24.207400
24.222925
24.238400
24.268325
24.295950
24.327950
24.346700
24.364475
24.385050
24.501900
24.531400
24.552525
24.570650
24.580525
24.597050
24.618350
24.625150
24.644150
24.657400
24.676450
24.699300
24.707150
24.729400
24.838275
24.854175
24.866900
24.879025
24.889400
24.899650
24.909975
24.926825
24.940825
24.954825
24.965000
24.980175
24.996025
25.011325
25.045650
25.068050
25.085950
25.116050
25.199150
25.220675
25.242600
25.264900
25.278925
25.287575
25.299000
25.314325
25.325650
25.342950
25.354500
25.360775
25.383850
25.387750
25.419825
25.439000
25.453500
25.483550
25.498450
25.516475
25.650100
25.669300
25.692250
25.702525
25.736025
25.767450
25.781500
25.787450
25.807975
25.823325
25.836675
25.851975
25.863950
25.875675
25.895300
25.903300
25.914525
25.923750
25.946225
25.965600
25.996100
26.003275
26.010100
26.020900
26.025650
26.038350
26.042575
26.054675
26.063625
26.076025
26.087750
26.103400
26.112575
26.122750
26.132825
26.148475
26.158825
26.167325
26.186000
26.195250
26.217325
26.230275
26.239725
26.252325
26.265000
26.278425
26.291775
26.303375
26.311075
26.328550
26.345800
26.374225
26.404025
26.427950
26.469950
26.482525
26.500875
26.521150
26.545500
26.561850
26.572975
26.576750
26.586975
26.596275
26.609750
26.619300
26.633050
26.644100
26.655700
26.672650
26.686275
26.706475
26.719450
26.729575
26.741675
26.755775
26.769350
26.786400
26.800825
26.812525
26.826525
26.842900
26.849800
26.864525
26.887425
26.899150
26.951600
26.993275
27.009300
27.037325
27.047900
27.061525
27.086150
27.098550
27.110150
27.127200
27.135600
27.149675
27.165350
27.178250
27.188575
27.201850
27.208625
27.228525
27.233400
27.244400
27.258800
27.266400
27.277100
27.285075
27.296225
27.302250
27.305700
27.317725
27.328175
27.340900
27.355125
27.361075
27.374425
27.379625
27.390500
27.397600
27.408050
27.415925
27.426300
27.441100
27.466775
27.480500
27.498000
27.512425
27.535650
27.551050
27.561250
27.570825
27.576975
27.590400
27.596025
27.612525
27.625150
27.628675
27.639150
27.645175
27.658975
27.665200
27.675175
27.684450
27.697600
27.708075
27.722200
27.731200
27.740550
27.765025
27.789200
27.857475
27.863650
27.877175
27.884350
27.893600
27.906025
27.916025
27.932750
27.946225
27.955725
27.963925
27.977525
27.981875
27.992325
28.003200
28.007100
28.022700
28.038625
28.052525
28.060725
28.078400
28.089725
28.100325
28.112350
28.132175
28.143475
28.162250
28.188300
28.214625
28.222300
28.235000
28.241825
28.253450
28.271025
28.283300
28.293825
28.305875
28.312575
28.320075
28.333025
28.339125
28.345375
28.361950
28.373250
28.381900
28.397075
28.402850
28.417575
28.432525
28.446425
28.458625
28.463525
28.479275
28.489750
28.511850
28.526825
28.596850
28.613500
28.624900
28.630825
28.643975
28.650450
28.664675
28.668075
28.682400
28.691225
28.699650
28.709825
28.724250
28.736875
28.754275
28.772850
28.792725
28.797500
28.820275
28.839825
28.853575
28.870225
28.921200
28.990250
28.999625
29.014400
29.026475
29.037725
29.046150
29.052100
29.063675
29.070175
29.078450
29.094275
29.108275
29.122750
29.136275
29.151750
29.170925
29.182625
29.202225
29.220225
29.255450
29.338750
29.363725
29.368075
29.377900
29.388925
29.400850
29.416800
29.430375
29.441850
29.455100
29.467525
29.477850
29.488625
29.504975
29.513500
29.525750
29.541650
29.549075
29.567750
29.577750
29.614550
29.690600
29.718375
29.727625
29.738975
29.747025
29.756325
29.770150
29.774950
29.786825
29.802175
29.815775
29.832725
29.844075
29.869425
29.885425
29.902600
29.918875
29.933625
29.962425
