0.044250
0.332500
0.377125
1.683700
2.331025
2.502450
2.821750
2.890725
3.400275
3.473650
3.604050
4.372850
4.517850
5.418650
5.797125
6.003000
6.464975
6.680450
6.868275
7.080075
7.103625
7.778550
8.152650
8.327675
8.730300
8.832300
9.646250
10.185775
10.551050
10.928300
11.430775
11.928350
12.000775
12.964350
13.210200
13.263975
13.387450
14.150425
14.495350
14.912075
15.541050
15.614625
15.761575
16.336775
17.272325
17.803100
17.881600
18.005575
18.851725
19.022825
19.622625
19.666200
19.934775
20.755900
20.817125
21.071950
21.239025
21.607500
21.849700
22.352150
22.380800
22.532400
22.863150
22.943975
23.186475
23.632425
23.827350
25.110100
25.175775
25.437500
25.591500
25.950175
26.262675
26.759225
26.838400
27.021650
27.667425
28.440075
28.718175
29.059400
29.268050
29.585900
29.597375
29.783800
