0.081725
0.103800
0.122250
0.147225
0.161650
0.175875
0.192875
0.288650
0.326100
0.363600
0.377750
0.401600
0.439425
0.460175
0.499625
0.518350
0.539050
0.558525
0.573100
0.589025
0.609100
0.630375
0.687875
0.777975
0.797750
0.811250
0.834425
0.849700
0.923700
0.956625
0.997550
1.021325
1.038025
1.048100
1.055175
1.074475
1.131750
1.201125
1.261425
1.324825
1.385925
1.402350
1.537200
1.560575
1.648300
1.758150
1.819150
1.868800
1.917250
1.966425
1.976375
1.981450
1.987275
1.993725
2.003825
2.010275
2.019400
2.043475
2.064525
2.089025
2.106500
2.122875
2.176775
2.211650
2.236100
2.249925
2.265150
2.276675
2.296650
2.330525
2.370850
2.410850
2.419900
2.429100
2.440100
2.450300
2.460175
2.591750
2.658100
2.675325
2.683450
2.696400
2.710125
2.725200
2.798625
2.816400
2.827075
2.838975
2.854375
2.874775
2.884975
2.898025
2.914600
2.935750
3.004425
3.044100
3.075225
3.111150
3.129125
3.155525
3.187950
3.302375
3.321200
3.343400
3.354325
3.364275
3.370825
3.381450
3.393000
3.415150
3.430150
3.445200
3.475800
3.506975
3.524625
3.555525
3.606225
3.636175
3.663400
3.695700
3.705325
3.709400
3.716375
3.722900
3.727850
3.732700
3.737325
3.746600
3.781025
3.867925
3.889775
3.906525
3.923250
3.933200
3.945525
3.955550
3.966500
3.979700
4.000800
4.018350
4.028600
4.048175
4.070225
4.083100
4.092125
4.107975
4.119350
4.128225
4.136300
4.143625
4.149700
4.153775
4.159550
4.165000
4.170450
4.182650
4.193425
4.200100
4.206125
4.221050
4.227800
4.235075
4.246475
4.256050
4.262975
4.269875
4.276525
4.281275
4.286150
4.292475
4.295925
4.298800
4.303700
4.306325
4.308875
4.313875
4.361600
4.426300
4.440075
4.444425
4.451350
4.460425
4.466250
4.474675
4.481000
4.489450
4.500575
4.516500
4.542075
4.551950
4.560050
4.568800
4.576250
4.586925
4.597025
4.608775
4.624775
4.631600
4.637425
4.643525
4.652900
4.663175
4.675250
4.716875
4.746725
4.794775
4.806725
4.817275
4.827900
4.836925
4.845375
4.863300
4.893025
4.911275
4.921550
4.930400
4.938700
4.946600
4.967925
4.992100
5.018850
5.064350
5.093475
5.198050
5.242425
5.262925
5.279000
5.313950
5.415100
5.442150
5.516475
5.559500
5.722400
5.781400
5.801900
5.824400
5.845025
5.879500
5.934825
5.961250
5.973350
5.981700
5.994250
6.004350
6.018600
6.031350
6.052925
6.069875
6.102875
6.135075
6.180375
6.213150
6.236525
6.252775
6.278025
6.294325
6.312250
6.363375
6.434850
6.451550
6.466450
6.474125
6.483425
6.488500
6.493875
6.499550
6.509950
6.524800
6.537175
6.558900
6.593550
6.675025
6.705500
6.729425
6.750150
6.764500
6.774475
6.796625
6.848275
6.882675
6.912950
6.926225
6.954600
6.990200
7.009350
7.019050
7.028025
7.039125
7.049300
7.062725
7.077325
7.094275
7.113575
7.135700
7.191425
7.205425
7.218075
7.239125
7.248375
7.254100
7.261575
7.272200
7.282500
7.293400
7.317025
7.357675
7.470775
7.493500
7.511225
7.521575
7.526050
7.534600
7.543475
7.550500
7.564925
7.584950
7.619950
7.644925
7.666225
7.683450
7.744250
7.797850
7.818725
7.835925
7.851125
7.865200
7.871300
7.879150
7.889000
7.901450
7.919275
7.936725
8.010550
8.068000
8.096150
8.179300
8.225175
8.252325
8.327200
8.425100
8.463300
8.498925
8.541550
8.581275
8.600725
8.635650
8.658900
8.672400
8.685925
8.699975
8.721750
8.768250
8.921225
8.950475
8.988250
9.036900
9.066550
9.107225
9.133375
9.157250
9.187825
9.221525
9.235425
9.275650
9.299450
9.374350
9.412400
9.448925
9.471400
9.482275
9.491550
9.501900
9.526100
9.554975
9.570450
9.587900
9.646100
9.686000
9.725825
9.767675
9.806850
9.836700
9.873975
9.895450
9.909675
9.922250
9.928650
9.937500
9.952100
9.965575
9.977600
9.992300
10.024575
10.077475
10.114200
10.171500
10.210450
10.244375
10.275725
10.291825
10.308925
10.325800
10.337400
10.348550
10.357975
10.371600
10.385650
10.400225
10.415325
10.437200
10.452500
10.467825
10.505500
10.550775
10.645325
10.719425
10.732900
10.738375
10.745950
10.754875
10.758800
10.762525
10.768200
10.778875
10.784725
10.794550
10.807175
10.828000
10.842725
10.856800
10.871175
10.885650
10.947575
10.980450
11.017150
11.063750
11.083175
11.099850
11.112100
11.124775
11.144175
11.161025
11.173600
11.184650
11.219275
11.263800
11.289650
11.301750
11.311800
11.320900
11.327375
11.338575
11.352750
11.396650
11.460500
11.511225
11.543050
11.571925
11.584850
11.610350
11.645050
11.730725
11.775825
11.824950
11.874500
11.908675
11.936825
11.944125
11.974100
12.024750
12.081100
12.129325
12.206300
12.272825
12.288675
12.317975
12.338700
12.360600
12.402525
12.438425
12.489075
12.523325
12.546600
12.560225
12.575825
12.658575
12.720850
12.745100
12.760975
12.782200
12.791175
12.797500
12.811475
12.833250
12.851250
12.877425
12.924725
13.023350
13.117325
13.138800
13.147050
13.151200
13.159400
13.175000
13.194850
13.218150
13.248400
13.274600
13.291550
13.326075
13.479100
13.531225
13.566075
13.580325
13.594350
13.604550
13.615150
13.626125
13.646000
13.665900
13.698600
13.719275
13.739400
13.755675
13.793175
13.840600
13.914050
13.973175
14.000550
14.020075
14.067175
14.146825
14.215200
14.259450
14.329800
14.401150
14.424125
14.449525
14.501350
14.577250
14.612025
14.623700
14.634250
14.646250
14.659525
14.672150
14.684300
14.694600
14.708425
14.736075
14.812250
14.891350
14.912100
14.949450
14.964900
14.978150
14.991325
15.003075
15.019975
15.039375
15.060300
15.090375
15.121900
15.151800
15.168000
15.182675
15.201525
15.218750
15.226425
15.242150
15.254125
15.265150
15.273425
15.289125
15.310250
15.370925
15.391900
15.449500
15.471825
15.488125
15.511125
15.527800
15.541900
15.550150
15.563250
15.578125
15.602225
15.632325
15.658850
15.701150
15.721575
15.802700
15.843075
15.861675
15.869650
15.877575
15.888825
15.897625
15.938075
16.053450
16.131875
16.165475
16.196925
16.212825
16.222675
16.232800
16.240625
16.250850
16.260350
16.268625
16.286825
16.305400
16.321025
16.337225
16.354650
16.378375
16.538900
16.571350
16.597650
16.612675
16.626450
16.644150
16.656300
16.667825
16.679825
16.691725
16.827675
16.872100
16.914075
16.944825
16.970625
17.001525
17.009950
17.016975
17.021525
17.031050
17.042050
17.052375
17.086825
17.211075
17.274575
17.330425
17.355275
17.386575
17.403325
17.415850
17.423475
17.430000
17.437325
17.447850
17.482675
17.744125
17.791525
17.821600
17.833425
17.841050
17.847400
17.854200
17.862000
17.874075
17.930200
18.016825
18.073800
18.092075
18.127800
18.182400
18.204550
18.218900
18.227200
18.236450
18.244075
18.254850
18.261150
18.287050
18.387675
18.464625
18.501175
18.543775
18.582175
18.603825
18.611675
18.617950
18.624275
18.632950
18.634975
18.638075
18.649375
18.665275
18.806975
18.887300
18.915275
18.944300
18.982275
19.007925
19.019550
19.038775
19.066500
19.103000
19.174100
19.214200
19.282450
19.314275
19.358425
19.382175
19.390850
19.398650
19.409325
19.417725
19.440875
19.607350
19.630550
19.642750
19.682425
19.715350
19.770625
19.802275
19.822575
19.833375
19.841400
19.850675
19.858425
19.876125
19.892400
19.907700
19.921650
20.026850
20.100575
20.130975
20.155575
20.174150
20.188025
20.199600
20.208600
20.222025
20.243350
20.304750
20.337700
20.389550
20.430275
20.501125
20.551500
20.591175
20.641075
20.729950
20.769625
20.824450
20.850675
20.882300
20.932275
20.966325
20.991200
21.015600
21.049125
21.082350
21.092150
21.110425
21.125450
21.140150
21.279050
21.315225
21.334850
21.346650
21.360725
21.373200
21.389300
21.409175
21.432250
21.459025
21.506600
21.550475
21.592375
21.625800
21.645975
21.654575
21.660325
21.670025
21.676000
21.682600
21.689575
21.696375
21.705100
21.717375
21.732075
21.774350
21.839875
21.884025
21.906350
21.936425
21.976625
22.007300
22.045375
22.097125
22.106400
22.120875
22.132600
22.144175
22.174075
22.192175
22.215625
22.251150
22.295325
22.343175
22.382650
22.415025
22.454650
22.504100
22.526925
22.543600
22.560325
22.571950
22.588700
22.629350
22.651350
22.783675
22.820150
22.856850
22.877600
22.888650
22.900475
22.909150
22.914300
22.921475
22.928000
22.931325
22.939475
22.949475
22.960475
22.974575
22.987125
23.002550
23.012700
23.021150
23.034475
23.075600
23.164975
23.231200
23.269275
23.298375
23.317575
23.330775
23.343700
23.355500
23.399250
23.490675
23.539775
23.616025
23.708875
23.730900
23.764775
23.782425
23.805250
23.826800
23.880675
24.006050
24.059150
24.082900
24.093375
24.099525
24.109750
24.119625
24.134650
24.144025
24.155325
24.174425
24.204925
24.280800
24.341475
24.371275
24.399950
24.423275
24.437400
24.451300
24.462150
24.480600
24.495425
24.510900
24.523175
24.541125
24.552075
24.588375
24.630300
24.722725
24.747750
24.846100
24.868250
24.883725
24.896200
24.906325
24.922350
24.985450
25.021200
25.078300
25.137175
25.185075
25.213850
25.227300
25.234075
25.238275
25.245350
25.251850
25.256025
25.264575
25.271375
25.278225
25.288525
25.301975
25.312625
25.330000
25.453950
25.506775
25.555675
25.583300
25.608200
25.617800
25.624125
25.629475
25.636300
25.642750
25.649425
25.655375
25.663000
25.669100
25.677800
25.690800
25.705550
25.739475
25.784450
25.805525
25.845750
25.890125
25.922750
25.953750
25.974475
25.995575
25.996425
26.015050
26.026725
26.036500
26.051350
26.062175
26.071925
26.080325
26.088500
26.103250
26.128600
26.153750
26.220525
26.294325
26.339025
26.363825
26.370450
26.381075
26.391550
26.399675
26.408725
26.415750
26.422000
26.431500
26.440325
26.451200
26.460150
26.469900
26.480825
26.515025
26.552800
26.590325
26.650225
26.726375
26.754350
26.765900
26.774700
26.780700
26.790925
26.801775
26.815825
26.830025
26.885250
26.903450
27.002500
27.027325
27.045125
27.060825
27.070600
27.083325
27.098000
27.109525
27.126950
27.141200
27.162250
27.177750
27.202625
27.221300
27.239550
27.291850
27.417550
27.443750
27.459900
27.472100
27.479925
27.491150
27.499050
27.517000
27.541650
27.592825
27.635075
27.764800
27.838900
27.896125
27.952125
27.965475
27.983925
27.992850
28.005150
28.018375
28.044350
28.063825
28.082850
28.112325
28.156875
28.224750
28.297475
28.326925
28.362925
28.390950
28.407100
28.432025
28.472900
28.513525
28.630275
28.698600
28.744775
28.772150
28.780400
28.788825
28.802575
28.819250
28.843775
28.895375
28.975600
29.025325
29.042750
29.052500
29.060700
29.070700
29.078125
29.081350
29.086325
29.090550
29.096600
29.103025
29.111450
29.118750
29.126225
29.130225
29.135175
29.138700
29.142625
29.148225
29.151550
29.156225
29.161300
29.164975
29.170050
29.173725
29.184800
29.186925
29.194575
29.200050
29.203725
29.209600
29.212475
29.215100
29.217350
29.221875
29.226300
29.228650
29.239600
29.243550
29.247475
29.252050
29.255175
29.257875
29.272575
29.286650
29.400325
29.461825
29.477975
29.502925
29.596325
29.627275
29.642050
29.653400
29.665550
29.676600
29.682125
29.692150
29.699675
29.706125
29.714075
29.725225
29.731875
29.740350
29.755300
29.760050
29.764525
29.768775
29.774050
29.777625
29.783325
29.787800
29.791550
29.794950
29.798200
29.802325
29.807225
29.812750
29.818400
29.823750
29.828150
29.831225
29.833800
29.837275
29.841875
29.847275
29.852500
29.857100
