0.020075
0.042625
0.082500
0.115700
0.170825
0.207975
0.245500
0.253150
0.277825
0.289475
0.457225
0.474325
0.485075
0.514900
0.522225
0.564200
0.575075
0.585175
0.599775
0.727175
0.766475
0.780550
0.815075
0.842850
0.852975
0.939025
0.965575
0.973375
0.979300
0.990000
1.000800
1.026250
1.043550
1.057325
1.069650
1.144050
1.150000
1.162475
1.197825
1.245425
1.294225
1.313250
1.349750
1.393700
1.395250
1.428225
1.452750
1.566575
1.575575
1.652600
1.670925
1.682250
1.810700
1.881875
1.926900
1.945925
2.046650
2.063950
2.065075
2.070375
2.110750
2.201375
2.255350
2.269575
2.284975
2.299375
2.306625
2.315750
2.367775
2.378325
2.401100
2.503825
2.519275
2.667900
2.715400
2.731350
2.783350
2.821625
2.892300
2.933350
2.943725
2.959675
2.988800
2.995000
3.001925
3.006800
3.013750
3.210375
3.289900
3.366325
3.387025
3.440050
3.495450
3.505975
3.537350
3.590450
3.623175
3.634700
3.654350
3.739500
3.758400
3.765650
3.772475
3.802425
3.807250
3.862075
3.909225
3.933600
3.970575
3.983350
3.998575
4.014750
4.050275
4.056650
4.075850
4.094300
4.158725
4.172700
4.251025
4.294375
4.303600
4.312075
4.326925
4.422250
4.427800
4.434075
4.457375
4.501725
4.560475
4.583925
4.620950
4.625775
4.643675
4.661175
4.667100
4.706050
4.735425
4.741200
4.836575
4.850275
4.860150
4.897550
4.922375
4.950725
4.968325
4.974575
4.978550
4.991450
5.030800
5.062800
5.069900
5.099775
5.127975
5.189400
5.193625
5.259700
5.320725
5.343275
5.397700
5.442500
5.446850
5.476375
5.497200
5.547900
5.595125
5.600350
5.738125
5.767575
5.816375
5.874575
5.944525
5.975975
5.984925
6.009500
6.029500
6.049675
6.056200
6.089175
6.099350
6.204475
6.217000
6.267250
6.306575
6.394775
6.449600
6.515000
6.539275
6.553225
6.587675
6.622450
6.656275
6.670350
6.728950
6.778850
6.788450
6.816300
6.840225
6.849775
6.855800
6.883000
7.024400
7.054475
7.072000
7.092775
7.115250
7.243725
7.282825
7.311700
7.388525
7.424200
7.480700
7.535500
7.563050
7.615575
7.622175
7.634300
7.677050
7.683050
7.708625
7.842950
7.864125
8.044100
8.058150
8.088125
8.122025
8.144275
8.188425
8.217775
8.222200
8.259125
8.401950
8.458175
8.575450
8.614400
8.668150
8.674775
8.719050
8.725650
8.731850
8.794450
8.857825
8.922375
8.948850
8.968450
9.110450
9.162850
9.177250
9.196275
9.202475
9.220075
9.253200
9.263025
9.307000
9.315525
9.512575
9.545825
9.689850
9.712900
9.720550
9.729900
9.737050
9.750225
9.759350
9.858600
9.914025
9.932575
9.966625
9.984000
10.050875
10.053100
10.056775
10.058300
10.085650
10.090825
10.109400
10.130275
10.141575
10.175700
10.208300
10.318175
10.339675
10.362875
10.387275
10.513350
10.524850
10.539000
10.553775
10.564750
10.568950
10.573550
10.596750
10.615375
10.655750
10.665250
10.673325
10.699050
10.707925
10.743200
10.749625
10.757750
10.771400
10.783300
10.830700
10.906825
10.953500
10.980475
10.995025
11.004350
11.018425
11.060100
11.126725
11.136825
11.143600
11.151200
11.159400
11.233075
11.286200
11.308225
11.361425
11.409675
11.491225
11.753300
11.775150
11.779575
11.798025
11.816025
11.838675
11.843225
11.847475
11.857575
11.865200
11.875400
11.923300
11.934475
12.013575
12.084125
12.096850
12.113500
12.147650
12.195300
12.251475
12.277425
12.307600
12.349025
12.358450
12.366775
12.372575
12.386350
12.402550
12.476575
12.490800
12.505150
12.520125
12.532625
12.564850
12.632275
12.679100
12.761625
12.782325
12.835550
12.849200
12.871625
12.873325
12.875675
12.914950
12.920025
12.956075
12.962175
12.966025
12.986300
13.018175
13.038600
13.082800
13.173475
13.183200
13.201650
13.225600
13.284350
13.348125
13.366275
13.380725
13.386150
13.408325
13.434775
13.469725
13.495025
13.572900
13.613225
13.684225
13.737725
13.843775
13.844575
13.906700
13.920325
13.932275
13.978200
14.033900
14.045500
14.070150
14.081150
14.096000
14.105575
14.141175
14.148400
14.200325
14.223875
14.230350
14.248775
14.279600
14.383750
14.415325
14.425275
14.456275
14.472725
14.495575
14.504975
14.513625
14.547925
14.601000
14.642850
14.661950
14.700550
14.726525
14.734075
14.760025
14.781400
14.793975
14.834650
14.857025
14.903750
14.926875
14.944025
14.952600
14.960900
14.967325
15.013575
15.105375
15.114525
15.124025
15.141300
15.151275
15.163900
15.261725
15.319125
15.322925
15.332125
15.337025
15.340275
15.343525
15.402675
15.467450
15.488275
15.570775
15.599525
15.605300
15.640975
15.655400
15.672475
15.676250
15.683500
15.694125
15.903175
15.932550
15.968675
15.979550
16.037425
16.120950
16.138150
16.153300
16.165950
16.205900
16.292075
16.303100
16.313500
16.325800
16.345700
16.400700
16.415550
16.451600
16.491700
16.522850
16.576100
16.602600
16.623100
16.675250
16.695450
16.711025
16.720425
16.732475
16.813600
16.854725
16.906875
16.940600
16.951375
17.035925
17.049250
17.138475
17.165050
17.182600
17.194750
17.221000
17.274425
17.302750
17.352750
17.359250
17.370625
17.377825
17.385800
17.395050
17.432575
17.525875
17.586975
17.657225
17.671325
17.690975
17.706075
17.742575
17.746525
17.747525
17.750700
17.759450
17.781625
17.787025
17.838300
17.888275
17.943975
17.953400
17.963950
17.982925
18.013925
18.029450
18.037925
18.084225
18.136875
18.209100
18.311550
18.373225
18.419750
18.443125
18.503975
18.532375
18.593300
18.659000
18.741725
18.743125
18.768275
18.775050
18.784225
18.823625
18.857775
18.870300
18.890975
18.926200
18.931925
18.945900
18.974750
19.041800
19.052375
19.104025
19.144700
19.171325
19.197800
19.208425
19.219825
19.241225
19.285500
19.324925
19.345125
19.365575
19.402525
19.418175
19.434975
19.475500
19.490325
19.576750
19.613275
19.642700
19.667800
19.676950
19.683950
19.711950
19.719300
19.724100
19.750200
19.775100
19.838375
19.926175
20.037300
20.063325
20.068800
20.073000
20.082350
20.093200
20.097775
20.110350
20.126650
20.138950
20.149800
20.155300
20.161675
20.310225
20.330375
20.479000
20.514975
20.607325
20.623725
20.624850
20.630325
20.639850
20.658750
20.683250
20.691850
20.734900
20.745550
20.756225
20.764300
20.799550
20.849050
20.860475
20.880450
20.895575
20.952900
21.064125
21.146400
21.167550
21.190225
21.264125
21.361450
21.495375
21.526650
21.534975
21.545350
21.638900
21.651550
21.657250
21.723175
21.746625
21.760100
21.771975
21.784575
21.856800
22.006700
22.064525
22.075025
22.100200
22.121800
22.136375
22.163325
22.172425
22.180675
22.192900
22.204275
22.225350
22.251700
22.266650
22.279950
22.295325
22.310675
22.344625
22.462375
22.485950
22.492850
22.493975
22.501400
22.509950
22.515525
22.540025
22.566450
22.575200
22.602975
22.641275
22.715275
22.747175
22.757500
22.827175
22.884500
22.896450
22.911025
22.933200
22.941575
22.956575
22.965075
22.972750
22.979575
22.986875
23.000775
23.023925
23.037400
23.058275
23.099550
23.119975
23.149825
23.168300
23.199325
23.216825
23.285825
23.295175
23.332750
23.361150
23.374625
23.386875
23.396875
23.404650
23.430050
23.439550
23.458250
23.464025
23.495000
23.502075
23.535575
23.568225
23.598150
23.618075
23.628725
23.644150
23.651050
23.659125
23.664025
23.670450
23.698875
23.720075
23.759975
23.792025
23.829275
23.860225
23.881325
23.972775
23.986050
23.994325
24.008475
24.010950
24.015725
24.022425
24.028450
24.033250
24.036475
24.038725
24.043050
24.047225
24.057325
24.075600
24.128300
24.135575
24.141625
24.150350
24.182500
24.219925
24.259825
24.334850
24.345475
24.353450
24.429650
24.441400
24.503725
24.581025
24.602150
24.646300
24.679500
24.702475
24.736550
24.756175
24.816025
24.827350
24.852325
24.914875
24.934750
24.952650
24.976550
25.051325
25.073050
25.079725
25.088100
25.115200
25.133900
25.189200
25.208475
25.241850
25.307650
25.341750
25.361300
25.374675
25.402325
25.419275
25.442025
25.446525
25.457875
25.517100
25.562925
25.599075
25.630275
25.669050
25.687100
25.704625
25.767125
25.802200
25.815650
25.857975
25.865200
25.888000
25.898750
25.908425
25.948125
25.985125
26.047800
26.053825
26.068075
26.128450
26.146675
26.188575
26.277875
26.305125
26.313350
26.336050
26.349100
26.356450
26.362500
26.400650
26.436225
26.437450
26.443550
26.452450
26.468750
26.480800
26.519650
26.530700
26.576800
26.620100
26.710700
26.718800
26.734750
26.747375
26.758650
26.772850
26.777850
26.796025
26.809200
26.850650
26.886725
26.900450
26.948700
26.991775
27.020025
27.039350
27.054850
27.082875
27.110900
27.139950
27.148300
27.167400
27.196250
27.238150
27.258900
27.299125
27.315525
27.330550
27.397625
27.504400
27.522125
27.539650
27.558875
27.581175
27.601275
27.608925
27.640675
27.711350
27.726725
27.766950
27.800475
27.831750
27.856775
27.895150
27.922700
27.929950
27.935025
27.939975
27.947150
27.951550
27.961175
27.964800
28.005300
28.019425
28.050800
28.083175
28.091275
28.148425
28.165175
28.171450
28.178175
28.188800
28.248900
28.264800
28.270600
28.308800
28.318600
28.321025
28.327975
28.335725
28.342925
28.361100
28.419500
28.449725
28.524375
28.542125
28.695425
28.734450
28.748350
28.801650
28.894875
28.965350
28.975550
29.000550
29.022325
29.026725
29.067475
29.080175
29.092450
29.161150
29.182650
29.211350
29.259250
29.279325
29.288975
29.316325
29.346075
29.394800
29.468225
29.503125
29.607425
29.613400
29.625050
29.630350
29.645300
29.652925
29.678425
29.684350
29.729775
29.735875
29.764675
29.779800
29.793425
29.830450
29.860625
29.891175
29.940200
29.980050
