0.075050
0.138400
0.170875
0.212475
0.296375
0.352700
0.370400
0.489650
0.504275
0.508100
0.578200
0.696175
0.715275
0.743175
0.761700
0.779050
0.804275
0.815500
0.835750
0.843600
0.860250
0.957375
0.980200
1.088050
1.153425
1.224400
1.231775
1.235825
1.277525
1.316175
1.405775
1.425675
1.474700
1.511350
1.532175
1.591150
1.624350
1.677350
1.725900
1.795400
1.824325
1.878700
1.910150
2.060775
2.114550
2.160750
2.237200
2.270875
2.364525
2.398050
2.499750
2.585075
2.645275
2.678800
2.701800
2.722500
2.766225
2.780625
2.842950
2.886425
2.993400
3.026550
3.052500
3.150925
3.176850
3.241525
3.264375
3.304125
3.330525
3.422025
3.446050
3.473125
3.537700
3.679325
3.748050
3.836925
3.885600
3.903925
3.931900
3.958150
3.997875
4.012275
4.035725
4.072275
4.166375
4.248325
4.326150
4.352850
4.394350
4.406350
4.436400
4.458175
4.529225
4.551425
4.563200
4.569775
4.599125
4.662075
4.695225
4.724125
4.922700
5.008450
5.069950
5.202075
5.272400
5.319175
5.454200
5.488200
5.526075
5.547975
5.587275
5.594800
5.605775
5.680100
5.706325
5.717300
5.822800
5.853625
5.949900
6.041075
6.055475
6.096350
6.129350
6.142925
6.217000
6.262750
6.375725
6.427825
6.430800
6.472300
6.504825
6.552125
6.584575
6.658650
6.731000
6.775525
6.819000
6.930625
6.978200
7.015475
7.059800
7.094200
7.122975
7.245475
7.262050
7.291725
7.305250
7.317750
7.336625
7.372950
7.390575
7.395750
7.397100
7.477800
7.503625
7.521375
7.612375
7.659600
7.688300
7.797250
8.072800
8.124650
8.153200
8.176350
8.213450
8.240950
8.289975
8.435525
8.532500
8.578625
8.641300
8.740350
8.767400
8.845750
8.867550
8.928475
9.203225
9.241575
9.303125
9.324175
9.423725
9.506125
9.533025
9.550125
9.579525
9.589700
9.637575
9.681775
9.706475
9.802775
9.840950
9.866525
9.894625
9.930525
9.952850
9.962725
9.987550
10.003000
10.027500
10.053000
10.105850
10.147150
10.173000
10.212625
10.232850
10.308550
10.368825
10.500400
10.555900
10.620750
10.696400
10.774600
10.883425
10.904450
11.029300
11.042725
11.092750
11.123750
11.152775
11.190850
11.207825
11.282925
11.362475
11.393575
11.410325
11.446250
11.506275
11.518900
11.622075
11.652800
11.692950
11.742975
11.853300
11.936775
11.958175
11.990475
12.013300
12.080475
12.102075
12.156775
12.186250
12.207250
12.222875
12.300325
12.312450
12.329525
12.356575
12.367925
12.387025
12.398475
12.421175
12.554725
12.579525
12.596150
12.658800
12.719450
12.789425
12.808200
12.856925
12.980900
13.050725
13.154325
13.217675
13.281225
13.301575
13.319825
13.336725
13.356400
13.409850
13.478600
13.497475
13.616175
13.640000
13.721250
13.763700
13.766200
13.830525
13.887300
13.951225
13.986800
14.044825
14.070950
14.112025
14.118925
14.134100
14.157150
14.198075
14.238675
14.289075
14.301075
14.323200
14.336825
14.372425
14.396675
14.567825
14.604250
14.674600
14.720300
14.732925
14.745725
14.758300
14.772000
14.869425
14.921350
14.945700
14.962150
14.975500
15.048225
15.057650
15.081825
15.255050
15.339275
15.416050
15.460825
15.606450
15.626600
15.642150
15.652725
15.664050
15.719600
15.743600
15.768950
15.797650
15.827450
15.868900
15.948425
15.967750
16.002775
16.011825
16.020575
16.033000
16.066225
16.254850
16.301950
16.330375
16.451400
16.483950
16.514025
16.526875
16.533500
16.593850
16.731950
16.748425
16.928300
16.954500
16.981075
17.015775
17.080425
17.092975
17.128625
17.143375
17.262150
17.271800
17.280300
17.311825
17.401075
17.406450
17.424450
17.516125
17.524450
17.599300
17.795200
17.839225
17.852100
17.874400
17.883300
17.887275
17.891625
18.106425
18.155225
18.199825
18.325250
18.358050
18.383475
18.422525
18.430150
18.463400
18.474400
18.758375
18.779450
18.819000
18.843300
18.895150
18.904150
18.922975
18.977475
19.013400
19.046700
19.093575
19.138400
19.164850
19.186375
19.209400
19.286550
19.362675
19.455625
19.467000
19.489225
19.515750
19.536175
19.557750
19.574450
19.620900
19.668375
19.679025
19.824025
19.861200
20.019225
20.053300
20.102100
20.134700
20.223175
20.231375
20.236250
20.250575
20.264825
20.275125
20.303525
20.370825
20.424850
20.667400
20.729500
20.756900
20.763100
20.953450
21.166650
21.241925
21.256650
21.342675
21.396550
21.415300
21.542900
21.725725
21.732875
21.815425
21.862175
21.890125
22.060950
22.090000
22.099975
22.151825
22.238675
22.275300
22.304825
22.316700
22.373425
22.418150
22.515850
22.555400
22.609175
22.658650
22.713950
22.791975
22.824025
22.856575
22.875400
22.890350
22.898450
22.953425
23.136525
23.197975
23.244050
23.284700
23.342075
23.385800
23.427550
23.471475
23.498175
23.555675
23.611575
23.721475
23.760275
23.799350
23.828925
23.849700
23.871175
23.885125
24.002025
24.158450
24.207850
24.302900
24.352000
24.464350
24.531700
24.558575
24.577175
24.619275
24.848975
24.888025
24.994300
25.062225
25.105950
25.126200
25.158000
25.278300
25.424125
25.495675
25.538875
25.697775
25.744225
25.755700
25.773125
25.811150
25.891525
26.015475
26.058025
26.084325
26.102200
26.174400
26.202550
26.366550
26.444650
26.521425
26.571425
26.584100
26.591400
26.620375
26.631125
26.657700
26.682900
26.692900
26.737875
26.864725
27.013775
27.027475
27.038300
27.120575
27.169950
27.215125
27.384100
27.427650
27.540000
27.585250
27.611500
27.631850
27.645850
27.705825
27.735350
27.783475
27.847200
27.878050
27.944400
27.980825
28.009650
28.052975
28.106175
28.170125
28.201350
28.264600
28.282825
28.320625
28.363825
28.439900
28.606300
28.622075
28.663550
28.686825
28.705075
28.780400
28.800275
28.832000
28.890650
29.010900
29.044050
29.079075
29.126200
29.152725
29.182225
29.323575
29.438550
29.544525
29.724725
29.769250
29.864725
29.922100
29.982400
