0.003425
0.166300
0.197675
0.212225
0.309875
0.403050
0.438400
0.441000
0.461725
0.467650
0.477600
0.787550
0.810175
0.824925
0.831900
0.859625
0.865250
0.874600
1.175375
1.199275
1.215125
1.296550
1.319675
1.325050
1.346950
1.612175
1.617375
1.641600
1.657550
1.680850
1.684200
1.702375
1.728825
1.746625
1.756475
1.764750
2.086225
2.113825
2.124925
2.145525
2.160300
2.179650
2.232400
2.306125
2.408850
2.499875
2.589700
2.635100
2.657750
2.703300
2.795175
2.895725
2.973475
3.074350
3.091975
3.127800
3.173050
3.273000
3.350400
3.366675
3.401325
3.411250
3.561975
3.568550
3.641975
3.804600
3.816900
3.851675
3.878200
3.950150
4.034675
4.103500
4.223950
4.236800
4.243350
4.281825
4.289825
4.486775
4.540550
4.549750
4.573075
4.628825
4.730900
4.848050
5.039825
5.105100
5.134125
5.149150
5.292950
5.454075
5.524350
5.805450
5.834400
5.841300
5.878925
5.885425
5.889100
5.895550
5.912950
5.923950
5.942250
5.953125
6.013600
6.087850
6.096350
6.216550
6.349750
6.373725
6.564200
6.612725
6.672400
6.770000
6.786125
7.017050
7.088050
7.268150
7.360500
7.378925
7.417250
7.447225
7.470650
7.487400
7.493550
7.499775
7.516200
7.585000
7.637400
7.644750
7.748075
8.065375
8.240400
8.357875
8.413500
8.544875
8.729950
8.762925
8.848175
9.067725
9.253300
9.421675
9.527950
9.560425
9.859925
10.032025
10.040525
10.238250
10.379400
10.446975
10.459325
10.689450
10.937525
10.983375
11.048250
11.132075
11.159925
11.278850
11.363625
11.400375
11.796650
11.991850
12.236350
12.299775
12.373375
12.468375
12.827275
13.200075
13.274975
13.442825
13.506950
13.573975
13.575400
13.605350
13.666825
13.951825
14.005725
14.018450
14.057100
14.082525
14.203175
14.336375
14.436275
14.452800
14.459275
14.663800
14.666775
14.677200
14.893200
15.042025
15.208875
15.240575
15.388150
15.422850
15.644275
15.653800
15.655975
15.660475
15.731825
15.774650
15.808150
15.813575
15.818800
16.131000
16.137550
16.268950
16.369100
16.684250
16.718100
16.768000
16.782450
16.801900
16.899600
16.943025
17.076075
17.085500
17.152475
17.258025
17.331450
17.391275
17.497600
17.543950
17.563400
17.611925
17.726675
17.745200
17.850125
17.874925
17.929050
18.191700
18.237175
18.466175
18.483325
18.492575
18.512150
18.522925
18.564550
18.620150
18.788300
18.930400
19.105650
19.123975
19.201625
19.235550
19.282225
19.445275
19.536475
19.544250
19.603300
19.614150
19.844950
19.962000
20.104550
20.265200
20.311425
20.504075
20.521525
20.608075
20.625150
20.673275
20.701025
20.717600
20.900950
21.055050
21.383625
21.419125
21.558425
21.579400
21.606325
21.695675
21.724350
21.750875
21.785100
21.811525
21.895625
21.928850
22.007025
22.026350
22.071025
22.180000
22.515025
22.536775
22.774175
22.782850
22.915825
22.996075
23.203350
23.215975
23.295375
23.338050
23.345500
23.378600
23.471325
23.667325
23.787475
23.804200
23.886750
23.942975
24.158425
24.291600
24.336550
24.355400
24.374475
24.376025
24.421400
24.476725
24.487275
24.506200
24.516400
24.601825
24.943800
24.953150
24.957150
24.960975
24.991450
25.002075
25.026900
25.047375
25.091175
25.103250
25.124325
25.133925
25.186150
25.335600
25.489025
25.501600
25.572875
25.581975
25.585300
25.892200
25.923400
25.931400
25.963375
25.979100
26.003725
26.047100
26.324475
26.419675
26.662775
26.675350
26.686550
26.691925
26.706000
26.712375
26.738400
26.820775
27.124650
27.149250
27.154550
27.172225
27.207250
27.297825
27.408800
27.525100
27.756425
27.839000
27.866850
28.026900
28.120425
28.145725
28.155125
28.438925
28.440450
28.636525
28.711625
28.794350
28.838200
28.902475
28.981625
29.004250
29.222925
29.229625
29.241425
29.251075
29.262950
29.277075
29.327600
29.390400
29.411375
29.413000
29.646100
29.764950
29.772150
29.782350
29.947675
