0.039450
0.087475
0.132075
0.302300
0.353800
0.390075
0.449750
0.702125
0.768075
0.834800
0.896425
1.178075
1.201525
1.400375
1.476125
1.527525
1.609975
1.753850
1.788275
2.092875
2.121250
2.153150
2.226050
2.258600
2.283475
2.337425
2.384575
2.410925
2.446500
2.485125
2.504425
2.596475
2.612500
2.638875
2.691825
2.777375
2.801900
3.033300
3.053150
3.125000
3.139725
3.159500
3.196500
3.199575
3.262575
3.285125
3.327350
3.562950
3.671525
3.706325
3.757225
3.847300
4.029150
4.059600
4.128850
4.178825
4.204925
4.238700
4.492800
4.546050
4.592975
4.745350
5.003800
5.075425
5.094025
5.111475
5.198750
5.215125
5.255825
5.459025
5.482350
5.534100
5.548400
5.716975
5.758925
5.793175
5.806625
5.908000
5.934125
6.102375
6.117025
6.122325
6.142125
6.180350
6.201300
6.218800
6.220225
6.250275
6.271175
6.319125
6.504250
6.629675
6.671375
6.696725
6.753525
6.781775
6.839875
6.984075
7.021275
7.048725
7.093125
7.105350
7.146275
7.260225
7.291075
7.445450
7.531050
7.563425
7.758800
7.787275
7.852100
7.912400
7.944400
7.981350
7.996125
8.065375
8.118425
8.216300
8.328800
8.485125
8.493150
8.523000
8.723100
8.776800
8.791050
8.920975
8.989300
9.059750
9.089450
9.119825
9.139325
9.183475
9.235275
9.296300
9.336325
9.416325
9.449150
9.611275
9.742100
9.749375
9.994275
10.107125
10.175050
10.193525
10.227350
10.234275
10.259675
10.291250
10.332450
10.351850
10.405275
10.519875
10.802500
10.825550
10.884750
10.915850
10.939500
11.088025
11.153125
11.235375
11.301850
11.303575
11.417100
11.548025
11.603850
11.628475
11.650825
11.760550
11.843200
11.880350
11.923325
12.115650
12.140700
12.152800
12.241925
12.335975
12.569175
12.586425
12.632750
12.799475
12.848975
12.986975
13.028375
13.058600
13.084950
13.126475
13.256325
13.279200
13.302475
13.306800
13.324625
13.368050
13.422600
13.542675
13.618250
13.676375
13.743650
13.820525
13.993050
14.159825
14.240750
14.417600
14.485975
14.510675
14.545550
14.628675
14.633475
14.641675
14.688850
14.789500
14.837200
14.870050
14.967200
15.185050
15.213375
15.228725
15.571275
15.605550
15.616925
15.630700
15.717850
15.793625
15.973725
16.119400
16.278300
16.332550
16.395150
16.443500
16.482000
16.619700
16.697225
16.806300
16.910950
17.034100
17.116750
17.238325
17.283425
17.350150
17.524850
17.566825
17.619000
17.673025
17.699150
17.933150
18.054825
18.091575
18.216750
18.351275
18.409400
18.483800
18.522325
18.535375
18.560650
18.632075
18.796075
19.024175
19.085800
19.133675
19.206975
19.220200
19.290425
19.343925
19.398300
19.448150
19.651325
19.669775
19.707850
19.771125
20.057075
20.178225
20.299500
20.345175
20.351050
20.410100
20.483000
20.691600
20.721850
20.806975
20.875675
20.962850
20.990325
21.030725
21.074575
21.146300
21.183625
21.185875
21.204125
21.329975
21.349000
21.394175
21.460750
21.465975
21.608025
21.731600
21.745825
21.925150
21.940150
21.944825
22.146750
22.158050
22.195075
22.258875
22.281800
22.301575
22.380475
22.423325
22.550250
22.572400
22.624075
22.636075
22.928825
23.029175
23.091800
23.137800
23.161200
23.186400
23.224250
23.239550
23.270225
23.288350
23.307625
23.539700
23.593575
23.623475
23.645500
23.733625
23.813950
23.852475
23.963750
24.076800
24.100975
24.182025
24.353350
24.398050
24.467650
24.544025
24.677325
24.820925
24.836075
24.865725
24.977275
25.043500
25.057025
25.113575
25.189250
25.284025
25.409425
25.425900
25.447475
25.458325
25.542225
25.673300
25.723950
25.816500
25.846325
25.872325
25.895650
25.951225
25.998350
26.019200
26.284075
26.330000
26.352225
26.383800
26.466100
26.582350
26.613650
26.737850
26.775075
26.787825
26.830200
27.076750
27.132950
27.236925
27.247350
27.254775
27.277250
27.414950
27.461325
27.666075
27.865450
27.906225
27.919100
27.956625
28.079175
28.112875
28.152600
28.156150
28.430625
28.472825
28.529800
28.798875
28.925250
28.943150
28.989175
29.053375
29.129950
29.226800
29.289075
29.351600
29.393850
29.396200
29.435750
29.458575
29.629625
29.658000
29.718950
29.752675
29.804050
