0.097475
0.117575
0.133925
0.188425
0.270300
0.404775
0.420700
0.457650
0.503650
0.542375
0.674775
0.712825
0.784425
0.932450
0.959375
1.000100
1.019450
1.040400
1.045375
1.048875
1.092650
1.219050
1.417425
1.425400
1.481850
1.525475
1.585725
1.701350
1.816675
1.824350
1.846400
1.884000
1.900550
1.961225
2.113625
2.123775
2.138275
2.187850
2.194975
2.285400
2.464725
2.546775
2.616825
2.624300
2.952875
3.028475
3.054075
3.064050
3.083500
3.125925
3.260325
3.271575
3.362400
3.394450
3.459625
3.533625
3.558250
3.658100
3.711425
3.782900
3.793325
3.801875
3.847450
3.863600
3.893725
4.104675
4.133200
4.323175
4.337450
4.378625
4.471000
4.498850
4.531925
4.604500
4.667850
4.697200
4.710150
4.808425
4.880075
5.019050
5.084575
5.096700
5.131850
5.146950
5.171800
5.186200
5.227400
5.344850
5.361000
5.432650
5.456375
5.517450
5.555025
5.629400
5.721725
5.762075
5.858400
6.007175
6.133200
6.154225
6.177900
6.194425
6.262875
6.327000
6.395550
6.522125
6.559600
6.630825
6.655575
6.669675
6.684850
6.728375
6.779325
6.795750
6.862275
6.959600
7.130600
7.143100
7.171825
7.204600
7.219000
7.380600
7.431675
7.468975
7.549200
7.566675
7.616075
7.632950
7.644250
7.654100
7.821050
7.861575
7.890500
8.002675
8.018325
8.070100
8.142225
8.177525
8.182775
8.249225
8.294675
8.319725
8.331775
8.419550
8.474725
8.813200
8.831000
8.867425
8.963975
8.982100
9.017375
9.038275
9.100450
9.196625
9.211050
9.251275
9.314925
9.362500
9.404000
9.456250
9.519250
9.560825
9.609425
9.662825
9.728725
9.748300
9.802575
9.872550
9.916600
9.950050
9.999450
10.030350
10.034525
10.086200
10.164575
10.232000
10.252350
10.279675
10.297325
10.346600
10.373400
10.393575
10.465450
10.537350
10.555500
10.579225
10.591450
10.838150
10.861875
10.898725
10.960850
10.995175
11.096850
11.140225
11.222225
11.475475
11.551675
11.589125
11.667300
11.735925
11.771650
11.797525
11.826550
11.921550
11.956600
12.012925
12.066225
12.075450
12.116975
12.149075
12.195000
12.280775
12.316750
12.396325
12.434375
12.478250
12.526975
12.543975
12.578650
12.663500
12.682125
12.709475
12.796025
12.843800
12.892575
12.910400
12.970125
12.986050
13.006850
13.025800
13.113425
13.203975
13.227900
13.316675
13.337050
13.398725
13.417025
13.419950
13.474700
13.492900
13.550325
13.573700
13.728400
13.801925
13.813150
13.824300
13.832525
13.864875
13.896700
14.065600
14.074550
14.082675
14.088600
14.093900
14.100025
14.104975
14.232450
14.316675
14.400125
14.409750
14.449575
14.503100
14.650675
14.673850
14.680150
14.740175
14.749025
14.762375
14.801200
14.805075
14.854075
14.902675
14.963700
14.968700
15.001650
15.100275
15.127050
15.152775
15.199900
15.270250
15.324750
15.340775
15.352750
15.367850
15.423750
15.491750
15.522300
15.563400
15.569975
15.600075
15.707225
15.742775
15.871900
15.898800
15.906700
15.913750
15.918425
15.992800
16.121425
16.196875
16.206975
16.221625
16.252475
16.375225
16.475400
16.481025
16.485675
16.489400
16.503525
16.628525
16.725000
16.771600
16.797200
16.819475
16.830725
16.836875
16.841850
16.863025
16.912200
16.938050
16.984150
17.015525
17.157125
17.305575
17.394225
17.401150
17.417375
17.494200
17.547550
17.586750
17.689825
17.698950
17.716950
17.828425
17.990200
18.001825
18.149450
18.247150
18.264125
18.282650
18.301375
18.356325
18.377125
18.471625
18.545025
18.578000
18.588275
18.767250
18.786725
18.928100
18.999975
19.057250
19.093200
19.107475
19.217600
19.261175
19.308425
19.318750
19.386425
19.475650
19.531450
19.554100
19.563975
19.688450
19.737350
19.850475
19.878700
19.898000
19.988075
20.035900
20.146275
20.176000
20.207000
20.264625
20.298450
20.357575
20.406800
20.674725
20.840525
20.864175
21.016875
21.075375
21.116075
21.197575
21.270075
21.363600
21.371825
21.387325
21.422175
21.434100
21.462725
21.607275
21.641275
21.685725
21.721250
21.800200
21.857300
21.895775
21.928350
21.998975
22.009925
22.103350
22.185000
22.285000
22.343850
22.345600
22.397200
22.453075
22.468475
22.503875
22.528525
22.545800
22.638675
22.789150
22.848525
22.964975
23.096950
23.109075
23.118800
23.146850
23.218525
23.290425
23.360800
23.501025
23.575425
23.700075
23.772425
23.845950
23.873775
23.911125
23.957300
23.990650
24.009100
24.106225
24.151500
24.198175
24.212200
24.294100
24.359225
24.449325
24.494500
24.511000
24.529325
24.586425
24.678625
24.724775
24.781475
24.804925
24.816125
24.892425
24.936525
24.971625
25.109875
25.127075
25.143075
25.152700
25.166725
25.210350
25.276200
25.286275
25.307875
25.316325
25.363975
25.411525
25.445650
25.479550
25.537925
25.580450
25.611150
25.653925
25.713425
25.804500
25.849350
25.866525
25.926900
25.941050
25.983875
26.020350
26.094400
26.173525
26.181825
26.189775
26.247700
26.300400
26.382225
26.391000
26.402125
26.454500
26.655825
26.716425
26.734925
26.759125
26.778500
26.838375
26.861950
26.893400
26.926850
27.064200
27.153575
27.367175
27.400125
27.420750
27.470675
27.522550
27.533475
27.545250
27.581525
27.649875
27.717375
27.736000
27.760725
27.786375
27.825625
27.900450
27.921225
28.036225
28.093025
28.153650
28.175200
28.232925
28.261475
28.281900
28.327500
28.403325
28.537675
28.575075
28.641550
28.676150
28.691650
28.704475
28.747175
28.778400
28.824875
28.867025
28.897300
28.919775
28.969125
29.060975
29.104825
29.188600
29.222325
29.263900
29.381775
29.589975
29.611225
29.630925
29.643950
29.755475
29.889025
29.938325
