0.060600
0.129925
0.164975
0.197375
0.238650
0.259400
0.272950
0.288975
0.310725
0.340625
0.370500
0.408475
0.456025
0.501475
0.568975
0.627125
0.651150
0.664625
0.689975
0.739475
0.788775
0.806825
0.832450
0.843775
0.867225
0.892700
0.928275
0.949850
0.973475
0.997600
1.052950
1.078325
1.109050
1.138825
1.155125
1.177775
1.334650
1.436725
1.484925
1.512625
1.554150
1.569825
1.602925
1.625200
1.661325
1.694675
1.723175
1.743000
1.786350
1.813350
1.833575
1.850200
1.883650
1.902750
1.928850
1.958400
1.983600
2.013775
2.062350
2.077275
2.088775
2.118900
2.155575
2.193600
2.230975
2.243475
2.270650
2.292775
2.321950
2.345375
2.385250
2.424500
2.448325
2.472925
2.487250
2.550325
2.592625
2.728700
2.773650
2.830475
2.856175
2.872800
2.886975
2.905125
2.921950
2.937500
2.971600
3.024500
3.045350
3.067425
3.094000
3.106775
3.118650
3.142100
3.158075
3.173600
3.191650
3.209125
3.226725
3.247150
3.276125
3.295800
3.331800
3.370200
3.402875
3.421900
3.447875
3.474225
3.487450
3.511400
3.518550
3.532675
3.549625
3.569100
3.587825
3.618975
3.632050
3.642025
3.661175
3.677800
3.726200
3.751100
3.786775
3.803950
3.830650
3.855600
3.886325
3.917450
3.943575
3.959975
4.052375
4.137150
4.168800
4.201150
4.232350
4.246500
4.281850
4.308775
4.333925
4.347275
4.370350
4.409200
4.448500
4.457875
4.494700
4.548500
4.590075
4.623750
4.656375
4.675825
4.726025
4.750450
4.773175
4.825450
4.849775
4.871725
4.902325
4.914950
4.935875
4.962925
4.985675
5.051925
5.093375
5.189125
5.289825
5.337250
5.395925
5.490400
5.510400
5.539175
5.574025
5.592075
5.622800
5.672075
5.698625
5.725525
5.741200
5.767650
5.799675
5.829950
5.843525
5.875225
5.886225
5.911475
5.929525
5.966125
5.987800
6.001200
6.028875
6.044075
6.089375
6.108050
6.159900
6.213275
6.230675
6.267900
6.280350
6.307550
6.336400
6.377325
6.392525
6.432175
6.451225
6.486775
6.510600
6.532225
6.569775
6.588150
6.603050
6.696500
6.754850
6.792100
6.811675
6.856625
6.934875
6.965450
6.990150
7.010700
7.035550
7.075225
7.097825
7.145350
7.182875
7.314975
7.384000
7.419250
7.448075
7.493000
7.524725
7.551625
7.572225
7.611775
7.627575
7.661275
7.725075
7.755600
7.785575
7.817575
7.850925
7.872075
7.895500
7.933350
7.964375
8.015550
8.129675
8.191500
8.223775
8.245600
8.275250
8.297650
8.315650
8.330250
8.355000
8.384100
8.426475
8.482950
8.514350
8.540875
8.596750
8.641575
8.714675
8.766325
8.837475
8.867625
8.896550
8.935300
8.981925
9.023850
9.051400
9.092125
9.121625
9.159100
9.219475
9.268500
9.292275
9.339500
9.385000
9.432900
9.488775
9.537575
9.575150
9.609625
9.669775
9.703950
9.731300
9.843325
9.925800
9.967600
9.998100
10.031850
10.063025
10.114125
10.139800
10.160475
10.226850
10.312625
10.366050
10.454875
10.479075
10.501200
10.546025
10.568700
10.603075
10.634200
10.674300
10.727000
10.752425
10.786825
10.808150
10.833375
10.856550
10.898100
10.932250
10.957275
10.986700
11.043075
11.077750
11.184550
11.205300
11.232125
11.296325
11.327700
11.351050
11.387600
11.417525
11.441225
11.476525
11.539475
11.569900
11.590225
11.622925
11.645600
11.711300
11.723800
11.882075
11.908850
11.939350
11.961650
11.988500
12.059325
12.116300
12.184950
12.253650
12.281450
12.305500
12.366275
12.387875
12.436550
12.461900
12.478725
12.525575
12.551550
12.569575
12.584200
12.615125
12.651525
12.665450
12.724475
12.749550
12.782800
12.801200
12.831700
12.850850
12.884875
12.906725
12.929725
12.965575
13.005950
13.048100
13.068525
13.108600
13.161550
13.217550
13.237725
13.248150
13.273325
13.301775
13.324325
13.425225
13.459950
13.493525
13.518950
13.544150
13.567525
13.585475
13.604875
13.640650
13.676025
13.745725
13.786000
13.815925
13.875100
13.919425
13.957400
13.997500
14.048300
14.097300
14.124225
14.169675
14.207925
14.270125
14.317250
14.340925
14.362850
14.419625
14.456675
14.473975
14.488425
14.511125
14.532525
14.554925
14.567175
14.592975
14.667850
14.940475
15.010050
15.052900
15.088700
15.136550
15.167725
15.191950
15.242100
15.304375
15.350275
15.370100
15.394875
15.427300
15.458150
15.517675
15.536775
15.548475
15.580500
15.628525
15.652075
15.667825
15.689425
15.727875
15.780775
15.817275
15.842300
15.883300
15.916925
15.970550
16.003375
16.018950
16.075475
16.105175
16.175425
16.213350
16.265000
16.303250
16.322000
16.348150
16.395500
16.444175
16.473050
16.501100
16.521675
16.601600
16.630425
16.669125
16.686750
16.706425
16.743900
16.779525
16.796550
16.831050
16.922750
16.946350
17.033350
17.095350
17.131650
17.154950
17.212675
17.241750
17.261725
17.291925
17.312050
17.343075
17.406075
17.480975
17.545175
17.571050
17.599175
17.624875
17.682250
17.724800
17.809800
17.882075
17.946425
17.970200
18.000725
18.026800
18.043000
18.065075
18.098900
18.122500
18.139100
18.163175
18.187675
18.227575
18.243075
18.272250
18.293775
18.334650
18.350475
18.416975
18.434250
18.469525
18.499975
18.542825
18.587025
18.601825
18.619025
18.638250
18.656150
18.694700
18.734550
18.764500
18.783700
18.819875
18.838300
18.860675
18.890850
18.904225
18.928375
18.948125
18.980425
19.012775
19.038750
19.090425
19.159625
19.286375
19.369350
19.392225
19.413300
19.432225
19.463825
19.485525
19.514450
19.538825
19.559500
19.589000
19.630425
19.654400
19.675175
19.714975
19.758600
19.794125
19.816500
19.836675
19.860950
19.904025
19.938950
19.986200
20.026600
20.142800
20.195250
20.219025
20.249300
20.285675
20.396350
20.421200
20.475100
20.519325
20.599475
20.640725
20.709825
20.772575
20.817725
20.861550
20.918225
20.969800
21.067975
21.088025
21.099200
21.130350
21.169750
21.194375
21.223825
21.261600
21.275775
21.298100
21.333750
21.358700
21.404850
21.448675
21.477800
21.517175
21.608775
21.624000
21.759700
21.803025
21.857825
21.905825
21.939875
21.958350
21.997825
22.017350
22.062900
22.095075
22.118425
22.168850
22.366750
22.401375
22.422525
22.465700
22.532525
22.554550
22.582100
22.607600
22.636825
22.652300
22.673575
22.697325
22.713300
22.729525
22.756775
22.772675
22.807575
22.836125
22.860500
22.887875
22.918250
22.946200
22.969550
22.983450
22.996075
23.007775
23.042925
23.060375
23.122950
23.134075
23.165750
23.178375
23.210175
23.247900
23.256075
23.292000
23.330050
23.359675
23.499600
23.576050
23.608875
23.630950
23.645025
23.681325
23.702900
23.784475
23.816775
23.836325
23.870250
23.883375
23.917725
23.941900
23.968100
24.007425
24.157900
24.187275
24.237625
24.282650
24.304650
24.328000
24.343100
24.398175
24.422400
24.464775
24.511575
24.559125
24.586150
24.620475
24.658125
24.720225
24.748050
24.776575
24.835775
24.868900
24.898300
24.930100
24.996325
25.049750
25.109325
25.144075
25.216450
25.227100
25.438650
25.522500
25.558225
25.588400
25.605650
25.623200
25.658325
25.697550
25.715650
25.744000
25.756625
25.800975
25.838650
25.868425
25.911050
25.957250
26.006700
26.069000
26.080825
26.208300
26.306325
26.364575
26.406375
26.440475
26.482200
26.542675
26.580425
26.610700
26.641525
26.669800
26.717800
26.748850
26.797050
26.826275
26.889650
26.912775
26.938375
26.947375
26.967100
26.998625
27.029900
27.059300
27.086350
27.131350
27.186950
27.232050
27.270400
27.288750
27.324175
27.350600
27.392550
27.425725
27.451450
27.491625
27.538925
27.568575
27.601725
27.636750
27.691725
27.721150
27.784550
27.824625
27.899450
27.950125
27.994300
28.036200
28.069150
28.120500
28.172650
28.214425
28.256725
28.308350
28.348275
28.386650
28.445525
28.495325
28.549075
28.578900
28.617300
28.665800
28.720275
28.743825
28.803500
28.841400
28.897800
28.961525
29.015625
29.086350
29.121450
29.159850
29.191025
29.271525
29.318000
29.341900
29.371425
29.419450
29.456350
29.519675
29.553850
29.566375
29.659175
29.710550
29.743725
29.798300
29.823700
29.859350
29.898350
29.973400
