0.038400
0.049750
0.073575
0.082325
0.099900
0.133475
0.151125
0.167950
0.182500
0.199325
0.207525
0.226425
0.253950
0.301725
0.363200
0.374875
0.388850
0.403275
0.415900
0.432925
0.445475
0.460700
0.496200
0.532900
0.548225
0.604750
0.615725
0.646400
0.671850
0.727325
0.751225
0.769075
0.795425
0.805950
0.825175
0.839750
0.857525
0.877225
0.901700
0.922175
0.938800
0.959100
1.006975
1.031725
1.054250
1.073950
1.093850
1.130175
1.150525
1.162100
1.181925
1.226825
1.257250
1.276675
1.307325
1.336825
1.353900
1.370675
1.390950
1.405275
1.426325
1.443150
1.468975
1.498350
1.514325
1.531000
1.542725
1.556500
1.574200
1.591700
1.597725
1.627700
1.653950
1.672950
1.748450
1.761550
1.786775
1.807275
1.845275
1.859200
1.871550
1.894050
1.918975
1.936725
1.954425
1.969425
1.984225
2.060400
2.077050
2.089675
2.104300
2.122475
2.143625
2.163325
2.176075
2.200675
2.223700
2.245775
2.265550
2.281475
2.297200
2.309925
2.328650
2.341400
2.357725
2.374950
2.405500
2.424000
2.441125
2.465875
2.489825
2.538575
2.550725
2.568800
2.587650
2.613000
2.629050
2.649325
2.679050
2.690500
2.713750
2.731025
2.741525
2.754500
2.788000
2.817775
2.835450
2.850450
2.870450
2.895375
2.926875
2.953250
2.983275
2.997275
3.007250
3.034875
3.060475
3.071075
3.084250
3.103150
3.119225
3.136525
3.153050
3.171125
3.185075
3.235175
3.258225
3.285800
3.312075
3.336675
3.382625
3.401550
3.422100
3.439900
3.478150
3.495475
3.531375
3.547300
3.556725
3.584625
3.604800
3.616075
3.634675
3.654400
3.689925
3.709150
3.733325
3.752700
3.767375
3.783575
3.795225
3.830600
3.870250
3.919100
3.937500
3.953850
3.975625
3.998200
4.040025
4.048600
4.065400
4.083725
4.100750
4.123050
4.162625
4.185475
4.205975
4.254850
4.268825
4.287550
4.297275
4.318450
4.335200
4.374950
4.401150
4.448725
4.458075
4.474600
4.486200
4.498550
4.519650
4.540750
4.559775
4.575675
4.599250
4.620300
4.644275
4.668575
4.687400
4.711325
4.780925
4.802925
4.818100
4.837800
4.853775
4.871450
4.878375
4.899075
4.940475
4.954725
4.973950
5.001000
5.030300
5.052900
5.080750
5.127425
5.147175
5.163675
5.175075
5.194700
5.246825
5.261925
5.296050
5.315850
5.341200
5.396175
5.485400
5.489300
5.521450
5.561925
5.580750
5.605400
5.625375
5.647525
5.665200
5.695725
5.715075
5.737725
5.766600
5.828250
5.863000
5.875650
5.891975
5.910000
5.922450
5.942875
5.959550
5.979325
5.998850
6.016575
6.037000
6.058350
6.085050
6.184700
6.225750
6.248225
6.262750
6.273875
6.284350
6.293450
6.308925
6.324550
6.340700
6.355975
6.372100
6.385075
6.403575
6.420275
6.439050
6.491975
6.516300
6.535325
6.553875
6.646575
6.689050
6.722800
6.735025
6.762025
6.776925
6.795950
6.822000
6.861475
6.871475
6.888475
6.905175
6.925750
6.942050
6.954150
6.976500
6.998075
7.050950
7.069575
7.086275
7.099875
7.112525
7.117800
7.137350
7.152525
7.171375
7.183900
7.203100
7.222250
7.237325
7.286825
7.308350
7.340800
7.360025
7.409025
7.420950
7.434675
7.449550
7.460025
7.469800
7.500300
7.516400
7.546575
7.564350
7.598925
7.621225
7.635475
7.645225
7.676300
7.744850
7.755225
7.780750
7.809200
7.831250
7.851250
7.880075
7.892250
7.926925
7.946800
7.962375
7.990650
8.008475
8.025425
8.038150
8.058300
8.074125
8.101075
8.121500
8.201225
8.234450
8.268075
8.281550
8.296750
8.347950
8.389700
8.456325
8.471450
8.493250
8.528150
8.609075
8.627125
8.634675
8.662525
8.680900
8.694025
8.715050
8.725150
8.745925
8.755425
8.770050
8.792650
8.812600
8.835600
8.856475
8.879525
8.892075
8.918700
8.957950
8.990175
9.007025
9.022025
9.041650
9.050300
9.071800
9.086325
9.093975
9.113300
9.130075
9.141600
9.148725
9.170075
9.187575
9.205475
9.215750
9.242100
9.262525
9.280950
9.299500
9.320575
9.335525
9.353025
9.370350
9.391900
9.406325
9.481950
9.492600
9.510825
9.536075
9.545675
9.557700
9.582750
9.598325
9.621850
9.634550
9.654175
9.666775
9.688775
9.709150
9.725150
9.743900
9.753800
9.775825
9.799250
9.886075
9.910750
9.944500
9.968050
9.988525
9.997950
10.025950
10.060150
10.074075
10.108975
10.134050
10.177800
10.197075
10.217275
10.233525
10.251575
10.286475
10.304825
10.343200
10.366650
10.382300
10.401100
10.410025
10.428200
10.442400
10.458100
10.491875
10.506725
10.546450
10.561750
10.602575
10.615175
10.663725
10.742850
10.768800
10.802125
10.821600
10.845150
10.857800
10.893625
10.920325
10.933275
10.952475
10.991475
11.014650
11.028650
11.048550
11.063300
11.074700
11.090400
11.103725
11.125250
11.141850
11.166475
11.192275
11.203575
11.231925
11.259375
11.321200
11.356875
11.442725
11.457050
11.475025
11.482225
11.507750
11.538750
11.558475
11.574375
11.587300
11.604225
11.625225
11.650550
11.696425
11.714625
11.732875
11.759100
11.786200
11.796425
11.820100
11.842350
11.869975
11.901025
11.935500
11.957250
11.969100
11.986350
12.001975
12.018750
12.040400
12.052575
12.072550
12.085000
12.105650
12.124250
12.169275
12.200500
12.236800
12.258625
12.273700
12.281800
12.301225
12.318375
12.331225
12.350100
12.375325
12.400875
12.420525
12.434775
12.472750
12.493600
12.511275
12.529525
12.551825
12.575525
12.594475
12.619750
12.644625
12.678275
12.681650
12.702500
12.718425
12.730925
12.748175
12.770725
12.787500
12.813400
12.825625
12.843400
12.862750
12.890125
12.909550
12.928450
12.963325
12.982550
12.999925
13.014725
13.035550
13.062425
13.080950
13.103950
13.125475
13.150825
13.200050
13.216750
13.236475
13.255250
13.268875
13.283125
13.300075
13.319575
13.343000
13.351150
13.380175
13.397250
13.408800
13.442600
13.488325
13.533000
13.557300
13.576350
13.590950
13.611675
13.640650
13.662050
13.671075
13.686150
13.725475
13.738225
13.753075
13.764625
13.774175
13.805775
13.822875
13.841175
13.867575
13.891150
13.936550
13.983000
14.014325
14.028500
14.050375
14.082650
14.090325
14.096725
14.109825
14.130250
14.146425
14.169725
14.199525
14.213575
14.230475
14.252350
14.280800
14.330000
14.344475
14.370600
14.392150
14.411450
14.426475
14.443425
14.485950
14.511850
14.563125
14.590825
14.612825
14.622650
14.644600
14.667825
14.693600
14.712950
14.742675
14.773100
14.795500
14.812950
14.845900
14.873775
14.905400
14.933900
14.945775
14.962025
14.992925
15.007150
15.045100
15.070175
15.118075
15.131975
15.144575
15.169600
15.186075
15.199150
15.215650
15.229600
15.238625
15.246050
15.272250
15.289975
15.306550
15.330525
15.349425
15.378025
15.401250
15.427925
15.475375
15.496825
15.513900
15.532400
15.547825
15.566950
15.579750
15.597900
15.642325
15.660875
15.678650
15.691925
15.711250
15.728650
15.769725
15.786625
15.813675
15.838825
15.864300
15.894025
15.910000
15.935775
15.959575
15.984725
15.997025
16.045200
16.076675
16.097350
16.101975
16.114075
16.140725
16.157900
16.174525
16.197950
16.242400
16.261600
16.281175
16.306950
16.328150
16.345200
16.393500
16.438925
16.465800
16.488325
16.507975
16.524050
16.543900
16.556275
16.569125
16.585100
16.599825
16.613700
16.635300
16.651550
16.670325
16.692775
16.714575
16.731600
16.763150
16.802675
16.828525
16.845200
16.851325
16.894450
16.903600
16.925300
16.947600
16.974475
16.988275
17.012325
17.026925
17.052675
17.077750
17.096000
17.117225
17.137900
17.173525
17.269175
17.289100
17.315925
17.336500
17.352700
17.368600
17.387575
17.407625
17.414925
17.431675
17.449200
17.468475
17.486500
17.517725
17.540225
17.576650
17.601875
17.632975
17.660200
17.671950
17.687825
17.717150
17.731850
17.759300
17.791800
17.821200
17.835875
17.848900
17.871275
17.891000
17.910650
17.924150
17.956275
17.990925
18.001325
18.010025
18.033100
18.044475
18.068725
18.090500
18.100950
18.128200
18.160850
18.183800
18.200525
18.232450
18.253750
18.289550
18.301125
18.323650
18.340450
18.355925
18.370100
18.390275
18.393425
18.444825
18.463025
18.497450
18.514825
18.527750
18.557475
18.569925
18.583875
18.605650
18.619375
18.642250
18.654275
18.673225
18.702825
18.756475
18.771750
18.789850
18.809400
18.836025
18.867150
18.885450
18.931500
18.942075
18.958775
18.977550
18.998675
19.021725
19.045025
19.074025
19.139075
19.156550
19.170025
19.184750
19.206000
19.222700
19.236575
19.251200
19.269050
19.285225
19.305575
19.336725
19.351625
19.369750
19.377675
19.411350
19.450775
19.479250
19.487700
19.510350
19.526775
19.536400
19.554725
19.573475
19.587600
19.612750
19.636425
19.656950
19.674275
19.688825
19.735925
19.800475
19.823325
19.832900
19.850700
19.877125
19.886100
19.920750
19.937850
19.960100
19.980075
20.003775
20.023975
20.049750
20.068800
20.094300
20.116400
20.142800
20.166575
20.195150
20.217000
20.242225
20.253675
20.271950
20.292275
20.307450
20.323850
20.340425
20.376600
20.402575
20.415525
20.426700
20.440000
20.456050
20.489600
20.503175
20.526925
20.541600
20.566825
20.576675
20.652425
20.664200
20.692200
20.718300
20.742100
20.776975
20.787050
20.801925
20.815625
20.827825
20.837750
20.851700
20.883450
20.902400
20.913700
20.955275
20.974925
21.009250
21.034975
21.068625
21.083325
21.109125
21.119500
21.135450
21.143375
21.162125
21.184600
21.198025
21.208675
21.237400
21.260775
21.309650
21.323150
21.346750
21.368950
21.393525
21.411550
21.421925
21.440275
21.458025
21.470875
21.488600
21.506725
21.526400
21.545900
21.570300
21.583625
21.609025
21.664450
21.668550
21.694575
21.708850
21.728500
21.754875
21.775050
21.788025
21.808025
21.827425
21.856725
21.880625
21.909600
21.927925
21.932125
21.951525
21.956250
21.979200
21.992250
22.000550
22.013675
22.028775
22.051900
22.066525
22.099100
22.123800
22.143700
22.167125
22.186500
22.209425
22.233050
22.259525
22.286675
22.295200
22.312175
22.321150
22.330225
22.346950
22.362300
22.380050
22.386275
22.394250
22.414450
22.432525
22.448200
22.461050
22.471125
22.487175
22.507075
22.523700
22.605450
22.616500
22.653100
22.662500
22.691275
22.703325
22.727225
22.751575
22.777625
22.803275
22.828700
22.883950
22.898000
22.908450
22.921425
22.936475
22.940000
22.962400
22.974700
22.986600
23.004125
23.023225
23.036175
23.062925
23.087000
23.105575
23.123725
23.151450
23.186975
23.201375
23.210600
23.241625
23.256850
23.272475
23.278525
23.302200
23.337225
23.356425
23.376800
23.395050
23.411925
23.438200
23.458575
23.474275
23.507125
23.548075
23.562625
23.578250
23.611850
23.626550
23.643075
23.660075
23.695300
23.717175
23.722675
23.740275
23.783525
23.803250
23.825500
23.847175
23.907975
23.930700
23.957750
23.971275
23.979925
24.009675
24.030175
24.039050
24.050575
24.076675
24.100900
24.125825
24.144125
24.156325
24.169250
24.195925
24.214500
24.235475
24.270200
24.323600
24.329425
24.348300
24.362150
24.378600
24.402075
24.406625
24.422850
24.461350
24.469825
24.490850
24.507750
24.523300
24.545625
24.569475
24.589950
24.620400
24.637700
24.662875
24.689525
24.758925
24.774450
24.824900
24.863475
24.877650
24.912975
24.929100
24.980750
25.003450
25.018150
25.047525
25.092325
25.161350
25.204725
25.219525
25.239650
25.266250
25.283450
25.296900
25.320675
25.420600
25.436500
25.460350
25.484275
25.498850
25.520325
25.540775
25.652375
25.674725
25.703250
25.742600
25.756675
25.778650
25.804725
25.820125
25.838500
25.855325
25.891600
25.909550
25.929475
25.949450
25.974900
25.996075
26.019475
26.045650
26.072075
26.098375
26.164500
26.203400
26.247525
26.262825
26.297125
26.314475
26.337800
26.351850
26.371925
26.397225
26.416975
26.433775
26.459500
26.503875
26.531125
26.566225
26.583875
26.598050
26.615775
26.635200
26.647600
26.664050
26.676575
26.697975
26.720375
26.738175
26.763050
26.796575
26.822275
26.893550
26.912875
26.929700
26.944575
26.950475
26.978725
26.996200
27.011650
27.033850
27.049575
27.066400
27.089450
27.111650
27.136550
27.147225
27.161475
27.182775
27.221650
27.241375
27.260475
27.272475
27.278850
27.290575
27.303875
27.317075
27.355250
27.369600
27.386725
27.403425
27.425700
27.443825
27.464500
27.487950
27.518475
27.538350
27.551250
27.565875
27.594300
27.603950
27.649550
27.661850
27.673600
27.678225
27.700575
27.722125
27.737575
27.752225
27.763225
27.770000
27.783175
27.799875
27.828675
27.861650
27.890250
27.924400
27.933825
27.964700
27.982450
28.008850
28.040800
28.072950
28.082375
28.091475
28.102875
28.129425
28.144275
28.159625
28.174050
28.193900
28.204650
28.223525
28.242325
28.257350
28.274125
28.298800
28.327050
28.349775
28.391425
28.424200
28.433300
28.450125
28.459200
28.475675
28.483875
28.503525
28.516325
28.532400
28.549100
28.565600
28.581300
28.600300
28.623825
28.680350
28.709750
28.746125
28.763950
28.798725
28.813450
28.822875
28.850475
28.862300
28.877025
28.891725
28.917350
28.932525
28.950000
28.993175
29.019150
29.043475
29.071900
29.102675
29.121800
29.147625
29.176950
29.197650
29.215350
29.228500
29.241150
29.261325
29.285275
29.299150
29.324875
29.338425
29.370150
29.392875
29.406900
29.438600
29.442200
29.471950
29.493425
29.517975
29.530200
29.578750
29.599575
29.621150
29.642400
29.674150
29.710575
29.722225
29.750450
29.763475
29.782825
29.799775
29.816800
29.833375
29.851325
29.871875
29.898425
29.916050
29.930825
29.954125
29.969150
29.992750
