0.390975
0.492625
0.637975
0.740650
0.906500
1.165725
1.334700
1.556300
1.741050
1.906900
2.695850
3.103700
3.976250
4.446050
4.788600
5.112775
5.300475
5.474125
5.900425
6.128850
6.258525
6.392325
6.783775
6.916475
7.212100
7.387575
7.464475
7.594825
8.037475
8.444675
8.618025
9.025700
9.164325
9.360950
9.501275
9.738950
9.882200
10.303750
10.496775
10.670825
10.807175
10.934550
11.273500
11.485400
11.654550
11.797600
11.951200
12.309400
12.653400
12.681925
13.405200
13.527375
13.849550
13.965250
14.285725
14.496725
14.694625
14.865150
15.028900
15.262975
15.394925
15.672850
15.901900
16.030425
16.274875
16.404825
16.780075
16.871600
17.218500
17.528900
17.788625
17.866725
17.887600
17.915100
17.957025
18.008125
18.806225
19.104925
19.172325
19.257950
19.624750
19.961175
20.245125
20.484725
20.594650
20.751850
20.861375
20.954450
21.083725
21.212400
21.302275
21.490725
21.573425
21.695475
21.757600
21.834125
21.914650
22.019225
22.325525
22.926075
23.036725
23.387025
23.471600
23.586825
23.727150
24.194625
24.432650
24.523000
24.791925
25.182900
25.841275
26.138650
26.267775
26.546750
27.199425
27.407025
27.621550
27.839425
27.952250
28.200425
28.400525
28.572825
28.852175
29.616375
29.897800
