0.006425
0.026250
0.057450
0.079175
0.103300
0.134525
0.168000
0.209475
0.282400
0.311125
0.334250
0.369600
0.405400
0.440650
0.475500
0.512225
0.550825
0.575725
0.652475
0.712550
0.750775
0.778450
0.802625
0.833325
0.862175
0.896200
0.943475
0.984875
1.032725
1.095975
1.127625
1.148575
1.189475
1.234650
1.262100
1.319650
1.362375
1.434875
1.481650
1.545150
1.570700
1.611475
1.646350
1.687500
1.715750
1.753075
1.802050
1.893675
1.947025
1.972500
2.006075
2.031600
2.060325
2.119625
2.149500
2.170125
2.205575
2.227875
2.248500
2.287325
2.319425
2.369375
2.420200
2.469300
2.513100
2.542875
2.553450
2.567900
2.586850
2.628850
2.662675
2.687350
2.706600
2.732400
2.770700
2.822325
2.873850
2.904375
2.944625
3.006725
3.028675
3.037450
3.052100
3.074075
3.114525
3.139400
3.188450
3.239300
3.274525
3.318750
3.366950
3.398450
3.431600
3.457125
3.491475
3.519375
3.546750
3.576350
3.611800
3.647075
3.670125
3.708150
3.731325
3.754825
3.777100
3.804575
3.827275
3.857200
3.895200
3.943025
3.995000
4.023775
4.075050
4.141375
4.173500
4.202475
4.238075
4.262150
4.297725
4.336650
4.383075
4.459450
4.520150
4.592425
4.641250
4.665925
4.707075
4.737800
4.798450
4.830975
4.852825
4.882400
4.920800
4.980975
5.005800
5.029575
5.060950
5.097425
5.124050
5.165050
5.235250
5.285225
5.319800
5.382700
5.408625
5.439950
5.495800
5.529650
5.573825
5.608200
5.667050
5.696100
5.731450
5.759125
5.794125
5.817650
5.840725
5.872475
5.896800
5.919475
5.938925
5.964475
6.006150
6.035250
6.066000
6.110200
6.131550
6.157000
6.180400
6.197250
6.225325
6.261350
6.307575
6.335575
6.358725
6.382800
6.403450
6.422825
6.446075
6.463750
6.471525
6.478100
6.487275
6.532175
6.549375
6.569275
6.601525
6.649850
6.690500
6.729025
6.760375
6.778050
6.817850
6.870050
6.909525
6.940600
6.965275
7.004950
7.034775
7.064275
7.106075
7.160625
7.188575
7.211700
7.237000
7.254175
7.273925
7.298425
7.330000
7.359150
7.388325
7.419475
7.439425
7.468350
7.493175
7.519800
7.541500
7.570775
7.598450
7.613700
7.636600
7.660600
7.680100
7.702375
7.729600
7.758525
7.801450
7.811900
7.844125
7.863200
7.887000
7.908800
7.932950
7.957575
7.985575
8.025875
8.077625
8.093450
8.109425
8.122775
8.139050
8.157725
8.178550
8.199625
8.255550
8.286275
8.325550
8.384675
8.443875
8.477875
8.518125
8.544300
8.566050
8.600825
8.641525
8.682925
8.724850
8.771075
8.812125
8.898150
8.915025
8.943300
8.968075
9.004225
9.037775
9.094600
9.133575
9.174275
9.217425
9.271550
9.296700
9.315450
9.352925
9.379800
9.401925
9.444025
9.499650
9.546700
9.614325
9.651175
9.686750
9.709575
9.735075
9.777975
9.816000
9.860800
9.900575
9.931500
9.959650
9.986875
10.011350
10.035600
10.060500
10.093550
10.121850
10.153925
10.200350
10.250825
10.283400
10.325875
10.385075
10.420500
10.461100
10.494275
10.528200
10.602325
10.640675
10.687350
10.717575
10.749925
10.780300
10.820550
10.861925
10.911450
10.967850
11.042525
11.099775
11.146775
11.221650
11.256875
11.286950
11.329225
11.409250
11.461450
11.518725
11.555275
11.579750
11.605375
11.672025
11.698150
11.817175
11.875575
11.924200
11.966850
12.055225
12.105625
12.157825
12.246000
12.304825
12.387975
12.519350
12.577550
12.609900
12.646075
12.724250
12.755500
12.852200
12.979675
13.027100
13.049475
13.077050
13.116250
13.156300
13.190475
13.249725
13.338825
13.388075
13.488000
13.556575
13.642125
13.678175
13.704050
13.733225
13.768000
13.799600
13.845550
13.904525
13.942650
14.006175
14.057050
14.092175
14.105275
14.120750
14.142300
14.168500
14.197000
14.218700
14.269800
14.315425
14.356750
14.409500
14.428250
14.456775
14.494400
14.528425
14.559850
14.599350
14.634075
14.670925
14.698175
14.739000
14.770300
14.814600
14.841350
14.864950
14.887200
14.930200
14.970000
15.000500
15.035300
15.119475
15.161800
15.230750
15.290050
15.323225
15.359000
15.390375
15.422275
15.466825
15.518025
15.590800
15.639025
15.705950
15.732950
15.769275
15.793275
15.815525
15.852475
15.896675
15.947375
15.987775
16.016850
16.054975
16.084500
16.148450
16.195600
16.234250
16.298600
16.365825
16.402450
16.433275
16.510675
16.550075
16.581825
16.632500
16.670300
16.699575
16.726925
16.751250
16.781350
16.830100
16.881375
16.934325
16.999450
17.065525
17.107450
17.123900
17.155775
17.186050
17.252625
17.284300
17.336750
17.394700
17.413600
17.427800
17.467350
17.487425
17.520200
17.570800
17.611825
17.646050
17.736300
17.765250
17.783275
17.814200
17.848450
17.872650
17.895375
17.932525
17.975900
18.001975
18.054400
18.089200
18.134325
18.182650
18.203325
18.223000
18.236825
18.283300
18.303400
18.343425
18.393875
18.417850
18.454250
18.515600
18.544075
18.566050
18.599100
18.623775
18.644400
18.678475
18.731925
18.781075
18.831350
18.898425
18.921925
18.937650
18.953375
18.975000
18.992350
19.016000
19.043675
19.096925
19.135250
19.166300
19.204250
19.263825
19.313975
19.376350
19.400775
19.427175
19.450775
19.474250
19.500450
19.558000
19.586450
19.629500
19.690200
19.749950
19.799550
19.822025
19.859825
19.889600
19.934725
19.973125
20.029450
20.116775
20.150325
20.186600
20.226175
20.271950
20.329250
20.338425
20.362900
20.401375
20.418150
20.434925
20.449925
20.473025
20.516100
20.534650
20.565525
20.598125
20.653100
20.682675
20.742800
20.775325
20.809550
20.839100
20.880600
20.911875
20.960025
21.000275
21.043775
21.117250
21.186775
21.238350
21.268875
21.298275
21.329675
21.360550
21.406375
21.435700
21.484150
21.537375
21.584925
21.625125
21.699375
21.754650
21.794750
21.836825
21.867800
21.913750
21.946250
22.005575
22.066300
22.106775
22.153025
22.187450
22.232175
22.271650
22.306775
22.351500
22.380700
22.422200
22.477250
22.531375
22.581575
22.622325
22.664925
22.715700
22.787400
22.829225
22.905900
22.945600
22.971925
23.026275
23.076875
23.178425
23.246625
23.317025
23.375875
23.397925
23.423925
23.444875
23.503725
23.545900
23.575700
23.602450
23.630125
23.664425
23.706000
23.737425
23.772450
23.819950
23.870525
23.942250
23.998750
24.030325
24.053925
24.079125
24.119125
24.156650
24.181100
24.206300
24.239300
24.290700
24.308850
24.334225
24.374375
24.398450
24.448125
24.506500
24.635000
24.675250
24.733875
24.808625
24.861875
24.921300
24.966275
25.012350
25.056550
25.119275
25.182925
25.276650
25.361550
25.406000
25.452400
25.485075
25.520575
25.586800
25.636475
25.717625
25.763025
25.819325
25.860400
25.971650
26.017650
26.082375
26.146375
26.193500
26.224325
26.267300
26.321875
26.356700
26.420250
26.480300
26.594200
26.624975
26.658125
26.702400
26.738150
26.779375
26.810175
26.842125
26.882625
26.913925
26.992875
27.033225
27.115725
27.153075
27.191100
27.212400
27.247450
27.293875
27.346050
27.390525
27.438100
27.479800
27.515325
27.575225
27.610700
27.648800
27.702800
27.769175
27.802225
27.852025
27.907275
27.967500
28.041425
28.121750
28.176500
28.212275
28.280150
28.343750
28.401850
28.463500
28.543150
28.607400
28.634000
28.704250
28.742175
28.794175
28.851875
28.878200
28.907650
28.936125
28.977050
29.010650
29.060750
29.082600
29.129850
29.146800
29.173200
29.216450
29.236650
29.275525
29.337450
29.388075
29.434250
29.475300
29.516850
29.542825
29.609000
29.682650
29.739175
29.780600
29.856375
29.888475
29.915075
29.954150
29.979100
