0.056325
0.058050
0.094725
0.130075
0.166225
0.205300
0.284825
0.330175
0.416525
0.488050
0.547475
0.588700
0.635750
0.661350
0.692750
0.723700
0.754900
0.787525
0.830975
0.960150
1.023350
1.074300
1.105700
1.145025
1.173375
1.189850
1.208300
1.267350
1.326100
1.365000
1.412300
1.449775
1.487525
1.559900
1.642025
1.681900
1.732550
1.753600
1.788875
1.883900
1.916575
1.992850
2.109075
2.160825
2.186425
2.273525
2.314575
2.352925
2.526725
2.571425
2.682450
2.704650
2.760475
2.790150
2.976050
3.015450
3.100600
3.136525
3.177250
3.264375
3.306875
3.334200
3.374150
3.423100
3.463650
3.542800
3.585150
3.633450
3.754400
3.815900
3.879925
3.908050
3.919850
3.955525
4.004725
4.054175
4.098175
4.171500
4.321150
4.391250
4.483475
4.544525
4.549900
4.640800
4.684675
4.789550
4.833725
5.036975
5.118075
5.174900
5.292450
5.345150
5.385200
5.449525
5.760550
5.805225
5.855825
6.037525
6.355575
6.417100
6.486950
6.564975
6.632475
6.714575
6.758400
6.836375
6.877350
6.947175
6.983700
7.102275
7.162950
7.254400
7.338350
7.404200
7.465425
7.600000
7.728275
7.790975
7.858875
7.918425
7.971575
8.046625
8.168200
8.239375
8.307125
8.365475
8.436250
8.503400
8.562625
8.616275
8.667350
8.787525
8.914700
8.985225
9.034525
9.078850
9.122100
9.185475
9.223225
9.283675
9.367550
9.405525
9.432175
9.464625
9.522475
9.583275
9.677225
9.713050
9.819650
9.955250
10.040600
10.144800
10.241900
10.333475
10.382475
10.483575
10.533975
10.576675
10.628750
10.675200
10.845925
10.911600
10.981975
11.126700
11.199450
11.389275
11.444625
11.672200
11.706300
11.774725
11.992475
12.088300
12.145375
12.190900
12.271950
12.385575
12.567800
12.650550
12.713500
13.040325
13.156575
13.211400
13.275000
13.544675
13.623000
13.927475
14.010175
14.052650
14.112275
14.181400
14.357575
14.598550
14.682800
14.736950
15.055575
15.415725
15.587750
15.641375
15.902150
15.966775
16.027475
16.079650
16.162350
16.376400
16.445725
16.491150
16.526675
16.569825
16.667450
16.744700
16.783550
16.828825
16.899925
17.010200
17.261750
17.322775
17.369475
17.435800
17.505650
17.542750
17.623925
17.747125
17.978350
18.250850
18.351100
18.413225
18.479925
18.567625
18.624950
18.731500
18.896550
18.988425
19.040600
19.131475
19.195025
19.532125
19.767050
19.856275
19.937625
20.060975
20.111225
20.151850
20.224825
20.303500
20.600075
20.769900
21.193725
21.237225
21.295950
21.359625
21.436300
21.494725
21.795400
21.855675
21.935800
22.166425
22.189500
22.215950
22.260100
22.323025
22.572750
22.613775
22.672475
22.704075
22.845650
22.890125
23.001975
23.056475
23.086925
23.157800
23.439475
23.512650
23.599625
23.651825
23.789625
23.943100
24.088075
24.137850
24.184100
24.433125
24.501375
24.608275
24.727900
24.781900
24.874125
25.082900
25.163075
25.212250
25.247400
25.345025
25.403425
25.464875
25.516375
25.762125
25.806850
25.865875
25.950625
26.006450
26.091175
26.242125
26.289450
26.331725
26.386050
26.440925
26.478200
26.521950
26.750700
26.802925
26.992725
27.193750
27.265750
27.339175
27.562650
27.628175
27.754375
27.780550
27.820525
27.869350
27.938775
28.021825
28.062800
28.116900
28.308875
28.348250
28.404150
28.441050
28.747800
28.807800
28.882825
28.952425
29.000175
29.068500
29.135550
29.196325
29.386600
29.627025
29.707975
29.796775
29.880675
