0.007050
0.028725
0.040575
0.054325
0.088250
0.107750
0.123225
0.144550
0.158275
0.198575
0.208625
0.223975
0.233475
0.241275
0.247575
0.259200
0.263825
0.277525
0.282175
0.287075
0.292375
0.297650
0.301950
0.306550
0.311175
0.319200
0.331750
0.336400
0.349875
0.362350
0.376450
0.381600
0.385500
0.394875
0.415000
0.418550
0.434275
0.451475
0.460100
0.481825
0.537425
0.542850
0.561350
0.579700
0.588300
0.594525
0.609375
0.622500
0.632575
0.659175
0.697000
0.778000
0.806325
0.819725
0.855800
0.865650
0.875925
0.883850
0.891075
0.899500
0.907450
0.916825
0.926075
0.933200
0.953675
0.963275
0.971100
0.989625
1.139100
1.188925
1.202000
1.210625
1.224650
1.231475
1.239475
1.247225
1.262650
1.273875
1.284550
1.293750
1.306275
1.321875
1.347425
1.384125
1.407625
1.456025
1.474375
1.499700
1.511000
1.518175
1.526500
1.533475
1.540675
1.551050
1.559825
1.571625
1.587900
1.596900
1.611875
1.622450
1.649550
1.658750
1.667600
1.672175
1.683175
1.688775
1.693425
1.703300
1.709700
1.731725
1.735950
1.747850
1.753025
1.775975
1.787225
1.794225
1.798550
1.803350
1.812775
1.822525
1.827750
1.854925
1.872975
1.879725
1.885025
1.905075
1.915650
1.933925
1.942825
1.950100
1.967550
1.981275
1.986125
1.992650
2.000300
2.009300
2.019200
2.026925
2.048300
2.078025
2.137650
2.258675
2.277350
2.286925
2.296375
2.304025
2.313125
2.319250
2.335475
2.344500
2.351325
2.400275
2.436500
2.494825
2.528125
2.559125
2.584075
2.599800
2.627500
2.652125
2.661600
2.673175
2.678225
2.683725
2.688500
2.693500
2.712200
2.718200
2.725425
2.733000
2.739725
2.770700
2.790450
2.819200
2.861475
2.892275
2.934675
2.966400
2.989225
3.001925
3.005950
3.016575
3.024300
3.028475
3.032425
3.038100
3.043175
3.047550
3.061450
3.070125
3.088025
3.110375
3.236975
3.258800
3.291150
3.306575
3.326100
3.337950
3.343975
3.348950
3.356775
3.363050
3.371925
3.377650
3.383450
3.393750
3.406450
3.415650
3.426700
3.438450
3.450525
3.459275
3.467900
3.485225
3.498425
3.510100
3.544250
3.628675
3.679075
3.710125
3.740875
3.780425
3.857475
3.898775
3.927100
3.940575
3.949025
3.966100
3.977375
3.983800
3.989825
3.995225
4.000950
4.020250
4.029575
4.037600
4.047400
4.054625
4.061775
4.074350
4.084100
4.096250
4.104650
4.113400
4.129425
4.134725
4.150625
4.153975
4.159175
4.170050
4.181225
4.188825
4.195850
4.205400
4.224050
4.235875
4.251225
4.264275
4.282250
4.300275
4.331425
4.376625
4.527125
4.537950
4.547825
4.554250
4.560950
4.566350
4.571275
4.578100
4.583225
4.588275
4.593575
4.598075
4.627600
4.636175
4.645925
4.678025
4.699050
4.736225
4.765050
4.822750
4.861100
4.890200
4.920275
4.953025
4.965175
4.973950
4.982225
4.997100
5.004625
5.010900
5.019550
5.025775
5.031525
5.037900
5.049750
5.061850
5.076575
5.102950
5.113025
5.127625
5.136700
5.147250
5.168825
5.178425
5.196550
5.213700
5.227575
5.231975
5.237150
5.256050
5.261725
5.266925
5.271775
5.284550
5.290175
5.301850
5.317050
5.357900
5.387975
5.413825
5.432475
5.495425
5.583550
5.615250
5.638625
5.643700
5.649450
5.655200
5.668375
5.674700
5.695050
5.721450
5.744450
5.765125
5.779400
5.865175
5.878600
5.895825
5.905075
5.925275
5.943900
5.951300
5.957375
5.976500
5.992200
5.998025
6.004075
6.016100
6.021150
6.027100
6.032075
6.039100
6.043950
6.052750
6.058100
6.062675
6.071475
6.085000
6.102025
6.116650
6.126825
6.136175
6.139950
6.144425
6.156025
6.163075
6.167450
6.172075
6.182375
6.187825
6.191625
6.208150
6.212500
6.224400
6.229850
6.252500
6.257650
6.289425
6.329500
6.337675
6.343275
6.364350
6.377275
6.383100
6.406350
6.417225
6.428150
6.490475
6.623175
6.664975
6.722650
6.734375
6.748275
6.754600
6.761700
6.774150
6.783250
6.798150
6.820350
6.923150
6.964650
6.985925
6.999175
7.004875
7.010350
7.015550
7.019550
7.024350
7.040050
7.044900
7.049700
7.062950
7.071350
7.079875
7.096150
7.111325
7.131225
7.247175
7.277575
7.294725
7.316650
7.326425
7.331100
7.344675
7.352250
7.358500
7.363375
7.375150
7.380850
7.395425
7.401475
7.409400
7.418300
7.440900
7.449275
7.465550
7.516950
7.570300
7.610350
7.623825
7.635075
7.642900
7.655000
7.660800
7.667175
7.672700
7.685125
7.689625
7.706950
7.719075
7.736750
7.772075
7.809950
7.932500
7.979375
8.092950
8.097125
8.103750
8.108150
8.143675
8.150575
8.157150
8.166550
8.173350
8.199350
8.206200
8.211375
8.218000
8.230000
8.241400
8.247800
8.269600
8.274675
8.280275
8.285525
8.291400
8.303550
8.314875
8.336175
8.366225
8.377675
8.403075
8.413750
8.427075
8.481050
8.518650
8.624450
8.670800
8.717275
8.739350
8.748700
8.755025
8.761900
8.768800
8.774225
8.780000
8.786125
8.792725
8.806675
8.821850
8.828200
8.834050
8.845025
8.851875
8.860150
8.867350
8.889550
8.896500
8.902950
8.930275
8.950575
8.961500
8.971725
8.986625
9.004975
9.021825
9.037375
9.056125
9.104675
9.174100
9.197425
9.280750
9.301550
9.315550
9.329375
9.337825
9.372975
9.412050
9.433550
9.440300
9.447100
9.453800
9.461375
9.479725
9.485475
9.496925
9.506275
9.512550
9.522450
9.532875
9.537750
9.565275
9.586700
9.593850
9.603175
9.611300
9.620900
9.633450
9.640150
9.648450
9.656350
9.667650
9.692700
9.713650
9.883150
9.905050
9.924575
9.931675
9.939050
9.953575
9.961625
9.967800
9.973825
9.981050
9.990100
9.997925
10.012475
10.019225
10.027875
10.034875
10.042100
10.051325
10.071725
10.083275
10.088200
10.093500
10.102275
10.106450
10.110575
10.117500
10.126075
10.129950
10.134300
10.140300
10.150850
10.155350
10.182475
10.198100
10.211075
10.221325
10.225400
10.228875
10.243300
10.281125
10.309175
10.318175
10.326825
10.343450
10.357150
10.381300
10.385725
10.413325
10.417600
10.430150
10.435000
10.440725
10.454350
10.491575
10.507650
10.532350
10.541700
10.580000
10.659575
10.758850
10.781550
10.789850
10.802475
10.808175
10.812825
10.817375
10.822475
10.827875
10.832625
10.838725
10.853025
10.862125
10.901350
10.923650
10.948300
11.016450
11.037225
11.070350
11.089575
11.101800
11.122975
11.139100
11.145175
11.157250
11.162825
11.181550
11.202375
11.209525
11.220550
11.233325
11.278325
11.321875
11.393875
11.431625
11.456425
11.461775
11.481650
11.487575
11.493425
11.500925
11.508075
11.514025
11.519975
11.526025
11.534700
11.542500
11.549800
11.560975
11.579000
11.684350
11.741450
11.791825
11.809250
11.816475
11.822050
11.827750
11.834225
11.852425
11.861450
11.870850
11.954675
11.999300
12.072900
12.118500
12.142800
12.169100
12.175275
12.180525
12.184725
12.202000
12.209075
12.216375
12.224250
12.231000
12.245125
12.263275
12.271900
12.282775
12.293525
12.314375
12.334875
12.348775
12.396900
12.429025
12.459075
12.503000
12.519250
12.554800
12.563850
12.570750
12.577350
12.585225
12.591750
12.599950
12.605875
12.621125
12.634650
12.642175
12.649650
12.657025
12.713850
12.736325
12.783850
12.806950
12.821400
12.881875
12.912975
12.932325
12.957100
12.978725
12.995825
13.006300
13.016400
13.030675
13.045725
13.059500
13.070625
13.081300
13.094000
13.108675
13.122600
13.164000
13.171650
13.187000
13.202400
13.206950
13.213725
13.217600
13.222350
13.226425
13.245525
13.249625
13.257975
13.262425
13.269325
13.279050
13.284650
13.289675
13.299900
13.304850
13.323175
13.329650
13.343525
13.360650
13.364700
13.378425
13.387350
13.393475
13.402900
13.407600
13.418150
13.422150
13.434125
13.439275
13.444075
13.454550
13.483775
13.497225
13.503775
13.557150
13.583100
13.601950
13.621025
13.652650
13.680200
13.699825
13.722875
13.739675
13.759025
13.765175
13.771075
13.778125
13.785550
13.791400
13.799300
13.806350
13.815875
13.855650
13.923325
13.976675
14.008300
14.044425
14.055450
14.063250
14.068000
14.074325
14.091200
14.105425
14.111825
14.128175
14.140425
14.154750
14.176250
14.208025
14.225050
14.244625
14.269000
14.290850
14.305750
14.323475
14.337675
14.348850
14.370200
14.385200
14.436675
14.474625
14.516375
14.542625
14.598300
14.607775
14.614825
14.620700
14.631600
14.643725
14.663050
14.668850
14.690100
14.698700
14.707300
14.719700
14.735200
14.743675
14.758500
14.772750
14.794250
14.827825
14.848675
14.880575
14.910475
14.937350
14.976850
15.008575
15.022450
15.034700
15.051975
15.059575
15.068150
15.080125
15.090500
15.097250
15.106450
15.114300
15.127475
15.135900
15.146550
15.162600
15.177200
15.223325
15.256125
15.276400
15.301050
15.327000
15.360725
15.403600
15.428600
15.442050
15.450200
15.459475
15.469525
15.476075
15.483375
15.489175
15.501350
15.517525
15.546950
15.559825
15.569525
15.579300
15.591000
15.603150
15.618400
15.630000
15.642100
15.679925
15.702475
15.730800
15.745200
15.753925
15.768450
15.781050
15.792050
15.823925
15.839125
15.889975
15.926975
15.944425
15.964775
15.978075
15.993200
16.035700
16.054600
16.068350
16.081125
16.105225
16.116975
16.125825
16.148450
16.159575
16.172050
16.200200
16.218475
16.245875
16.261925
16.288950
16.312800
16.345675
16.367700
16.407850
16.458350
16.465475
16.473850
16.482000
16.487900
16.495900
16.502850
16.540950
16.552150
16.558000
16.565975
16.583425
16.589125
16.606075
16.619100
16.626950
16.642800
16.651050
16.658825
16.670350
16.682150
16.699850
16.722000
16.745175
16.761775
16.774150
16.783825
16.803650
16.812700
16.821650
16.836625
16.846375
16.865250
16.884475
16.943300
16.979675
16.998800
17.053200
17.080250
17.118175
17.137675
17.147775
17.167100
17.180600
17.200225
17.219875
17.245850
17.320075
17.350750
17.366200
17.371125
17.376350
17.387325
17.397625
17.402400
17.411575
17.416300
17.423325
17.431625
17.437725
17.446000
17.453200
17.457875
17.462875
17.469700
17.494950
17.509275
17.515150
17.546250
17.557875
17.566350
17.579100
17.600275
17.713100
17.733125
17.751500
17.759025
17.764450
17.769350
17.778775
17.784000
17.790650
17.801675
17.807025
17.812450
17.818950
17.827275
17.842625
17.854700
17.874825
17.922375
17.954025
18.010025
18.060925
18.080900
18.094675
18.105600
18.114400
18.121950
18.129850
18.137025
18.160375
18.171525
18.179275
18.184875
18.191475
18.200400
18.208600
18.219175
18.243050
18.260575
18.279250
18.296825
18.313950
18.362125
18.374550
18.401600
18.421125
18.431425
18.438200
18.444900
18.451250
18.458425
18.464850
18.478225
18.486250
18.498075
18.507875
18.515300
18.522275
18.527625
18.533525
18.540125
18.544750
18.553150
18.560575
18.578850
18.598150
18.640450
18.660700
18.738425
18.786525
18.850375
18.898475
18.908575
18.917150
18.925600
18.932825
18.939825
18.947725
18.954625
18.962675
18.967875
18.974400
18.982250
18.993200
18.998175
19.005225
19.010925
19.018250
19.027150
19.039600
19.051025
19.065250
19.090600
19.101100
19.127450
19.144325
19.160725
19.171375
19.185400
19.202600
19.219350
19.270100
19.284900
19.304550
19.316200
19.339525
19.351150
19.361125
19.376000
19.387675
19.401950
19.415300
19.449225
19.550225
19.560300
19.567500
19.574000
19.596375
19.606600
19.615100
19.621800
19.632800
19.641575
19.650375
19.658975
19.668950
19.696025
19.707425
19.716400
19.725775
19.733275
19.741325
19.754325
19.760800
19.768000
19.780775
19.787650
19.803775
19.815675
19.842100
19.865475
19.893625
19.921000
19.955500
19.987650
19.997575
20.011750
20.017575
20.025300
20.033975
20.045150
20.052250
20.058275
20.066750
20.083050
20.096250
20.113725
20.148550
20.168700
20.197475
20.223975
20.253200
20.277775
20.296050
20.316175
20.338375
20.370675
20.386375
20.392700
20.401675
20.409875
20.428850
20.473400
20.488675
20.520375
20.572825
20.593950
20.613875
20.643600
20.651925
20.695000
20.706600
20.719900
20.730125
20.743675
20.755100
20.770275
20.781300
20.798050
20.821275
20.835875
20.884750
20.913450
20.935225
20.974075
20.979650
20.986500
20.991125
21.005550
21.029575
21.050250
21.071925
21.088450
21.107450
21.139500
21.149850
21.175975
21.199600
21.228625
21.248275
21.273925
21.293975
21.306700
21.371850
21.392625
21.408900
21.418125
21.426450
21.454275
21.461675
21.469900
21.477900
21.487525
21.498325
21.510850
21.523775
21.535175
21.568825
21.582675
21.621675
21.663150
21.728000
21.750825
21.768450
21.803600
21.812550
21.822100
21.836525
21.850075
21.857950
21.864300
21.880225
21.894625
21.908950
21.918775
21.929775
21.943175
21.953625
21.965600
21.988125
22.002150
22.019925
22.054500
22.062375
22.076625
22.081650
22.087475
22.092750
22.099825
22.113075
22.124075
22.130275
22.134875
22.153725
22.159150
22.163325
22.167225
22.171100
22.179575
22.186250
22.196850
22.227450
22.231625
22.236550
22.240350
22.244300
22.282525
22.287425
22.296625
22.300950
22.311350
22.315825
22.325050
22.334400
22.344950
22.350200
22.356250
22.376400
22.385025
22.419600
22.439575
22.447400
22.466050
22.478875
22.496775
22.504600
22.518625
22.559375
22.588350
22.610900
22.638875
22.663025
22.701925
22.723800
22.762775
22.783525
22.792400
22.801600
22.808950
22.824100
22.838650
22.852550
22.861525
22.869450
22.894500
22.955325
23.026975
23.046525
23.059500
23.068950
23.076725
23.082500
23.087750
23.105400
23.114875
23.119400
23.124550
23.129650
23.135250
23.148475
23.156700
23.165100
23.179775
23.199825
23.254100
23.355800
23.382475
23.390100
23.395350
23.405175
23.409050
23.413200
23.418525
23.424100
23.428150
23.432825
23.438700
23.443125
23.458100
23.473075
23.499325
23.520600
23.542750
23.564400
23.583125
23.599475
23.611275
23.623675
23.638050
23.649675
23.698550
23.718300
23.732425
23.770975
23.782900
23.809300
23.851925
23.867700
23.889850
23.908225
23.926200
23.955000
23.969650
23.994775
24.036825
24.114225
24.128125
24.135425
24.148575
24.154075
24.159150
24.165500
24.169750
24.174325
24.188925
24.193775
24.200000
24.215825
24.221075
24.226900
24.232225
24.255775
24.261475
24.267500
24.273150
24.286775
24.300275
24.318775
24.327825
24.337825
24.348175
24.354050
24.359450
24.365875
24.377900
24.385225
24.400975
24.406500
24.417000
24.425650
24.440150
24.463700
24.492250
24.500525
24.509725
24.533425
24.572475
24.584850
24.603150
24.663075
24.690700
24.708950
24.736900
24.761900
24.769350
24.775175
24.780425
24.793850
24.806525
24.812825
24.827750
24.843475
24.863375
24.870075
24.879600
24.900250
24.914100
24.992825
25.032675
25.082700
25.116900
25.173375
25.185325
25.196750
25.203825
25.216550
25.233725
25.242275
25.248975
25.255250
25.263350
25.271000
25.279625
25.288450
25.302000
25.314000
25.325450
25.340600
25.352250
25.384950
25.412275
25.426975
25.451700
25.456850
25.462250
25.471325
25.475775
25.486000
25.490725
25.494925
25.503050
25.508375
25.513625
25.520000
25.525425
25.532700
25.541075
25.553725
25.581500
25.601400
25.631250
25.658400
25.686325
25.728425
25.750750
25.786225
25.805625
25.827425
25.939200
25.964225
25.981850
26.003625
26.016850
26.025900
26.037300
26.048375
26.059300
26.074500
26.086175
26.095700
26.102600
26.116600
26.123475
26.137875
26.184600
26.235600
26.302800
26.319600
26.328125
26.334875
26.341600
26.348825
26.356750
26.371975
26.380100
26.387225
26.415250
26.428600
26.436850
26.452575
26.461125
26.470400
26.475750
26.486700
26.492925
26.498500
26.503725
26.509350
26.533600
26.546850
26.560000
26.565250
26.605025
26.633925
26.655825
26.710650
26.730950
26.763950
26.784550
26.797200
26.808500
26.820200
26.828025
26.842125
26.848275
26.857350
26.864950
26.873450
26.883100
26.890850
26.899125
26.955025
26.994075
27.071650
27.089975
27.099050
27.112525
27.119000
27.123625
27.135150
27.140925
27.145725
27.151750
27.157500
27.163675
27.170950
27.176900
27.183150
27.191500
27.199100
27.210175
27.221025
27.241875
27.255575
27.268825
27.285475
27.360775
27.393600
27.413500
27.425075
27.432375
27.446825
27.453575
27.466050
27.483225
27.493875
27.505100
27.521300
27.550125
27.591225
27.672000
27.707775
27.754550
27.773350
27.783550
27.788975
27.794900
27.800700
27.806050
27.816275
27.821750
27.825900
27.843400
27.849650
27.857650
27.882800
27.921700
27.953600
28.016475
28.084900
28.134300
28.142825
28.158950
28.184800
28.263550
28.283625
28.307425
28.317950
28.323350
28.331650
28.337950
28.342600
28.346975
28.352025
28.357575
28.370475
28.380575
28.396275
28.401450
28.406450
28.415000
28.444900
28.453500
28.464975
28.485175
28.497150
28.569375
28.603600
28.693000
28.707500
28.715700
28.722050
28.727550
28.733225
28.738350
28.750125
28.754975
28.759975
28.766300
28.772575
28.778175
28.790250
28.796975
28.820250
28.839600
28.849050
28.870275
28.891525
28.930975
28.973625
29.010625
29.057125
29.075825
29.097625
29.108425
29.114500
29.121050
29.134750
29.140600
29.145650
29.151875
29.157800
29.164400
29.173375
29.178950
29.186600
29.195025
29.204075
29.213700
29.223275
29.247475
29.269225
29.282200
29.304750
29.324100
29.344300
29.354975
29.363000
29.373175
29.392750
29.399100
29.423175
29.434875
29.465100
29.498750
29.551625
29.591625
29.647925
29.665100
29.676300
29.689300
29.695550
29.705950
29.712375
29.728950
29.735400
29.740825
29.747250
29.753000
29.760225
29.766850
29.779975
29.787850
29.803225
29.813350
29.824425
29.834900
29.845700
29.865850
29.878350
29.894575
29.903250
29.918925
29.939650
29.962025
29.969225
29.980975
29.990175
