0.047300
0.064125
0.108475
0.165325
0.224375
0.292150
0.299575
0.324300
0.331225
0.337250
0.345875
0.361775
0.368500
0.377475
0.406475
0.544150
0.550725
0.570125
0.572900
0.589875
0.596275
0.599925
0.602750
0.615325
0.636150
0.664500
0.685100
0.692650
0.710750
0.945825
0.962450
0.980475
0.990575
1.011450
1.015550
1.027000
1.035400
1.061675
1.072500
1.094075
1.241400
1.274425
1.304475
1.360800
1.377875
1.389500
1.404750
1.439450
1.462075
1.492875
1.528450
1.541925
1.633850
1.662175
1.678675
1.689250
1.697125
1.701775
1.799050
1.896200
1.952325
1.961175
1.995075
2.028575
2.034425
2.048625
2.067000
2.080550
2.131150
2.240850
2.269325
2.276800
2.287800
2.304425
2.307525
2.314275
2.335450
2.342800
2.358750
2.389175
2.399575
2.424800
2.447325
2.467225
2.487550
2.591100
2.600250
2.613025
2.644400
2.654800
2.663950
2.677375
2.692100
2.709000
2.721525
2.730525
2.750700
2.781475
2.839800
2.926975
2.943500
2.984675
2.994025
3.004800
3.014125
3.056625
3.069700
3.093100
3.134300
3.160175
3.203925
3.210975
3.229000
3.249750
3.287700
3.471600
3.483150
3.486875
3.493275
3.505375
3.513300
3.520425
3.535550
3.565025
3.583075
3.628575
3.748700
3.758650
3.764375
3.781500
3.790025
3.800900
3.844125
3.860575
3.869575
3.897475
3.933675
3.984025
3.992475
4.023100
4.049675
4.093600
4.253975
4.270200
4.298800
4.331900
4.349600
4.450550
4.464125
4.479550
4.499000
4.513600
4.521825
4.530325
4.539250
4.555925
4.568625
4.583725
4.603400
4.635675
4.658975
4.763025
4.782400
4.786525
4.790875
4.804000
4.811875
4.827500
4.865800
4.886125
4.897850
4.919450
4.987100
5.046800
5.139775
5.210200
5.219575
5.229400
5.245200
5.283275
5.457850
5.486625
5.495700
5.504325
5.518075
5.541300
5.567050
5.579725
5.585650
5.640700
5.665800
5.676225
5.697700
5.730750
5.845250
5.857800
5.863550
5.877200
5.903500
5.940625
5.959150
5.964925
5.999825
6.143100
6.154975
6.166650
6.183625
6.197625
6.205075
6.225250
6.241675
6.274800
6.297150
6.319525
6.356900
6.383475
6.413550
6.463575
6.564100
6.607750
6.632500
6.641700
6.652850
6.679725
6.693425
6.737475
6.766050
6.785525
6.814875
6.898675
6.903250
6.908200
6.913250
6.924525
6.928700
6.943750
6.957400
6.975800
7.021200
7.042100
7.081400
7.101600
7.214675
7.253725
7.281575
7.293800
7.320575
7.520325
7.534075
7.546525
7.553750
7.569575
7.617975
7.625550
7.643250
7.701500
7.741550
7.832875
7.918000
7.933350
7.966475
7.973325
7.984700
8.000600
8.091925
8.165825
8.215500
8.309375
8.312925
8.317375
8.323750
8.329575
8.332200
8.371125
8.433975
8.528275
8.548000
8.559250
8.586950
8.600575
8.620975
8.637400
8.649400
8.651850
8.661150
8.665575
8.677925
8.736650
8.798200
8.830500
8.889875
8.909200
8.931175
8.985125
9.003550
9.029275
9.123625
9.200075
9.206650
9.217950
9.226750
9.312525
9.436025
9.507125
9.514475
9.519675
9.527050
9.562000
9.587150
9.615375
9.776625
9.779000
9.798525
9.803550
9.831775
9.859400
9.875375
9.888550
9.903550
9.938700
9.950625
9.974500
10.000625
10.142425
10.202175
10.215875
10.231825
10.239125
10.249350
10.264900
10.279200
10.292850
10.323750
10.395625
10.496475
10.515650
10.533225
10.535775
10.539975
10.561025
10.582600
10.753750
10.829325
10.839050
10.851025
10.868000
10.896725
10.940325
10.953450
10.975975
11.005275
11.138375
11.176800
11.178875
11.185450
11.189225
11.224450
11.247475
11.265500
11.277375
11.292275
11.306025
11.324450
11.339900
11.429425
11.542050
11.547250
11.564775
11.573125
11.581600
11.589950
11.681375
11.686475
11.711425
11.741175
11.780825
11.833425
11.957700
11.992425
11.999875
12.045375
12.058375
12.077925
12.125250
12.165575
12.233775
12.330650
12.339450
12.349625
12.366175
12.369875
12.390550
12.412400
12.426900
12.528150
12.559900
12.566750
12.597100
12.619200
12.631725
12.656075
12.694525
12.725875
12.751700
12.788075
12.827725
12.831750
12.862350
12.869800
12.880650
12.886675
12.894275
12.920650
13.068250
13.103100
13.109525
13.116900
13.121025
13.128975
13.134050
13.140375
13.146150
13.152150
13.176550
13.192075
13.201725
13.223725
13.391325
13.395375
13.397825
13.400825
13.407625
13.411100
13.419050
13.429850
13.474325
13.496825
13.516875
13.527625
13.549100
13.562175
13.669300
13.702700
13.744650
13.791050
14.041800
14.061250
14.075375
14.085175
14.092400
14.165300
14.191375
14.274175
14.327850
14.330350
14.334800
14.336900
14.340200
14.344475
14.349025
14.352725
14.361250
14.366325
14.373175
14.378400
14.387450
14.400700
14.421750
14.454025
14.465750
14.519900
14.542400
14.569250
14.590025
14.610850
14.625300
14.664825
14.703550
14.726275
14.747275
14.765450
14.787675
14.804550
14.818725
14.857200
14.867525
14.883400
14.923850
14.945950
14.962125
14.978400
14.989025
15.004500
15.140875
15.174350
15.195150
15.200000
15.207800
15.214900
15.237175
15.263050
15.277075
15.324600
15.366275
15.440550
15.461200
15.526125
15.552800
15.561825
15.575750
15.643575
15.661150
15.686400
15.694575
15.717150
15.725100
15.745775
15.758750
15.864225
15.931700
15.944875
15.947800
15.951650
15.957925
15.970925
15.980625
15.985675
16.047050
16.070175
16.096450
16.120375
16.272975
16.278225
16.280300
16.305475
16.334250
16.424425
16.566150
16.616125
16.622150
16.674075
16.696450
16.897500
16.900400
16.906600
16.913025
16.956150
16.975575
17.000875
17.031225
17.045300
17.067350
17.309650
17.319300
17.329200
17.336125
17.345050
17.349300
17.363775
17.372625
17.380925
17.579700
17.617250
17.626850
17.636075
17.661875
17.683150
17.697675
17.728400
17.764825
17.783325
17.802175
17.933350
17.966425
17.979575
17.994500
18.009100
18.011700
18.041100
18.080400
18.167950
18.195450
18.234900
18.297125
18.363250
18.390150
18.423975
18.441200
18.454625
18.458825
18.480775
18.506200
18.517850
18.525875
18.541475
18.603050
18.780350
18.815150
18.823025
18.828400
18.839900
18.861275
18.907750
18.922275
18.934350
19.073375
19.081300
19.088500
19.091175
19.095600
19.102825
19.114025
19.136775
19.152425
19.157975
19.166675
19.181250
19.213825
19.224200
19.245150
19.270150
19.381325
19.466925
19.477575
19.513175
19.525075
19.552025
19.569725
19.581825
19.637750
19.739675
19.820125
19.876225
19.891975
20.033075
20.038425
20.043675
20.054850
20.064075
20.081500
20.103000
20.122700
20.175675
20.185425
20.210475
20.257550
20.311450
20.347575
20.436800
20.452125
20.476425
20.480125
20.490300
20.498650
20.523725
20.535000
20.571375
20.589575
20.768650
20.789700
20.811275
20.827050
20.862900
20.872475
20.888350
20.900025
21.028500
21.070900
21.087800
21.105400
21.214850
21.237425
21.271025
21.348400
21.359050
21.367600
21.373450
21.395675
21.433700
21.471700
21.617675
21.624600
21.635250
21.660875
21.674125
21.682650
21.697300
21.718225
21.725975
21.756975
21.773825
21.841375
21.925875
21.962925
21.968825
21.977575
22.024800
22.073125
22.098425
22.164025
22.197250
22.383575
22.397825
22.413550
22.428275
22.441475
22.457350
22.485400
22.540425
22.561725
22.592025
22.611225
22.637800
22.644725
22.658450
22.663675
22.677725
22.691475
22.708025
22.715975
22.751900
22.801250
22.931025
22.937225
22.942950
22.956700
23.014500
23.029150
23.045775
23.079700
23.108550
23.119350
23.144825
23.168550
23.203975
23.221775
23.241600
23.264750
23.277750
23.297300
23.321950
23.386600
23.399075
23.413050
23.428150
23.434175
23.440550
23.489625
23.611400
23.624875
23.652800
23.686125
23.696875
23.712275
23.742175
23.758475
23.779450
23.848900
23.885675
23.894500
23.903050
23.920250
23.938575
23.955525
24.097125
24.109275
24.136800
24.143400
24.154275
24.161775
24.179800
24.191825
24.198550
24.208275
24.267600
24.284850
24.377850
24.397875
24.413825
24.422825
24.514525
24.535350
24.546375
24.597450
24.622325
24.646150
24.653925
24.668075
24.709825
24.747175
24.763725
24.816900
24.825075
24.880500
24.904050
24.962325
24.985275
25.019925
25.066500
25.075350
25.085550
25.099225
25.131700
25.166900
25.212525
25.239375
25.304800
25.322775
25.354425
25.382150
25.419650
25.435800
25.459800
25.489075
25.499200
25.534900
25.554300
25.564250
25.571275
25.586350
25.613750
25.623075
25.658500
25.675375
25.692550
25.716300
25.733825
25.803025
25.849450
25.872450
25.893600
25.905875
25.933075
25.946225
25.971375
25.978100
26.003125
26.070400
26.088025
26.142625
26.157150
26.167875
26.184200
26.203950
26.213925
26.259575
26.276825
26.293850
26.303825
26.336800
26.365300
26.381425
26.460475
26.565875
26.588225
26.598500
26.623500
26.637600
26.651550
26.658850
26.678075
26.691825
26.733900
26.738450
26.751075
26.774425
26.786075
26.804225
26.816775
26.850850
26.864900
26.970000
26.984525
27.014350
27.023700
27.035425
27.048075
27.051800
27.068525
27.098050
27.109900
27.116425
27.140900
27.163275
27.170200
27.187025
27.204050
27.234950
27.270850
27.311625
27.340225
27.362750
27.377050
27.408400
27.428025
27.444700
27.481625
27.504250
27.514375
27.558775
27.591825
27.643100
27.673425
27.739725
27.799650
27.826850
27.835250
27.861250
27.878175
27.895875
27.905575
27.956275
27.959325
27.978275
27.988750
28.018075
28.062125
28.073075
28.093750
28.102725
28.128700
28.167975
28.176475
28.189900
28.209275
28.224200
28.231625
28.256900
28.410325
28.413625
28.419775
28.438825
28.448325
28.455650
28.471625
28.516825
28.544125
28.553750
28.563425
28.579800
28.595550
28.613075
28.643575
28.652925
28.661225
28.719775
28.848625
28.859700
28.976725
28.999000
29.052450
29.121500
29.135275
29.156375
29.207850
29.233225
29.276750
29.299750
29.327075
29.372375
29.450275
29.488825
29.511975
29.541200
29.560900
29.604075
29.655525
29.757050
29.767975
29.779800
29.790425
29.801250
29.813350
29.855250
29.875150
29.910700
29.962975
