0.013725
0.089875
0.116000
0.157300
0.236350
0.315025
0.338000
0.440400
0.476375
0.489925
0.518500
0.546550
0.563900
0.579125
0.644575
0.677125
0.691825
0.701800
0.717800
0.760400
0.798375
0.826150
0.865500
0.873100
0.886975
0.901625
0.927400
0.937225
0.942550
0.974000
0.983475
1.002525
1.039275
1.084725
1.122075
1.247175
1.309075
1.331850
1.411325
1.439800
1.451000
1.456800
1.526875
1.638500
1.650225
1.730750
1.775525
1.792625
1.813875
1.880700
1.920300
1.984700
2.073700
2.083950
2.091675
2.112925
2.138600
2.156175
2.174750
2.211475
2.235600
2.254475
2.283300
2.298425
2.335475
2.343025
2.363450
2.389500
2.403625
2.417075
2.580950
2.596325
2.626225
2.724975
2.733450
2.772375
2.779875
2.784900
2.796975
2.822375
2.830925
2.858650
2.866925
2.891175
2.915225
2.944725
2.971425
2.994225
3.039550
3.094800
3.128175
3.186050
3.196400
3.246025
3.284375
3.307225
3.323625
3.373900
3.401100
3.454500
3.467500
3.506025
3.551025
3.560550
3.577475
3.589275
3.605375
3.638350
3.667925
3.699825
3.720650
3.730900
3.825275
3.840675
3.877525
3.890100
3.898575
3.924250
3.926675
3.974600
3.997450
4.014775
4.042275
4.088200
4.113825
4.118150
4.211275
4.221300
4.235250
4.241150
4.252550
4.263525
4.284000
4.288375
4.301950
4.322875
4.334025
4.364650
4.393000
4.497700
4.519125
4.520125
4.527675
4.607000
4.623700
4.634850
4.729800
4.783950
4.799125
4.817550
4.825475
4.840825
4.863425
4.909175
4.918925
4.953525
5.021500
5.033825
5.056325
5.100300
5.168950
5.187950
5.218550
5.313975
5.471675
5.525925
5.561100
5.584575
5.663425
5.694575
5.781500
5.798150
5.809050
5.914250
5.966200
5.983925
6.027075
6.082975
6.179600
6.186475
6.204350
6.216800
6.227050
6.271975
6.283750
6.302400
6.309375
6.320200
6.341925
6.408775
6.485900
6.519425
6.544325
6.557675
6.586200
6.598875
6.659725
6.674825
6.681400
6.736900
6.757350
6.759700
6.770200
6.803650
6.880025
6.890950
6.902325
6.920825
6.989575
7.005875
7.019250
7.049400
7.059775
7.062700
7.107900
7.115500
7.184800
7.254050
7.265125
7.276425
7.292550
7.314550
7.323125
7.353575
7.359625
7.392075
7.504625
7.515625
7.537650
7.565450
7.590550
7.635025
7.662400
7.674300
7.797850
7.816325
7.823525
7.854850
7.864125
7.897100
7.921775
7.963725
7.966700
7.982750
8.004100
8.066150
8.084925
8.132875
8.144275
8.173750
8.192375
8.250350
8.263875
8.290875
8.295375
8.370825
8.380800
8.418450
8.510275
8.518650
8.553750
8.573000
8.586275
8.593250
8.598625
8.611200
8.639500
8.678125
8.710125
8.724200
8.850950
8.891475
8.945875
8.961775
8.989550
9.093075
9.180500
9.191800
9.247250
9.282925
9.329875
9.350975
9.362750
9.397850
9.426750
9.442150
9.492275
9.512375
9.538700
9.551025
9.561775
9.575100
9.580625
9.715225
9.760975
9.845350
9.853550
9.870400
9.902025
9.906325
9.927600
10.036350
10.066225
10.091000
10.107025
10.131825
10.213150
10.342475
10.350675
10.371850
10.378575
10.384500
10.392950
10.433900
10.482650
10.540325
10.622375
10.628400
10.668600
10.687125
10.704500
10.748600
10.785900
10.842675
10.853350
10.875675
10.939300
10.962600
10.973450
10.983150
11.003825
11.107775
11.121625
11.163825
11.295200
11.356800
11.412575
11.423300
11.428425
11.446925
11.461700
11.465450
11.522125
11.591900
11.624450
11.636875
11.676675
11.696050
11.717975
11.792075
11.839925
11.865200
11.882975
11.894375
11.913775
11.937525
11.952925
11.978325
11.998775
12.032675
12.054075
12.069750
12.103550
12.140900
12.165450
12.195425
12.207200
12.263475
12.273525
12.404900
12.424350
12.457000
12.471800
12.497075
12.516675
12.561575
12.582200
12.588850
12.633475
12.741375
12.747150
12.784100
12.809475
12.813250
12.820375
12.880350
12.884150
12.953975
12.980425
12.999450
13.006500
13.038900
13.049900
13.095325
13.129000
13.189900
13.219050
13.253025
13.255150
13.262775
13.279175
13.291825
13.331500
13.364575
13.391850
13.397775
13.423075
13.431575
13.470650
13.496350
13.533250
13.548550
13.609550
13.625850
13.637350
13.657950
13.697250
13.707850
13.773400
13.788725
13.801350
13.885125
13.965700
14.005825
14.032150
14.058225
14.064850
14.151125
14.162600
14.194675
14.223575
14.253375
14.308550
14.338850
14.361275
14.409600
14.417100
14.439225
14.465425
14.480250
14.493075
14.504275
14.514100
14.527250
14.548325
14.551500
14.553850
14.566300
14.600375
14.616825
14.632500
14.675225
14.710050
14.713075
14.809975
14.866375
14.876325
14.882800
14.905100
14.907225
14.913150
14.969475
15.000300
15.011425
15.056150
15.120350
15.173175
15.223525
15.283775
15.294100
15.372225
15.408575
15.421525
15.437025
15.444925
15.485300
15.514525
15.593300
15.650050
15.662025
15.739600
15.789175
15.803975
15.828850
15.839075
15.848650
15.853075
15.961450
15.971250
15.997850
16.008875
16.035325
16.056650
16.072675
16.088750
16.147450
16.156725
16.162425
16.178500
16.197925
16.238600
16.258050
16.291025
16.312750
16.354300
16.361850
16.367625
16.377600
16.445125
16.604625
16.623200
16.653600
16.668950
16.677600
16.705000
16.756125
16.786425
16.796625
16.907525
16.916250
16.939900
16.955750
17.028425
17.060600
17.126450
17.139450
17.151650
17.165475
17.246525
17.275200
17.294150
17.338700
17.348075
17.361100
17.371775
17.410875
17.425225
17.467050
17.540650
17.563550
17.605150
17.624300
17.680550
17.693275
17.752100
17.765725
17.841700
17.899750
17.939825
17.946950
17.955775
17.971400
17.982175
17.992275
18.008550
18.017250
18.034300
18.054350
18.073700
18.116750
18.145150
18.160400
18.199500
18.211400
18.216550
18.236950
18.318400
18.331650
18.359900
18.367425
18.385775
18.467750
18.510475
18.545250
18.603675
18.619125
18.711025
18.717050
18.730450
18.812250
18.830975
18.846775
18.882750
18.893150
19.035550
19.085100
19.119125
19.162750
19.214275
19.249000
19.287800
19.342325
19.410900
19.420000
19.457850
19.498200
19.515250
19.550000
19.562425
19.580875
19.652200
19.685825
19.719025
19.737350
19.805075
19.814775
19.830400
19.853700
19.875025
19.923925
19.954025
20.057375
20.069750
20.082325
20.130575
20.177825
20.184725
20.194275
20.213325
20.230750
20.256600
20.290525
20.340625
20.453400
20.484675
20.501650
20.529825
20.591075
20.634300
20.677475
20.694375
20.714850
20.766675
20.858325
21.005275
21.026625
21.040275
21.084925
21.100725
21.109525
21.121325
21.141450
21.204875
21.260800
21.290850
21.298675
21.341925
21.363050
21.390150
21.415600
21.451525
21.465425
21.477750
21.491500
21.548800
21.556125
21.564225
21.576650
21.579950
21.597300
21.599275
21.636275
21.639475
21.816975
21.840250
21.891525
21.909475
21.912075
21.918125
21.945475
21.958425
21.986450
21.996400
22.047475
22.058375
22.105000
22.129375
22.167625
22.174900
22.184825
22.200725
22.232750
22.310825
22.419225
22.511750
22.521775
22.555050
22.561350
22.573975
22.655325
22.685325
22.755000
22.789100
22.805825
22.848900
22.933600
22.956100
22.983900
23.043650
23.070675
23.105000
23.120100
23.139150
23.154975
23.170200
23.172625
23.186325
23.192950
23.241725
23.305500
23.331425
23.386500
23.450325
23.474450
23.476525
23.485325
23.501125
23.554025
23.571275
23.606250
23.672925
23.868725
23.903625
23.911975
23.959725
23.984875
23.996125
24.011075
24.095975
24.108700
24.121250
24.149625
24.166025
24.181825
24.185700
24.313675
24.365100
24.377675
24.459925
24.478275
24.483675
24.496025
24.503150
24.510525
24.527825
24.594675
24.635650
24.695225
24.726450
24.818025
24.874575
24.947775
24.969000
24.979875
25.142575
25.181125
25.253875
25.266400
25.270100
25.288925
25.310175
25.376850
25.389950
25.408550
25.450800
25.458125
25.478625
25.497775
25.526625
25.572975
25.644400
25.650475
25.661200
25.700850
25.711650
25.746300
25.754450
25.778350
25.810475
25.838725
25.847900
26.037500
26.145875
26.204325
26.210900
26.236925
26.258900
26.270675
26.299000
26.314575
26.329125
26.398775
26.404975
26.419000
26.449450
26.495825
26.558025
26.600600
26.640175
26.649700
26.673050
26.688750
26.732700
26.803550
26.832875
26.850950
26.889075
26.909875
26.918525
26.930225
27.050475
27.100675
27.115725
27.224150
27.275800
27.291100
27.293325
27.304025
27.330600
27.390825
27.492275
27.500925
27.510700
27.522925
27.531575
27.546150
27.567175
27.667075
27.698375
27.716775
27.755150
27.800450
27.824350
27.837075
27.897050
27.905400
27.947400
28.003750
28.028275
28.035200
28.056600
28.086600
28.100000
28.189400
28.215625
28.235725
28.263400
28.304800
28.352675
28.374600
28.399925
28.417400
28.476950
28.509800
28.574750
28.582350
28.604675
28.615450
28.626575
28.671825
28.683500
28.713300
28.753575
28.762475
28.799650
28.825025
28.904075
28.929525
28.946100
29.072125
29.133250
29.226425
29.290075
29.320375
29.334875
29.368850
29.380000
29.421300
29.530550
29.544250
29.628750
29.683450
29.775975
29.822625
29.883275
29.944925
29.947875
29.957725
29.968550
