0.284900
0.393575
0.675550
0.787000
1.568800
1.869150
2.378700
2.975100
3.693050
3.744225
3.849500
3.948375
3.972450
4.077775
4.245825
4.473475
5.381600
5.504000
5.846050
5.847900
6.017175
6.175300
6.313200
6.418275
6.664400
6.981075
7.222750
7.296650
7.440500
7.608325
7.684900
7.752550
7.815400
8.122475
8.319475
8.430300
8.916350
9.456350
9.557225
9.797000
10.036850
10.156000
10.350675
10.451050
10.605675
10.934075
12.498725
12.582625
12.695625
13.186800
13.303850
13.370275
13.702075
13.712100
13.926875
13.975850
14.241800
14.820625
15.069600
15.181350
15.322650
15.597750
15.829700
15.988100
16.498450
16.568850
16.898250
17.250875
17.340475
17.432125
17.435275
17.585975
17.744825
18.214025
18.417275
18.446050
18.555650
18.860375
19.316625
19.655975
19.803950
20.168475
20.888350
21.776075
22.122175
22.379350
22.796950
22.963125
24.691000
25.700700
26.195125
26.243000
26.758075
27.299275
28.220775
29.161375
