0.170775
0.266175
0.282925
0.570150
0.742700
1.220900
1.398600
1.677225
1.788800
2.381925
2.576375
2.612850
2.708350
2.726375
2.905350
3.108525
3.225175
3.335250
3.439750
3.477200
3.692050
3.831175
3.939250
3.966200
4.046275
4.215375
4.348500
4.409600
4.478575
4.687050
4.869800
4.889400
4.973050
4.994925
5.330950
5.671825
5.752800
5.982300
6.020575
6.094150
6.374825
6.386900
6.487575
6.500025
6.555425
6.633150
7.318325
7.452175
7.529200
7.706675
7.858550
7.902475
7.995375
8.210250
8.264450
8.341600
8.551825
8.588150
8.670025
8.911225
8.975300
9.105300
9.278750
9.491925
9.552325
9.850950
9.872550
9.896600
10.011600
10.214400
10.464575
10.775050
11.295625
11.434525
11.546350
11.728625
12.093925
12.249250
12.572125
12.611500
12.678400
12.688450
12.831575
13.121075
13.225450
13.526225
13.740175
13.969750
13.987225
14.027000
14.121125
14.312225
14.335975
14.363825
14.476075
14.526225
14.572600
14.664575
14.847625
14.997050
15.456650
15.514250
15.946675
16.414375
16.641075
17.142325
17.168700
17.302425
17.401600
17.519325
17.568400
17.605625
17.618175
17.653750
17.780500
18.054925
18.346475
18.579825
18.618200
18.664750
18.931975
19.004025
19.182650
19.200125
19.272850
19.286275
19.400550
19.463575
19.566675
19.582275
19.669500
19.757275
19.849500
19.896800
20.055575
20.101750
20.136725
20.284600
20.399025
20.573625
21.125100
21.235500
21.261525
21.328400
21.772675
21.818125
21.938300
22.088925
22.193900
22.278300
22.300025
22.312575
22.344150
22.499725
22.795900
23.030675
23.245625
23.318300
23.383350
23.515650
23.560225
23.667500
23.711850
23.766100
23.901225
24.045950
24.364650
24.412850
24.685450
24.734300
24.778300
24.856775
25.306975
25.401425
25.492025
25.616025
25.960900
25.984450
26.016225
26.072500
26.496650
26.581700
26.624775
27.376700
27.406500
27.682225
27.808675
28.166125
28.245475
28.392300
28.611000
29.223125
29.692575
29.785125
29.957650
