0.006450
0.022025
0.047575
0.057500
0.078550
0.090675
0.101300
0.116350
0.134675
0.141675
0.192900
0.214150
0.231625
0.254850
0.286525
0.305025
0.327750
0.360000
0.376150
0.389675
0.401975
0.414825
0.433550
0.441500
0.452525
0.460175
0.469850
0.486625
0.502325
0.511075
0.547375
0.557950
0.573825
0.588225
0.599175
0.630600
0.653850
0.668650
0.679025
0.688600
0.758325
0.776025
0.792750
0.806850
0.847375
0.867200
0.882975
0.902350
0.926100
0.940875
0.951000
0.972075
1.011950
1.035250
1.052750
1.072725
1.091225
1.125225
1.170475
1.199550
1.254175
1.276975
1.289350
1.305775
1.332750
1.351100
1.370350
1.399500
1.411300
1.422550
1.457225
1.469325
1.503525
1.531300
1.561275
1.568750
1.588800
1.609875
1.643775
1.685175
1.714600
1.733700
1.753050
1.767625
1.787875
1.805075
1.823275
1.836100
1.851000
1.879350
1.891200
1.920175
1.931925
1.959000
1.968325
1.982375
1.988675
2.000175
2.006100
2.012875
2.053875
2.082850
2.087700
2.097525
2.107825
2.140750
2.189075
2.218125
2.239475
2.253050
2.272725
2.284225
2.299250
2.315875
2.327450
2.343675
2.365600
2.377175
2.392200
2.427725
2.453625
2.467075
2.479800
2.528675
2.542700
2.555800
2.570475
2.585400
2.606775
2.620300
2.643475
2.662250
2.692650
2.714600
2.746025
2.782250
2.800175
2.817600
2.860325
2.885625
2.904275
2.952300
2.970825
2.994625
3.013650
3.032175
3.055600
3.079750
3.092675
3.110925
3.115200
3.141275
3.151950
3.186500
3.209450
3.225325
3.240825
3.253225
3.285125
3.345000
3.355900
3.365375
3.393500
3.406475
3.432750
3.452775
3.476400
3.485575
3.495125
3.535575
3.557375
3.575150
3.627250
3.642725
3.655475
3.676775
3.721450
3.745700
3.771275
3.797325
3.818000
3.845700
3.874150
3.884925
3.899175
3.920125
3.973700
4.000400
4.014875
4.037500
4.057400
4.073075
4.082200
4.099775
4.115475
4.125250
4.127300
4.171425
4.205550
4.228175
4.247850
4.261700
4.277900
4.290525
4.313200
4.324275
4.342500
4.355900
4.370575
4.387450
4.401200
4.414450
4.432850
4.471675
4.552625
4.563275
4.650900
4.679925
4.703100
4.722575
4.741300
4.754575
4.793600
4.811250
4.834900
4.847825
4.866800
4.882225
4.913425
4.938800
4.950825
4.962100
4.975050
4.984350
4.995900
5.029675
5.041025
5.046300
5.056350
5.080050
5.089175
5.121375
5.130600
5.147150
5.183500
5.213850
5.251350
5.279725
5.311775
5.355975
5.369675
5.382375
5.397625
5.446750
5.489750
5.502175
5.513525
5.540625
5.553525
5.593625
5.627725
5.643800
5.661100
5.735750
5.750425
5.776375
5.790775
5.815750
5.844675
5.862275
5.912750
5.971725
5.987425
6.027325
6.043275
6.055300
6.065225
6.076550
6.104725
6.123875
6.145175
6.165150
6.204500
6.227050
6.243925
6.260350
6.280200
6.289575
6.306250
6.321950
6.352550
6.363925
6.404325
6.422125
6.458850
6.480550
6.494825
6.525475
6.542800
6.558125
6.571925
6.619975
6.649400
6.663850
6.682575
6.692375
6.720700
6.732650
6.739875
6.796400
6.811150
6.857000
6.871800
6.896500
6.907775
6.918025
6.923200
6.928075
6.937825
6.948775
6.962650
7.010525
7.027025
7.044250
7.063100
7.079575
7.095850
7.113975
7.128600
7.160350
7.176575
7.224375
7.240750
7.261725
7.272300
7.314400
7.324325
7.331625
7.345825
7.395875
7.408525
7.418775
7.459300
7.484375
7.508125
7.531300
7.560675
7.580700
7.592350
7.648075
7.689150
7.769075
7.782275
7.806450
7.851475
7.866750
7.878050
7.937375
7.950950
7.972275
8.003200
8.035025
8.074050
8.091500
8.112775
8.133700
8.154325
8.172550
8.227775
8.245825
8.306775
8.322550
8.332175
8.344550
8.357500
8.397400
8.410450
8.419400
8.427675
8.436400
8.460475
8.503400
8.540100
8.568800
8.583125
8.597900
8.612050
8.627350
8.642625
8.673425
8.687900
8.709275
8.719350
8.753300
8.761425
8.767900
8.785950
8.793900
8.807775
8.818150
8.827075
8.860875
8.872925
8.891800
8.904425
8.919775
8.935525
8.946025
8.959750
8.972725
8.986525
8.999275
9.027250
9.065350
9.076500
9.087775
9.097600
9.108675
9.121325
9.169850
9.180175
9.194225
9.202900
9.234175
9.246800
9.261325
9.299575
9.312850
9.319400
9.338200
9.347650
9.365000
9.397150
9.426850
9.438850
9.451625
9.480825
9.516025
9.527500
9.541150
9.580700
9.596600
9.612225
9.627350
9.636225
9.649650
9.678400
9.694125
9.747600
9.775375
9.789050
9.802100
9.817650
9.830050
9.841000
9.900300
9.916350
9.930225
9.949000
9.963525
9.983300
9.994500
10.007075
10.024275
10.037700
10.052675
10.067675
10.107925
10.117550
10.127875
10.141550
10.151350
10.158350
10.174450
10.180875
10.209075
10.224475
10.236800
10.250925
10.258200
10.266975
10.279200
10.294475
10.310175
10.343175
10.358675
10.375775
10.394700
10.411400
10.431275
10.444125
10.460300
10.474800
10.488125
10.506700
10.538225
10.551975
10.565550
10.604275
10.632925
10.643550
10.656250
10.666300
10.680550
10.687075
10.706125
10.716025
10.758150
10.778850
10.797150
10.835375
10.852950
10.869950
10.889475
10.913750
10.931275
10.947950
10.972950
10.998275
11.015200
11.054100
11.080050
11.093725
11.114075
11.132850
11.152675
11.179500
11.205975
11.229275
11.252650
11.276075
11.293550
11.309150
11.326375
11.339900
11.372975
11.392275
11.404075
11.436275
11.448000
11.463800
11.474075
11.491250
11.497250
11.506800
11.518100
11.535825
11.547625
11.554450
11.560900
11.571975
11.602250
11.617850
11.637525
11.658925
11.682275
11.700400
11.717100
11.733550
11.747800
11.764725
11.797150
11.804750
11.814400
11.832675
11.846025
11.857000
11.871200
11.899875
11.915375
11.930525
11.946425
11.958925
11.985125
11.999125
12.021950
12.031850
12.039800
12.046450
12.094425
12.126900
12.147100
12.162525
12.199150
12.225925
12.248400
12.266550
12.286900
12.298675
12.314200
12.331700
12.347275
12.362100
12.373925
12.388600
12.404400
12.416000
12.424525
12.435725
12.452950
12.464200
12.474200
12.487400
12.501075
12.516575
12.527525
12.545500
12.563425
12.625275
12.644125
12.683100
12.700650
12.722875
12.738300
12.754100
12.776975
12.790900
12.803750
12.819425
12.854750
12.867375
12.880350
12.891825
12.911700
12.950400
12.976050
13.018175
13.055450
13.091300
13.128450
13.145100
13.164925
13.181750
13.201900
13.214225
13.230650
13.242650
13.261125
13.311750
13.330800
13.339350
13.349250
13.399575
13.409425
13.423825
13.436150
13.482300
13.521075
13.541675
13.563875
13.585700
13.608750
13.630975
13.649400
13.663500
13.682300
13.701300
13.715550
13.729600
13.745725
13.763575
13.774025
13.787525
13.803525
13.811375
13.827750
13.833375
13.844625
13.855125
13.909725
13.947800
13.966450
13.985500
14.011350
14.028700
14.045275
14.060750
14.078250
14.091975
14.115175
14.132800
14.142750
14.169725
14.180000
14.189775
14.216500
14.224975
14.233125
14.239875
14.256350
14.265825
14.276925
14.293075
14.311075
14.376350
14.450775
14.465225
14.481200
14.501050
14.517725
14.540400
14.556175
14.569000
14.585700
14.596375
14.621225
14.632950
14.646550
14.660325
14.671350
14.698500
14.712025
14.729475
14.750075
14.771325
14.793225
14.850075
14.864225
14.882800
14.927100
14.967850
14.984500
14.997125
15.010250
15.024425
15.038825
15.055675
15.085350
15.101150
15.116100
15.135550
15.157525
15.171025
15.189100
15.203425
15.216650
15.228900
15.240150
15.252550
15.265850
15.277375
15.304975
15.321000
15.339375
15.359350
15.376200
15.396300
15.421050
15.441975
15.477500
15.497825
15.524150
15.538750
15.555600
15.571075
15.589700
15.608800
15.630025
15.658200
15.671150
15.683700
15.697950
15.715750
15.763475
15.781925
15.794500
15.808425
15.823700
15.835675
15.845925
15.857950
15.872575
15.900950
15.921175
15.935050
15.965425
15.980025
15.999625
16.016350
16.037625
16.058550
16.077225
16.110075
16.135450
16.148725
16.162300
16.181950
16.204400
16.222500
16.233450
16.246550
16.278025
16.291675
16.308275
16.334825
16.356075
16.369650
16.384725
16.400225
16.418275
16.435150
16.459550
16.495850
16.512725
16.532900
16.548050
16.567400
16.579700
16.601975
16.623850
16.644900
16.669075
16.684450
16.700675
16.713200
16.725150
16.740175
16.750050
16.763950
16.772675
16.778900
16.790600
16.809325
16.822300
16.844075
16.860150
16.880050
16.901600
16.915625
16.935175
16.947575
16.965975
16.985125
17.003400
17.023150
17.041825
17.058875
17.074375
17.095225
17.116425
17.138800
17.165000
17.188575
17.204500
17.222450
17.239800
17.255725
17.286975
17.317600
17.333425
17.353200
17.364425
17.383975
17.418625
17.436875
17.451250
17.496225
17.510650
17.524800
17.536350
17.547300
17.561675
17.578500
17.590150
17.606025
17.621550
17.633775
17.647300
17.660725
17.670250
17.685375
17.693425
17.708950
17.717425
17.736075
17.749125
17.765200
17.796850
17.840300
17.857700
17.871700
17.885250
17.899900
17.918375
17.936100
17.951000
17.970475
17.992475
18.006875
18.024825
18.037650
18.047575
18.080125
18.092550
18.110550
18.135875
18.197000
18.217875
18.232775
18.253925
18.279300
18.297700
18.315200
18.334275
18.346700
18.358975
18.373875
18.389450
18.406675
18.419925
18.452950
18.463250
18.478925
18.492750
18.508900
18.529050
18.544550
18.561375
18.584425
18.599550
18.626975
18.647625
18.662325
18.690125
18.694700
18.704600
18.720675
18.729425
18.748125
18.770300
18.805200
18.860050
18.878800
18.900550
18.920200
18.944400
18.956200
18.966575
19.023400
19.046700
19.059225
19.072300
19.088050
19.100850
19.125800
19.149925
19.158625
19.178800
19.205800
19.221250
19.235200
19.258400
19.272675
19.284325
19.297125
19.313550
19.350925
19.366400
19.383375
19.397100
19.413825
19.442675
19.468275
19.481075
19.491000
19.508175
19.530400
19.537300
19.545700
19.553850
19.568100
19.595500
19.607225
19.660775
19.671825
19.679675
19.738100
19.756950
19.772025
19.811300
19.823900
19.840775
19.856725
19.867450
19.885725
19.895075
19.910200
19.922550
19.934825
19.967800
19.978550
20.055675
20.065475
20.099075
20.105850
20.119425
20.126425
20.133850
20.174525
20.182100
20.200025
20.246400
20.272250
20.284850
20.339575
20.356300
20.371300
20.407550
20.417925
20.431625
20.444250
20.493350
20.503200
20.521825
20.542725
20.556375
20.567200
20.582900
20.597200
20.610375
20.643850
20.662825
20.699375
20.741000
20.761750
20.781200
20.799275
20.814350
20.830350
20.847150
20.860525
20.875100
20.892350
20.907750
20.921425
20.932075
20.942900
20.969625
20.978150
21.001475
21.012700
21.022125
21.044425
21.067775
21.091850
21.122425
21.127525
21.139175
21.152725
21.185125
21.214425
21.221200
21.228050
21.256675
21.320725
21.335325
21.376175
21.393650
21.406425
21.419075
21.432500
21.443300
21.450700
21.460675
21.473650
21.484525
21.494125
21.500900
21.508350
21.541650
21.564475
21.585350
21.603475
21.627275
21.641700
21.650950
21.657550
21.666775
21.676125
21.689700
21.710900
21.750250
21.779050
21.794300
21.812350
21.825225
21.840675
21.852025
21.862550
21.871825
21.888725
21.918650
21.941775
21.954800
21.969950
21.979050
21.991975
22.004425
22.038325
22.054200
22.062525
22.075900
22.130925
22.146125
22.172275
22.198650
22.221225
22.253200
22.281025
22.291525
22.303800
22.314100
22.340500
22.358300
22.370050
22.383325
22.402575
22.438425
22.456300
22.477125
22.502900
22.543550
22.569175
22.581325
22.594150
22.608575
22.624200
22.637575
22.667225
22.675425
22.686850
22.723475
22.733400
22.743350
22.769225
22.793825
22.806425
22.842650
22.859000
22.873400
22.897025
22.909425
22.951950
22.963550
23.016575
23.029025
23.051550
23.063925
23.104500
23.115850
23.135275
23.145925
23.175825
23.180700
23.199200
23.225150
23.257400
23.289725
23.302550
23.317500
23.333825
23.357725
23.369575
23.381975
23.393900
23.462750
23.482775
23.493225
23.501825
23.518150
23.528725
23.547125
23.559425
23.572750
23.585450
23.605475
23.624925
23.642050
23.653550
23.673425
23.703600
23.717000
23.736000
23.753475
23.765600
23.780125
23.796025
23.812425
23.824325
23.863350
23.882350
23.916700
23.937450
23.953900
23.976250
24.008600
24.043425
24.074150
24.089350
24.106675
24.124175
24.148375
24.167650
24.183700
24.199675
24.217050
24.239825
24.257775
24.267725
24.281525
24.309050
24.319250
24.344475
24.380850
24.409825
24.426000
24.434350
24.451425
24.478450
24.489800
24.496600
24.502725
24.518650
24.528100
24.541650
24.551000
24.567475
24.597025
24.615225
24.620425
24.627200
24.644750
24.657600
24.724200
24.741600
24.756800
24.773175
24.789325
24.802625
24.826700
24.838725
24.858700
24.867075
24.874700
24.882025
24.958425
24.965925
24.982475
25.001675
25.034800
25.048925
25.079100
25.114250
25.146150
25.161175
25.180300
25.208800
25.217950
25.227250
25.235500
25.250650
25.301725
25.365850
25.392750
25.443125
25.452525
25.464875
25.501550
25.528275
25.545475
25.560525
25.590725
25.605525
25.624075
25.646525
25.659800
25.690925
25.709375
25.725975
25.754075
25.762675
25.776075
25.793025
25.819000
25.848625
25.870450
25.937125
25.967500
25.988100
26.009150
26.049250
26.070700
26.090200
26.132850
26.168275
26.185275
26.201475
26.218500
26.236575
26.254925
26.273475
26.299075
26.315425
26.337900
26.377175
26.393725
26.399200
26.414450
26.420350
26.435775
26.455700
26.468650
26.494725
26.504850
26.519150
26.536275
26.549025
26.574325
26.597525
26.632650
26.642825
26.663750
26.727800
26.771750
26.783350
26.796400
26.813425
26.834275
26.845050
26.853375
26.890400
26.914450
26.973150
26.988100
27.003400
27.042275
27.074400
27.090900
27.105425
27.115775
27.125075
27.152875
27.169175
27.181400
27.193800
27.203400
27.217425
27.226150
27.287625
27.348800
27.365325
27.389050
27.407250
27.421075
27.453975
27.475550
27.495350
27.509325
27.529875
27.550050
27.566675
27.583150
27.600725
27.652125
27.667200
27.686375
27.737800
27.752550
27.771475
27.791025
27.826825
27.844375
27.865875
27.883925
27.907650
27.926575
27.943250
27.957725
27.971100
27.979825
27.990150
27.998300
28.015800
28.025200
28.056275
28.085500
28.097725
28.117375
28.138775
28.154900
28.164525
28.191100
28.198750
28.214725
28.263450
28.308225
28.324250
28.348800
28.372050
28.414775
28.434825
28.446475
28.461275
28.475175
28.495175
28.513275
28.532225
28.550575
28.584050
28.601500
28.643575
28.658575
28.684250
28.696825
28.719675
28.736525
28.754775
28.793650
28.811850
28.831025
28.845025
28.860625
28.885825
28.893800
28.916425
28.927750
29.018200
29.050275
29.080675
29.096350
29.129850
29.151150
29.193275
29.212650
29.223075
29.237275
29.267775
29.274700
29.303500
29.392375
29.407400
29.428350
29.464475
29.504000
29.518050
29.541450
29.601000
29.622925
29.635925
29.651125
29.674325
29.693225
29.707525
29.737350
29.757875
29.774050
29.792300
29.806400
29.816850
29.830325
29.841000
29.849700
29.876950
29.892800
29.906825
29.922150
29.935300
29.953450
29.975350
29.996975
