0.014075
0.193775
0.241025
0.291000
0.339100
0.403625
0.604825
0.813975
0.872325
0.899825
0.931050
0.961050
1.004575
1.056450
1.169350
1.223475
1.276200
1.433125
1.472225
1.523950
1.622550
1.699250
1.816175
1.893375
1.966325
2.105375
2.169875
2.219525
2.354150
2.497075
2.539500
2.581425
2.758625
2.812650
2.866950
2.908575
2.975825
3.052400
3.158525
3.196925
3.230625
3.305425
3.394300
3.475250
3.538275
3.580100
3.613325
3.664425
3.712500
3.812375
3.860075
3.896250
3.958175
4.037725
4.071675
4.095475
4.133300
4.169150
4.293350
4.446350
4.503875
4.522750
4.601450
4.619850
4.652350
4.694500
4.848850
4.904850
4.959125
4.986025
5.017375
5.050625
5.072225
5.274200
5.342250
5.448900
5.596900
5.649550
5.697875
5.753875
5.985275
6.019125
6.096650
6.162125
6.220325
6.244525
6.269200
6.309375
6.386200
6.537750
6.578200
6.665725
6.719100
6.749150
6.765100
6.830125
7.113850
7.253475
7.281350
7.319375
7.339250
7.390100
7.594500
7.893175
7.966450
8.088175
8.348900
8.418200
8.880025
9.156175
9.190725
9.449350
9.512700
9.580100
9.649375
9.761075
9.868025
9.918650
9.964575
10.089725
10.154350
10.239300
10.260850
10.311025
10.412850
10.497475
10.526325
10.586350
10.615425
10.650575
10.690300
10.769425
10.940300
11.118275
11.178150
11.274350
11.306450
11.374675
11.440500
11.546575
11.619725
11.674125
11.731125
11.870550
12.076675
12.200925
12.263500
12.312200
12.387825
12.442575
12.602375
12.689275
12.810350
12.882000
13.026750
13.277725
13.326775
13.367075
13.433475
13.577000
13.644925
13.710675
13.886375
14.088175
14.206400
14.252800
14.289000
14.369900
14.434425
14.536275
14.633375
14.684925
14.763075
14.825375
14.904150
14.984200
15.073850
15.179900
15.226975
15.313325
15.355000
15.405675
15.475875
15.661925
15.717150
15.877375
15.916200
15.956225
15.980775
16.025400
16.050750
16.121400
16.148350
16.199175
16.239575
16.259325
16.310175
16.344625
16.379900
16.417075
16.465475
16.529225
16.607775
16.711050
16.763350
16.773750
16.815800
16.876175
16.898250
17.022750
17.091300
17.165975
17.249875
17.294400
17.380850
17.469175
17.551400
17.758050
17.836600
17.884100
18.035400
18.071375
18.090275
18.138825
18.206800
18.251600
18.308350
18.364800
18.491500
18.603825
18.784700
18.847775
18.893675
19.006725
19.050500
19.192675
19.255175
19.388950
19.420450
19.473675
19.507975
19.543575
19.580550
19.666325
19.748275
19.825750
19.915175
19.954550
20.004875
20.098400
20.193625
20.245750
20.284225
20.312975
20.381375
20.566175
20.594475
20.633450
20.679050
20.721400
20.805775
20.865800
21.031625
21.092250
21.118500
21.191675
21.251775
21.392625
21.508975
21.600375
21.680025
21.757400
21.875675
21.976150
22.029300
22.106650
22.147800
22.186000
22.247100
22.423350
22.524175
22.584025
22.634725
22.736025
22.922350
23.016650
23.109975
23.175750
23.238450
23.311250
23.384950
23.429300
23.493975
23.521925
23.562800
23.617475
23.750550
23.804025
23.902475
23.968825
24.020600
24.091750
24.147925
24.251200
24.361300
24.419500
24.483775
24.575025
24.621725
24.768200
24.793800
24.834800
24.886050
24.928850
24.975975
25.009525
25.035000
25.099675
25.164050
25.301275
25.358250
25.408825
25.443200
25.486075
25.523425
25.549450
25.616600
25.649850
25.691675
25.810850
25.851325
25.922550
25.954350
25.994200
26.168500
26.225000
26.274075
26.330000
26.391450
26.485550
26.535375
26.578625
26.667875
26.767450
26.812500
26.845950
26.888575
26.931425
27.029950
27.181325
27.220150
27.258525
27.293200
27.351525
27.427375
27.470075
27.527350
27.556125
27.604375
27.686925
27.761550
27.782625
27.825200
27.850450
27.879425
27.915500
27.967275
28.013525
28.048500
28.098950
28.154950
28.233675
28.273175
28.322250
28.367075
28.412675
28.414900
28.460075
28.527750
28.597050
28.641900
28.682175
28.739675
28.765125
28.799750
28.843750
28.934375
28.980150
29.024825
29.048400
29.101000
29.152900
29.266100
29.310350
29.383050
29.423800
29.477125
29.557425
29.596400
29.636250
29.679675
29.712000
29.787325
29.969300
29.976650
