0.012225
0.029225
0.037475
0.060025
0.072200
0.078800
0.088000
0.095350
0.112875
0.128575
0.138575
0.144950
0.152325
0.158525
0.165800
0.190675
0.203100
0.233850
0.250075
0.292400
0.320050
0.422250
0.458550
0.493725
0.505400
0.512875
0.518525
0.529575
0.544125
0.550825
0.569875
0.580625
0.588850
0.598675
0.613150
0.627475
0.648025
0.669450
0.704925
0.720025
0.743775
0.757300
0.764700
0.777175
0.798225
0.804325
0.811775
0.818575
0.829650
0.835950
0.842850
0.851125
0.857925
0.885350
0.896300
0.916925
0.938850
0.957650
0.975325
0.990600
0.998325
1.005650
1.010250
1.014975
1.024950
1.031075
1.037075
1.045025
1.051325
1.056375
1.070425
1.086900
1.095750
1.104225
1.112275
1.122850
1.173800
1.221475
1.234600
1.268225
1.292500
1.308450
1.323150
1.331175
1.344925
1.352225
1.359100
1.364925
1.371000
1.376850
1.391750
1.401825
1.406775
1.413725
1.429450
1.437900
1.450125
1.461175
1.472925
1.487375
1.499550
1.554600
1.583650
1.602025
1.615950
1.638100
1.664150
1.678350
1.691550
1.705900
1.715425
1.722650
1.729425
1.735425
1.745275
1.754800
1.759375
1.782775
1.803100
1.811450
1.873250
1.904700
1.917250
1.935725
1.953000
1.976700
1.990350
2.007525
2.018950
2.026725
2.038950
2.043050
2.047375
2.052325
2.056250
2.060725
2.065075
2.104625
2.120350
2.127650
2.136100
2.164025
2.185900
2.200400
2.216125
2.232275
2.250350
2.293500
2.316575
2.344700
2.355025
2.365750
2.374900
2.390350
2.396775
2.403125
2.407050
2.411500
2.416700
2.421225
2.430225
2.434000
2.444450
2.448825
2.466950
2.474725
2.485300
2.493825
2.505950
2.518800
2.539175
2.561525
2.646675
2.696075
2.711925
2.756925
2.771150
2.779050
2.785125
2.791450
2.797950
2.802925
2.810175
2.815350
2.820600
2.830975
2.838425
2.851650
2.873975
2.880450
2.890000
2.899800
2.949300
2.976325
3.000425
3.031875
3.049200
3.060700
3.077700
3.099300
3.113975
3.125500
3.135600
3.141950
3.147225
3.153750
3.159300
3.164675
3.171875
3.178600
3.184300
3.190650
3.198600
3.206400
3.212550
3.219750
3.237150
3.274675
3.294800
3.323250
3.343650
3.365350
3.391725
3.407500
3.432400
3.445175
3.458075
3.465500
3.471300
3.479775
3.485225
3.490750
3.496325
3.500675
3.506850
3.513050
3.517500
3.523050
3.538750
3.544525
3.551200
3.556825
3.572975
3.583950
3.591325
3.601775
3.609025
3.616750
3.624950
3.644400
3.685625
3.719750
3.735925
3.755750
3.772825
3.793725
3.821275
3.847900
3.886100
3.914500
3.926525
3.960600
3.974125
3.994900
4.008000
4.021350
4.037200
4.060650
4.075400
4.099425
4.107250
4.116850
4.124325
4.131050
4.147975
4.155150
4.163025
4.182425
4.194800
4.204850
4.214275
4.222300
4.227000
4.234175
4.239875
4.246350
4.250650
4.260900
4.265100
4.274575
4.279525
4.283725
4.293100
4.304050
4.309900
4.315250
4.319175
4.328350
4.347775
4.380200
4.434675
4.477750
4.521775
4.551225
4.579200
4.610250
4.633700
4.639975
4.645625
4.654050
4.662175
4.670475
4.675475
4.679950
4.685475
4.689375
4.702325
4.734050
4.746200
4.753300
4.779025
4.790025
4.807250
4.833825
4.849250
4.866875
4.882350
4.893750
4.918900
4.926475
4.942050
4.947750
4.958100
4.962675
4.969775
4.974850
4.999250
5.005000
5.028500
5.033150
5.039525
5.056950
5.062925
5.069750
5.077325
5.084475
5.092000
5.097775
5.104275
5.112600
5.120950
5.132025
5.143275
5.161125
5.179525
5.196450
5.243500
5.279050
5.324050
5.354650
5.398675
5.428625
5.439550
5.446350
5.455425
5.460050
5.464375
5.470425
5.474950
5.485750
5.490700
5.501300
5.508750
5.515450
5.520875
5.527900
5.538500
5.547400
5.573500
5.581075
5.599675
5.614550
5.624325
5.632950
5.644175
5.652925
5.659125
5.668125
5.675475
5.681650
5.688000
5.695900
5.704325
5.712500
5.719075
5.726050
5.733150
5.749025
5.756800
5.789425
5.800125
5.817575
5.827475
5.855700
5.870525
5.880025
5.889225
5.895750
5.902325
5.907100
5.911225
5.915325
5.919675
5.923150
5.926700
5.930875
5.941200
5.949275
5.953375
5.962075
5.965700
5.969975
5.972775
5.981100
5.984950
5.990675
5.996275
6.008275
6.013125
6.016600
6.044750
6.064375
6.080400
6.087300
6.097925
6.156275
6.160625
6.168050
6.182600
6.187400
6.195850
6.219300
6.225125
6.231300
6.237725
6.243775
6.256275
6.262725
6.274525
6.287325
6.330750
6.349300
6.357925
6.380625
6.388675
6.397600
6.410700
6.420800
6.429000
6.441575
6.449825
6.458125
6.466775
6.488350
6.503150
6.537100
6.575075
6.596950
6.620725
6.643950
6.666675
6.693575
6.711550
6.720875
6.727050
6.733275
6.738925
6.743525
6.748625
6.754850
6.776975
6.782600
6.790425
6.807950
6.814350
6.824050
6.831950
6.840350
6.854025
6.870650
6.898975
6.944050
6.965225
6.983525
7.008300
7.018025
7.023275
7.028075
7.032125
7.040975
7.050650
7.060550
7.071225
7.077550
7.084325
7.090775
7.098725
7.118025
7.128850
7.162200
7.181575
7.202450
7.218875
7.249825
7.269075
7.290875
7.317100
7.327625
7.335950
7.341375
7.358875
7.362775
7.367475
7.372675
7.379050
7.395875
7.402325
7.409575
7.428625
7.450175
7.458975
7.471800
7.491425
7.517400
7.533300
7.550600
7.577925
7.598750
7.610025
7.666125
7.683575
7.696100
7.706900
7.714100
7.718725
7.724050
7.735375
7.740525
7.747325
7.754375
7.760725
7.767450
7.781950
7.799300
7.813600
7.824375
7.833450
7.846550
7.861900
7.878650
7.908775
7.938700
7.962575
7.987875
8.015575
8.050975
8.066900
8.100500
8.107725
8.114550
8.120375
8.125425
8.130325
8.136250
8.143475
8.149250
8.156175
8.163175
8.176675
8.183200
8.190525
8.197575
8.203850
8.210925
8.217850
8.228025
8.236975
8.250775
8.267450
8.290650
8.315800
8.341725
8.360075
8.381350
8.414900
8.444625
8.462725
8.481200
8.500700
8.513725
8.526575
8.542750
8.576375
8.602825
8.634175
8.672450
8.702325
8.725825
8.755625
8.763600
8.771525
8.778975
8.784225
8.789425
8.794900
8.801075
8.805975
8.811150
8.816700
8.823200
8.829300
8.837150
8.842675
8.848250
8.854025
8.862625
8.870850
8.886025
8.900225
8.906625
8.919975
8.926500
8.933875
8.942450
8.950750
8.958825
8.964550
8.970800
8.982175
8.987150
8.992725
8.997475
9.005775
9.009600
9.013825
9.019675
9.027700
9.032550
9.039825
9.044100
9.048750
9.052450
9.061975
9.066600
9.070925
9.074825
9.080350
9.087150
9.096725
9.109650
9.130675
9.146375
9.164975
9.181500
9.220275
9.282350
9.322950
9.362200
9.382750
9.418900
9.446050
9.463075
9.476225
9.491475
9.500725
9.505050
9.510150
9.515650
9.521150
9.525825
9.532000
9.538175
9.544275
9.550275
9.561975
9.566750
9.572700
9.578325
9.583600
9.596975
9.600625
9.605500
9.617950
9.623425
9.629975
9.634700
9.649825
9.658500
9.668050
9.696625
9.710975
9.725500
9.735200
9.751300
9.789175
9.815425
9.824475
9.833575
9.847800
9.863450
9.913950
9.945625
10.012075
10.043300
10.075975
10.104925
10.119275
10.132575
10.139425
10.145625
10.150625
10.155650
10.160750
10.166375
10.172000
10.180850
10.192550
10.198550
10.204000
10.210625
10.215975
10.221725
10.245650
10.268950
10.317975
10.420400
10.468925
10.512225
10.539000
10.556750
10.566550
10.572925
10.578050
10.583450
10.593525
10.597325
10.601325
10.605675
10.609375
10.613275
10.617100
10.622850
10.632000
10.642100
10.666625
10.671875
10.679400
10.685025
10.691075
10.717400
10.722250
10.740125
10.750550
10.758550
10.769125
10.775575
10.788250
10.814425
10.824450
10.833975
10.840225
10.852925
10.860750
10.870775
10.878975
10.887350
10.894100
10.908425
10.923450
10.932875
10.941425
10.952400
10.963375
10.975900
10.999200
11.031200
11.065175
11.092025
11.156150
11.211900
11.233025
11.243925
11.255525
11.265450
11.277475
11.284475
11.298050
11.312050
11.328425
11.334925
11.345175
11.352950
11.364375
11.370900
11.380550
11.396725
11.417925
11.432975
11.444950
11.456600
11.466650
11.473950
11.480550
11.494875
11.506825
11.523050
11.537425
11.552275
11.561300
11.568750
11.575700
11.583475
11.590600
11.597075
11.604225
11.616550
11.622000
11.630525
11.680175
11.687250
11.693300
11.707975
11.726075
11.745925
11.760675
11.791600
11.828825
11.854400
11.916850
11.973000
12.004325
12.025875
12.034100
12.041975
12.047950
12.052400
12.057100
12.066925
12.071875
12.076000
12.086000
12.091275
12.094850
12.099250
12.103750
12.113325
12.116825
12.121075
12.125975
12.135550
12.142575
12.149800
12.155850
12.164925
12.172250
12.189950
12.213000
12.232700
12.247800
12.261125
12.284550
12.292575
12.307200
12.312850
12.325975
12.337900
12.343225
12.350950
12.359750
12.384175
12.400475
12.444675
12.484625
12.572525
12.613975
12.630325
12.641450
12.648050
12.655450
12.661225
12.672875
12.678800
12.686650
12.692150
12.698025
12.701825
12.708550
12.714575
12.718900
12.724300
12.736200
12.742625
12.749400
12.759250
12.776675
12.800675
12.811625
12.826950
12.847400
12.860300
12.894425
12.906875
12.931950
12.944825
12.963075
12.979525
13.007750
13.048350
13.092350
13.118300
13.140475
13.188100
13.213775
13.224450
13.230550
13.235450
13.240200
13.248625
13.257750
13.263050
13.267550
13.272450
13.282900
13.288050
13.293925
13.298700
13.304200
13.310150
13.323050
13.345675
13.356025
13.365300
13.371525
13.378400
13.386975
13.400325
13.411300
13.423625
13.436625
13.451250
13.478050
13.490050
13.507200
13.525975
13.545525
13.559650
13.571800
13.580825
13.590900
13.602175
13.611200
13.619700
13.629325
13.639300
13.656250
13.665600
13.677525
13.693850
13.795925
13.823575
13.856850
13.888400
13.900675
13.907750
13.914275
13.919350
13.923875
13.929950
13.941675
13.947650
13.953400
13.960050
13.965400
13.970850
13.979475
13.985375
13.990475
13.997500
14.007275
14.015675
14.030350
14.039150
14.051600
14.062675
14.075125
14.087125
14.102025
14.126675
14.152250
14.211225
14.253625
14.293425
14.307375
14.324225
14.337850
14.345975
14.355725
14.362250
14.367400
14.372025
14.378825
14.384675
14.392325
14.398850
14.403875
14.409625
14.415200
14.421450
14.427025
14.435025
14.440350
14.447275
14.454350
14.461500
14.472725
14.483125
14.496350
14.521650
14.528950
14.541675
14.548925
14.558050
14.567225
14.577125
14.585025
14.600400
14.609200
14.616250
14.634575
14.643675
14.654850
14.676775
14.701175
14.712175
14.725325
14.744500
14.771075
14.821475
14.842725
14.863500
14.889925
14.912050
14.946975
14.953450
14.959325
14.967100
14.971275
14.979450
14.983950
14.990175
14.996300
15.006825
15.014250
15.020200
15.026475
15.032400
15.037100
15.042050
15.049150
15.055500
15.063625
15.073125
15.082875
15.090425
15.109225
15.158225
15.193200
15.208150
15.224575
15.246950
15.257750
15.266750
15.274275
15.280400
15.291950
15.297000
15.302300
15.313025
15.324500
15.337625
15.356450
15.365400
15.374525
15.391900
15.406675
15.419350
15.438075
15.454750
15.478225
15.510125
15.581750
15.597500
15.649600
15.676825
15.693650
15.708275
15.721575
15.730850
15.740875
15.747825
15.754300
15.761025
15.766125
15.770500
15.776550
15.781350
15.791600
15.801600
15.807050
15.818175
15.823075
15.828225
15.835150
15.840500
15.846850
15.861025
15.870550
15.881025
15.892600
15.908300
15.925500
15.972850
15.999875
16.017150
16.075875
16.113675
16.158300
16.176825
16.187050
16.196700
16.203750
16.216150
16.222575
16.227300
16.232100
16.236425
16.240775
16.246225
16.250600
16.254650
16.259725
16.274125
16.279025
16.285450
16.290225
16.295325
16.302050
16.315100
16.353025
16.359375
16.365500
16.370175
16.376425
16.383025
16.386925
16.396175
16.400275
16.406375
16.410600
16.416250
16.425525
16.430775
16.444650
16.453725
16.464350
16.477675
16.494400
16.507550
16.525525
16.547250
16.558275
16.572650
16.591550
16.610950
16.624075
16.638700
16.656850
16.681950
16.716175
16.747175
16.769425
16.813275
16.839550
16.868625
16.883100
16.892875
16.901550
16.906750
16.911850
16.916425
16.926750
16.931575
16.936375
16.940775
16.952200
16.959175
16.965075
16.971900
16.979025
16.985550
16.991425
16.997975
17.004525
17.010200
17.017650
17.023275
17.042725
17.048300
17.055575
17.060600
17.070400
17.078175
17.083550
17.090100
17.095975
17.101375
17.109750
17.115850
17.122875
17.130375
17.139350
17.150275
17.160375
17.182950
17.199550
17.222575
17.240900
17.267900
17.325950
17.364100
17.390800
17.414900
17.446800
17.456500
17.464600
17.468975
17.473375
17.477200
17.480800
17.484925
17.489125
17.492775
17.504575
17.510400
17.515350
17.519550
17.531425
17.537400
17.545375
17.550775
17.557675
17.564025
17.572425
17.581375
17.595575
17.613275
17.631000
17.651700
17.688125
17.721175
17.750475
17.797700
17.824525
17.836225
17.847500
17.870750
17.876800
17.887800
17.893850
17.903825
17.908050
17.913450
17.918850
17.925175
17.931425
17.942875
17.953875
17.961475
17.969925
17.977650
17.983875
17.990150
17.998025
18.008850
18.029925
18.067800
18.091125
18.135125
18.164125
18.198050
18.215375
18.222125
18.231525
18.237250
18.244450
18.249725
18.256225
18.264200
18.269525
18.275425
18.281025
18.286650
18.291775
18.298500
18.304050
18.309825
18.315000
18.320300
18.333850
18.344375
18.350050
18.361200
18.373975
18.382400
18.388050
18.395375
18.414925
18.427550
18.440900
18.498950
18.527300
18.544700
18.558275
18.568925
18.583225
18.590875
18.596250
18.601525
18.607900
18.612975
18.618150
18.624525
18.629625
18.636200
18.641050
18.646475
18.650150
18.660575
18.665875
18.683250
18.691775
18.697275
18.705550
18.709575
18.714950
18.721375
18.726550
18.736350
18.746475
18.758225
18.768800
18.784000
18.805575
18.831450
18.876925
18.950450
18.980100
19.046025
19.069675
19.079075
19.085150
19.091775
19.098600
19.105750
19.117325
19.123575
19.130925
19.136075
19.142225
19.147350
19.152675
19.157600
19.164775
19.171350
19.177775
19.187075
19.214275
19.264625
19.281025
19.305775
19.320275
19.336075
19.351825
19.361625
19.369850
19.377800
19.383950
19.392250
19.399125
19.409775
19.419050
19.430200
19.453150
19.476850
19.525100
19.568975
19.628200
19.656575
19.679300
19.696050
19.714375
19.725875
19.738675
19.747025
19.755750
19.760600
19.765775
19.770400
19.776325
19.781575
19.797625
19.802650
19.807925
19.818850
19.824025
19.833175
19.839900
19.850050
19.862775
19.868625
19.888475
19.896425
19.904700
19.920075
19.938600
19.950575
19.964525
19.989250
20.004400
20.017500
20.066450
20.087925
20.108800
20.135575
20.160450
20.219375
20.249075
20.263675
20.272850
20.279475
20.287275
20.294325
20.300700
20.307225
20.313350
20.319000
20.326200
20.333975
20.339200
20.349650
20.356150
20.360425
20.366275
20.376350
20.382550
20.388150
20.396350
20.411275
20.418425
20.440425
20.446575
20.477525
20.489675
20.500550
20.510500
20.520125
20.526825
20.534575
20.542600
20.550650
20.556700
20.561800
20.567750
20.574750
20.581850
20.596375
20.613025
20.623950
20.635325
20.650275
20.669100
20.690725
20.710000
20.735225
20.764750
20.814175
20.848325
20.877875
20.902500
20.915800
20.924675
20.934725
20.940600
20.948625
20.958825
20.964300
20.981525
20.995975
21.002300
21.010350
21.016700
21.024750
21.036150
21.050000
21.077775
21.193000
21.207125
21.213075
21.218125
21.222700
21.227875
21.233200
21.239500
21.243750
21.249000
21.254325
21.259725
21.263900
21.275075
21.279750
21.286750
21.293975
21.308650
21.319325
21.333400
21.353200
21.363475
21.378600
21.390125
21.396725
21.403075
21.409625
21.416275
21.421900
21.425475
21.429475
21.435175
21.439425
21.443575
21.450200
21.454925
21.464000
21.476075
21.540975
21.564050
21.610675
21.668850
21.684700
21.693350
21.702325
21.707850
21.715075
21.720425
21.725425
21.730500
21.740850
21.747850
21.757850
21.763625
21.773150
21.786450
21.793175
21.799000
21.804550
21.811100
21.815600
21.821800
21.828575
21.834575
21.840550
21.847200
21.868075
21.893725
21.908850
21.942750
21.994000
22.018025
22.044000
22.089725
22.106650
22.124875
22.130000
22.135000
22.139175
22.142700
22.150350
22.153825
22.157450
22.161475
22.169175
22.172325
22.176625
22.180625
22.187050
22.193625
22.199075
22.206300
22.221625
22.226025
22.236700
22.249675
22.257450
22.264400
22.271075
22.279075
22.287600
22.297350
22.319750
22.333625
22.344925
22.361100
22.386225
22.422550
22.453175
22.501475
22.541625
22.607100
22.636900
22.645450
22.651875
22.657450
22.663950
22.670325
22.674750
22.679500
22.690075
22.695625
22.701150
22.705325
22.710050
22.716125
22.720600
22.725500
22.736300
22.747550
22.754675
22.760625
22.767400
22.773700
22.781050
22.787350
22.791625
22.798200
22.811450
22.817325
22.824275
22.832925
22.842875
22.851725
22.874350
22.889175
22.921600
22.935475
22.945250
22.980425
22.989575
23.037050
23.069675
23.109450
23.122500
23.138725
23.156700
23.167625
23.180850
23.191875
23.206850
23.218775
23.234725
23.246275
23.258100
23.273875
23.285675
23.301700
23.327125
23.366825
23.436500
23.484175
23.524075
23.536375
23.547500
23.555700
23.560950
23.565525
23.569475
23.574100
23.578000
23.582250
23.585750
23.590475
23.611000
23.615100
23.625925
23.631550
23.637050
23.646100
23.651725
23.657975
23.662200
23.668100
23.675250
23.684625
23.691400
23.699750
23.707775
23.719525
23.730350
23.740400
23.751725
23.803400
23.866625
23.929725
23.957525
23.970425
23.981300
23.988750
24.006625
24.014075
24.022850
24.030900
24.038850
24.043600
24.050125
24.062975
24.069575
24.077675
24.084225
24.091200
24.098400
24.104875
24.114100
24.122750
24.128675
24.134525
24.138625
24.146900
24.153700
24.160925
24.171700
24.180700
24.192800
24.210800
24.327550
24.366250
24.410000
24.435875
24.448300
24.457050
24.464375
24.470975
24.478000
24.482875
24.488625
24.500100
24.511875
24.519550
24.524575
24.530500
24.535775
24.544325
24.552775
24.558975
24.566350
24.573975
24.582550
24.608175
24.661425
24.725700
24.780075
24.806550
24.818500
24.829225
24.837950
24.845650
24.853450
24.862525
24.872500
24.881550
24.892750
24.911225
24.955025
24.988175
25.003950
25.018550
25.031925
25.041375
25.050100
25.056475
25.061700
25.067300
25.072375
25.078950
25.083900
25.088450
25.093600
25.097400
25.107550
25.117900
25.122875
25.142400
25.147625
25.153700
25.158825
25.164850
25.170175
25.174450
25.188975
25.193600
25.203275
25.208050
25.213225
25.224525
25.242225
25.248300
25.254375
25.259175
25.264825
25.270575
25.278575
25.284525
25.289725
25.299325
25.307825
25.313650
25.326850
25.331625
25.338275
25.343050
25.347675
25.354725
25.360375
25.371800
25.381650
25.388650
25.414125
25.421500
25.429150
25.442900
25.456800
25.463500
25.469200
25.478650
25.484225
25.489775
25.496775
25.507950
25.522175
25.545525
25.587850
25.608175
25.630750
25.658175
25.670450
25.689250
25.696650
25.703525
25.713350
25.718475
25.749225
25.764125
25.771800
25.780325
25.788725
25.795400
25.802400
25.812400
25.821700
25.832700
25.839025
25.848225
25.861725
25.874800
25.906900
25.943350
25.967425
25.979675
25.989175
25.996650
26.003175
26.008850
26.018700
26.025450
26.031825
26.037050
26.041725
26.048450
26.051875
26.055475
26.060575
26.071600
26.082200
26.090050
26.102400
26.117300
26.125925
26.135625
26.143725
26.158125
26.185025
26.197250
26.213625
26.240525
26.261225
26.305275
26.328375
26.352525
26.371525
26.379150
26.386625
26.392325
26.397725
26.403700
26.410050
26.418150
26.423275
26.428550
26.435125
26.444300
26.462250
26.468850
26.478775
26.486925
26.496200
26.504625
26.518800
26.534025
26.549900
26.566775
26.580875
26.601050
26.657900
26.690350
26.713325
26.742225
26.760050
26.777950
26.792300
26.802925
26.811375
26.822900
26.836500
26.860175
26.900050
26.918550
26.926575
26.931625
26.939500
26.945925
26.951700
26.958375
26.964050
26.975275
26.982050
26.986650
26.992925
26.998325
27.015650
27.030325
27.040150
27.049400
27.063750
27.080450
27.098475
27.110900
27.141775
27.155150
27.178625
27.208450
27.230350
27.249900
27.279375
27.360250
27.381200
27.395700
27.404925
27.414750
27.421450
27.434500
27.441225
27.448450
27.455200
27.463125
27.468825
27.484350
27.493800
27.504200
27.515725
27.533225
27.566975
27.622375
27.673850
27.719625
27.742950
27.770925
27.776975
27.780625
27.784050
27.787800
27.801550
27.807225
27.813375
27.819025
27.823375
27.828825
27.834075
27.839250
27.845375
27.875650
27.881900
27.886525
27.891800
27.896375
27.905550
27.914725
27.921100
27.938875
27.950700
27.962075
27.977700
27.993700
28.009800
28.022350
28.033900
28.049275
28.066725
28.080300
28.089425
28.100725
28.109175
28.118125
28.129675
28.142075
28.154125
28.174800
28.188950
28.317875
28.360625
28.368150
28.372075
28.376700
28.382675
28.387450
28.393525
28.399500
28.404900
28.409875
28.416600
28.426225
28.431450
28.436700
28.442725
28.448150
28.453850
28.464575
28.469575
28.474575
28.481450
28.488075
28.498375
28.505375
28.514600
28.522050
28.531725
28.561375
28.580675
28.589200
28.597875
28.637125
28.652075
28.670425
28.688950
28.703250
28.726775
28.738925
28.754650
28.760350
28.766975
28.773975
28.784200
28.789725
28.796100
28.809150
28.813700
28.819775
28.826850
28.831125
28.836125
28.841050
28.846900
28.851975
28.857050
28.862675
28.867125
28.873225
28.880100
28.887500
28.897575
28.906425
28.927825
28.945200
28.981100
29.040900
29.072625
29.116350
29.147600
29.167375
29.179175
29.184625
29.189300
29.194500
29.199300
29.204525
29.209950
29.217650
29.224075
29.239650
29.243975
29.258825
29.265000
29.272825
29.279075
29.286700
29.292125
29.319275
29.336650
29.366100
29.408875
29.541150
29.547450
29.551900
29.556875
29.561000
29.569525
29.573700
29.595025
29.599525
29.607450
29.612400
29.618275
29.623650
29.629025
29.634100
29.646850
29.652225
29.675600
29.685250
29.697175
29.711275
29.732400
29.870075
29.889275
29.927125
29.941925
29.965900
29.985300
