0.019325
0.069725
0.193275
0.399125
0.451500
0.491950
0.788550
0.815275
0.900150
0.904075
1.244650
1.262725
1.369575
1.381350
1.448850
1.803400
1.866875
1.963300
2.090625
2.135675
2.519950
2.552250
2.804175
2.970700
3.048725
3.183400
3.235500
3.323250
3.327425
3.570300
3.694275
3.708600
3.982675
4.078150
4.148775
4.473425
4.519600
4.565150
4.567525
4.582175
4.766575
4.822850
4.889250
4.937925
5.156000
5.310100
5.518125
5.538250
5.704150
5.717900
5.720200
5.830125
5.837550
5.947275
6.310175
6.326650
6.563550
6.597975
6.723875
6.803750
6.831050
6.930200
7.015875
7.201750
7.326975
7.381875
7.406875
7.635175
7.783075
7.832150
8.045825
8.276975
8.306400
8.485875
8.514575
8.537600
8.661125
8.686500
8.700350
8.804350
8.842850
9.052275
9.291675
9.309850
9.371500
9.592950
9.642950
9.802825
9.855375
9.987600
10.042650
10.055500
10.070475
10.177675
10.420200
10.530125
10.603550
10.747825
10.844450
10.922500
11.074925
11.127775
11.190675
11.218775
11.242300
11.249900
11.341450
11.394075
11.487425
11.671400
11.791750
11.837825
11.877625
11.904750
12.045625
12.056125
12.192125
12.291650
12.445125
12.627675
12.779450
12.803000
12.898125
12.964650
13.034450
13.067475
13.107100
13.189375
13.213775
13.269900
13.346550
13.412225
13.445375
13.461525
13.535950
13.688775
13.701550
13.716650
13.867200
13.923200
13.963850
14.210500
14.248850
14.444950
14.593925
14.810700
14.903325
14.982250
15.020650
15.157350
15.342150
15.469650
15.659325
15.708525
15.733275
15.800800
15.833450
15.844575
15.857325
15.920225
15.959775
15.996700
16.156525
16.321550
16.472375
16.483500
16.501800
16.537125
16.632600
16.708625
16.796100
16.884225
16.987625
17.197575
17.363075
17.475325
17.557700
17.601025
17.628150
17.892850
17.935950
17.938975
17.980850
18.075800
18.205000
18.244625
18.426225
18.549575
18.623550
18.766850
19.196625
19.462800
19.508675
19.704300
19.772375
19.823100
19.839975
19.900025
20.031175
20.130150
20.165075
20.181025
20.408800
20.848625
20.909825
21.004975
21.203750
21.259325
21.269575
21.315375
21.579275
21.627850
21.680300
21.718725
21.832850
21.946800
22.049100
22.253725
22.293175
22.327500
22.541200
22.745200
22.880500
23.038875
23.182300
23.250125
23.323675
23.458925
23.600975
23.725750
23.831300
23.889475
23.947725
24.105675
24.375125
24.387575
24.408150
24.422650
24.451900
24.800000
24.857375
24.986525
25.112700
25.287900
25.434775
25.488250
25.514450
25.546800
25.555450
25.558000
25.595425
25.608100
25.654950
25.793400
25.853325
26.006725
26.086275
26.140600
26.228650
26.662975
26.679350
26.990900
27.459050
27.547700
27.619600
27.772225
27.781250
27.884075
27.905075
28.111050
28.120550
28.473975
28.572450
28.580475
28.648975
28.711100
28.777350
28.953525
28.977375
28.991625
29.139225
29.194975
29.339725
29.378250
29.533825
29.546675
29.598200
29.708950
29.836575
29.867925
29.890925
29.926650
