0.144300
0.320975
0.401225
0.433075
0.676775
0.704900
1.021525
1.109225
1.411775
1.591025
1.789775
1.959725
1.993200
2.027125
2.128700
2.389725
2.428275
2.458850
2.849950
3.040875
3.175650
3.198175
3.543525
3.731100
3.855450
3.894675
3.926600
4.027425
4.062700
4.394550
4.569825
4.693975
4.761375
5.013900
5.206475
5.480425
5.498500
5.550000
6.509225
6.551050
6.764025
7.285725
7.323900
7.928925
8.447575
8.500650
8.765725
8.900475
8.994750
9.068250
9.095475
9.288225
9.459125
9.798600
9.908100
9.944650
10.078300
10.117275
10.258200
10.391125
10.429200
10.478050
10.505750
10.548300
10.590150
10.726225
10.777100
10.826975
11.105750
11.133525
11.158450
11.256750
11.285050
11.389450
11.482800
11.551650
11.596700
11.618975
11.806675
11.883875
11.949850
12.109250
12.112050
12.154950
12.199125
12.397450
12.498225
12.683825
12.995025
13.018625
13.044100
13.064725
13.202000
13.264550
13.426000
13.628000
13.651100
13.882100
13.967525
13.994125
14.142325
14.266375
14.274525
14.331500
14.419275
14.495675
14.565150
14.655500
14.760075
14.845425
14.911575
15.087600
15.153475
15.183325
15.216825
15.445175
15.500275
15.534550
15.586800
15.991400
16.204750
16.305025
16.331475
16.393725
16.423075
16.438725
16.528175
16.543475
16.695400
16.909100
17.109700
17.246575
17.283000
17.472100
17.534825
17.878300
17.907075
17.912050
17.993575
18.122300
18.306675
18.376900
18.432950
18.500750
18.728800
19.032425
19.097900
19.135150
19.224925
19.305875
19.327150
19.376525
19.412375
19.442125
19.664325
19.699075
19.829350
19.850225
19.894925
19.943250
20.305025
20.342600
20.368525
20.602550
20.775475
20.809600
20.855875
20.860725
20.921075
20.978875
20.983800
21.069575
21.095550
21.186725
21.328775
21.370175
21.902950
21.937900
22.042675
22.045100
22.090075
22.274850
22.287050
22.380650
22.419150
22.489900
22.510400
22.532000
22.549475
22.688900
22.769625
22.877775
23.072450
23.132375
23.224600
23.248175
23.568000
23.790350
23.938400
24.280725
24.328575
24.379150
24.438825
24.450025
24.507000
24.521275
24.588850
24.706125
24.716475
24.743975
24.882400
24.932875
25.097150
25.115325
25.138675
25.239350
25.291875
25.333500
25.401000
25.498075
25.944625
26.024475
26.080350
26.136175
26.177150
26.205175
26.325250
26.343275
26.367775
26.541950
26.550325
26.700100
26.731800
26.804925
26.988775
27.234800
27.262275
27.282925
27.306725
27.347975
27.357725
27.670900
27.757450
27.841975
27.936125
27.959425
27.984275
27.991650
28.238725
28.263200
28.423500
28.487975
28.697200
28.806650
28.831600
28.856225
28.947925
28.961400
28.990625
29.009725
29.086425
29.195225
29.262050
29.337150
29.494550
29.502850
29.653875
29.674475
29.704500
29.724175
29.728250
29.814225
29.978075
