0.071475
0.195800
0.270525
0.467925
0.732925
0.776050
0.969750
1.010275
1.063350
1.085525
1.135975
1.231450
1.254725
1.304350
1.408625
1.458050
1.571200
1.600525
1.626800
1.705500
1.828575
1.853375
1.872875
1.970925
2.084225
2.105450
2.246450
2.470200
2.500275
2.565275
2.691225
2.846650
2.886250
2.935425
3.019575
3.119700
3.148425
3.388825
3.484075
3.531175
3.576000
3.604200
3.629650
3.650150
3.658675
3.680225
3.701225
3.791175
3.828325
3.876900
3.914850
3.992375
4.040025
4.090700
4.142125
4.186950
4.233625
4.261250
4.283175
4.316450
4.382000
4.405675
4.607450
4.713050
4.782875
4.887150
4.938575
4.963325
5.005575
5.026100
5.065150
5.086875
5.163400
5.291525
5.317225
5.386000
5.631450
5.674775
5.758250
5.846950
5.915550
5.963225
6.055900
6.076000
6.099325
6.152525
6.180875
6.250800
6.387050
6.444375
6.522125
6.594025
6.637000
6.682150
6.789750
6.883450
7.097175
7.126000
7.144425
7.389025
7.438725
7.521350
7.539225
7.763025
7.815675
7.858725
7.914275
7.932925
8.010550
8.031600
8.077400
8.099200
8.135125
8.209050
8.295400
8.364550
8.386750
8.477975
8.616875
8.742300
8.897725
9.044050
9.208050
9.257525
9.337875
9.410850
9.432075
9.522375
9.587100
9.640400
9.664000
9.730925
9.789950
9.817425
9.903400
9.943300
9.980450
10.008825
10.076750
10.085850
10.113525
10.207650
10.249300
10.286425
10.314400
10.454825
10.546800
10.581225
10.654750
10.668850
10.692275
10.766850
10.800250
10.848175
10.869100
11.079500
11.139625
11.184175
11.258800
11.317875
11.361500
11.405950
11.485775
11.514725
11.535325
11.607900
11.637275
11.688225
11.710375
11.759575
11.787150
11.820300
11.842100
11.916200
11.965400
12.003625
12.053650
12.147000
12.182900
12.203575
12.227725
12.259700
12.284775
12.336125
12.383500
12.497300
12.520125
12.562000
12.698250
12.741325
12.836775
12.955625
12.978575
13.017875
13.140625
13.258625
13.336525
13.368275
13.403025
13.437200
13.463625
13.484475
13.530425
13.644125
13.730325
13.831175
13.940200
13.983375
14.012450
14.070475
14.145025
14.205375
14.325200
14.366925
14.408150
14.440750
14.474675
14.502575
14.550225
14.575650
14.695425
14.733725
14.756150
14.826500
14.872000
14.921675
15.003750
15.063625
15.141625
15.178475
15.226100
15.249800
15.323125
15.359625
15.398100
15.498700
15.537775
15.623450
15.661825
15.691000
15.729150
15.784850
15.852850
15.928250
16.063150
16.113875
16.169950
16.218725
16.313975
16.336350
16.385150
16.426375
16.463700
16.492175
16.582100
16.669200
16.707425
16.740250
16.819600
16.906450
16.981200
17.079925
17.097275
17.119725
17.150400
17.207825
17.293825
17.360325
17.382550
17.563775
17.661650
17.728775
17.769600
17.800450
17.827850
17.853325
17.951600
18.006750
18.059950
18.163375
18.187675
18.288100
18.389075
18.432950
18.514725
18.540800
18.644525
18.676850
18.719775
18.798725
18.867775
18.920100
18.954625
19.003525
19.037975
19.090925
19.145975
19.209075
19.261450
19.309825
19.436850
19.527850
19.598150
19.615400
19.645150
19.690925
19.749400
19.780125
19.856625
19.886250
19.914075
19.938375
20.123600
20.234725
20.261025
20.293850
20.318825
20.345550
20.448975
20.518000
20.723800
20.857375
20.976550
21.036075
21.246575
21.291000
21.311575
21.343500
21.360975
21.448425
21.623075
21.653300
21.666825
21.696525
21.796350
21.842750
21.871850
21.936175
21.960125
21.995425
22.027200
22.040875
22.066400
22.091900
22.114275
22.176825
22.231125
22.275875
22.330825
22.379300
22.441675
22.810075
22.847875
22.939800
22.990875
23.066100
23.186550
23.207275
23.228925
23.249400
23.372575
23.452050
23.487250
23.518500
23.645475
23.689925
23.733875
23.927100
23.955425
23.988325
24.008950
24.063275
24.081825
24.174725
24.300750
24.343350
24.379175
24.409950
24.437200
24.508275
24.606150
24.705275
24.749325
24.881025
24.903925
24.970825
25.018450
25.050000
25.079875
25.120375
25.166300
25.301050
25.332800
25.351800
25.466425
25.630475
25.713500
25.777800
25.813325
25.871900
25.906125
25.951350
25.996800
26.020875
26.046775
26.090075
26.124675
26.173350
26.215625
26.259775
26.337500
26.366950
26.392550
26.416475
26.549350
26.618725
26.704625
26.850975
26.935875
27.031000
27.137350
27.227925
27.257800
27.291475
27.416800
27.436150
27.475175
27.495850
27.540025
27.583250
27.605525
27.634125
27.689650
27.757550
27.854075
27.877000
28.074600
28.115800
28.160350
28.183575
28.218800
28.274875
28.372350
28.446275
28.506650
28.531425
28.550650
28.618525
28.782625
28.823300
28.847450
28.898875
28.924500
28.954250
28.976425
29.075025
29.094175
29.117875
29.237200
29.295300
29.330525
29.372225
29.402150
29.449025
29.488575
29.535425
29.565625
29.654525
29.681275
29.711625
29.823125
29.883825
29.964725
