0.009325
0.037950
0.085125
0.121100
0.141825
0.158975
0.181250
0.198200
0.215975
0.243450
0.259250
0.272725
0.287950
0.303625
0.318900
0.329925
0.338950
0.359425
0.381050
0.418875
0.456125
0.503025
0.536275
0.550325
0.561050
0.595700
0.622025
0.636475
0.651400
0.674125
0.695950
0.726775
0.774175
0.808925
0.833425
0.888325
0.918125
0.952750
0.969150
0.995075
1.013050
1.029725
1.045525
1.063225
1.075900
1.084700
1.101075
1.117800
1.133825
1.146950
1.169050
1.181200
1.205400
1.234300
1.253025
1.278075
1.299400
1.334900
1.353375
1.376825
1.393875
1.404525
1.442125
1.455900
1.466175
1.532200
1.559975
1.587850
1.627050
1.658125
1.685775
1.752350
1.765400
1.777375
1.790000
1.799325
1.827250
1.842325
1.869025
1.902300
1.943500
1.983675
2.006975
2.012950
2.040750
2.080025
2.112200
2.150425
2.194875
2.240300
2.261475
2.288325
2.303950
2.318925
2.329650
2.347550
2.364175
2.389775
2.404200
2.423550
2.451750
2.486125
2.533350
2.551050
2.569775
2.598625
2.619275
2.643625
2.679200
2.717450
2.745325
2.773275
2.795075
2.810050
2.827875
2.845025
2.862975
2.961375
3.023375
3.048800
3.094250
3.142225
3.190250
3.251675
3.267175
3.292325
3.308600
3.329550
3.343500
3.387425
3.405400
3.425300
3.458425
3.477600
3.500750
3.529275
3.582725
3.653075
3.685300
3.721200
3.755950
3.780975
3.793275
3.812125
3.891000
3.944650
3.977375
4.066450
4.133675
4.213550
4.269000
4.315450
4.357875
4.387225
4.414525
4.462225
4.529125
4.562850
4.585550
4.590175
4.601125
4.625650
4.648450
4.664250
4.700550
4.726050
4.774350
4.800850
4.824125
4.874175
4.910050
4.949050
4.978925
4.987275
5.004400
5.021950
5.039875
5.080200
5.098175
5.119075
5.137775
5.165325
5.194000
5.216625
5.269350
5.317325
5.344800
5.386850
5.424400
5.534075
5.564650
5.583775
5.597650
5.615600
5.635925
5.663100
5.682100
5.721375
5.755825
5.786700
5.867475
5.912925
5.940175
5.956175
5.989825
6.017875
6.030950
6.056575
6.093950
6.119375
6.141375
6.161950
6.185500
6.238850
6.267225
6.305225
6.331450
6.370375
6.445200
6.488250
6.516600
6.533075
6.549200
6.562075
6.587450
6.621325
6.662150
6.683275
6.692750
6.711350
6.732150
6.752800
6.784400
6.808625
6.852000
6.874475
6.915700
6.980800
7.005900
7.025550
7.063600
7.093075
7.116850
7.143800
7.226075
7.254325
7.286400
7.319975
7.346325
7.378700
7.426425
7.456175
7.500025
7.524550
7.536950
7.579350
7.597650
7.622575
7.647825
7.671700
7.695400
7.707750
7.730350
7.760000
7.788775
7.820150
7.854375
7.865125
7.892225
7.945175
7.979125
8.022550
8.060350
8.084775
8.134075
8.151000
8.172225
8.200450
8.218900
8.241150
8.267950
8.329100
8.367850
8.421500
8.477675
8.517100
8.549400
8.585300
8.628050
8.712900
8.754950
8.783550
8.807550
8.826975
8.853475
8.875750
8.904000
8.935775
8.969400
8.994850
9.037050
9.084700
9.116375
9.158900
9.193125
9.221175
9.265350
9.298125
9.327250
9.377575
9.412075
9.446050
9.507475
9.529125
9.538800
9.553650
9.569175
9.586275
9.605375
9.609725
9.642525
9.656550
9.669700
9.680275
9.698075
9.719325
9.736400
9.755375
9.786350
9.801000
9.827450
9.850850
9.886075
9.929800
9.977100
10.108800
10.137875
10.179950
10.181700
10.206575
10.230200
10.263600
10.300075
10.305550
10.331650
10.350725
10.382300
10.402675
10.422750
10.451700
10.506900
10.525075
10.565200
10.597800
10.631700
10.665175
10.695000
10.717600
10.736975
10.754050
10.775700
10.799775
10.820600
10.896225
10.925825
10.965900
11.002075
11.031400
11.063525
11.089025
11.105850
11.177175
11.213825
11.255275
11.312125
11.364250
11.410950
11.468775
11.551475
11.575100
11.622875
11.650025
11.720425
11.772325
11.819425
11.881000
11.926975
11.964475
11.989900
12.016000
12.082575
12.119675
12.183350
12.223800
12.259775
12.293350
12.313425
12.371675
12.394750
12.459200
12.510400
12.558475
12.629750
12.700025
12.804050
12.838925
12.908150
12.938625
12.989600
13.031750
13.092775
13.157350
13.179850
13.214425
13.266200
13.328000
13.348800
13.395150
13.407950
13.421425
13.449750
13.483125
13.587875
13.617625
13.724925
13.771350
13.828800
13.870900
13.901325
13.938275
13.971075
13.986475
13.996350
14.017550
14.046875
14.103275
14.159650
14.193450
14.223500
14.226300
14.264975
14.266500
14.303325
14.318425
14.328425
14.365875
14.389675
14.482925
14.574125
14.593000
14.646800
14.733375
14.770450
14.810800
14.857900
14.875125
14.907925
14.935450
14.970225
14.994950
15.020100
15.044500
15.113500
15.163750
15.193125
15.211025
15.237800
15.257150
15.291975
15.314350
15.340450
15.373700
15.400100
15.432050
15.435625
15.464050
15.484600
15.509775
15.540625
15.581925
15.608975
15.646150
15.687400
15.716275
15.770375
15.817100
15.848600
15.860125
15.886350
15.917175
15.954250
15.962525
15.981975
16.028125
16.044850
16.073025
16.093975
16.128800
16.147450
16.167175
16.233150
16.277200
16.289425
16.332775
16.346375
16.357525
16.381375
16.405625
16.407025
16.422975
16.439975
16.458100
16.472125
16.506575
16.517425
16.538975
16.601925
16.628600
16.680700
16.742500
16.755525
16.770050
16.784875
16.798050
16.804350
16.818800
16.833100
16.848875
16.866625
16.878275
16.903925
16.922700
16.974200
17.044375
17.086075
17.125525
17.130800
17.146425
17.157050
17.173900
17.190675
17.220450
17.242350
17.277950
17.313200
17.331250
17.368325
17.453350
17.467600
17.490500
17.516250
17.538400
17.595200
17.646475
17.785800
17.804900
17.823800
17.844000
17.868425
17.889475
17.914150
17.941800
18.007275
18.075275
18.163400
18.180100
18.205400
18.228625
18.282100
18.348975
18.439700
18.468150
18.494700
18.606075
18.645275
18.675575
18.685825
18.726575
18.762200
18.800175
18.833175
18.872800
18.922375
18.965450
18.984275
19.010025
19.019975
19.034625
19.060800
19.081850
19.107150
19.137650
19.150525
19.193850
19.233525
19.258300
19.298600
19.303800
19.326575
19.359600
19.380700
19.385450
19.397375
19.452525
19.483425
19.531150
19.586825
19.635400
19.692400
19.744100
19.772475
19.819700
19.855750
19.885525
19.931450
19.971725
20.029750
20.056000
20.188200
20.207000
20.231875
20.247175
20.267400
20.283525
20.299900
20.315925
20.341350
20.362050
20.376275
20.387300
20.401975
20.410925
20.430275
20.441650
20.490450
20.561100
20.620750
20.652100
20.658900
20.713125
20.725500
20.755200
20.807975
20.830725
20.848700
20.874275
21.005800
21.148850
21.200950
21.231750
21.242200
21.289850
21.502050
21.503900
21.534575
21.547250
21.572700
21.600700
21.665900
21.705900
21.707925
21.876550
21.899375
21.918550
21.951900
21.962950
21.971500
21.993725
22.073900
22.161050
22.229925
22.256825
22.274750
22.288675
22.304350
22.347225
22.371600
22.399725
22.433700
22.478900
22.529775
22.595425
22.618675
22.633625
22.652875
22.683875
22.700250
22.715800
22.748600
22.750400
22.783775
23.012400
23.035425
23.063800
23.079950
23.094425
23.104150
23.110625
23.123600
23.140700
23.160350
23.198350
23.328675
23.444925
23.469475
23.488700
23.502500
23.512850
23.528950
23.543025
23.560525
23.595100
23.610625
23.614725
23.646725
23.831775
23.849000
23.866925
23.908425
23.935700
23.946750
23.956275
23.969925
23.976250
23.992925
24.012850
24.024875
24.040250
24.065425
24.103075
24.123050
24.131900
24.218450
24.302500
24.379675
24.381700
24.406700
24.423300
24.460825
24.480350
24.499350
24.508925
24.524650
24.690650
24.715750
24.752375
24.773025
24.824150
24.897675
24.943975
24.989400
25.037925
25.096625
25.136950
25.162050
25.200775
25.252875
25.264025
25.300400
25.342700
25.365650
25.375400
25.377500
25.407625
25.422600
25.438700
25.456350
25.473600
25.507300
25.529550
25.570050
25.604325
25.675900
25.736525
25.741600
25.807500
25.828025
25.859650
25.878950
25.894050
25.913450
25.965225
25.991375
26.143775
26.221950
26.269625
26.296075
26.343850
26.406175
26.447025
26.549525
26.616050
26.638875
26.656050
26.684050
26.767125
26.839500
26.845775
27.013500
27.029400
27.079150
27.105300
27.158525
27.221350
27.248275
27.284725
27.304525
27.323225
27.344350
27.389150
27.421475
27.434875
27.475725
27.533075
27.591175
27.712200
27.730850
27.746775
27.765750
27.772625
27.900175
27.966425
27.998000
28.010550
28.049250
28.090300
28.174625
28.190725
28.210550
28.221750
28.227900
28.244350
28.258375
28.277700
28.308050
28.321900
28.367100
28.403825
28.535575
28.597950
28.665550
28.689600
28.720950
28.723650
28.781675
28.805525
28.946100
28.969825
29.024725
29.028075
29.117100
29.160850
29.176725
29.214075
29.231225
29.244950
29.251100
29.269525
29.285500
29.303375
29.339800
29.359650
29.410725
29.480775
29.525050
29.564825
29.638925
29.642275
29.663275
29.674550
29.677000
29.697000
29.716175
29.739300
29.742250
29.750600
29.765575
29.798850
29.814775
29.837925
29.865450
29.881475
29.976950
29.985950
