0.019650
0.041525
0.061175
0.083125
0.101275
0.120925
0.145275
0.166475
0.190925
0.211100
0.224900
0.246625
0.266125
0.289925
0.312175
0.334750
0.353150
0.368300
0.388675
0.407675
0.432700
0.453525
0.471350
0.481100
0.489025
0.497650
0.507900
0.516375
0.526500
0.534350
0.548450
0.557475
0.566125
0.577150
0.582400
0.591150
0.601575
0.609200
0.617875
0.626675
0.633600
0.640975
0.649825
0.655650
0.666375
0.679950
0.689800
0.699775
0.713350
0.725925
0.739375
0.753825
0.766150
0.780100
0.791600
0.806650
0.818375
0.836800
0.852525
0.877000
0.897650
0.921650
0.940000
0.963700
0.986825
1.007975
1.027250
1.052575
1.068125
1.084150
1.101375
1.112825
1.126500
1.139575
1.151425
1.164800
1.172850
1.183225
1.193500
1.201775
1.213400
1.221525
1.231375
1.240725
1.250000
1.257625
1.264675
1.274475
1.282000
1.290900
1.297850
1.304550
1.316450
1.327575
1.338175
1.349050
1.361725
1.372700
1.381750
1.390475
1.399150
1.410250
1.421000
1.429925
1.442175
1.454700
1.464100
1.477850
1.490075
1.505500
1.517825
1.530750
1.542475
1.554750
1.567900
1.578100
1.593075
1.609700
1.626175
1.653350
1.667625
1.683225
1.698200
1.718950
1.730175
1.753675
1.773400
1.801150
1.823550
1.846225
1.865025
1.896325
1.912825
1.927925
1.940950
1.953875
1.968050
1.980975
1.993650
2.007400
2.023525
2.038375
2.054375
2.072275
2.093050
2.113450
2.128425
2.148250
2.168950
2.187650
2.210075
2.231050
2.247450
2.262425
2.277225
2.300875
2.318325
2.331125
2.351825
2.368625
2.383025
2.411350
2.429175
2.441150
2.459500
2.485475
2.511425
2.532925
2.544575
2.566200
2.584925
2.602325
2.627975
2.649450
2.672200
2.698450
2.717525
2.734650
2.746100
2.767600
2.789450
2.811700
2.843000
2.862325
2.886850
2.901525
2.917250
2.926275
2.944300
2.957275
2.966625
2.974975
2.985225
2.994050
3.005400
3.012550
3.026650
3.036500
3.044100
3.053250
3.061000
3.067475
3.076100
3.084225
3.095075
3.105350
3.113500
3.124250
3.132550
3.143000
3.151775
3.160575
3.171600
3.183950
3.191150
3.200925
3.213850
3.223725
3.231625
3.243075
3.254375
3.267100
3.285900
3.303150
3.320350
3.337350
3.352250
3.365200
3.382225
3.403525
3.424450
3.443700
3.460050
3.477375
3.489875
3.512575
3.534625
3.561650
3.583650
3.601100
3.616225
3.631325
3.654450
3.663875
3.679175
3.697175
3.704650
3.715375
3.723550
3.732925
3.742875
3.753225
3.765750
3.774925
3.784150
3.793800
3.803925
3.815125
3.827475
3.843475
3.853550
3.868000
3.880875
3.895600
3.909025
3.924400
3.934625
3.952250
3.967450
3.985325
4.002800
4.023850
4.050925
4.070925
4.094075
4.114425
4.132300
4.143825
4.162575
4.180300
4.202225
4.225150
4.250400
4.265950
4.284925
4.299800
4.318650
4.336650
4.352825
4.368225
4.385050
4.402075
4.417525
4.442025
4.462675
4.483400
4.501450
4.520475
4.536200
4.553325
4.574850
4.591275
4.609875
4.626325
4.643200
4.664150
4.685075
4.705950
4.725600
4.744975
4.759075
4.778925
4.792000
4.804375
4.816775
4.829300
4.847150
4.862950
4.875925
4.888775
4.895025
4.909700
4.919100
4.930900
4.941975
4.952475
4.960750
4.967225
4.976100
4.986525
4.993400
5.004375
5.015275
5.023150
5.031875
5.038350
5.046575
5.056675
5.063825
5.072450
5.078025
5.087300
5.099550
5.108250
5.119450
5.127550
5.138800
5.149475
5.160625
5.173325
5.185825
5.199325
5.212100
5.223625
5.235225
5.251125
5.266300
5.281950
5.299150
5.314000
5.330150
5.350150
5.366675
5.382400
5.398875
5.417125
5.439950
5.464075
5.482175
5.501900
5.519000
5.541700
5.558525
5.575350
5.589675
5.605100
5.617825
5.632700
5.646175
5.658200
5.669375
5.683775
5.696150
5.709975
5.723625
5.731775
5.745325
5.756500
5.774075
5.794500
5.808900
5.829300
5.842300
5.867075
5.887225
5.900625
5.913675
5.929450
5.938875
5.952725
5.965725
5.979875
5.987375
5.999050
6.011300
6.024925
6.037350
6.052225
6.064825
6.083025
6.095400
6.112200
6.128575
6.139450
6.161325
6.179675
6.198250
6.216425
6.237225
6.262575
6.294400
6.315150
6.335950
6.347325
6.364300
6.377575
6.396725
6.412375
6.425575
6.438850
6.452875
6.464975
6.479825
6.495075
6.509275
6.520600
6.531950
6.546300
6.558775
6.572975
6.581950
6.597400
6.615450
6.629400
6.646675
6.669500
6.687100
6.706000
6.728200
6.746750
6.766150
6.782950
6.810675
6.829275
6.858750
6.880100
6.905700
6.925250
6.938625
6.952450
6.965600
6.980650
6.990075
6.999400
7.009950
7.020700
7.034200
7.043925
7.057200
7.067450
7.081125
7.093975
7.107075
7.124525
7.135725
7.154825
7.173800
7.189375
7.209750
7.227900
7.249825
7.274800
7.299550
7.315275
7.330175
7.344200
7.355225
7.374725
7.395550
7.412475
7.429725
7.444175
7.466425
7.481875
7.497700
7.510450
7.524500
7.542575
7.556750
7.573825
7.587900
7.602500
7.621775
7.641050
7.658875
7.673800
7.690675
7.711125
7.726325
7.744625
7.766525
7.785575
7.802825
7.823700
7.849125
7.862825
7.880550
7.897200
7.919925
7.932900
7.947025
7.969550
7.985250
8.005550
8.028450
8.047875
8.074900
8.092125
8.115500
8.131050
8.145750
8.161250
8.179125
8.194100
8.212425
8.225850
8.251775
8.271650
8.290875
8.308800
8.325775
8.344150
8.362025
8.375825
8.387200
8.397625
8.410150
8.422300
8.444150
8.455850
8.474275
8.492825
8.505550
8.525325
8.541150
8.553775
8.571050
8.584525
8.597725
8.608500
8.619300
8.632850
8.643950
8.653125
8.663050
8.669675
8.677900
8.685850
8.695125
8.702750
8.711450
8.720850
8.727800
8.735775
8.741675
8.751900
8.760275
8.769425
8.777425
8.785925
8.794250
8.803025
8.810625
8.821975
8.830275
8.839300
8.848325
8.856650
8.865750
8.875275
8.885725
8.896075
8.905525
8.917600
8.925375
8.934075
8.942875
8.950250
8.955175
8.962000
8.970575
8.979825
8.986925
8.994225
9.002775
9.014700
9.023925
9.031350
9.038525
9.045075
9.053500
9.060900
9.070075
9.075250
9.082650
9.088600
9.095700
9.102450
9.110375
9.117800
9.126200
9.135500
9.141100
9.150325
9.160550
9.168850
9.177250
9.185425
9.197800
9.206525
9.218400
9.224950
9.235175
9.247225
9.260200
9.266500
9.279250
9.287125
9.299650
9.309850
9.318825
9.329075
9.335325
9.345375
9.354850
9.365475
9.377825
9.388300
9.400300
9.413200
9.425950
9.439550
9.452175
9.467700
9.477625
9.489775
9.501250
9.510425
9.526975
9.538200
9.546850
9.562325
9.578275
9.589425
9.602375
9.615300
9.633100
9.645925
9.661425
9.674625
9.688775
9.702475
9.721575
9.736675
9.759900
9.782325
9.807725
9.830900
9.845775
9.858875
9.873725
9.884325
9.898850
9.915425
9.928950
9.942600
9.952650
9.965250
9.974875
9.989150
10.002400
10.019700
10.034125
10.048750
10.065375
10.082325
10.099850
10.115675
10.124000
10.133150
10.140450
10.147250
10.154575
10.162400
10.171400
10.178650
10.184725
10.191900
10.200925
10.208375
10.214475
10.222175
10.230600
10.236850
10.248650
10.257600
10.267075
10.272675
10.278900
10.285175
10.297500
10.308175
10.315675
10.326450
10.334050
10.345550
10.354050
10.361975
10.369400
10.375575
10.386775
10.397450
10.403975
10.410550
10.416500
10.426050
10.432700
10.441900
10.448825
10.456200
10.462900
10.472250
10.479625
10.489150
10.499375
10.507175
10.515000
10.524675
10.529225
10.538950
10.546025
10.555225
10.562400
10.571800
10.576850
10.583300
10.593025
10.599525
10.606800
10.614600
10.620825
10.627725
10.637150
10.645375
10.653725
10.662225
10.670300
10.676075
10.682150
10.689575
10.695250
10.700750
10.706275
10.712575
10.720425
10.731300
10.736800
10.743050
10.757775
10.765375
10.776275
10.785175
10.793150
10.803625
10.814250
10.823275
10.832425
10.841125
10.849950
10.858400
10.867950
10.878300
10.885850
10.900700
10.908075
10.920275
10.928200
10.939525
10.947775
10.956775
10.968000
10.979650
10.989475
11.002450
11.014100
11.022425
11.034850
11.045375
11.054450
11.066225
11.080425
11.098200
11.115975
11.131700
11.148400
11.164450
11.180625
11.203700
11.222525
11.238100
11.254175
11.273200
11.291525
11.313550
11.332600
11.352250
11.372550
11.384700
11.406775
11.419100
11.428725
11.438925
11.448325
11.454200
11.462800
11.469575
11.477650
11.486100
11.494950
11.503175
11.510000
11.518425
11.526175
11.536325
11.546725
11.553700
11.562000
11.574700
11.589625
11.604725
11.617050
11.637800
11.652300
11.667750
11.689325
11.700200
11.707700
11.717375
11.724250
11.729400
11.736725
11.742100
11.748200
11.756225
11.762575
11.770200
11.781475
11.789325
11.795700
11.803075
11.813750
11.818825
11.832075
11.846375
11.857350
11.865675
11.873225
11.883225
11.890125
11.898750
11.906275
11.912825
11.922875
11.934800
11.944725
11.951975
11.958675
11.966975
11.974125
11.979700
11.985325
11.991650
12.000175
12.006650
12.014525
12.024625
12.030850
12.040275
12.048750
12.056300
12.062000
12.069225
12.076575
12.087275
12.095600
12.101675
12.108375
12.117800
12.124250
12.133425
12.141950
12.148075
12.155325
12.162450
12.168950
12.173700
12.182650
12.190275
12.195750
12.202625
12.208500
12.213825
12.219525
12.224675
12.234600
12.244050
12.250450
12.258025
12.265000
12.273375
12.280050
12.284100
12.294600
12.303325
12.311150
12.319950
12.329100
12.338375
12.346050
12.352100
12.360900
12.373150
12.381075
12.388225
12.394825
12.406325
12.412300
12.420400
12.432075
12.438550
12.447975
12.453700
12.460925
12.468050
12.477025
12.485075
12.494850
12.503400
12.509925
12.517075
12.525475
12.534800
12.543700
12.553050
12.561250
12.570325
12.579500
12.587825
12.595275
12.604275
12.611850
12.621675
12.631775
12.641575
12.646600
12.658500
12.665475
12.675450
12.682600
12.689475
12.698275
12.705325
12.712525
12.722375
12.733075
12.742425
12.750050
12.763275
12.770775
12.778925
12.787125
12.794775
12.805075
12.812550
12.820650
12.827775
12.837225
12.844350
12.852600
12.860625
12.871375
12.884900
12.896875
12.906950
12.921725
12.934775
12.949525
12.961925
12.977975
12.990375
13.007975
13.024275
13.039075
13.053700
13.068375
13.084550
13.103000
13.120825
13.138025
13.152400
13.170525
13.183900
13.201125
13.214800
13.229475
13.248025
13.257300
13.271250
13.278125
13.287700
13.293550
13.301000
13.305175
13.312300
13.320825
13.329050
13.336400
13.346325
13.355375
13.364500
13.371725
13.381925
13.392400
13.401875
13.411975
13.421750
13.430500
13.444475
13.454200
13.470375
13.485825
13.498425
13.510625
13.527725
13.544500
13.560975
13.573350
13.589100
13.602375
13.615575
13.623250
13.629300
13.638600
13.644000
13.650200
13.655400
13.662600
13.672500
13.680275
13.688575
13.696750
13.702725
13.713475
13.720100
13.730275
13.740575
13.746050
13.753200
13.761550
13.772250
13.780300
13.790775
13.804675
13.815450
13.829775
13.848800
13.860425
13.874700
13.883750
13.891650
13.897800
13.903800
13.913300
13.920175
13.926950
13.936450
13.941875
13.949225
13.957925
13.969375
13.981275
13.990400
13.999525
14.008800
14.016925
14.023675
14.034500
14.042825
14.052725
14.061800
14.071525
14.084375
14.094700
14.106600
14.118375
14.130125
14.145575
14.155450
14.165725
14.175575
14.188600
14.197375
14.208300
14.219125
14.230625
14.236450
14.246700
14.253625
14.261000
14.266875
14.273975
14.279775
14.287100
14.291775
14.301850
14.307350
14.313650
14.321050
14.327075
14.333400
14.342225
14.348950
14.354675
14.363400
14.370050
14.378250
14.383900
14.392400
14.398750
14.405675
14.411275
14.419375
14.424000
14.430100
14.436425
14.440700
14.447800
14.453775
14.461225
14.466450
14.472100
14.478075
14.482650
14.487550
14.494025
14.499975
14.505400
14.513425
14.518375
14.522850
14.529800
14.536675
14.544975
14.552325
14.556950
14.562175
14.568200
14.576125
14.581375
14.588500
14.594325
14.600125
14.607475
14.615400
14.626250
14.632825
14.639975
14.646350
14.651550
14.657775
14.664200
14.670450
14.680100
14.690825
14.698100
14.710450
14.720900
14.729850
14.737675
14.746100
14.752700
14.759150
14.768600
14.777775
14.784525
14.795950
14.803725
14.814225
14.822300
14.829150
14.834375
14.840200
14.848125
14.854575
14.860350
14.868450
14.874475
14.882200
14.890800
14.897150
14.907225
14.913675
14.920550
14.928075
14.938825
14.948150
14.955300
14.964650
14.971950
14.978150
14.985425
14.994950
15.005225
15.014550
15.026450
15.035300
15.044375
15.053325
15.062075
15.070100
15.079525
15.090625
15.100750
15.113375
15.122325
15.133150
15.143225
15.152875
15.162000
15.169875
15.178025
15.184925
15.194750
15.200650
15.206750
15.212350
15.219600
15.225625
15.237950
15.244300
15.255400
15.261300
15.266950
15.274200
15.279700
15.284775
15.288525
15.293925
15.299025
15.308925
15.311700
15.315050
15.322925
15.329575
15.333800
15.342800
15.349350
15.357200
15.362400
15.370675
15.379050
15.385225
15.391900
15.407500
15.415750
15.421225
15.429950
15.442175
15.451625
15.465675
15.472725
15.478825
15.485450
15.500900
15.507800
15.520950
15.532100
15.537875
15.554200
15.574650
15.581275
15.588325
15.594475
15.600850
15.606025
15.614850
15.622975
15.628225
15.632700
15.644450
15.657975
15.663050
15.671125
15.681100
15.686950
15.693600
15.699975
15.705400
15.718175
15.723350
15.729825
15.742775
15.747375
15.754550
15.772625
15.777500
15.784250
15.794225
15.799825
15.809475
15.815900
15.841375
15.847450
15.851600
15.872950
15.898775
15.925025
15.931325
15.948875
15.965250
15.976025
15.980100
15.991850
15.998450
16.008725
16.024725
16.032950
16.050400
16.055175
16.062675
16.079075
16.092925
16.101000
16.106900
16.116625
16.142850
16.151525
16.156800
16.162800
16.174375
16.179075
16.185250
16.198125
16.204425
16.211975
16.220175
16.226675
16.234025
16.242950
16.251950
16.259975
16.266200
16.275750
16.295975
16.308100
16.317650
16.324375
16.337100
16.344850
16.350575
16.357825
16.364225
16.377200
16.385025
16.394025
16.404475
16.413350
16.421650
16.426100
16.432550
16.437850
16.446375
16.452650
16.460150
16.470700
16.477725
16.486575
16.500025
16.507550
16.514725
16.522900
16.530625
16.537625
16.550425
16.559075
16.572150
16.579425
16.589775
16.602850
16.612225
16.623925
16.638200
16.647475
16.671975
16.679625
16.694475
16.711000
16.721225
16.757300
16.767950
16.781550
16.795600
16.804525
16.817700
16.831275
16.843875
16.861925
16.879950
16.896450
16.910450
16.926575
16.935350
16.946200
16.953850
16.963500
16.972875
16.979050
16.988650
16.998475
17.006350
17.017375
17.026525
17.036450
17.048300
17.071025
17.079475
17.088550
17.110500
17.124100
17.135175
17.149600
17.165275
17.181025
17.197800
17.213400
17.229475
17.242725
17.257050
17.266525
17.276275
17.282475
17.300575
17.305700
17.313075
17.318800
17.329400
17.336025
17.349800
17.361250
17.376875
17.386925
17.396800
17.408100
17.420325
17.429850
17.439750
17.452575
17.466500
17.480875
17.488475
17.494800
17.500725
17.505300
17.509475
17.516025
17.525425
17.529625
17.545850
17.554000
17.562475
17.568575
17.577650
17.583700
17.590850
17.597850
17.605250
17.611025
17.625000
17.637875
17.650900
17.666200
17.702375
17.720725
17.727625
17.743225
17.757800
17.763250
17.776100
17.867025
17.872425
17.885125
17.979550
17.986800
17.992425
18.000650
18.024350
18.115000
18.128125
18.175550
18.194875
18.247300
18.269650
18.280050
18.292000
18.303175
18.313425
18.329475
18.337200
18.348075
18.354850
18.361175
18.371925
18.379225
18.408575
18.442900
18.476650
18.491750
18.506725
18.518775
18.529925
18.544525
18.557225
18.570150
18.586750
18.600200
18.612675
18.628450
18.647950
18.657300
18.705650
18.721200
18.735775
18.750975
18.777600
18.799775
18.814950
18.827875
18.841475
18.856750
18.870125
18.881175
18.915075
18.954500
18.968100
18.977375
18.990850
19.003625
19.012025
19.029500
19.047100
19.062825
19.076700
19.092525
19.121725
19.141775
19.155450
19.167200
19.188500
19.196875
19.205150
19.215225
19.223400
19.239750
19.249375
19.257600
19.278425
19.297750
19.308350
19.324725
19.348625
19.361750
19.379350
19.391300
19.422475
19.436975
19.453550
19.465150
19.476675
19.490575
19.503225
19.509825
19.517225
19.547925
19.575575
19.584600
19.594400
19.603900
19.619050
19.627575
19.663975
19.675300
19.686600
19.697275
19.707450
19.735025
19.742975
19.769250
19.788800
19.797675
19.815400
19.824850
19.841175
19.850650
19.856725
19.865825
19.889225
19.936475
19.948325
19.961325
19.974650
20.006875
20.015850
20.031650
20.047600
20.057975
20.069400
20.081900
20.149300
20.169575
20.181200
20.193725
20.204625
20.223200
20.238900
20.265350
20.282450
20.291350
20.306125
20.319050
20.330700
20.351775
20.367600
20.382575
20.401350
20.419125
20.450375
20.471375
20.490800
20.511100
20.540300
20.558300
20.572650
20.591850
20.630325
20.665900
20.684150
20.696800
20.716100
20.738775
20.755000
20.772375
20.789075
20.803000
20.820450
20.840975
20.856725
20.872100
20.893525
20.912500
20.933050
20.947425
20.967850
20.984900
21.001900
21.022250
21.043175
21.072200
21.089900
21.105300
21.115750
21.130300
21.140875
21.165200
21.183825
21.199125
21.212775
21.228125
21.240625
21.252425
21.267225
21.282000
21.297375
21.314100
21.332300
21.350025
21.373550
21.394075
21.410550
21.425975
21.440075
21.454925
21.470250
21.504425
21.517925
21.536850
21.551625
21.569625
21.585100
21.602475
21.648325
21.658200
21.670825
21.687975
21.701450
21.716375
21.733625
21.745300
21.784225
21.795450
21.815600
21.831950
21.849050
21.866525
21.881050
21.896375
21.914575
21.930350
21.966675
21.984425
22.007275
22.025000
22.047200
22.059400
22.077275
22.093800
22.103650
22.116475
22.131925
22.148600
22.162925
22.181250
22.195950
22.213050
22.230125
22.243425
22.255925
22.263200
22.280275
22.294850
22.313700
22.329600
22.344525
22.365925
22.406025
22.423400
22.441575
22.462975
22.480875
22.496650
22.520100
22.538275
22.556900
22.600900
22.624025
22.638300
22.652225
22.666825
22.700400
22.715625
22.729475
22.745350
22.757200
22.775275
22.798500
22.819675
22.838000
22.863250
22.880450
22.899400
22.916200
22.929200
22.942100
22.962225
22.972675
22.988650
23.004400
23.018800
23.033175
23.050225
23.063100
23.073050
23.086250
23.099250
23.112000
23.124275
23.144100
23.150300
23.162375
23.187625
23.195075
23.201075
23.207250
23.214900
23.230875
23.238325
23.246575
23.255275
23.270750
23.304425
23.313100
23.321500
23.329500
23.336975
23.346050
23.356450
23.364325
23.384550
23.406600
23.420075
23.433650
23.447375
23.465325
23.477475
23.493975
23.510975
23.524825
23.540725
23.555700
23.572450
23.586675
23.605200
23.621075
23.641625
23.660850
23.688225
23.711350
23.728600
23.749950
23.773550
23.795950
23.814175
23.859100
23.871325
23.879050
23.893575
23.923950
23.937075
23.950725
23.987175
24.004400
24.028575
24.046250
24.061650
24.097800
24.114575
24.132050
24.144725
24.169175
24.181950
24.199600
24.216825
24.231675
24.248350
24.261325
24.288150
24.316025
24.323825
24.330400
24.336500
24.349025
24.361300
24.367125
24.388650
24.417025
24.455600
24.472125
24.481575
24.490275
24.498875
24.511225
24.538600
24.563450
24.588525
24.603900
24.619700
24.649725
24.687375
24.706225
24.728575
24.744775
24.763025
24.785325
24.821925
24.843325
24.859925
24.892850
24.912700
24.925525
24.941450
24.952575
24.968300
24.991775
25.002550
25.013650
25.043000
25.058550
25.075550
25.089750
25.102900
25.120800
25.151750
25.185650
25.203725
25.215700
25.236675
25.256075
25.269675
25.284750
25.299275
25.329175
25.350075
25.376425
25.390150
25.407575
25.433300
25.466750
25.487450
25.504950
25.521525
25.538400
25.562100
25.579625
25.627375
25.649400
25.667175
25.680725
25.698025
25.714150
25.733400
25.761275
25.780325
25.796475
25.810525
25.829775
25.844925
25.862100
25.878100
25.888075
25.902750
25.918500
25.933000
25.947525
25.961825
25.973150
26.006750
26.029625
26.051700
26.067025
26.098675
26.120700
26.137800
26.154500
26.169950
26.188875
26.203600
26.219725
26.268300
26.300950
26.315000
26.345625
26.354750
26.369250
26.380275
26.390475
26.398425
26.428750
26.439875
26.452950
26.480075
26.504150
26.516150
26.541825
26.555925
26.563375
26.568800
26.575000
26.580025
26.586200
26.592375
26.598500
26.604650
26.610050
26.620700
26.627800
26.633800
26.648900
26.664975
26.671350
26.703625
26.717300
26.723450
26.729975
26.735050
26.741425
26.745825
26.751300
26.755875
26.763275
26.769000
26.777100
26.782150
26.796200
26.808675
26.816700
26.860625
26.878375
26.899025
26.910825
26.930450
26.942925
26.996050
27.003225
27.014125
27.025850
27.058275
27.074700
27.085900
27.108675
27.125400
27.142125
27.167750
27.186175
27.205550
27.218625
27.240675
27.256525
27.276525
27.296225
27.309675
27.343025
27.354700
27.365600
27.374975
27.387350
27.394275
27.403125
27.413700
27.422000
27.437850
27.446625
27.463650
27.477400
27.492100
27.501450
27.510125
27.518350
27.525025
27.538825
27.545675
27.552075
27.558500
27.567075
27.575725
27.591325
27.629300
27.637900
27.669000
27.694875
27.706450
27.727575
27.736300
27.746650
27.757275
27.764925
27.774350
27.782075
27.790425
27.798375
27.805300
27.831025
27.840575
27.855425
27.864775
27.872150
27.881725
27.903700
27.910825
27.923775
27.930275
27.938325
27.945225
27.961650
27.978025
27.985500
27.993200
28.002100
28.011825
28.031900
28.043150
28.068625
28.078875
28.085675
28.097400
28.114725
28.122475
28.133525
28.146200
28.158425
28.172975
28.199500
28.212800
28.246225
28.257925
28.271950
28.287150
28.304725
28.335450
28.350700
28.367300
28.385875
28.404800
28.420525
28.436975
28.450700
28.470350
28.486625
28.506800
28.533150
28.543775
28.554850
28.564625
28.575175
28.585550
28.604100
28.615625
28.623475
28.632850
28.665275
28.677575
28.698075
28.708275
28.731500
28.744500
28.759325
28.775325
28.805100
28.821775
28.837700
28.847800
28.858400
28.902325
28.919750
28.946675
28.955325
28.966650
28.973600
28.983575
28.992050
29.031550
29.068350
29.080850
29.090100
29.095325
29.104125
29.109325
29.117475
29.140825
29.147450
29.153600
29.162625
29.178775
29.185900
29.210700
29.236700
29.245700
29.253325
29.259575
29.305000
29.313475
29.363275
29.411650
29.428625
29.450175
29.465375
29.488050
29.510925
29.524200
29.538025
29.570425
29.610750
29.628875
29.678675
29.712425
29.726125
29.736600
29.771125
29.783125
29.834425
29.853550
29.865200
29.883375
29.898750
29.949400
29.991350
