0.062200
0.107150
0.117550
0.181925
0.258900
0.321150
0.382275
0.391500
0.418400
0.528050
0.550400
0.746725
0.761950
0.929475
0.940800
0.998200
1.007525
1.077550
1.095575
1.130425
1.248775
1.261350
1.353625
1.365300
1.388800
1.456450
1.499525
1.528575
1.564250
1.595100
1.615800
1.659475
1.676575
1.685100
1.871150
1.888175
1.898925
1.916725
1.960800
2.130475
2.154850
2.172475
2.279075
2.296825
2.534800
2.595050
2.683100
2.753600
2.777525
2.831525
2.848675
2.976100
2.998925
3.011725
3.056800
3.069875
3.094350
3.150600
3.189700
3.247825
3.255875
3.461500
3.476050
3.524100
3.531950
3.753800
3.801075
3.874125
3.879350
3.899450
4.037125
4.043950
4.107425
4.140625
4.287525
4.498375
4.521875
4.537275
4.555400
4.571450
4.664900
4.739350
4.752625
4.771000
4.782125
4.835200
4.869225
4.920925
4.967100
5.046200
5.089475
5.114275
5.123275
5.130475
5.137600
5.204200
5.228025
5.307475
5.313925
5.329925
5.391100
5.404975
5.448275
5.468200
5.524700
5.539825
5.547825
5.602700
5.621700
5.654150
5.676850
5.786125
5.868475
5.939225
6.032250
6.056275
6.064050
6.072700
6.097900
6.326500
6.378475
6.423025
6.441800
6.540225
6.550050
6.573925
6.608700
6.682350
6.753350
6.766550
6.987025
7.099350
7.147450
7.168675
7.521350
7.535225
7.671775
7.841000
7.923625
7.971350
8.133575
8.168800
8.237000
8.360275
8.489525
8.506800
8.527925
8.630525
8.652125
8.724700
8.799050
8.837850
8.874625
9.004475
9.123050
9.182975
9.193000
9.223550
9.233150
9.408525
9.475125
9.510975
9.567425
9.570350
9.621375
9.634000
9.652225
9.739700
9.804500
10.012800
10.089450
10.105775
10.131925
10.227125
10.294575
10.342650
10.355525
10.365550
10.551750
10.779325
10.818775
10.825225
10.973875
11.054425
11.099100
11.208175
11.287350
11.495800
11.516225
11.539250
11.557075
11.579425
11.671975
11.696200
11.700750
11.850075
11.866750
11.878475
11.928450
11.953625
12.074375
12.119550
12.138050
12.155350
12.202575
12.211500
12.321400
12.362400
12.505250
12.656300
12.692025
12.710900
12.721025
12.730550
12.847400
13.002875
13.010750
13.054150
13.278850
13.331875
13.347200
13.518000
13.580025
13.628350
13.670875
13.675400
13.724575
13.760375
13.768175
13.839550
13.910075
14.091675
14.101800
14.172375
14.263500
14.301550
14.344050
14.422200
14.438750
14.467550
14.623525
14.706875
14.768075
14.806800
14.835325
14.860150
14.916150
14.942500
14.953600
15.081400
15.093600
15.168400
15.196775
15.260000
15.485925
15.510300
15.553750
15.561100
15.596400
15.626225
15.650450
15.681150
15.754400
15.785125
15.977325
15.997325
16.005975
16.032900
16.096375
16.137150
16.219800
16.239950
16.294850
16.310775
16.505050
16.554575
16.591725
16.609775
16.628550
16.663975
16.671050
16.709175
16.787650
16.817000
16.844175
16.853775
16.885900
17.007400
17.047550
17.089175
17.109750
17.254050
17.326575
17.397625
17.421275
17.451425
17.533925
17.597525
17.630225
17.761425
17.825075
17.908175
17.943000
18.020825
18.065625
18.220075
18.319175
18.393775
18.479675
18.511250
18.596925
18.632675
18.667625
18.816150
18.826025
18.854325
18.932100
19.032275
19.044950
19.100375
19.157050
19.180375
19.208875
19.240775
19.283025
19.327500
19.355100
19.375700
19.402075
19.468000
19.529175
19.538550
19.628600
19.691100
19.720025
19.763200
19.806400
19.849800
19.855050
19.908450
20.000825
20.008750
20.061100
20.108925
20.292325
20.301325
20.334100
20.342725
20.380700
20.398575
20.407750
20.436150
20.520475
20.555150
20.564950
20.588525
20.595050
20.624725
20.653000
20.722475
20.750650
20.758975
20.834650
20.898250
21.030450
21.049025
21.067825
21.140150
21.170525
21.386700
21.405250
21.439325
21.451550
21.480800
21.543325
21.556275
21.590575
21.757800
21.853950
21.878025
21.970450
22.049850
22.133400
22.224300
22.382800
22.436125
22.511400
22.624650
22.661225
22.667050
22.688200
22.708375
22.717825
22.803575
22.834100
22.842600
22.863050
22.907175
22.915475
22.930225
22.972900
23.013200
23.114225
23.152050
23.162150
23.217200
23.240350
23.300275
23.379450
23.399675
23.427475
23.540525
23.726750
23.781025
23.799650
23.823825
23.862550
23.910025
23.992975
24.050375
24.076050
24.096725
24.183700
24.223875
24.253300
24.308600
24.324600
24.347625
24.409375
24.486050
24.499400
24.601425
24.610175
24.641350
24.667575
24.702625
24.803000
24.942800
24.962825
24.971800
24.994500
25.010475
25.030900
25.076475
25.092100
25.104450
25.176475
25.387475
25.424300
25.432200
25.458250
25.494575
25.520100
25.608650
25.652475
25.676725
25.704775
25.758575
25.765800
25.902750
26.005500
26.017975
26.030800
26.083975
26.172325
26.430925
26.459575
26.537725
26.578425
26.612775
26.715450
26.763375
26.822750
26.942825
27.028550
27.047200
27.170625
27.216525
27.298075
27.331200
27.355950
27.408325
27.502200
27.517900
27.572650
27.584550
27.588400
27.610875
27.657425
27.706950
27.738150
27.797000
27.824600
27.838725
27.859800
27.864375
27.879700
27.954100
27.995250
28.002900
28.217650
28.273000
28.279300
28.362625
28.408100
28.446800
28.526250
28.610250
28.613025
28.834275
28.883800
28.893975
28.921800
28.958375
29.046200
29.075850
29.448550
29.485625
29.537025
29.688900
29.712175
29.727925
29.803575
29.892200
29.912000
29.947000
29.962775
29.971900
29.985700
