0.004150
0.037700
0.071350
0.120275
0.131825
0.211000
0.247650
0.277175
0.292325
0.377325
0.419225
0.499725
0.518025
0.567400
0.594100
0.645300
0.688500
0.759400
0.799125
0.822400
0.938700
0.995725
1.007875
1.050275
1.070025
1.085950
1.107725
1.130650
1.140250
1.201425
1.298950
1.408300
1.556075
1.643200
1.693875
1.709925
1.759000
1.813500
1.845525
1.926750
2.003725
2.022800
2.051450
2.087225
2.119250
2.217750
2.303000
2.407450
2.443325
2.509575
2.538350
2.568500
2.593775
2.606500
2.920600
2.959775
3.197550
3.271400
3.331450
3.450375
3.544975
3.834025
4.080625
4.216875
5.675575
5.713650
6.432850
8.153700
9.039950
9.853450
10.261825
10.801650
11.007250
11.078875
11.214325
11.737225
11.891225
12.929325
13.102800
13.262550
13.445225
13.543500
13.748825
13.797250
13.987075
14.118825
14.129125
14.703750
14.993000
15.020825
15.046200
15.183700
15.260400
15.312725
15.338025
15.390250
15.590450
15.913550
16.051800
16.096100
16.377300
16.432475
16.457600
16.564900
16.775925
16.812700
16.866375
17.012575
17.047175
17.140250
17.310950
17.483200
17.528350
17.626775
17.701525
17.736775
17.832400
17.873000
17.926425
18.063450
18.128300
18.158650
18.248525
18.285275
18.341025
18.362925
18.424325
18.457600
18.525325
18.560875
18.610100
18.632425
18.655825
18.685975
18.735125
18.759025
18.787350
18.807850
18.850200
18.881125
18.898850
18.951500
18.968775
18.972550
19.006300
19.018275
19.089025
19.100900
19.157775
19.186225
19.212700
19.226650
19.270000
19.316650
19.436225
19.486100
19.513375
19.573425
19.594550
19.611875
19.635525
19.673475
19.700875
19.734625
19.765575
19.837000
19.865925
19.977850
19.999325
20.025975
20.045300
20.075175
20.097950
20.136075
20.158925
20.276325
20.313925
20.338400
20.365225
20.402950
20.446775
20.507700
20.519325
20.552650
20.586600
20.638425
20.659900
20.716775
20.736675
20.754175
20.768700
20.797750
20.842175
20.869700
20.914200
20.923700
20.955725
20.977475
20.990300
21.009750
21.045675
21.084025
21.092275
21.164850
21.196650
21.234450
21.249075
21.273425
21.295150
21.371875
21.401850
21.435925
21.485850
21.528400
21.581625
21.601175
21.604000
21.655075
21.673625
21.717975
21.732900
21.774650
21.813050
21.820625
21.830675
21.861375
21.876425
21.924800
21.952375
21.966175
22.005350
22.037600
22.067750
22.092750
22.160650
22.182400
22.222225
22.254875
22.301275
22.325550
22.334175
22.351600
22.399700
22.437850
22.454700
22.479125
22.518925
22.544725
22.574900
22.597650
22.621775
22.659550
22.693400
22.718500
22.740325
22.793500
22.818600
22.827025
22.847500
22.891575
22.941425
22.963725
23.007025
23.081700
23.115075
23.137775
23.176925
23.189575
23.217875
23.272825
23.304250
23.336000
23.380725
23.407300
23.424375
23.447600
23.465550
23.511175
23.540025
23.574875
23.618300
23.634475
23.703175
23.752825
23.785050
23.811650
23.844525
23.894975
23.952725
23.966000
23.990550
24.066825
24.131175
24.151475
24.163400
24.183925
24.196725
24.214400
24.232725
24.284725
24.328650
24.349050
24.389325
24.412625
24.460225
24.477200
24.528800
24.552575
24.567025
24.583350
24.595175
24.621100
24.633400
24.666575
24.717025
24.749775
24.770275
24.837075
24.862200
24.924175
24.961300
25.000075
25.039775
25.056025
25.100025
25.123550
25.150750
25.188725
25.200350
25.242200
25.254525
25.291125
25.313650
25.353900
25.386875
25.482000
25.533325
25.542025
25.557625
25.581950
25.594625
25.637000
25.658025
25.742200
25.760925
25.828800
25.848525
25.864425
25.876000
25.899725
25.932925
25.988050
26.016175
26.071475
26.129225
26.164900
26.176525
26.208025
26.264850
26.294575
26.329925
26.412225
26.463575
26.491875
26.521525
26.536300
26.556150
26.585125
26.635750
26.669425
26.703675
26.815025
26.828425
26.842075
26.854725
26.880975
26.889700
26.904100
26.919700
26.949150
27.040625
27.067825
27.096600
27.124800
27.164875
27.182625
27.224025
27.265300
27.314650
27.345175
27.365400
27.395150
27.410850
27.465775
27.478650
27.537400
27.552625
27.577075
27.645000
27.699250
27.724300
27.781325
27.820125
27.842125
27.880750
27.909100
27.953975
27.981850
27.992725
28.008225
28.062425
28.098750
28.184725
28.215675
28.230200
28.259325
28.272550
28.343150
28.372475
28.388425
28.431550
28.458075
28.480750
28.495775
28.535225
28.558950
28.592775
28.636575
28.646625
28.665925
28.719700
28.797025
28.809900
28.828825
28.847675
28.865450
28.889625
28.914050
28.949200
28.988000
29.021875
29.048775
29.072325
29.090950
29.128525
29.149850
29.193075
29.235100
29.262275
29.274625
29.330175
29.356550
29.365650
29.460325
29.494700
29.539300
29.571325
29.615275
29.634825
29.660625
29.696125
29.711850
29.744150
29.765500
29.783900
29.815550
29.839325
29.849075
29.923175
29.945850
29.994700
