0.044875
0.114775
0.131650
0.174025
0.259700
0.289350
0.310700
0.344975
0.360175
0.382000
0.398450
0.420375
0.433350
0.459950
0.501050
0.521250
0.570825
0.587875
0.625800
0.665575
0.685825
0.751550
0.809950
0.853025
0.860700
0.896700
0.944225
0.985575
0.999075
1.010275
1.051250
1.060775
1.122000
1.143675
1.162700
1.180975
1.221150
1.291150
1.339550
1.392925
1.411875
1.433925
1.471000
1.536150
1.555225
1.613300
1.644075
1.655350
1.666125
1.699800
1.728250
1.753300
1.777425
1.839925
1.852250
1.871125
1.884025
1.931975
1.990550
2.008050
2.041075
2.066650
2.106425
2.150075
2.205025
2.242400
2.276525
2.303975
2.320975
2.332950
2.352850
2.379725
2.408225
2.558800
2.575750
2.668575
2.681000
2.703575
2.740550
2.812900
2.833125
2.849100
2.865075
2.927375
2.935525
2.991200
3.070775
3.085400
3.099050
3.126300
3.145275
3.183525
3.200075
3.201575
3.212275
3.229200
3.261875
3.333375
3.352150
3.370250
3.428150
3.447325
3.468275
3.511125
3.540875
3.558350
3.576875
3.625575
3.673650
3.739150
3.782025
3.845425
3.875950
3.919500
3.938200
3.989625
4.010375
4.027125
4.049150
4.062400
4.077575
4.114325
4.139825
4.251500
4.274200
4.350900
4.372425
4.408875
4.429275
4.541875
4.552575
4.625425
4.644450
4.714425
4.748650
4.760025
4.793825
4.812900
4.868100
4.923800
4.937025
4.952425
4.975525
5.020000
5.043525
5.100625
5.142850
5.159775
5.238875
5.249175
5.443900
5.473525
5.495275
5.507925
5.592300
5.669225
5.737875
5.764950
5.794250
5.871100
5.887250
5.906675
5.920800
5.946225
6.031625
6.070000
6.112450
6.132450
6.147125
6.176425
6.191400
6.204225
6.216475
6.242825
6.293600
6.312525
6.330825
6.349050
6.396875
6.472475
6.487650
6.523075
6.533500
6.554225
6.571500
6.624125
6.652100
6.747025
6.770550
6.836775
6.853925
6.887625
6.904875
6.923725
6.951125
6.980350
6.999475
7.027150
7.040425
7.052575
7.070650
7.136900
7.148025
7.175425
7.204300
7.224200
7.268175
7.304250
7.343400
7.367050
7.423725
7.506825
7.517450
7.526800
7.547500
7.575900
7.587900
7.596800
7.668750
7.674475
7.697775
7.707650
7.715850
7.733100
7.763850
7.787075
7.811325
7.853775
7.885975
7.898800
7.923225
7.948000
7.977675
7.995825
8.049650
8.070175
8.126050
8.144875
8.155475
8.191350
8.205550
8.260650
8.297550
8.335625
8.361650
8.393425
8.429200
8.445900
8.568825
8.611675
8.636950
8.701275
8.738575
8.752675
8.786950
8.793000
8.818725
8.866825
9.048675
9.094200
9.153775
9.167175
9.240200
9.275575
9.298975
9.331900
9.345425
9.360700
9.386350
9.419150
9.445300
9.492950
9.554750
9.618125
9.690075
9.702050
9.720500
9.738400
9.762750
9.802800
9.811875
9.862975
9.904050
9.979925
9.988650
10.007325
10.023425
10.054725
10.126450
10.159825
10.172700
10.195250
10.216475
10.246450
10.266200
10.282050
10.325500
10.362600
10.387475
10.440400
10.452525
10.490525
10.506400
10.517050
10.523450
10.547100
10.570650
10.594925
10.618925
10.630150
10.640025
10.664050
10.675500
10.681700
10.694500
10.714300
10.781600
10.798400
10.809200
10.861925
10.877825
10.915900
10.929900
10.986050
11.014625
11.038425
11.057675
11.099025
11.133175
11.191950
11.206175
11.222550
11.263600
11.281650
11.300000
11.315925
11.328300
11.344875
11.406950
11.480375
11.540775
11.566950
11.590425
11.618950
11.639225
11.669425
11.685925
11.721600
11.735850
11.757600
11.798075
11.835575
11.879225
11.943325
12.029750
12.077350
12.096025
12.132800
12.155250
12.175025
12.228650
12.248900
12.273000
12.316450
12.377825
12.438475
12.479550
12.512625
12.548150
12.564500
12.601700
12.618425
12.636775
12.653425
12.667000
12.733400
12.756450
12.811975
12.869750
12.890125
12.933600
12.948425
12.993275
13.046425
13.098725
13.131225
13.148350
13.170800
13.232925
13.253400
13.270700
13.291525
13.326450
13.337975
13.370750
13.395225
13.420275
13.439275
13.498225
13.519650
13.561525
13.579625
13.612050
13.645075
13.659225
13.677150
13.720600
13.744775
13.768475
13.792225
13.812875
13.834425
13.853125
13.884850
13.914000
13.942550
14.022175
14.051625
14.070300
14.086425
14.163800
14.184800
14.209500
14.265650
14.319800
14.358750
14.382775
14.416425
14.441375
14.463700
14.559425
14.584300
14.600500
14.611475
14.620450
14.640775
14.656900
14.678400
14.716275
14.740675
14.822050
14.844700
14.884000
14.931600
14.959975
15.002725
15.014075
15.034475
15.063200
15.089575
15.147575
15.160400
15.190600
15.204800
15.328600
15.385425
15.483800
15.502900
15.545025
15.604200
15.635325
15.673550
15.694075
15.712100
15.720200
15.739625
15.762325
15.776725
15.874175
16.008650
16.022500
16.062750
16.089000
16.109600
16.183975
16.208675
16.243200
16.261075
16.288950
16.310575
16.399175
16.536550
16.553475
16.566125
16.576975
16.647675
16.665350
16.679375
16.687350
16.714650
16.750850
16.782175
16.798800
16.892000
16.906100
16.916650
16.932675
16.946575
16.963550
17.000400
17.076475
17.094650
17.110125
17.126750
17.148550
17.168275
17.188750
17.201725
17.222925
17.248900
17.268450
17.283675
17.297700
17.321900
17.338150
17.356150
17.380200
17.424175
17.442600
17.535675
17.563025
17.603350
17.629200
17.651250
17.676675
17.701825
17.728825
17.742500
17.778225
17.812575
17.830950
17.874700
17.890425
17.934275
17.988625
18.028300
18.060400
18.092325
18.116600
18.153650
18.168250
18.203575
18.228400
18.246875
18.332250
18.391075
18.439675
18.476375
18.503025
18.531350
18.630950
18.649725
18.661650
18.691700
18.725250
18.743475
18.763450
18.799775
18.812050
18.821900
18.837125
18.848525
18.881050
18.898150
18.908075
18.957200
19.000150
19.012050
19.076725
19.135725
19.171450
19.199325
19.208500
19.269725
19.284875
19.398300
19.450925
19.548275
19.565050
19.662025
19.678950
19.707850
19.760525
19.799650
19.817900
19.838750
19.867500
19.885600
19.963000
19.985950
20.014725
20.047775
20.100600
20.171175
20.202150
20.255400
20.278850
20.285200
20.333900
20.375025
20.428600
20.440525
20.462400
20.481300
20.516000
20.537600
20.567825
20.697475
20.737875
20.750325
20.764050
20.840875
20.874050
20.946625
20.978400
21.054400
21.122025
21.137500
21.150225
21.162825
21.180400
21.191425
21.236350
21.263350
21.285500
21.309375
21.326375
21.360550
21.410625
21.427525
21.443600
21.456325
21.491575
21.504375
21.547875
21.575225
21.594850
21.608525
21.625100
21.666450
21.714850
21.727625
21.740950
21.753025
21.768875
21.790650
21.802575
21.840950
21.873450
21.901125
21.909525
21.950400
21.968750
21.982075
22.001175
22.014675
22.027225
22.049600
22.128550
22.169175
22.182800
22.209600
22.235725
22.249800
22.292350
22.342400
22.361600
22.374200
22.387625
22.401825
22.420625
22.432750
22.444200
22.455650
22.477525
22.551475
22.561000
22.589375
22.662450
22.706900
22.718275
22.732525
22.754350
22.770175
22.795925
22.811600
22.831575
22.844075
22.859525
22.894075
22.913600
22.936850
22.956900
22.972250
22.981850
23.031675
23.044450
23.062950
23.085975
23.124700
23.141775
23.175350
23.184450
23.212875
23.256000
23.389175
23.407700
23.438325
23.454525
23.534300
23.584525
23.692825
23.744000
23.783825
23.801075
23.811600
23.850400
23.872025
23.910225
23.939425
23.952025
23.965475
23.978925
23.989425
23.998375
24.006500
24.032475
24.067450
24.097100
24.191550
24.233225
24.245725
24.260350
24.271900
24.286250
24.329675
24.417775
24.431025
24.482625
24.597125
24.604850
24.616850
24.632225
24.646775
24.687925
24.711500
24.726175
24.744325
24.759975
24.783025
24.797650
24.807975
24.818875
24.844625
24.897100
24.938625
24.967200
25.045925
25.056800
25.076050
25.089425
25.095325
25.107450
25.132500
25.230150
25.262400
25.383075
25.423125
25.445875
25.504025
25.526900
25.540250
25.548250
25.578375
25.654125
25.663400
25.716950
25.731375
25.763425
25.778675
25.880025
25.895600
25.916600
25.984375
26.062525
26.075825
26.129100
26.139175
26.151025
26.166000
26.175500
26.188925
26.197300
26.229300
26.261950
26.286050
26.299600
26.311525
26.322250
26.365100
26.400750
26.424025
26.435750
26.509725
26.525250
26.603900
26.634700
26.675325
26.696425
26.725725
26.744850
26.756000
26.775475
26.823025
26.867500
26.900950
26.913750
26.930675
26.937150
26.998125
27.020825
27.064500
27.093225
27.113250
27.149400
27.162875
27.242550
27.288600
27.299675
27.328875
27.354050
27.368625
27.377075
27.410875
27.442050
27.461325
27.484925
27.524775
27.536175
27.581825
27.629225
27.640275
27.654150
27.666850
27.682200
27.734675
27.790900
27.816650
27.859725
27.881725
27.898175
27.935400
27.970725
28.002525
28.042700
28.061500
28.077925
28.154925
28.171125
28.185775
28.231150
28.295625
28.312150
28.346500
28.373000
28.426925
28.466100
28.488250
28.506900
28.545225
28.557100
28.578475
28.587050
28.596725
28.609900
28.620450
28.646075
28.669350
28.677350
28.692650
28.768075
28.776825
28.813950
28.862075
28.926925
28.935850
28.949900
28.964050
29.006875
29.031900
29.090125
29.169175
29.196900
29.212850
29.238475
29.270350
29.317200
29.330350
29.378300
29.392750
29.419625
29.446575
29.469550
29.482250
29.500275
29.520775
29.632475
29.680175
29.722125
29.734400
29.781400
29.795225
29.824825
29.833825
29.852650
29.885200
29.925750
29.945350
29.977100
