0.009875
0.033100
0.069300
0.112150
0.137575
0.170550
0.200775
0.222200
0.241225
0.254500
0.269400
0.282825
0.294525
0.308025
0.323625
0.342375
0.394625
0.411975
0.442575
0.488700
0.515525
0.530350
0.546175
0.560950
0.571125
0.581525
0.592275
0.619050
0.633125
0.655275
0.672550
0.700050
0.720075
0.748625
0.757600
0.774175
0.786775
0.795775
0.805750
0.816900
0.825325
0.833650
0.840950
0.849375
0.857900
0.864375
0.873000
0.887425
0.893875
0.901925
0.911125
0.919475
0.929050
0.938300
0.952650
0.970600
0.979700
0.994175
1.000175
1.005825
1.011625
1.016875
1.024625
1.035500
1.043925
1.052800
1.067025
1.076950
1.089850
1.104775
1.119025
1.134625
1.150100
1.165975
1.182125
1.191200
1.204775
1.214625
1.228050
1.240200
1.256325
1.268500
1.278725
1.299425
1.310300
1.326150
1.340050
1.349200
1.362050
1.373050
1.383550
1.398875
1.412750
1.422575
1.434425
1.446025
1.456775
1.466350
1.477025
1.494000
1.505650
1.516275
1.524100
1.534575
1.544700
1.558400
1.570650
1.588075
1.604850
1.621625
1.635950
1.653275
1.671750
1.686375
1.701050
1.714225
1.723025
1.738600
1.749175
1.757050
1.768600
1.779125
1.797975
1.810125
1.821725
1.829275
1.840975
1.851525
1.866350
1.879975
1.889425
1.900525
1.912425
1.927650
1.938325
1.952950
1.972575
1.985000
2.001150
2.015525
2.028550
2.045750
2.064550
2.076125
2.085800
2.102400
2.118150
2.141925
2.159725
2.172200
2.185875
2.192925
2.200575
2.207725
2.213250
2.222800
2.230750
2.244525
2.254050
2.266025
2.279925
2.290800
2.302925
2.314600
2.329725
2.339875
2.352625
2.368450
2.383425
2.393850
2.410125
2.420300
2.429250
2.440075
2.449775
2.466650
2.478700
2.489400
2.502000
2.515825
2.529025
2.546000
2.560925
2.577950
2.595175
2.613425
2.631375
2.644550
2.665825
2.684725
2.703525
2.719600
2.731850
2.746200
2.760825
2.777800
2.795025
2.809600
2.823575
2.840650
2.853525
2.868675
2.882150
2.892525
2.914350
2.928000
2.943125
2.953525
2.971500
2.983000
2.991575
3.001525
3.013175
3.022675
3.034625
3.047850
3.060250
3.078575
3.087950
3.102925
3.113325
3.127450
3.151300
3.182650
3.201900
3.226400
3.243050
3.261600
3.290100
3.307575
3.321250
3.336775
3.345425
3.355725
3.362450
3.370100
3.379700
3.389200
3.397525
3.408750
3.421750
3.432650
3.442025
3.458375
3.469050
3.482800
3.493075
3.504575
3.516250
3.530250
3.545700
3.559000
3.568875
3.585275
3.601175
3.621625
3.634350
3.651775
3.664525
3.674800
3.697625
3.712275
3.734025
3.752625
3.770175
3.787850
3.808150
3.826525
3.840300
3.854350
3.866500
3.880700
3.898525
3.908700
3.918025
3.927575
3.936600
3.945650
3.955850
3.966875
3.977475
3.985125
3.996750
4.006575
4.010275
4.013675
4.022000
4.027425
4.036400
4.043425
4.050825
4.064750
4.077600
4.091100
4.102650
4.113650
4.131225
4.150400
4.168025
4.184850
4.209225
4.229650
4.242875
4.261600
4.276025
4.295775
4.315850
4.331150
4.345750
4.361175
4.375500
4.382925
4.395050
4.415150
4.431175
4.446475
4.456450
4.469625
4.479300
4.490300
4.498925
4.506250
4.514075
4.527150
4.536100
4.544700
4.556050
4.570675
4.586575
4.605275
4.625675
4.645675
4.656600
4.669800
4.682875
4.703025
4.719475
4.734200
4.748125
4.765850
4.786850
4.800775
4.815800
4.828600
4.842150
4.858550
4.880100
4.908750
4.918200
4.934425
4.945975
4.955450
4.964025
4.976025
4.992550
5.008075
5.021175
5.033625
5.043050
5.060000
5.076725
5.094550
5.112925
5.127375
5.147300
5.161400
5.172625
5.187950
5.204750
5.216925
5.227750
5.238900
5.248950
5.259500
5.266800
5.274300
5.281950
5.290875
5.307725
5.329675
5.344850
5.355950
5.370550
5.387400
5.400075
5.414425
5.432275
5.446450
5.459350
5.474525
5.490275
5.506175
5.522775
5.537300
5.550850
5.571400
5.591250
5.616000
5.641825
5.665175
5.676600
5.703000
5.722825
5.745500
5.763650
5.776175
5.788725
5.815650
5.831025
5.849975
5.861175
5.868050
5.871975
5.875975
5.879775
5.882550
5.885250
5.888175
5.891100
5.894450
5.898550
5.904075
5.909700
5.915575
5.922675
5.933075
5.943450
5.953875
5.963475
5.977300
5.984200
5.994325
6.006850
6.024550
6.037975
6.055700
6.072925
6.086950
6.111550
6.135750
6.151225
6.174450
6.195700
6.208025
6.220825
6.233225
6.244100
6.260625
6.275000
6.284675
6.291400
6.300100
6.308675
6.316425
6.326200
6.336250
6.350375
6.358325
6.367100
6.377250
6.385800
6.397575
6.406950
6.418725
6.433500
6.449725
6.463525
6.480575
6.491425
6.507825
6.522300
6.538300
6.554775
6.564450
6.586400
6.604650
6.622375
6.637400
6.660750
6.672800
6.691700
6.711200
6.729975
6.750150
6.769550
6.791650
6.806600
6.826175
6.841375
6.861675
6.883850
6.896525
6.915275
6.933025
6.948475
6.955775
6.980975
6.994325
7.008025
7.021600
7.035900
7.051325
7.067850
7.082650
7.096600
7.118325
7.152550
7.176100
7.198075
7.216200
7.234975
7.250825
7.267825
7.284850
7.297750
7.308475
7.320100
7.331225
7.345925
7.358800
7.373150
7.394675
7.419925
7.443575
7.462575
7.480050
7.501850
7.527425
7.549825
7.570250
7.593875
7.616500
7.637325
7.654750
7.669125
7.683050
7.699550
7.724975
7.741775
7.751225
7.771825
7.792450
7.811700
7.829375
7.839825
7.850450
7.864350
7.876875
7.887575
7.904550
7.923500
7.933850
7.951600
7.963875
7.978650
7.991475
8.008125
8.063675
8.086100
8.117975
8.130350
8.145025
8.160975
8.172350
8.188950
8.198650
8.214200
8.226250
8.236500
8.246525
8.258375
8.268400
8.273225
8.286125
8.297475
8.304725
8.314675
8.322775
8.335650
8.343200
8.356275
8.368150
8.375800
8.386325
8.399250
8.410175
8.417675
8.426150
8.437650
8.447875
8.454850
8.465875
8.474950
8.484250
8.495350
8.503525
8.512400
8.521200
8.535525
8.547975
8.563125
8.572300
8.584800
8.599525
8.609650
8.619800
8.627250
8.637625
8.647500
8.657250
8.666875
8.676575
8.686125
8.695000
8.704375
8.716800
8.732250
8.738600
8.747175
8.759775
8.770850
8.784325
8.794450
8.809775
8.825550
8.838825
8.853050
8.864275
8.882750
8.895150
8.909675
8.926775
8.951125
8.967275
8.984000
8.995450
9.011550
9.029475
9.042675
9.050800
9.059500
9.066600
9.080850
9.089525
9.098250
9.108750
9.115800
9.125550
9.134775
9.145000
9.158100
9.166075
9.175525
9.184125
9.196175
9.201700
9.213175
9.224275
9.239750
9.249375
9.268600
9.292625
9.300825
9.310575
9.324150
9.338275
9.346900
9.365300
9.375925
9.388900
9.398125
9.405875
9.415275
9.430075
9.441975
9.453500
9.468800
9.483925
9.498500
9.512750
9.525175
9.545925
9.556850
9.568075
9.581600
9.587900
9.602400
9.619850
9.632500
9.643325
9.652100
9.661725
9.673175
9.686725
9.693325
9.707275
9.726325
9.737200
9.749800
9.764575
9.780350
9.795200
9.810950
9.825625
9.839900
9.855525
9.873950
9.891700
9.909650
9.923650
9.940850
9.951025
9.960325
9.969050
9.980950
9.992750
10.004275
10.013450
10.037750
10.049025
10.059725
10.068300
10.077350
10.085425
10.096150
10.105125
10.112925
10.124850
10.139250
10.149000
10.162325
10.174775
10.186900
10.203050
10.216375
10.229525
10.245000
10.256850
10.274075
10.293625
10.307750
10.319300
10.333700
10.347775
10.360750
10.379925
10.404150
10.415800
10.430150
10.444750
10.460900
10.472650
10.483675
10.490975
10.504450
10.514750
10.523850
10.533050
10.541800
10.549725
10.557900
10.568100
10.576225
10.587925
10.595825
10.608175
10.615500
10.628325
10.639400
10.654375
10.666525
10.678575
10.692275
10.711025
10.734825
10.751825
10.773225
10.783850
10.804975
10.819200
10.833575
10.846775
10.865200
10.886775
10.903600
10.924625
10.938075
10.949275
10.959425
10.966825
10.975675
10.979450
10.996550
11.005400
11.017800
11.025150
11.033750
11.048975
11.060000
11.072075
11.090800
11.112675
11.125175
11.141525
11.164250
11.179025
11.191325
11.205000
11.226500
11.234050
11.239300
11.247675
11.257300
11.266550
11.275675
11.284550
11.303650
11.319075
11.337450
11.345775
11.353725
11.360525
11.370200
11.382275
11.389200
11.400150
11.412200
11.423550
11.431150
11.447575
11.457550
11.467025
11.476025
11.484025
11.492700
11.504550
11.514850
11.528600
11.539450
11.553800
11.570500
11.587225
11.613225
11.630125
11.648925
11.665875
11.683350
11.698325
11.708300
11.725450
11.744425
11.756625
11.766925
11.775975
11.785900
11.792275
11.798100
11.804850
11.813000
11.822125
11.832175
11.840550
11.855050
11.866600
11.877450
11.888450
11.901300
11.910025
11.920000
11.934325
11.946050
11.959100
11.972050
11.984275
11.995575
12.010450
12.027075
12.039125
12.052825
12.066825
12.084675
12.098925
12.111925
12.138375
12.148000
12.164525
12.177200
12.188075
12.199925
12.210725
12.222750
12.228875
12.242000
12.257000
12.273200
12.289500
12.303700
12.318275
12.334525
12.348500
12.360375
12.375925
12.394675
12.413825
12.430625
12.446500
12.455225
12.470675
12.490000
12.500600
12.515625
12.537250
12.560625
12.581225
12.594000
12.608500
12.638775
12.659350
12.681100
12.706825
12.715575
12.721125
12.729525
12.739025
12.745075
12.752200
12.760800
12.767350
12.774475
12.780975
12.790575
12.799450
12.807250
12.818275
12.826775
12.839400
12.854550
12.865775
12.880325
12.893225
12.907525
12.921875
12.935475
12.951550
12.968450
12.986350
13.006000
13.019675
13.027700
13.049000
13.058300
13.076150
13.086600
13.098200
13.114675
13.132100
13.151500
13.171400
13.183250
13.200975
13.216450
13.229100
13.245400
13.257400
13.271425
13.282925
13.297425
13.306850
13.318400
13.334775
13.351450
13.361200
13.372600
13.384450
13.397650
13.411125
13.424725
13.445825
13.465075
13.480575
13.488925
13.505425
13.523050
13.545150
13.559600
13.577450
13.594300
13.609725
13.623125
13.641875
13.667800
13.689150
13.708675
13.723900
13.742350
13.765450
13.785650
13.812275
13.834150
13.853650
13.876650
13.889675
13.904700
13.920900
13.933700
13.946350
13.955475
13.962375
13.967525
13.974925
13.980100
13.987800
13.998350
14.009425
14.021525
14.034200
14.045250
14.056000
14.069200
14.077525
14.090725
14.102925
14.120300
14.132725
14.153325
14.164500
14.184025
14.203500
14.217675
14.234950
14.246550
14.264300
14.279050
14.305950
14.322625
14.346425
14.357375
14.369650
14.378550
14.389875
14.400275
14.414775
14.423225
14.434850
14.445500
14.457100
14.466025
14.475600
14.492625
14.500500
14.508950
14.519125
14.530400
14.541225
14.548025
14.558550
14.570225
14.584250
14.595600
14.608100
14.620275
14.635725
14.652725
14.665575
14.679925
14.698275
14.717100
14.734025
14.750625
14.771425
14.786375
14.798150
14.817525
14.834050
14.841025
14.852000
14.861550
14.873650
14.886675
14.899200
14.912050
14.923475
14.935550
14.942800
14.955025
14.968150
14.977325
14.988125
14.996400
15.008275
15.016975
15.025675
15.037675
15.048450
15.059700
15.068250
15.078050
15.092700
15.107300
15.117600
15.135200
15.144675
15.161850
15.173125
15.185175
15.199675
15.219625
15.231150
15.241400
15.251700
15.264375
15.277975
15.291050
15.306850
15.321175
15.337000
15.353000
15.361675
15.368600
15.377550
15.390050
15.406050
15.418225
15.432400
15.449300
15.459225
15.473475
15.485300
15.495950
15.503075
15.511850
15.522325
15.529800
15.537925
15.546700
15.551450
15.554675
15.564150
15.576950
15.586925
15.603900
15.612725
15.629025
15.641500
15.650150
15.664425
15.678625
15.690400
15.705300
15.713750
15.726000
15.734575
15.747225
15.759575
15.773400
15.791750
15.818150
15.835000
15.853850
15.880800
15.903050
15.926650
15.949100
15.962900
15.980125
16.002800
16.025900
16.046600
16.062775
16.095950
16.103100
16.109825
16.116700
16.123225
16.134425
16.144025
16.151125
16.166300
16.177025
16.184300
16.194825
16.211600
16.229100
16.241925
16.252550
16.264475
16.276450
16.291050
16.304150
16.316025
16.330525
16.339850
16.351975
16.365100
16.380650
16.407000
16.424650
16.443750
16.474750
16.505075
16.517525
16.546150
16.561275
16.576825
16.589850
16.596300
16.603875
16.612800
16.621675
16.635650
16.646700
16.655700
16.665575
16.673400
16.680700
16.688575
16.698325
16.707500
16.720500
16.731200
16.747050
16.764200
16.783175
16.796850
16.810250
16.828075
16.841800
16.873675
16.891375
16.907150
16.926050
16.946275
16.964250
16.974475
16.981025
16.989475
17.000125
17.009750
17.020500
17.031250
17.039325
17.048250
17.062975
17.075050
17.084700
17.094650
17.108375
17.121700
17.133875
17.148500
17.156100
17.166850
17.173975
17.180025
17.194200
17.209550
17.224600
17.236275
17.251975
17.267600
17.281775
17.297750
17.310250
17.326300
17.336175
17.344650
17.355675
17.367250
17.387850
17.400550
17.412325
17.424825
17.439350
17.452825
17.468400
17.480450
17.492150
17.502200
17.515875
17.523950
17.538950
17.550325
17.568900
17.577550
17.589075
17.603175
17.615350
17.628725
17.638700
17.653250
17.666275
17.683700
17.690625
17.703900
17.716975
17.728575
17.741150
17.752925
17.764900
17.772300
17.785700
17.792250
17.800225
17.805925
17.815050
17.824775
17.831350
17.838100
17.846800
17.852600
17.859175
17.865900
17.874600
17.882875
17.891425
17.896925
17.907175
17.925950
17.934375
17.945925
17.955950
17.966875
17.977825
17.990925
18.002125
18.012925
18.026075
18.035700
18.047725
18.056500
18.068725
18.080400
18.097225
18.112600
18.121950
18.137350
18.147725
18.159700
18.175625
18.190275
18.214000
18.231275
18.241850
18.248875
18.265450
18.274650
18.293000
18.310350
18.327900
18.352525
18.368775
18.385325
18.401525
18.419150
18.438150
18.467750
18.483600
18.510175
18.523375
18.535525
18.552500
18.559475
18.573800
18.589700
18.605800
18.619850
18.628300
18.639375
18.651325
18.660925
18.670900
18.679275
18.691000
18.701925
18.713650
18.727575
18.743250
18.758750
18.766050
18.779475
18.791275
18.814025
18.822700
18.835575
18.851600
18.866975
18.887350
18.901125
18.921275
18.936175
18.956250
18.978725
19.001700
19.019675
19.038500
19.059175
19.075825
19.094525
19.119725
19.144650
19.157600
19.167600
19.177025
19.183125
19.194725
19.203000
19.216350
19.228200
19.238175
19.253025
19.269475
19.287275
19.301125
19.316500
19.327600
19.341875
19.353550
19.365925
19.377175
19.385825
19.399600
19.419175
19.428675
19.452475
19.471150
19.490825
19.520075
19.534800
19.558950
19.581675
19.599075
19.626475
19.651000
19.670525
19.697025
19.716275
19.730375
19.743000
19.764400
19.783350
19.798450
19.811450
19.827875
19.842350
19.856725
19.870375
19.884950
19.897100
19.915200
19.928950
19.947575
19.966950
19.986650
20.004600
20.025825
20.037625
20.054200
20.071700
20.088575
20.100200
20.104650
20.114250
20.131550
20.145150
20.159500
20.177075
20.198575
20.216300
20.240000
20.257400
20.273150
20.287375
20.302575
20.320525
20.332025
20.348650
20.363000
20.381450
20.391550
20.402700
20.413350
20.427075
20.439850
20.457300
20.476925
20.493600
20.512750
20.524450
20.543350
20.551975
20.562600
20.582600
20.604125
20.629775
20.649525
20.672275
20.696100
20.724525
20.741800
20.766575
20.788300
20.820200
20.843050
20.856750
20.878250
20.901675
20.918200
20.931100
20.944100
20.950075
20.956925
20.963975
20.968500
20.973500
20.980750
20.986975
20.996150
21.002825
21.010200
21.020950
21.029650
21.037075
21.047675
21.055125
21.065875
21.076975
21.095500
21.111000
21.127100
21.150700
21.164475
21.177900
21.185600
21.201850
21.212450
21.223775
21.232400
21.236950
21.243025
21.251000
21.259000
21.269150
21.279950
21.291500
21.301175
21.309325
21.329850
21.345300
21.364775
21.388650
21.405650
21.428500
21.448100
21.462975
21.469075
21.476975
21.484425
21.495000
21.503875
21.516200
21.527225
21.538100
21.548975
21.563450
21.578100
21.591575
21.607250
21.620875
21.631325
21.646050
21.663300
21.685975
21.704850
21.725250
21.752025
21.788825
21.811825
21.837650
21.860175
21.882050
21.900175
21.919850
21.942825
21.964975
21.986125
22.002975
22.020000
22.032400
22.064050
22.080975
22.110050
22.137750
22.159325
22.178325
22.196525
22.212700
22.226275
22.238900
22.249625
22.257425
22.265450
22.270850
22.282275
22.291575
22.300500
22.309325
22.321400
22.332450
22.343575
22.358650
22.365950
22.377425
22.388350
22.399100
22.415925
22.439175
22.453025
22.464550
22.480800
22.499675
22.517400
22.534975
22.552575
22.569100
22.580950
22.590900
22.601175
22.612475
22.620325
22.628575
22.639875
22.651450
22.662250
22.678875
22.692250
22.705950
22.722050
22.733625
22.756625
22.766300
22.775000
22.786300
22.795075
22.804300
22.810725
22.819625
22.827150
22.836025
22.844400
22.852450
22.862350
22.871100
22.883300
22.892000
22.903250
22.913025
22.924750
22.932350
22.945775
22.954850
22.968175
22.979475
22.990300
22.996600
23.005450
23.016775
23.029675
23.040450
23.049900
23.062025
23.072225
23.084725
23.094275
23.103800
23.110400
23.118875
23.127350
23.142950
23.150850
23.162875
23.170850
23.187025
23.195350
23.209125
23.219175
23.227450
23.236500
23.246150
23.250825
23.259450
23.267750
23.274175
23.278825
23.284850
23.289775
23.299375
23.306500
23.317300
23.331150
23.342500
23.355025
23.365725
23.380275
23.391200
23.409350
23.430175
23.447450
23.473700
23.489675
23.511200
23.532000
23.553275
23.567700
23.583000
23.597475
23.614550
23.629475
23.641900
23.656425
23.676325
23.694650
23.713650
23.729050
23.748825
23.767250
23.782500
23.801575
23.824800
23.841875
23.862025
23.885300
23.906075
23.920500
23.935150
23.946075
23.957300
23.970050
23.985675
24.002375
24.017925
24.029600
24.044175
24.063600
24.079675
24.092500
24.103425
24.112625
24.123400
24.136950
24.153025
24.162500
24.171425
24.186425
24.201550
24.211525
24.221875
24.231900
24.242425
24.258200
24.267750
24.280600
24.291600
24.304175
24.316875
24.331125
24.349975
24.368425
24.384575
24.403075
24.416600
24.436750
24.460150
24.476150
24.489525
24.507250
24.517050
24.533450
24.549725
24.563800
24.573200
24.583350
24.591600
24.599575
24.607450
24.622400
24.635825
24.648100
24.655325
24.668900
24.679950
24.693600
24.704775
24.716850
24.731850
24.747175
24.765050
24.780600
24.796600
24.809125
24.830450
24.854975
24.876525
24.898150
24.920300
24.941800
24.961725
24.979875
24.997700
25.016950
25.034825
25.050600
25.068600
25.089775
25.102000
25.112900
25.127875
25.149900
25.187450
25.203200
25.218225
25.242600
25.262225
25.286925
25.305175
25.328900
25.344875
25.363200
25.377600
25.399950
25.413725
25.429800
25.446825
25.464650
25.481975
25.498550
25.511450
25.525725
25.539250
25.553200
25.561900
25.574275
25.585625
25.597025
25.612450
25.620850
25.636350
25.656375
25.679825
25.693300
25.713325
25.734325
25.744600
25.758025
25.780950
25.795625
25.810600
25.823325
25.838300
25.850150
25.865850
25.875025
25.884575
25.894625
25.904950
25.911700
25.918925
25.930550
25.942800
25.955450
25.972425
25.989450
25.999725
26.012350
26.023225
26.034800
26.044650
26.053000
26.060125
26.067250
26.074475
26.082200
26.090975
26.099600
26.106550
26.116025
26.125125
26.137925
26.146100
26.159625
26.172250
26.186575
26.205700
26.225200
26.239725
26.251650
26.265525
26.285875
26.298775
26.314300
26.326350
26.341125
26.359900
26.370025
26.376725
26.386150
26.395850
26.410475
26.421600
26.429550
26.438275
26.449675
26.463625
26.475700
26.483975
26.495275
26.505650
26.518200
26.529025
26.539475
26.548875
26.555850
26.564625
26.575350
26.589125
26.597750
26.607950
26.614800
26.627525
26.637600
26.645350
26.654750
26.664750
26.673475
26.680975
26.693975
26.710575
26.724500
26.741150
26.750375
26.767250
26.781200
26.796600
26.808550
26.819275
26.830225
26.839075
26.846800
26.856000
26.865725
26.874625
26.884575
26.893625
26.903725
26.915075
26.925850
26.932725
26.947250
26.957300
26.967525
26.979450
26.990125
26.999100
27.009900
27.022575
27.030875
27.041525
27.049475
27.061300
27.073400
27.082275
27.092550
27.104425
27.116250
27.126450
27.142225
27.152900
27.170675
27.184475
27.202750
27.213800
27.228875
27.243900
27.266375
27.284350
27.294900
27.306750
27.317025
27.326775
27.336150
27.351950
27.371475
27.382000
27.399200
27.407250
27.418975
27.430850
27.439325
27.451325
27.464900
27.480275
27.491500
27.501425
27.516800
27.534525
27.552225
27.567475
27.579750
27.598025
27.611200
27.625425
27.642600
27.658550
27.674225
27.685425
27.706750
27.724100
27.740475
27.752900
27.769475
27.777975
27.787975
27.804725
27.825425
27.837975
27.848775
27.859525
27.871575
27.881425
27.894575
27.902425
27.909900
27.920250
27.929625
27.938475
27.948475
27.955775
27.963200
27.972175
27.980650
27.991000
27.997150
28.003050
28.008875
28.015600
28.023400
28.027275
28.033675
28.040325
28.050800
28.061725
28.071125
28.087850
28.099900
28.117100
28.130325
28.145075
28.160775
28.178275
28.199900
28.215075
28.231300
28.240975
28.260000
28.271375
28.295000
28.311625
28.323400
28.334525
28.340250
28.352525
28.362650
28.376975
28.388400
28.395825
28.406900
28.417225
28.433500
28.448325
28.466975
28.482100
28.492500
28.510725
28.538300
28.553950
28.572750
28.590600
28.604400
28.624875
28.640375
28.655150
28.676425
28.699850
28.713975
28.732825
28.752625
28.770925
28.789975
28.824525
28.847700
28.867300
28.888525
28.910900
28.936250
28.956225
28.972800
28.992325
29.005925
29.019900
29.029425
29.036550
29.050625
29.061625
29.075575
29.086725
29.096900
29.114625
29.129725
29.141950
29.154925
29.164900
29.174175
29.186025
29.195500
29.203000
29.215275
29.223800
29.232825
29.246700
29.258250
29.270025
29.282425
29.289975
29.306050
29.315950
29.328300
29.340075
29.353300
29.370950
29.392200
29.411850
29.424450
29.437775
29.452950
29.466525
29.474975
29.483750
29.489350
29.501600
29.517125
29.526150
29.535900
29.547500
29.558700
29.569600
29.585525
29.595625
29.606725
29.618325
29.631350
29.643275
29.661375
29.675675
29.685850
29.690600
29.695875
29.700575
29.705600
29.708400
29.713250
29.716925
29.722925
29.728500
29.733850
29.742725
29.750800
29.758800
29.768550
29.782000
29.797750
29.816400
29.840225
29.860100
29.878075
29.904475
29.917575
29.923475
29.929600
29.934350
29.938975
29.942700
29.947175
29.950925
29.956825
29.963850
29.971300
29.978450
29.985500
29.993600
