0.045275
0.179650
0.233675
0.348150
0.470875
0.490850
0.536925
0.582275
0.667000
0.886525
0.898625
0.954425
0.975525
1.105825
1.144075
1.173900
1.232250
1.252275
1.393225
1.481900
1.606700
1.666525
1.744500
1.779400
1.784825
1.839100
1.872675
1.955750
2.145175
2.269275
2.305300
2.345950
2.421675
2.508725
2.528925
2.639100
2.752050
2.931100
2.950200
3.007275
3.027425
3.131975
3.178350
3.209900
3.286125
3.345300
3.695675
3.842750
3.884900
3.934525
3.964850
4.013275
4.067400
4.116700
4.133400
4.270575
4.292075
4.327000
4.440325
4.514175
4.518000
4.533075
4.603325
4.686300
4.705075
4.747575
4.900875
4.940650
4.979875
5.009700
5.065375
5.114325
5.142500
5.158475
5.306100
5.545425
5.679525
5.752725
5.815300
5.912525
5.917100
5.968175
6.040675
6.094750
6.127675
6.174850
6.260200
6.347525
6.409500
6.509500
6.558775
6.576550
6.605050
6.642225
6.679650
6.726250
6.880450
6.889475
6.978350
6.997325
7.032450
7.094400
7.178525
7.223375
7.279150
7.312900
7.441725
7.444200
7.465075
7.511050
7.591975
7.648550
7.690725
7.699575
7.748375
7.789600
7.872300
7.896025
7.947675
7.985050
8.022125
8.042625
8.072000
8.101100
8.179875
8.217175
8.258000
8.290475
8.295150
8.324175
8.346800
8.376425
8.410825
8.429175
8.443400
8.469425
8.501400
8.548275
8.554150
8.629575
8.656575
8.680800
8.721725
8.765675
8.780825
8.849325
8.876600
8.889550
8.914950
8.935075
8.981100
9.008250
9.012725
9.062400
9.114750
9.161425
9.196500
9.240050
9.266325
9.306300
9.339325
9.362600
9.385050
9.403825
9.419800
9.459275
9.461150
9.528900
9.544325
9.554450
9.600600
9.653100
9.669125
9.692250
9.708650
9.712350
9.758400
9.770425
9.794675
9.858550
9.867850
9.897225
9.901325
9.936500
9.959300
9.973850
9.975825
10.018150
10.066450
10.115775
10.124350
10.157775
10.185200
10.188225
10.216500
10.254850
10.309400
10.326350
10.390675
10.412525
10.440325
10.485400
10.500975
10.537050
10.633325
10.671750
10.681075
10.744500
10.775575
10.811750
10.818250
10.851625
10.866750
10.888400
10.950025
10.968100
11.008100
11.036850
11.056975
11.124000
11.151125
11.163825
11.207850
11.223550
11.257150
11.270650
11.315625
11.334600
11.339375
11.376075
11.381425
11.417150
11.467300
11.470350
11.519525
11.529025
11.570675
11.584950
11.665475
11.673275
11.714550
11.742925
11.789600
11.851025
11.853700
11.887925
11.926275
11.975025
11.992700
12.018400
12.064700
12.072725
12.105775
12.116900
12.172825
12.209075
12.230275
12.276600
12.281125
12.338800
12.359875
12.414550
12.445125
12.453100
12.495750
12.511175
12.561050
12.576875
12.592200
12.621750
12.653825
12.687125
12.718850
12.730975
12.795825
12.805325
12.809050
12.846950
12.849025
12.877475
12.894775
12.912200
12.944900
12.965950
13.004450
13.011850
13.132225
13.176125
13.195025
13.197500
13.227025
13.289275
13.295750
13.324850
13.401900
13.414400
13.429325
13.448700
13.463725
13.475900
13.494475
13.549900
13.551450
13.562600
13.590625
13.604500
13.609825
13.617775
13.636525
13.702925
13.710275
13.811900
13.814625
13.846775
13.978225
14.002350
14.009325
14.049050
14.072950
14.112700
14.130950
14.155350
14.162150
14.189025
14.236000
14.262575
14.317450
14.341425
14.420750
14.458675
14.503975
14.515250
14.559600
14.585375
14.610025
14.628325
14.684675
14.725875
14.762225
14.788225
14.791175
14.839450
14.843850
14.870550
14.892550
14.921700
14.924250
15.006550
15.017275
15.032250
15.076775
15.113150
15.152425
15.159100
15.178400
15.215825
15.229025
15.243425
15.273725
15.280150
15.333525
15.341650
15.369925
15.389625
15.444500
15.465675
15.482975
15.515800
15.520625
15.563525
15.586550
15.605150
15.610925
15.627800
15.642950
15.661075
15.671925
15.699725
15.715025
15.743800
15.793075
15.811025
15.848525
15.891975
15.933150
15.969325
15.990600
16.031050
16.065375
16.096925
16.108750
16.136500
16.192450
16.207150
16.275150
16.281025
16.328350
16.334775
16.377500
16.413525
16.440200
16.444900
16.466700
16.488575
16.509500
16.535975
16.557400
16.564900
16.572550
16.622375
16.627325
16.665525
16.694100
16.724550
16.756350
16.785600
16.805025
16.812425
16.844200
16.857700
16.881850
16.908550
16.920200
16.939175
16.961575
16.966125
17.002600
17.031925
17.049525
17.059550
17.088600
17.095200
17.122225
17.142575
17.189450
17.191175
17.205425
17.212900
17.239100
17.294900
17.298600
17.321575
17.325350
17.374825
17.422150
17.448050
17.465750
17.501150
17.514425
17.533000
17.537725
17.567975
17.623575
17.645200
17.676375
17.709875
17.728950
17.761675
17.783525
17.792600
17.821875
17.825475
17.857650
17.880675
17.892150
17.904100
17.930050
17.941125
17.967750
17.976000
18.012225
18.022675
18.055950
18.071450
18.128250
18.136725
18.153975
18.199350
18.204200
18.233575
18.261825
18.304575
18.328400
18.523650
18.610000
18.629000
18.675400
18.703600
18.759150
18.803350
18.931500
18.958500
18.981725
19.052525
19.081775
19.141900
19.208425
19.271200
19.331575
19.354850
19.386475
19.499800
19.556250
19.593975
19.620475
19.671625
19.717025
19.752500
19.757575
19.783525
19.812450
19.881200
19.937525
19.967150
20.014700
20.047950
20.087875
20.114650
20.162900
20.174325
20.199025
20.242975
20.260150
20.276225
20.299900
20.338075
20.519000
20.534675
20.559025
20.606450
20.635725
20.679300
20.723850
20.773700
20.848575
20.924250
21.064925
21.085675
21.087725
21.113375
21.207900
21.228450
21.258675
21.315800
21.340700
21.363875
21.447200
21.516425
21.527125
21.556375
21.576650
21.621425
21.673975
21.829950
21.890575
21.974750
22.023575
22.095825
22.106750
22.128700
22.195100
22.242525
22.303425
22.344525
22.365650
22.422400
22.452775
22.466200
22.507225
22.542400
22.605975
22.666650
22.706425
22.759950
22.764300
22.793300
22.884950
22.937925
22.940125
23.026450
23.049525
23.092150
23.113300
23.169025
23.198200
23.215200
23.250775
23.298200
23.309175
23.360350
23.375250
23.387025
23.407025
23.420250
23.458875
23.477050
23.591400
23.640425
23.664650
23.705625
23.826050
23.883575
23.897225
23.981775
24.012875
24.016100
24.042750
24.059125
24.068225
24.126625
24.167225
24.177650
24.212475
24.277250
24.304375
24.356075
24.362025
24.378500
24.433675
24.450775
24.501400
24.516425
24.559075
24.577375
24.598675
24.617650
24.700600
24.738950
24.769800
24.810550
24.848325
24.949875
24.976250
24.997050
25.036125
25.134800
25.171375
25.179450
25.247100
25.309475
25.315925
25.356000
25.402875
25.460725
25.467775
25.512700
25.521450
25.550150
25.584875
25.605700
25.655600
25.688425
25.755425
25.794650
25.810800
25.846725
25.896925
25.936075
25.944475
25.968900
25.987500
26.025075
26.049625
26.060075
26.118400
26.153575
26.177525
26.248675
26.274525
26.280200
26.311400
26.384275
26.414125
26.477250
26.552400
26.610975
26.628750
26.690675
26.722375
26.741925
26.773875
26.802675
26.886425
26.905400
26.915000
26.960400
26.982200
26.996225
27.069225
27.080300
27.135475
27.176025
27.226125
27.317575
27.330200
27.353300
27.423000
27.429225
27.498375
27.543550
27.591575
27.593225
27.641750
27.702925
27.710625
27.756525
27.802450
27.901800
27.960275
27.976150
28.004175
28.058400
28.083500
28.099625
28.209825
28.321375
28.358825
28.389375
28.390925
28.435850
28.483475
28.547050
28.560950
28.610625
28.661950
28.669825
28.708175
28.730400
28.783075
28.830025
28.872200
28.891175
28.977200
28.985500
29.055175
29.115475
29.136225
29.168475
29.193125
29.225400
29.242125
29.253350
29.295300
29.342650
29.359000
29.405475
29.512550
29.515950
29.604775
29.650800
29.686975
29.711100
29.745800
29.802100
29.806000
29.850850
29.961450
29.989275
