0.000575
0.066100
0.089750
0.219100
0.242025
0.328250
0.361825
0.387550
0.439600
0.462900
0.554075
0.577950
0.711500
0.739550
0.814600
0.849050
0.865125
0.915600
0.946550
0.981725
1.023800
1.064700
1.097300
1.207100
1.243650
1.260625
1.275600
1.303725
1.338650
1.357800
1.389775
1.413500
1.440825
1.478650
1.494200
1.563600
1.578625
1.609750
1.637375
1.672850
1.684925
1.771925
1.790800
1.807225
1.823600
1.921100
1.931525
1.953675
2.009500
2.076800
2.129650
2.147550
2.175500
2.192600
2.227250
2.256125
2.272250
2.302300
2.327700
2.343350
2.540100
2.563275
2.577575
2.656675
2.674275
2.688575
2.714850
2.725350
2.738800
2.800150
2.821350
2.909200
3.000600
3.015875
3.030825
3.039175
3.052100
3.069800
3.096950
3.111475
3.132325
3.135600
3.187175
3.275525
3.327075
3.349975
3.385275
3.406825
3.421900
3.440675
3.470925
3.519175
3.547825
3.666000
3.750825
3.785950
3.820500
3.843975
3.859500
3.893525
3.923500
3.941100
3.947075
3.989900
4.017500
4.045275
4.059025
4.085075
4.100050
4.230650
4.251925
4.273300
4.293775
4.332325
4.354550
4.381125
4.396775
4.430200
4.465525
4.493300
4.595525
4.631300
4.657650
4.672875
4.691300
4.712275
4.723575
4.757425
4.792450
4.810300
4.836125
4.878325
4.904025
4.922100
4.953950
4.957600
4.992150
5.008975
5.032925
5.044900
5.072625
5.106525
5.125575
5.182350
5.237775
5.259225
5.280775
5.290975
5.304325
5.331500
5.366150
5.380800
5.412550
5.437825
5.457850
5.497275
5.540200
5.588275
5.611375
5.640525
5.748600
5.779075
5.790900
5.808250
5.827450
5.868825
5.931725
5.956625
5.971925
5.994750
6.031975
6.101025
6.116175
6.158150
6.173025
6.208225
6.219525
6.235975
6.245150
6.263425
6.280100
6.303275
6.380225
6.410850
6.452775
6.492050
6.555825
6.566675
6.587400
6.608075
6.641900
6.656675
6.692825
6.791250
6.813650
6.837000
6.888900
6.920650
6.944050
6.960775
6.976325
7.012725
7.055075
7.106275
7.145600
7.183675
7.294975
7.318650
7.345800
7.359650
7.378450
7.412600
7.436050
7.471025
7.494375
7.507700
7.528575
7.557375
7.573750
7.611400
7.640150
7.671075
7.689125
7.711800
7.731050
7.755425
7.771300
7.823575
7.885125
7.916925
7.935175
7.949675
7.984775
8.009025
8.024025
8.047625
8.075125
8.154475
8.195925
8.214625
8.229125
8.258650
8.269350
8.284850
8.298675
8.335625
8.353600
8.450450
8.470800
8.487875
8.549325
8.627425
8.664125
8.696625
8.723350
8.737175
8.772950
8.793650
8.831125
8.844850
8.876125
8.889925
8.910775
8.937050
8.960925
8.998400
9.087625
9.104825
9.197725
9.212650
9.236150
9.245450
9.278825
9.373050
9.431800
9.569250
9.580700
9.586650
9.620875
9.637800
9.652700
9.679500
9.692550
9.772425
9.891300
9.946125
9.978725
10.028975
10.083100
10.097025
10.110125
10.123475
10.135100
10.182725
10.211900
10.213500
10.255725
10.271825
10.305700
10.372650
10.403350
10.417100
10.456450
10.487175
10.500725
10.520900
10.574475
10.610850
10.631400
10.688100
10.717325
10.735025
10.768000
10.841425
10.853100
10.866450
10.876025
10.887400
10.908125
10.924775
10.962625
10.978150
10.986275
11.033000
11.051425
11.092800
11.125450
11.190075
11.238575
11.269550
11.277050
11.300025
11.338075
11.364725
11.380150
11.451150
11.474775
11.495725
11.536425
11.551450
11.559800
11.583250
11.617000
11.689775
11.791425
11.809125
11.830525
11.848150
11.871975
11.881450
11.903300
11.917350
11.933150
11.975100
12.087950
12.103525
12.127050
12.139925
12.154050
12.209000
12.221100
12.248400
12.279025
12.362850
12.430600
12.460575
12.464025
12.487675
12.503625
12.512975
12.536450
12.546550
12.578125
12.651100
12.666525
12.688000
12.701100
12.741000
12.772175
12.844975
12.860950
12.899650
12.928175
12.942500
12.974850
12.986900
12.999625
13.016100
13.032925
13.104175
13.142150
13.151475
13.171275
13.190500
13.239875
13.291800
13.326750
13.346425
13.370500
13.406950
13.459800
13.488075
13.509750
13.523450
13.536550
13.549500
13.595950
13.622350
13.654700
13.685025
13.720800
13.741275
13.763325
13.779825
13.796000
13.820000
13.832675
13.856675
13.887925
13.917125
13.984900
14.034875
14.051775
14.152525
14.166950
14.188525
14.249375
14.268575
14.280975
14.314950
14.346100
14.364175
14.377675
14.391375
14.422600
14.447825
14.468125
14.527575
14.572950
14.636800
14.656650
14.698875
14.738075
14.758125
14.770275
14.782225
14.808550
14.911400
14.946600
14.969600
15.014275
15.108175
15.130050
15.141300
15.173900
15.196325
15.209850
15.271150
15.304075
15.309550
15.349625
15.376200
15.469275
15.491575
15.517250
15.615225
15.629650
15.645925
15.656475
15.709125
15.747025
15.768050
15.803325
15.820100
15.840525
15.871375
15.896600
15.992425
16.007425
16.023975
16.059100
16.108250
16.118450
16.211375
16.254775
16.313300
16.354925
16.393750
16.427025
16.452450
16.462000
16.529575
16.554075
16.571425
16.592025
16.606775
16.614375
16.641750
16.660275
16.663450
16.684575
16.702150
16.708025
16.751450
16.776075
16.830800
16.858875
16.869375
16.905075
16.938000
16.987925
17.007125
17.057500
17.073000
17.130475
17.271425
17.301150
17.340550
17.388000
17.406575
17.419100
17.452900
17.475975
17.531975
17.549650
17.564275
17.598900
17.618925
17.652900
17.682425
17.787625
17.841375
17.911450
17.939975
17.956525
18.009250
18.014250
18.038225
18.118125
18.179200
18.222675
18.281400
18.312550
18.332900
18.357600
18.383300
18.389500
18.405225
18.417425
18.470675
18.488550
18.498725
18.544000
18.578475
18.600075
18.700675
18.745325
18.766875
18.779225
18.795000
18.851925
18.886800
18.921400
18.941925
18.974200
19.112400
19.129925
19.164325
19.180225
19.231800
19.250625
19.290600
19.306975
19.329250
19.349025
19.379950
19.426050
19.447800
19.486925
19.546825
19.590725
19.628425
19.637150
19.652475
19.668475
19.694225
19.712150
19.730550
19.749550
19.769500
19.780575
19.798525
19.820600
19.857300
19.898725
19.941950
19.975025
20.018075
20.049100
20.077275
20.106325
20.196375
20.205700
20.255575
20.277325
20.288475
20.347800
20.386400
20.404675
20.442775
20.477800
20.545175
20.561175
20.605475
20.707650
20.815425
20.838250
20.902600
20.984200
21.006475
21.026250
21.042925
21.067500
21.085625
21.113400
21.130575
21.183725
21.256600
21.358250
21.412575
21.421100
21.465100
21.480800
21.496575
21.523825
21.539550
21.585725
21.601575
21.628325
21.642700
21.693650
21.807950
21.847250
21.880850
21.927675
21.963500
22.081275
22.144100
22.213925
22.256825
22.273800
22.375125
22.398725
22.426175
22.446475
22.459900
22.461300
22.472225
22.488700
22.503750
22.516825
22.585325
22.598025
22.609675
22.622750
22.670350
22.701225
22.817000
22.913200
22.949525
22.978750
22.994825
23.090050
23.125025
23.160800
23.270350
23.302125
23.354850
23.374550
23.522300
23.542400
23.580275
23.587750
23.618525
23.660750
23.687150
23.725675
23.770350
23.795675
23.814700
23.893275
23.919325
23.957000
24.015300
24.150225
24.169525
24.190250
24.240350
24.299100
24.313100
24.341375
24.363300
24.529100
24.643475
24.669325
24.678800
24.699250
24.710625
24.730300
24.829125
24.849300
24.865600
24.911250
24.931400
24.966225
24.991275
25.019625
25.043400
25.077175
25.103475
25.111750
25.179900
25.283875
25.315250
25.324375
25.342200
25.360350
25.374150
25.392500
25.426725
25.442725
25.481425
25.521225
25.547000
25.670125
25.679925
25.712200
25.736875
25.751225
25.765250
25.778800
25.796025
25.808675
25.842800
25.876325
25.912425
25.921900
25.982875
26.001750
26.024050
26.042425
26.065825
26.087600
26.109600
26.132425
26.165125
26.212350
26.236725
26.276100
26.326225
26.338700
26.354150
26.370275
26.399050
26.421725
26.427000
26.460825
26.490400
26.511700
26.591050
26.624725
26.632550
26.645000
26.674150
26.698250
26.716650
26.810375
26.952550
27.017250
27.035450
27.072275
27.082800
27.096750
27.126400
27.144675
27.159350
27.168400
27.184875
27.201525
27.224675
27.255325
27.330125
27.360675
27.382500
27.428900
27.457575
27.474975
27.508325
27.544625
27.573850
27.620225
27.657525
27.685625
27.703100
27.758600
27.789550
27.812750
27.835825
27.854100
27.866200
27.936800
27.988600
28.024500
28.047750
28.057200
28.114800
28.129400
28.302375
28.414275
28.427950
28.440975
28.451150
28.467725
28.474750
28.491025
28.530700
28.553325
28.588150
28.639225
28.718300
28.749800
28.791825
28.818500
28.906075
28.927850
28.941475
28.988950
29.014925
29.023250
29.037675
29.053600
29.077575
29.096950
29.177950
29.231950
29.280600
29.376300
29.403750
29.413850
29.436550
29.464975
29.477325
29.557575
29.575175
29.598450
29.633475
29.640100
29.662950
29.767200
29.782250
29.807825
29.823850
29.837975
29.850400
29.926325
29.939775
