0.017600
0.042950
0.059975
0.083550
0.101050
0.121075
0.140100
0.159250
0.173875
0.197225
0.215300
0.229150
0.239400
0.250825
0.262000
0.272375
0.290550
0.308600
0.326625
0.352025
0.371875
0.392575
0.414750
0.428975
0.448300
0.471525
0.476025
0.485425
0.510725
0.531975
0.557650
0.559125
0.578150
0.585100
0.598725
0.610575
0.618850
0.629450
0.636425
0.657425
0.670075
0.685550
0.697400
0.712425
0.735825
0.759075
0.785125
0.807550
0.823975
0.843275
0.865700
0.883000
0.905525
0.929075
0.953100
0.966150
0.980250
0.993025
0.999550
1.009050
1.023475
1.035300
1.047675
1.057100
1.070975
1.091650
1.100475
1.117950
1.128350
1.142075
1.165500
1.179825
1.194000
1.215525
1.231450
1.249125
1.265275
1.287925
1.309375
1.324175
1.349900
1.362600
1.378000
1.387100
1.398125
1.411400
1.419950
1.429475
1.436900
1.447625
1.461600
1.476075
1.486925
1.503975
1.519550
1.535075
1.558275
1.578500
1.599750
1.621325
1.642725
1.670425
1.691800
1.718700
1.727525
1.737425
1.751400
1.762575
1.797225
1.816500
1.826075
1.852400
1.865850
1.902650
1.911900
1.920625
1.936225
1.958875
1.982450
2.001150
2.035550
2.052500
2.087825
2.093075
2.106525
2.119425
2.131200
2.142450
2.155925
2.166325
2.179800
2.192400
2.201325
2.212500
2.227400
2.236425
2.248775
2.259825
2.272800
2.286300
2.304700
2.315650
2.332200
2.350375
2.371775
2.403000
2.422300
2.439925
2.463825
2.490450
2.509850
2.542225
2.567000
2.586650
2.605275
2.615050
2.632125
2.639775
2.651875
2.668725
2.700950
2.710875
2.721200
2.733800
2.744075
2.753875
2.764650
2.774450
2.789775
2.802425
2.812050
2.827700
2.847125
2.862800
2.909100
2.931225
2.954925
2.981950
2.996625
3.028600
3.052225
3.065350
3.082350
3.095000
3.107950
3.120950
3.131850
3.144675
3.157500
3.166675
3.190975
3.206800
3.234000
3.263525
3.284075
3.305000
3.324725
3.340500
3.358775
3.387850
3.404100
3.423125
3.437125
3.448575
3.472900
3.486525
3.495750
3.506175
3.519575
3.529025
3.541250
3.552825
3.568675
3.586675
3.637525
3.659850
3.673700
3.698125
3.714475
3.724675
3.747475
3.767625
3.781575
3.800125
3.812550
3.822950
3.831025
3.839925
3.848575
3.856550
3.865450
3.875625
3.884950
3.893150
3.905900
3.917900
3.937200
3.963600
4.017675
4.033800
4.050450
4.070275
4.086075
4.111025
4.126500
4.143550
4.161100
4.175425
4.189050
4.200125
4.206175
4.212125
4.225550
4.234875
4.248575
4.263025
4.285800
4.302350
4.329000
4.352600
4.376400
4.393025
4.421075
4.441450
4.470025
4.491425
4.508600
4.531050
4.543650
4.565775
4.580025
4.586275
4.607875
4.623450
4.639100
4.649650
4.665200
4.686400
4.709175
4.721350
4.739825
4.759600
4.779600
4.806900
4.831775
4.846400
4.861525
4.887350
4.904550
4.924250
4.950125
4.980950
5.002925
5.018700
5.029875
5.042725
5.054475
5.063875
5.075125
5.086475
5.096950
5.108050
5.116925
5.128675
5.140300
5.154075
5.175125
5.194050
5.206200
5.216975
5.239475
5.247100
5.266450
5.275875
5.284875
5.292450
5.302625
5.313325
5.322625
5.334575
5.347200
5.361575
5.373050
5.393650
5.413975
5.436175
5.451550
5.471425
5.493850
5.536925
5.540000
5.554300
5.560225
5.576425
5.593625
5.604650
5.615625
5.626075
5.635500
5.666375
5.679225
5.701250
5.721900
5.723425
5.735850
5.770450
5.783175
5.797300
5.810475
5.838975
5.848675
5.859750
5.874500
5.886725
5.910875
5.933000
5.959675
5.984875
6.002825
6.026175
6.040850
6.064075
6.103200
6.118150
6.133650
6.144475
6.158850
6.166050
6.178025
6.188075
6.201475
6.213375
6.229850
6.245950
6.272600
6.309750
6.335625
6.353350
6.368325
6.390175
6.414100
6.430675
6.458975
6.482025
6.501050
6.515650
6.535575
6.553175
6.560925
6.569975
6.580575
6.590750
6.606075
6.620750
6.637850
6.645850
6.669850
6.678550
6.695525
6.708500
6.716200
6.729425
6.748450
6.759125
6.772050
6.785850
6.799125
6.813100
6.857600
6.871950
6.892275
6.918550
6.938100
6.962650
6.982050
7.009325
7.020950
7.038150
7.060525
7.077625
7.105225
7.123025
7.153150
7.170300
7.190025
7.209325
7.233775
7.264325
7.285225
7.299200
7.319450
7.342175
7.354250
7.361025
7.375125
7.390275
7.409025
7.429275
7.439900
7.458075
7.481825
7.502550
7.525150
7.544650
7.573650
7.597300
7.610650
7.632800
7.661300
7.679350
7.695275
7.714150
7.735700
7.753800
7.777200
7.796050
7.807100
7.848275
7.866850
7.888700
7.904650
7.929350
7.950425
7.967300
7.986075
8.011625
8.030675
8.048625
8.071500
8.092950
8.119900
8.130150
8.146675
8.157750
8.174475
8.187300
8.208275
8.232950
8.260800
8.283900
8.300450
8.333525
8.352250
8.372550
8.397275
8.412325
8.427650
8.443925
8.455475
8.465000
8.490125
8.500875
8.515600
8.524675
8.564250
8.584400
8.618450
8.630900
8.642475
8.657975
8.669300
8.683750
8.706525
8.718450
8.738775
8.749450
8.781400
8.799575
8.832000
8.843700
8.873425
8.893725
8.910375
8.939475
8.951525
8.975300
8.993150
9.010025
9.021550
9.038450
9.044325
9.056100
9.062675
9.070800
9.079575
9.088425
9.099400
9.107675
9.122475
9.135725
9.152175
9.168825
9.190900
9.210725
9.238975
9.257875
9.275450
9.302325
9.323625
9.339700
9.347050
9.356300
9.379175
9.392675
9.404475
9.416025
9.428775
9.437375
9.448700
9.461725
9.481850
9.495175
9.514750
9.526600
9.543800
9.565275
9.574000
9.606550
9.618200
9.638025
9.656825
9.673000
9.688925
9.703825
9.742050
9.753875
9.779700
9.800650
9.818500
9.840625
9.862400
9.875500
9.895175
9.909900
9.925575
9.935500
9.947850
9.964100
9.976925
10.002825
10.013425
10.022700
10.033400
10.035750
10.048325
10.057575
10.067000
10.082675
10.095800
10.105825
10.130025
10.145175
10.156050
10.168500
10.190500
10.240500
10.256825
10.281875
10.299225
10.323450
10.345275
10.372200
10.393850
10.404225
10.422075
10.436675
10.457700
10.472225
10.486400
10.495150
10.521425
10.537050
10.552175
10.561675
10.571125
10.585400
10.598125
10.607450
10.621600
10.634175
10.646400
10.658925
10.667575
10.682500
10.708325
10.729150
10.749725
10.765050
10.790375
10.836325
10.857225
10.881550
10.901700
10.912150
10.926225
10.939625
10.958975
10.976275
10.996225
11.022850
11.044075
11.063900
11.080175
11.098850
11.122450
11.137900
11.156475
11.173875
11.195400
11.218975
11.258425
11.280925
11.334350
11.362975
11.386175
11.407425
11.431375
11.444100
11.466475
11.484825
11.498325
11.512175
11.538750
11.558125
11.580450
11.593275
11.611625
11.619125
11.627850
11.637075
11.648050
11.657500
11.667225
11.681925
11.692500
11.707125
11.730650
11.755075
11.779200
11.796000
11.812325
11.836850
11.851200
11.863100
11.877400
11.891600
11.907050
11.927925
11.953550
11.974125
12.004150
12.020825
12.036575
12.065000
12.082725
12.102975
12.137625
12.158850
12.177100
12.201850
12.225075
12.241300
12.257000
12.267275
12.302975
12.320350
12.340800
12.362375
12.380750
12.400050
12.416450
12.434675
12.454925
12.474750
12.497900
12.512300
12.525325
12.549275
12.576975
12.593525
12.613925
12.640100
12.662400
12.674825
12.700525
12.723400
12.738125
12.745775
12.759050
12.772075
12.785550
12.795475
12.852375
12.878200
12.899300
12.919450
12.946625
12.969725
12.988775
13.015275
13.043725
13.059350
13.068000
13.079400
13.084775
13.121075
13.133075
13.146825
13.161850
13.178650
13.203200
13.228200
13.244125
13.261250
13.297400
13.331000
13.344925
13.366825
13.396725
13.403850
13.423225
13.448550
13.461900
13.487225
13.503500
13.515875
13.522150
13.532275
13.542800
13.556275
13.565750
13.580850
13.597375
13.609925
13.625725
13.638550
13.669150
13.701350
13.756125
13.772825
13.784275
13.793100
13.806000
13.815675
13.825275
13.840325
13.850075
13.863825
13.870600
13.883525
13.897575
13.905350
13.913125
13.923875
13.930500
13.941625
13.952825
13.965325
13.993375
14.003650
14.017050
14.029200
14.038600
14.050800
14.063825
14.078050
14.087575
14.105675
14.114350
14.135725
14.154300
14.172500
14.186525
14.223675
14.234125
14.245125
14.255325
14.270025
14.285625
14.310900
14.320450
14.342275
14.358375
14.385600
14.393550
14.421475
14.438550
14.455300
14.487800
14.505600
14.516550
14.528000
14.537700
14.547600
14.559725
14.568125
14.579900
14.587975
14.598275
14.609025
14.618050
14.627075
14.644225
14.658775
14.673025
14.690600
14.707100
14.734750
14.756000
14.762225
14.769075
14.776075
14.780800
14.829475
14.854350
14.864975
14.873700
14.887850
14.900875
14.929050
14.939100
14.950625
14.974325
14.997125
15.006125
15.023475
15.038975
15.061225
15.079325
15.101075
15.120825
15.140725
15.148375
15.162925
15.173475
15.187250
15.197750
15.207825
15.216950
15.227925
15.244450
15.255525
15.269025
15.287750
15.302675
15.324250
15.340825
15.359825
15.367425
15.388100
15.402925
15.415100
15.427750
15.448325
15.461400
15.471900
15.489925
15.503275
15.517075
15.541750
15.553800
15.575725
15.584075
15.600150
15.608575
15.623425
15.634625
15.644950
15.656650
15.666050
15.675875
15.692375
15.710075
15.729450
15.739975
15.786775
15.792900
15.804225
15.821600
15.842600
15.857650
15.877525
15.893300
15.909825
15.931550
15.951900
15.983450
16.017875
16.034000
16.044675
16.054150
16.064025
16.073050
16.085050
16.100450
16.115700
16.133600
16.142175
16.157300
16.177750
16.197425
16.229050
16.241050
16.267700
16.274075
16.291000
16.308750
16.324650
16.342400
16.356225
16.372475
16.386525
16.401200
16.415050
16.430125
16.442475
16.458025
16.473800
16.488450
16.503475
16.517925
16.528400
16.538325
16.548225
16.558850
16.569150
16.583000
16.593100
16.604350
16.614850
16.623225
16.634575
16.643600
16.651975
16.663525
16.672950
16.685275
16.696825
16.706450
16.718775
16.731550
16.740475
16.756850
16.769750
16.788725
16.810400
16.830125
16.866100
16.880525
16.898900
16.917850
16.952375
16.971025
17.055300
17.060775
17.069700
17.080500
17.090900
17.106325
17.116975
17.128800
17.146925
17.165450
17.178625
17.196500
17.216550
17.229925
17.247700
17.269625
17.293775
17.308550
17.321900
17.333450
17.339975
17.349300
17.356600
17.365625
17.375500
17.381975
17.389700
17.396225
17.402675
17.410000
17.423100
17.433100
17.442775
17.454825
17.468725
17.487875
17.512450
17.530975
17.550575
17.573150
17.591125
17.614175
17.638550
17.651550
17.669175
17.686300
17.697600
17.710350
17.727550
17.736200
17.747600
17.755725
17.769000
17.780300
17.792450
17.804200
17.815350
17.826300
17.836700
17.850575
17.888850
17.918450
17.942375
17.953900
17.980825
17.992075
18.015050
18.039325
18.055100
18.081975
18.107875
18.123925
18.134125
18.149425
18.158200
18.168500
18.180775
18.194100
18.218725
18.230500
18.243625
18.253850
18.262850
18.272750
18.286000
18.296175
18.310650
18.329650
18.345225
18.361425
18.392300
18.418250
18.443750
18.467425
18.484625
18.510300
18.534650
18.563375
18.589325
18.601775
18.635225
18.658875
18.671350
18.685550
18.695050
18.707375
18.718000
18.728725
18.741825
18.750825
18.764575
18.777725
18.790050
18.827600
18.851425
18.869025
18.896075
18.920125
18.935150
18.959275
18.978250
18.994300
19.003300
19.017200
19.029300
19.043100
19.057075
19.072225
19.086475
19.096475
19.112725
19.131725
19.142900
19.154475
19.163100
19.176425
19.191800
19.207600
19.232425
19.250550
19.268150
19.287450
19.309750
19.336300
19.359525
19.384050
19.402300
19.427750
19.444150
19.459150
19.475200
19.485850
19.511950
19.537125
19.560550
19.570850
19.587450
19.599925
19.609875
19.627200
19.636825
19.651025
19.662800
19.672000
19.685450
19.699500
19.710500
19.724450
19.738975
19.751800
19.776925
19.794525
19.819600
19.845725
19.867475
19.889400
19.919000
19.938125
19.969175
19.979000
19.996025
20.008200
20.020300
20.040050
20.054325
20.069900
20.071075
20.089200
20.113475
20.124925
20.139725
20.152375
20.160425
20.172825
20.186975
20.201350
20.212475
20.226275
20.244175
20.261925
20.296375
20.326875
20.344450
20.365100
20.384575
20.401050
20.412075
20.423050
20.461275
20.484475
20.494500
20.507325
20.520025
20.532150
20.544950
20.573300
20.589475
20.602375
20.616075
20.636700
20.649100
20.671600
20.699475
20.724275
20.755150
20.789150
20.811050
20.842100
20.853200
20.881525
20.891500
20.912375
20.931375
20.940875
20.952750
20.965075
20.977375
20.988475
21.002775
21.012875
21.024825
21.034825
21.049225
21.062225
21.071150
21.086500
21.105925
21.126550
21.157200
21.173350
21.202825
21.228025
21.255525
21.287725
21.308175
21.322450
21.331550
21.341300
21.352575
21.366800
21.378450
21.393425
21.405625
21.416650
21.426125
21.443425
21.455075
21.468950
21.479750
21.502100
21.529525
21.548850
21.582050
21.603575
21.623975
21.645625
21.658100
21.669975
21.703700
21.733725
21.753075
21.769900
21.799150
21.824450
21.843750
21.864875
21.887175
21.937325
21.952525
21.967525
21.988350
21.996500
22.015600
22.027950
22.038650
22.050325
22.065650
22.077650
22.126600
22.143400
22.171750
22.201075
22.233650
22.255025
22.280975
22.304850
22.317375
22.333550
22.345250
22.355750
22.382900
22.396750
22.411825
22.424150
22.439600
22.452525
22.484200
22.607225
22.630175
22.697425
22.708700
22.730300
22.753700
22.780375
22.799075
22.814975
22.830150
22.840400
23.149350
23.162300
23.178125
23.192300
23.206925
23.243075
23.260750
23.280075
23.308050
23.328350
23.347775
23.369475
23.402175
23.416300
23.428350
23.443525
23.461750
23.480750
23.493200
23.520700
23.530275
23.545625
23.555125
23.568975
23.584075
23.592425
23.604250
23.613550
23.635550
23.648225
23.657425
23.673450
23.686750
23.693825
23.708375
23.730475
23.745375
23.778875
23.801575
23.820750
23.842875
23.865625
23.889175
23.904600
23.928850
23.946250
23.963975
23.994225
24.000825
24.009375
24.019000
24.025600
24.037275
24.047575
24.057375
24.074575
24.090475
24.123825
24.141850
24.163300
24.177950
24.203175
24.234600
24.255725
24.261275
24.267400
24.279275
24.293400
24.304800
24.318600
24.336050
24.355100
24.369700
24.397025
24.411275
24.432050
24.456125
24.472200
24.486825
24.536500
24.544850
24.556525
24.565250
24.578050
24.589775
24.596625
24.639775
24.665550
24.717325
24.741125
24.763575
24.800650
24.811250
24.823625
24.838700
24.863175
24.879325
24.892775
24.916525
24.936725
24.960950
24.975050
24.994725
25.007125
25.020050
25.040075
25.046625
25.073625
25.097375
25.116850
25.136200
25.156725
25.171475
25.190225
25.202550
25.211775
25.222750
25.238000
25.251775
25.261400
25.273950
25.284225
25.296700
25.308800
25.320600
25.333650
25.348700
25.365075
25.391625
25.401675
25.432175
25.447075
25.461275
25.477275
25.484350
25.505375
25.519625
25.528475
25.538925
25.552200
25.568425
25.583525
25.595550
25.610150
25.621400
25.632400
25.642050
25.654075
25.662800
25.673200
25.711200
25.722725
25.753550
25.773225
25.796950
25.813650
25.836400
25.863675
25.881075
25.896925
25.907000
25.913225
25.929975
25.953550
25.976475
25.988025
26.007775
26.027350
26.037800
26.054475
26.067725
26.083900
26.103550
26.118550
26.140500
26.156625
26.176800
26.188125
26.199375
26.211475
26.222100
26.238275
26.251650
26.267325
26.277600
26.290925
26.303150
26.317450
26.329150
26.339975
26.351475
26.361950
26.409225
26.428025
26.455825
26.471800
26.491850
26.498900
26.524100
26.539150
26.549325
26.572375
26.583650
26.594850
26.603025
26.613975
26.625900
26.638925
26.652550
26.665700
26.676850
26.698575
26.720350
26.735750
26.752400
26.773325
26.787350
26.802275
26.823175
26.833400
26.848425
26.854575
26.873625
26.892150
26.902750
26.923575
26.932550
26.944750
26.950475
26.962100
26.976400
26.992100
27.009925
27.032125
27.046500
27.060025
27.082625
27.097800
27.122525
27.152625
27.167550
27.207650
27.224050
27.238175
27.251550
27.271200
27.294625
27.315625
27.329250
27.346575
27.368325
27.385075
27.400825
27.421350
27.432750
27.441125
27.451725
27.459175
27.466600
27.480550
27.490450
27.527700
27.548225
27.557150
27.568650
27.591500
27.715150
27.723675
27.757725
27.771075
27.794100
27.812275
27.837000
27.853825
27.885725
27.905200
27.915975
27.938225
27.969775
27.976775
28.000625
28.018275
28.027800
28.039075
28.058700
28.078350
28.091700
28.111700
28.122125
28.132000
28.142500
28.152775
28.168625
28.182175
28.195525
28.209100
28.219650
28.227425
28.244575
28.262400
28.275625
28.286875
28.299975
28.308675
28.315325
28.325050
28.336450
28.355025
28.377500
28.396150
28.412125
28.427450
28.448875
28.458500
28.471075
28.478850
28.485850
28.495950
28.506625
28.517175
28.526525
28.536550
28.547775
28.556275
28.565600
28.587350
28.599425
28.616125
28.623975
28.638175
28.649050
28.661450
28.671050
28.689175
28.705125
28.717450
28.724250
28.735800
28.757675
28.783750
28.798375
28.802925
28.814075
28.825325
28.836975
28.848675
28.855400
28.884225
28.891200
28.918250
28.928475
28.963275
28.988300
28.998525
29.012950
29.026675
29.043650
29.058250
29.084650
29.100750
29.118100
29.133575
29.151200
29.165550
29.177800
29.197275
29.211175
29.229500
29.242000
29.265100
29.285025
29.293700
29.330900
29.343475
29.366200
29.383425
29.413275
29.422950
29.434325
29.450275
29.470825
29.489225
29.504325
29.513250
29.529025
29.540650
29.558275
29.568725
29.594100
29.610850
29.636875
29.666650
29.683000
29.697025
29.710925
29.736050
29.742350
29.754750
29.769000
29.782200
29.797225
29.810325
29.817625
29.825525
