0.029025
0.123725
0.133625
0.199325
0.324325
0.627025
0.684450
0.762550
0.779550
1.020750
1.028675
1.050800
1.123000
1.133750
1.182575
1.334850
1.363100
1.767575
1.769875
1.956450
2.170950
2.186275
2.331175
2.372125
2.568700
2.627900
2.678625
2.734950
2.782300
2.817600
3.284650
3.398800
3.744650
3.966675
4.046050
4.081475
4.083550
4.147300
4.222875
4.318425
4.451750
4.455275
4.472775
4.492600
4.668625
4.691900
4.782150
4.891275
5.003050
5.050475
5.159350
5.185900
5.434225
5.467225
5.506450
5.568150
5.682525
5.686575
5.744875
5.754500
5.772425
5.864850
5.954600
5.980825
6.165825
6.189375
6.209575
6.316200
6.451550
6.716850
6.726225
6.775050
6.782625
6.893950
6.906600
7.085650
7.140975
7.148425
7.162650
7.194400
7.202925
7.223600
7.225725
7.266175
7.337300
7.346475
7.374850
7.435850
7.449550
7.506300
7.517575
7.532875
7.601700
7.673200
7.705900
7.826425
7.871425
7.889250
7.926175
7.944400
7.965650
7.986300
8.018600
8.063900
8.127825
8.216800
8.450600
8.474175
8.540850
8.558450
8.579575
8.661600
8.747425
9.017100
9.108700
9.222325
9.260525
9.439150
10.051525
10.107400
10.126575
10.154500
10.179200
10.236750
10.295175
10.496200
10.709500
10.729925
10.859925
10.907550
10.930775
10.946350
10.975650
11.146400
11.254625
11.371925
11.387850
11.441675
11.465800
11.492200
11.538950
11.566050
11.614950
11.928550
11.946875
11.975100
12.230125
12.298675
12.667325
12.709825
12.854450
13.058800
13.085700
13.093975
13.323950
13.335450
13.732575
13.831150
13.847775
14.037850
14.064400
14.085100
14.189725
14.199050
14.522300
14.716250
14.938050
15.005350
15.362125
15.423950
15.560775
15.588675
15.592725
15.895750
16.056225
16.104825
16.274125
16.310550
16.335000
16.405075
16.468875
16.583875
16.695600
16.976725
17.046075
17.121100
17.137900
17.221900
17.374875
17.402775
17.599425
17.629375
17.681800
17.892825
18.075400
18.467250
18.534775
18.591600
18.699075
18.758675
18.807400
18.817350
19.017700
19.054550
19.185675
19.331950
19.359175
19.446925
19.539575
19.673150
19.701575
19.717225
19.751475
19.774150
19.779950
19.844550
19.872550
19.883150
19.947800
20.143925
20.158800
20.183625
20.329425
20.501575
20.631050
20.734875
20.937900
20.950625
21.201025
21.232575
21.249925
21.281125
21.292300
21.330600
21.491950
21.505100
21.790300
21.793975
21.930925
21.972825
22.024300
22.089100
22.158075
22.215450
22.347750
22.417625
22.551375
22.620800
22.667025
22.840175
22.902800
23.034925
23.184000
23.281275
23.282925
23.560025
23.866950
23.938700
23.989300
24.090800
24.114725
24.120225
24.166300
24.197275
24.282225
24.346175
24.435850
24.445050
24.463500
24.864400
24.890375
24.924725
24.994350
24.995375
25.078650
25.395950
25.423850
25.464000
25.614100
25.811075
25.996650
26.154250
26.205775
26.253525
26.501125
26.910250
26.918700
26.943400
27.009050
27.105075
27.399475
27.432500
27.528125
27.559075
27.577525
27.613075
27.615350
27.632325
27.670825
27.682550
27.710150
28.271525
28.316600
28.380400
28.512275
28.563825
28.924000
28.954150
29.016125
29.020700
29.073100
29.584400
29.934500
