0.004775
0.016600
0.034675
0.048375
0.081525
0.109075
0.133650
0.148450
0.161725
0.178425
0.201600
0.215225
0.235600
0.245300
0.263650
0.282550
0.302475
0.312100
0.319700
0.327575
0.336800
0.343725
0.358750
0.369225
0.391900
0.407075
0.428450
0.444525
0.466175
0.482700
0.491025
0.513950
0.542675
0.561675
0.593125
0.596100
0.601800
0.608075
0.615050
0.628925
0.642275
0.652575
0.683075
0.698525
0.707175
0.716950
0.730125
0.757450
0.767800
0.783075
0.806500
0.843275
0.862800
0.885950
0.916375
0.936350
0.949625
0.962750
0.984050
0.997875
1.009975
1.023450
1.036000
1.049400
1.058075
1.072825
1.088225
1.123075
1.134225
1.166825
1.181650
1.200375
1.213775
1.236475
1.264700
1.283400
1.325625
1.336450
1.368375
1.393550
1.420025
1.431450
1.452425
1.461725
1.472200
1.488575
1.494175
1.499450
1.514500
1.521050
1.528050
1.555250
1.582925
1.596775
1.617850
1.647275
1.671575
1.688075
1.709000
1.720900
1.740825
1.757300
1.772425
1.781850
1.801975
1.821275
1.860675
1.868400
1.880375
1.890050
1.894150
1.897775
1.905625
1.913750
1.926725
1.940625
1.970325
1.985300
2.003500
2.053725
2.072375
2.090900
2.104200
2.129000
2.157925
2.173750
2.188525
2.195625
2.202850
2.214100
2.222725
2.237225
2.252725
2.294725
2.316700
2.328750
2.352875
2.369775
2.384300
2.422600
2.434700
2.439950
2.444875
2.447675
2.451825
2.462625
2.466775
2.469350
2.477300
2.490750
2.500575
2.520425
2.530625
2.550975
2.565000
2.583375
2.595950
2.605025
2.616225
2.624675
2.631850
2.646400
2.662600
2.683425
2.705675
2.728450
2.769000
2.790525
2.809050
2.852100
2.882600
2.908875
2.950700
3.014575
3.031725
3.063025
3.077150
3.095025
3.117750
3.131750
3.145675
3.156000
3.170925
3.190800
3.205650
3.229400
3.257825
3.299000
3.326375
3.388000
3.411300
3.449675
3.494150
3.516125
3.546800
3.573925
3.590400
3.623550
3.694200
3.744625
3.764575
3.815850
3.850900
3.873775
3.905450
3.961525
3.983725
4.013375
4.031300
4.043600
4.063500
4.090550
4.105975
4.148800
4.176950
4.207625
4.219825
4.235225
4.246725
4.256525
4.268300
4.282625
4.303575
4.319450
4.349475
4.402900
4.444650
4.485525
4.521825
4.549425
4.573875
4.593425
4.615075
4.644375
4.663575
4.699150
4.793750
4.831725
4.877800
4.901300
4.923500
4.979725
5.000600
5.027475
5.055725
5.086750
5.111775
5.127025
5.161025
5.206100
5.227000
5.247100
5.274700
5.287325
5.312075
5.341200
5.358125
5.376425
5.388975
5.391800
5.399025
5.413625
5.461050
5.489550
5.526825
5.576100
5.607700
5.662625
5.729100
5.754250
5.780950
5.804200
5.822075
5.844550
5.870050
5.908325
5.926775
5.967475
5.986650
6.004600
6.013200
6.040975
6.057500
6.075000
6.091550
6.126750
6.137250
6.175400
6.198275
6.213475
6.260275
6.274250
6.288925
6.322450
6.383025
6.394300
6.443650
6.462150
6.484750
6.533550
6.558025
6.592075
6.617600
6.626850
6.654875
6.663575
6.688950
6.729050
6.743700
6.754425
6.785375
6.797900
6.819950
6.868575
6.888075
6.924125
6.950525
7.002375
7.033275
7.057225
7.079550
7.101300
7.114425
7.123250
7.134800
7.148150
7.176700
7.196000
7.224375
7.235450
7.245325
7.267000
7.280950
7.302175
7.348875
7.391000
7.404550
7.424575
7.445275
7.472000
7.518925
7.542800
7.560575
7.575000
7.620725
7.658775
7.693300
7.723625
7.733475
7.744875
7.764050
7.776900
7.786975
7.799700
7.812300
7.822600
7.837550
7.853450
7.879350
7.893250
7.913025
7.939075
7.968350
7.992425
8.021225
8.046425
8.083475
8.105375
8.195675
8.226100
8.243925
8.257425
8.271575
8.280375
8.292275
8.325000
8.363325
8.391075
8.404875
8.415425
8.423750
8.453775
8.481700
8.509875
8.527625
8.553875
8.599425
8.648125
8.700700
8.725500
8.745475
8.834150
8.867950
8.880050
8.893575
8.903700
8.915375
8.925825
8.961125
8.987075
9.005025
9.020675
9.028475
9.056150
9.071325
9.086550
9.128075
9.152475
9.202625
9.214925
9.230400
9.246400
9.257075
9.260425
9.263250
9.268925
9.280400
9.284300
9.312925
9.326175
9.335100
9.350800
9.365325
9.434250
9.447650
9.467950
9.483250
9.504625
9.539100
9.554900
9.575750
9.613550
9.633175
9.681100
9.691325
9.702250
9.709075
9.715725
9.726175
9.737725
9.747100
9.761875
9.774125
9.789150
9.817525
9.846150
9.857700
9.881500
9.893050
9.902400
9.916450
9.933775
9.942625
9.956200
9.970775
9.999175
10.012300
10.024350
10.039200
10.050250
10.090000
10.104175
10.116525
10.141425
10.152600
10.173200
10.190800
10.212650
10.229425
10.256900
10.282550
10.292000
10.303975
10.312375
10.319000
10.339725
10.351425
10.365650
10.406250
10.429200
10.440775
10.486075
10.507425
10.520925
10.538950
10.555300
10.574475
10.589275
10.618525
10.635850
10.658425
10.676625
10.722325
10.748475
10.801225
10.838225
10.874025
10.916100
10.937675
10.950625
10.968475
10.993650
11.014600
11.025700
11.036200
11.068925
11.080125
11.089700
11.120900
11.134625
11.176375
11.191525
11.209275
11.227450
11.271700
11.299450
11.326300
11.345975
11.379975
11.422675
11.455300
11.479500
11.553500
11.598150
11.616900
11.654000
11.672975
11.704350
11.722900
11.765000
11.784150
11.844525
11.859875
11.915150
12.039600
12.113750
12.137250
12.160975
12.247575
12.283750
12.302475
12.321100
12.331775
12.368050
12.420850
12.446550
12.459125
12.488525
12.508625
12.549525
12.570800
12.601375
12.619325
12.655050
12.676925
12.701675
12.743200
12.784625
12.828825
12.903950
12.937625
13.137650
13.193300
13.204975
13.222200
13.241475
13.256025
13.272975
13.287600
13.303475
13.344575
13.367225
13.391875
13.417725
13.433550
13.471075
13.488650
13.516350
13.596025
13.613925
13.639300
13.679200
13.697000
13.716275
13.725650
13.744900
13.764425
13.826350
13.845850
13.875475
13.937675
13.964050
14.003350
14.025075
14.097325
14.126400
14.170050
14.196325
14.223425
14.256750
14.313375
14.334350
14.365500
14.381825
14.392725
14.410200
14.423150
14.474200
14.490725
14.513250
14.528275
14.562925
14.590475
14.627450
14.715750
14.741850
14.769075
14.782625
14.830125
14.858725
14.872775
14.914550
14.944850
14.982775
15.007350
15.040700
15.072575
15.102800
15.136000
15.175225
15.188500
15.215975
15.239300
15.250325
15.271475
15.283500
15.300525
15.314575
15.336650
15.415125
15.445775
15.460550
15.481125
15.525650
15.555400
15.610250
15.646500
15.656000
15.676800
15.737025
15.768825
15.795475
15.806375
15.814875
15.829450
15.853925
15.877225
15.903700
15.936350
15.948925
15.962525
16.011675
16.054950
16.088175
16.109325
16.136675
16.175475
16.195050
16.215975
16.238275
16.256375
16.270425
16.272325
16.299150
16.315125
16.329775
16.379050
16.396225
16.419025
16.469800
16.505700
16.531025
16.552650
16.622900
16.635650
16.674950
16.699625
16.716575
16.737975
16.752150
16.766100
16.798075
16.825050
16.862100
16.873100
16.885725
16.899250
16.910900
16.923625
16.936425
16.961100
16.979750
16.991950
17.014100
17.023100
17.052875
17.067075
17.082025
17.101975
17.108375
17.198675
17.235650
17.279525
17.309875
17.329750
17.350800
17.361225
17.372275
17.385775
17.408500
17.423300
17.474375
17.490500
17.505500
17.518100
17.537075
17.568825
17.587750
17.608000
17.628200
17.638250
17.649225
17.675500
17.709100
17.723700
17.764075
17.782125
17.804875
17.854675
17.870075
17.884075
17.920725
17.932925
17.944950
17.964700
18.001750
18.025350
18.057250
18.077075
18.087675
18.092025
18.107625
18.116050
18.137150
18.144300
18.156225
18.170700
18.189575
18.219050
18.233575
18.247900
18.256125
18.272975
18.285225
18.297850
18.310300
18.319225
18.327300
18.331725
18.342025
18.346775
18.362725
18.378375
18.391300
18.418700
18.455725
18.475675
18.497650
18.514875
18.535275
18.551075
18.577725
18.594750
18.605450
18.625375
18.650500
18.664125
18.678250
18.688825
18.706000
18.740850
18.753200
18.770100
18.780500
18.806225
18.824725
18.852800
18.878050
18.908175
18.921650
18.938625
18.951375
18.967800
19.002075
19.037400
19.044900
19.052150
19.056775
19.062850
19.068800
19.077725
19.089300
19.165850
19.182875
19.197150
19.216125
19.261050
19.286950
19.311550
19.336325
19.373050
19.385725
19.404000
19.417400
19.430500
19.439000
19.447900
19.467025
19.480650
19.491600
19.506400
19.517000
19.537900
19.561900
19.579300
19.614375
19.656700
19.681225
19.688575
19.698350
19.724125
19.765375
19.784150
19.804150
19.817125
19.831950
19.848075
19.869025
19.897750
19.928600
19.947775
19.974950
20.005200
20.029550
20.058150
20.074750
20.091650
20.109675
20.127750
20.149475
20.163825
20.184100
20.202925
20.214875
20.229775
20.254400
20.274675
20.352600
20.406250
20.427325
20.485925
20.506550
20.530700
20.552425
20.575475
20.616550
20.693775
20.730225
20.757650
20.818900
20.836100
20.850025
20.872800
20.885250
20.907075
20.926700
20.955925
20.980875
21.002850
21.019100
21.086550
21.107725
21.134875
21.160000
21.219325
21.239700
21.260750
21.330100
21.351600
21.395800
21.412000
21.505650
21.529275
21.548075
21.578450
21.616450
21.638275
21.648075
21.665900
21.674825
21.685175
21.695925
21.749850
21.773800
21.793100
21.846375
21.860025
21.876025
21.904950
21.923800
21.939550
21.953350
22.000275
22.032750
22.055125
22.089925
22.112500
22.136400
22.158625
22.210250
22.235525
22.253675
22.280175
22.302100
22.325175
22.362500
22.379850
22.397575
22.414350
22.431375
22.459175
22.479850
22.529600
22.556600
22.596275
22.628350
22.682500
22.699175
22.743275
22.762275
22.804525
22.828650
22.840450
22.887500
22.900475
22.921575
22.938300
22.966975
22.995525
23.024075
23.044525
23.067900
23.095175
23.119275
23.141275
23.162100
23.177200
23.212800
23.236600
23.257800
23.278225
23.300350
23.318200
23.330025
23.341075
23.370100
23.382200
23.396150
23.410125
23.426375
23.439575
23.458875
23.478175
23.490025
23.506425
23.538525
23.561925
23.607325
23.627100
23.649675
23.685550
23.711425
23.727350
23.749400
23.767100
23.788525
23.824075
23.880575
23.902375
23.946225
23.978600
24.004250
24.023500
24.050875
24.076400
24.092625
24.112800
24.185400
24.232100
24.251325
24.285450
24.325575
24.355125
24.373875
24.391600
24.447875
24.461025
24.471725
24.487075
24.500925
24.518850
24.532200
24.545700
24.611025
24.628475
24.643825
24.674100
24.699775
24.724625
24.776525
24.795075
24.828850
24.852475
24.866925
24.887450
24.908350
24.973375
24.997725
25.020400
25.076050
25.100425
25.169625
25.186675
25.197725
25.226950
25.269875
25.292175
25.309775
25.327075
25.340850
25.350800
25.361000
25.386600
25.401075
25.410700
25.438200
25.458650
25.470425
25.483625
25.538425
25.554650
25.585725
25.666900
25.689625
25.702275
25.709825
25.744100
25.757300
25.805875
25.816650
25.830750
25.871125
25.887750
25.907850
25.930950
25.949250
25.967425
25.977600
25.996200
25.999775
26.005525
26.010075
26.016875
26.023750
26.029900
26.036625
26.044650
26.057475
26.088825
26.099375
26.149625
26.162550
26.172975
26.185500
26.197275
26.213775
26.226375
26.235650
26.248675
26.255275
26.276825
26.295200
26.372700
26.392275
26.399775
26.413800
26.451425
26.464450
26.478550
26.508825
26.528275
26.557150
26.569000
26.575575
26.584075
26.602125
26.610925
26.626875
26.636875
26.649900
26.663450
26.678675
26.706000
26.726575
26.738650
26.762725
26.792475
26.809025
26.832250
26.848450
26.910775
26.944525
26.966175
26.985900
27.022275
27.042050
27.073225
27.091100
27.120675
27.145925
27.188150
27.201700
27.235325
27.250200
27.266850
27.280225
27.298000
27.315025
27.349100
27.426450
27.442475
27.459550
27.487775
27.495675
27.505825
27.510275
27.518025
27.525775
27.531175
27.537950
27.550625
27.584425
27.618450
27.671200
27.686700
27.704425
27.734050
27.792925
27.816325
27.887775
27.914900
27.947025
28.004650
28.042300
28.067350
28.090375
28.109300
28.137850
28.162100
28.175450
28.184400
28.202325
28.207225
28.222275
28.239100
28.249825
28.263075
28.277000
28.287825
28.301775
28.312150
28.322250
28.334625
28.346400
28.365850
28.385325
28.418850
28.444150
28.459475
28.484375
28.521775
28.554000
28.582300
28.599725
28.605475
28.656050
28.694500
28.716800
28.734650
28.744825
28.763625
28.777700
28.784850
28.830475
28.846225
28.862275
28.901700
28.928850
28.957275
29.027450
29.048050
29.090275
29.127275
29.172975
29.211650
29.249575
29.280925
29.303750
29.316650
29.327050
29.339050
29.384000
29.405575
29.423175
29.442625
29.495000
29.527975
29.548175
29.577600
29.600100
29.633450
29.672750
29.709800
29.722425
29.743000
29.758675
29.770975
29.782825
29.799450
29.838375
29.851575
29.901525
29.927825
29.988075
