0.044225
0.059050
0.166950
0.177575
0.210825
0.225500
0.259500
0.314150
0.389175
0.502700
0.604025
0.679375
0.684425
0.691600
0.702100
0.772625
0.788675
0.838075
0.955350
1.104925
1.235625
1.262575
1.295300
1.312200
1.315450
1.323575
1.330925
1.345075
1.405650
1.411925
1.478125
1.575675
1.588050
1.610275
1.646425
1.654725
1.666775
1.672675
1.698225
1.721000
1.806125
1.927350
1.948200
1.964550
2.030600
2.057225
2.103500
2.196900
2.212775
2.238875
2.290100
2.321475
2.328250
2.331250
2.341475
2.345900
2.454550
2.481100
2.493225
2.506050
2.526625
2.547650
2.554125
2.599100
2.645825
2.706925
2.729800
2.744475
2.755925
2.764925
2.862350
2.886775
2.912100
2.949450
2.988025
3.063025
3.073325
3.143850
3.161450
3.219400
3.296650
3.426450
3.459850
3.524350
3.578850
3.603300
3.650100
3.814525
3.862775
3.914950
3.956550
4.063575
4.072025
4.123750
4.159200
4.164950
4.168650
4.228250
4.270275
4.273800
4.354825
4.367050
4.380650
4.405125
4.459725
4.495225
4.503950
4.550200
4.560325
4.595650
4.806450
4.816350
4.841275
4.881750
4.932450
4.943050
4.987700
5.067875
5.081425
5.092550
5.181725
5.191425
5.200625
5.209075
5.221875
5.230775
5.247400
5.252450
5.268525
5.277125
5.328875
5.353450
5.446550
5.562950
5.601250
5.616475
5.741600
5.763800
5.818075
5.824900
5.858400
5.860850
5.873650
6.016100
6.065475
6.124075
6.136450
6.193275
6.279125
6.337775
6.364950
6.380475
6.393050
6.451500
6.462875
6.477550
6.507150
6.548650
6.569975
6.583200
6.622250
6.633350
6.654200
6.662775
6.675075
6.699175
6.706575
6.848325
6.869675
6.936425
7.184825
7.206800
7.218900
7.228375
7.275700
7.293200
7.344025
7.423725
7.471250
7.480225
7.510925
7.525750
7.573100
7.581000
7.586525
7.610250
7.763825
7.816125
7.837850
7.860900
7.870225
7.916075
7.921375
7.979525
8.175825
8.240350
8.262825
8.284900
8.304975
8.339775
8.399800
8.404550
8.495750
8.504325
8.528625
8.533425
8.583400
8.739750
8.783625
8.957575
9.031625
9.077675
9.117425
9.137625
9.214275
9.225125
9.235050
9.331625
9.405825
9.424200
9.462725
9.478250
9.502500
9.534325
9.539200
9.549750
9.616725
9.654925
9.704875
9.726525
9.761200
9.794575
9.804875
9.873825
10.021225
10.034450
10.102750
10.146375
10.158975
10.205275
10.209425
10.305125
10.361600
10.394900
10.406550
10.453800
10.535000
10.583125
10.672800
10.738325
10.772925
10.812300
10.826650
10.833600
10.843500
10.848700
10.915325
11.086375
11.208925
11.246500
11.437550
11.466475
11.501075
11.571775
11.760300
11.855125
11.881675
11.964000
11.974600
12.040900
12.054550
12.099800
12.144075
12.155975
12.323325
12.341300
12.378375
12.419600
12.432125
12.489725
12.527100
12.547650
12.552825
12.720550
12.756125
12.768625
12.789525
12.840875
12.857100
12.869225
12.893225
12.916775
12.923975
12.945300
12.978500
13.083525
13.095025
13.128075
13.131425
13.153100
13.228725
13.250750
13.307225
13.401625
13.414700
13.419450
13.447825
13.493650
13.528475
13.564950
13.589675
13.622700
13.629125
13.696500
13.761200
13.764925
13.788000
13.859925
13.873575
13.901125
13.917150
13.964725
14.203650
14.243525
14.339475
14.481325
14.588950
14.593675
14.624175
14.657475
14.692850
14.724775
14.730600
14.752250
14.755600
14.771600
14.862025
15.049050
15.064575
15.078000
15.086300
15.099250
15.105175
15.116400
15.179600
15.196200
15.203225
15.224225
15.258875
15.352450
15.416825
15.465050
15.527525
15.535475
15.578700
15.685450
15.697500
15.738125
15.791325
15.817450
15.907025
15.932425
15.936900
15.939975
15.971000
15.980125
15.997025
16.021375
16.036950
16.049575
16.112450
16.148125
16.173375
16.205700
16.239950
16.247175
16.296050
16.302875
16.304475
16.353425
16.389650
16.475100
16.513200
16.524400
16.556075
16.600225
16.623975
16.750450
16.794175
16.880975
16.894575
17.017475
17.075750
17.145875
17.194875
17.217875
17.275050
17.330025
17.362325
17.448950
17.459725
17.487625
17.550000
17.636675
17.712600
17.803575
17.871850
17.881600
17.909500
17.974800
17.979500
18.011375
18.071325
18.101325
18.147725
18.170975
18.253400
18.282900
18.471850
18.551875
18.592200
18.609250
18.665200
18.811750
18.818700
18.825175
18.883250
18.918900
18.963675
19.003800
19.014050
19.030225
19.052825
19.095275
19.124850
19.164475
19.200425
19.320250
19.335075
19.382400
19.391375
19.397375
19.450025
19.475800
19.494950
19.589050
19.661975
19.754650
19.768675
19.816425
19.844050
19.850950
19.873350
19.939725
19.959825
19.970500
19.991875
20.007325
20.072325
20.127825
20.156050
20.172875
20.208350
20.225700
20.327575
20.357225
20.373725
20.384125
20.461875
20.667500
20.684675
20.732150
20.744950
20.876125
20.949150
20.963725
20.971025
20.980900
20.994250
21.005600
21.062925
21.143375
21.222475
21.289100
21.388350
21.409375
21.424125
21.602500
21.627850
21.719725
21.780375
21.819300
21.842225
21.876650
21.935250
21.978150
22.003025
22.022525
22.099825
22.105800
22.215125
22.308575
22.340850
22.423050
22.592625
22.636325
22.638850
22.650450
22.762150
22.843675
22.867225
22.916625
22.941075
22.971825
23.132900
23.148025
23.280925
23.311975
23.390075
23.409825
23.437475
23.478425
23.541025
23.620225
23.658100
23.699500
23.760425
23.795225
23.836500
23.934175
24.044925
24.126675
24.162825
24.183475
24.190100
24.412500
24.429275
24.464475
24.467600
24.485975
24.510075
24.605250
24.643725
24.680075
24.700575
24.806575
24.860825
24.886850
24.930575
24.986650
24.988875
25.010325
25.015700
25.052175
25.076775
25.093325
25.147400
25.255050
25.265625
25.274475
25.314725
25.322725
25.361150
25.384625
25.390800
25.411150
25.431600
25.456725
25.473625
25.495650
25.513300
25.541775
25.645825
25.663800
25.695800
25.701150
25.712200
25.716325
25.722475
25.732175
25.795700
25.804000
25.811600
25.872775
25.886150
25.889675
25.905825
25.946650
25.985525
26.009450
26.016200
26.100475
26.107150
26.153225
26.160050
26.202800
26.222125
26.299225
26.315975
26.319500
26.412150
26.422450
26.430500
26.436125
26.496550
26.532525
26.580175
26.607925
26.708475
26.760750
26.764575
26.767950
26.773125
26.794300
26.824700
26.828400
26.856825
26.861350
26.914050
26.941550
26.970650
27.076300
27.112600
27.140875
27.233525
27.283075
27.342075
27.435350
27.484075
27.537825
27.606850
27.622350
27.718300
27.727900
27.749275
27.847125
27.865200
27.896825
27.994275
28.063475
28.077050
28.101150
28.106500
28.150525
28.180375
28.311375
28.337475
28.343700
28.361300
28.372150
28.408575
28.492075
28.538500
28.563000
28.608250
28.633325
28.667875
28.681050
28.733100
28.740100
28.749725
28.760550
28.851475
28.871525
28.876150
28.988175
29.094600
29.124375
29.131050
29.199075
29.359900
29.363850
29.394450
29.404475
29.504950
29.562275
29.572850
29.664225
29.742650
29.832225
29.850625
29.857000
29.924975
29.944800
29.972550
