0.009500
0.032700
0.252200
0.269875
0.279525
0.290750
0.303100
0.340400
0.608300
0.620825
0.637125
0.648675
0.876000
0.889350
0.910800
0.947425
0.961300
0.977250
0.992400
1.002900
1.019675
1.034725
1.063875
1.095400
1.103475
1.108850
1.112675
1.116125
1.119100
1.126550
1.131550
1.143550
1.155975
1.159325
1.164175
1.173325
1.181275
1.188975
1.206250
1.227525
1.359525
1.385675
1.395075
1.404200
1.409950
1.416025
1.418850
1.430425
1.434500
1.445850
1.462375
1.479350
1.494300
1.512950
1.529200
1.542600
1.558350
1.574825
1.766775
1.782950
1.788875
1.794425
1.803450
1.822125
1.955825
1.970350
1.977350
1.984100
2.001425
2.006775
2.012550
2.019825
2.025500
2.034575
2.043150
2.063075
2.093225
2.386375
2.451550
2.470675
2.481075
2.497100
2.508825
2.525025
2.540300
2.557800
2.614800
2.694300
2.712150
2.733100
2.762900
2.878400
2.900325
2.913825
2.921600
2.932450
2.939675
2.946900
2.954975
2.961975
2.969475
2.976700
2.982225
2.994475
3.002225
3.020275
3.029325
3.036425
3.054775
3.063875
3.079175
3.103675
3.109850
3.125050
3.147100
3.194475
3.517875
3.534700
3.597450
3.613875
3.631950
3.665550
3.674275
3.684850
3.695475
3.708050
3.715075
3.733300
3.746325
3.801050
3.811825
3.863525
3.890525
4.038550
4.042400
4.046500
4.050950
4.057250
4.062575
4.070500
4.076025
4.084800
4.088050
4.098050
4.113150
4.130750
4.235325
4.357175
4.362750
4.369375
4.372275
4.375075
4.378325
4.384050
4.390650
4.396350
4.403450
4.413675
4.428650
4.454975
4.520775
4.563425
4.569525
4.575525
4.582075
4.585550
4.589450
4.594400
4.599975
4.605050
4.613000
4.624825
4.632975
4.642150
4.656250
4.748625
4.942225
4.976250
5.034250
5.074700
5.098900
5.119075
5.139750
5.174325
5.192250
5.215350
5.240225
5.265475
5.284275
5.328700
5.346250
5.396800
5.525475
5.564950
5.626375
5.631950
5.638825
5.647725
5.653225
5.658900
5.665925
5.672200
5.679175
5.725350
5.750750
5.782775
5.823550
5.844925
5.861850
5.879125
5.886600
5.895200
5.906125
5.915425
5.933300
5.948275
5.965850
5.983350
6.001875
6.033575
6.204550
6.315275
6.396775
6.408100
6.415200
6.422925
6.431500
6.437000
6.443525
6.449575
6.505175
6.517825
6.631450
6.714600
6.722350
6.729200
6.732325
6.735475
6.738650
6.755550
6.759225
6.767600
6.783450
6.791050
6.833975
6.923475
6.965400
6.982700
6.989275
6.999325
7.007700
7.011125
7.020375
7.034075
7.037975
7.056225
7.074475
7.088650
7.110000
7.135625
7.175225
7.203575
7.213775
7.223950
7.227800
7.238550
7.243375
7.251350
7.257850
7.266400
7.274625
7.288775
7.307725
7.319625
7.361875
7.394600
7.445350
7.503525
7.581975
7.590700
7.611050
7.623475
7.634975
7.644550
7.664825
7.676450
7.688250
7.696175
7.706000
7.721625
7.735175
7.769425
7.800625
7.819475
7.860550
7.899600
7.918200
7.959950
7.981000
8.012325
8.035325
8.056975
8.065975
8.073500
8.082450
8.107625
8.259975
8.293875
8.363325
8.380850
8.392450
8.399575
8.404875
8.411050
8.417375
8.423925
8.438300
8.451050
8.475625
8.502750
8.553175
8.643550
8.758375
8.771400
8.776575
8.786625
8.791025
8.796325
8.800675
8.804825
8.809225
8.813150
8.819525
8.824000
8.845350
8.860225
8.877075
8.888825
8.941800
9.042225
9.071875
9.113175
9.123775
9.138400
9.156200
9.172750
9.188025
9.214025
9.247325
9.264775
9.280875
9.295875
9.307125
9.319875
9.329725
9.335225
9.343275
9.352325
9.361825
9.369725
9.380825
9.404925
9.478750
9.601425
9.616475
9.627575
9.631900
9.644925
9.648825
9.657050
9.663400
9.680050
9.729575
9.780375
9.805375
9.843425
9.854125
9.860675
9.867375
9.875875
9.880475
9.884375
9.888925
9.892175
9.896175
9.903575
9.913300
9.922400
9.940925
9.963825
9.978875
9.993075
10.008750
10.031700
10.054800
10.068475
10.100050
10.146550
10.172375
10.209500
10.241275
10.273375
10.306475
10.331300
10.371175
10.456800
10.527450
10.555825
10.565800
10.584325
10.591850
10.599150
10.607200
10.615900
10.625775
10.634675
10.643750
10.658025
10.679275
10.773250
10.818875
10.875025
10.922900
10.936775
10.945400
10.951175
10.969050
10.975500
10.982775
11.002675
11.009150
11.022875
11.041350
11.067850
11.150175
11.175775
11.203975
11.276425
11.355850
11.402025
11.410400
11.419075
11.424225
11.429200
11.432975
11.438550
11.442225
11.458425
11.462425
11.481625
11.504850
11.522325
11.552750
11.570350
11.613350
11.644975
11.654775
11.662475
11.668050
11.672700
11.679250
11.688775
11.698750
11.704775
11.713025
11.723075
11.735025
11.749275
11.762200
11.777300
11.794425
11.806500
11.819775
11.839525
11.977225
12.036075
12.116275
12.135125
12.265025
12.278250
12.293450
12.309975
12.322100
12.327475
12.333150
12.339750
12.349125
12.357175
12.370550
12.389800
12.399875
12.412625
12.436950
12.456100
12.489600
12.608500
12.626000
12.641525
12.650900
12.663950
12.680175
12.688275
12.702275
12.725675
12.734800
12.756500
12.772125
12.785575
12.797400
12.810950
12.825575
12.834775
12.844050
12.849375
12.855750
12.860975
12.868375
12.872650
12.885025
12.892825
12.907425
12.933900
12.961750
12.984025
13.009775
13.019275
13.048025
13.062350
13.078875
13.106825
13.246650
13.295025
13.314450
13.352325
13.389775
13.405150
13.417475
13.437200
13.448500
13.481200
13.499075
13.515800
13.537075
13.560025
13.709200
13.760700
13.793100
13.810300
13.838025
13.888500
13.905925
13.927775
13.941950
13.957075
13.974975
13.995825
14.005875
14.014050
14.018575
14.022025
14.030225
14.034350
14.038425
14.045575
14.057125
14.093375
14.207000
14.251275
14.359975
14.370000
14.389600
14.408050
14.416500
14.423925
14.431525
14.446950
14.456500
14.465425
14.481850
14.493500
14.503850
14.517075
14.547350
14.569400
14.591150
14.611050
14.633300
14.658875
14.675200
14.683125
14.688425
14.694775
14.701125
14.719500
14.735300
14.745300
14.773200
14.856050
14.909250
14.929750
14.935775
14.940700
14.944725
14.951375
14.958975
14.963225
14.977750
14.981900
14.996550
15.005675
15.028075
15.047275
15.141400
15.191300
15.224800
15.255975
15.296525
15.316350
15.326475
15.337675
15.352325
15.372375
15.468575
15.481925
15.510750
15.528350
15.555300
15.581400
15.603300
15.670800
15.719250
15.727425
15.734250
15.738925
15.743325
15.747725
15.751475
15.755575
15.760400
15.770625
15.805900
15.840425
15.870675
16.016775
16.032225
16.046350
16.067175
16.115200
16.170450
16.222275
16.237850
16.246725
16.253825
16.259200
16.265050
16.272025
16.277825
16.290425
16.308175
16.333350
16.363950
16.374825
16.384300
16.391525
16.399575
16.406500
16.417025
16.435500
16.445200
16.456475
16.465025
16.475375
16.486950
16.496675
16.509225
16.520275
16.536450
16.550925
16.571700
16.594900
16.617400
16.636550
16.649475
16.673725
16.691000
16.704725
16.714975
16.753175
16.886600
16.984750
17.128225
17.161375
17.235550
17.250125
17.259125
17.269050
17.276550
17.284775
17.308625
17.340500
17.368050
17.427650
17.525175
17.603300
17.622825
17.638025
17.646975
17.654550
17.660125
17.665275
17.672175
17.686350
17.696825
17.707100
17.719825
17.732600
17.744875
17.757100
17.767375
17.795275
17.805975
17.828375
17.848350
17.874850
17.889375
17.918325
17.940900
18.001650
18.097375
18.222350
18.319300
18.330625
18.341925
18.349475
18.361250
18.370975
18.382125
18.393875
18.410125
18.425500
18.452425
18.487525
18.579125
18.652150
18.674875
18.689275
18.708325
18.718750
18.732225
18.743250
18.756325
18.769175
18.784800
18.794300
18.803725
18.820075
18.839800
18.905400
18.956050
19.054425
19.080700
19.091150
19.096900
19.104350
19.115950
19.122850
19.142500
19.159900
19.183600
19.210225
19.246325
19.289625
19.317400
19.382900
19.452875
19.464500
19.473375
19.491000
19.507100
19.516000
19.525025
19.536775
19.554525
19.565475
19.587275
19.640675
19.699275
19.736450
19.763075
19.837300
19.863075
19.869875
19.877875
19.887450
19.900525
19.913125
19.928600
19.949200
19.971950
19.996250
20.090725
20.132475
20.175850
20.213925
20.260650
20.316925
20.381450
20.394800
20.400850
20.405575
20.411300
20.421050
20.428750
20.439700
20.446200
20.454200
20.463875
20.483525
20.500175
20.519825
20.538950
20.556800
20.574225
20.599225
20.639325
20.653425
20.660000
20.664300
20.669600
20.676175
20.695975
20.705725
20.718225
20.754350
20.842950
20.901350
20.908950
20.918250
20.924475
20.928875
20.934075
20.939600
20.952625
20.956625
20.964025
20.979425
20.992875
21.007375
21.025975
21.066000
21.179400
21.191675
21.197825
21.206725
21.218075
21.232575
21.247075
21.291775
21.368425
21.431600
21.511650
21.543000
21.560350
21.632450
21.665350
21.712050
21.734500
21.744025
21.751525
21.762500
21.769600
21.783550
21.789875
21.798000
21.806275
21.816625
21.825500
21.835050
21.844925
21.857225
21.910875
22.030500
22.066850
22.099200
22.124850
22.171325
22.204850
22.240900
22.256750
22.271750
22.295400
22.307475
22.337775
22.382975
22.453625
22.483450
22.496650
22.509925
22.523450
22.543225
22.557000
22.568600
22.582075
22.606800
22.644550
22.719025
22.789050
22.804175
22.820125
22.832450
22.859925
22.892125
22.924675
22.949375
22.963875
22.976125
22.984875
22.995750
23.005625
23.012050
23.021425
23.038875
23.052675
23.069625
23.083975
23.100100
23.137550
23.269625
23.329400
23.393725
23.416150
23.436850
23.469600
23.538150
23.590775
23.615075
23.647900
23.673825
23.696175
23.712000
23.737600
23.770850
23.804925
23.835325
23.843075
23.852700
23.860400
23.871875
23.891300
23.904300
23.966350
24.047200
24.052400
24.073550
24.106925
24.113525
24.121750
24.135300
24.145225
24.155600
24.165225
24.176775
24.202675
24.227000
24.268175
24.335125
24.359050
24.396400
24.411200
24.423225
24.435150
24.444050
24.453200
24.471775
24.482925
24.494800
24.527400
24.571175
24.590925
24.602750
24.626200
24.650775
24.680550
24.722975
24.782750
24.825475
24.896400
24.924950
24.941025
24.952525
24.962650
24.971150
24.977175
24.985050
24.993050
24.998425
25.003750
25.010425
25.019500
25.033450
25.061200
25.068100
25.076600
25.112400
25.132600
25.146275
25.167725
25.214750
25.243075
25.291750
25.371625
25.440175
25.523600
25.636875
25.676500
25.695400
25.705625
25.718100
25.729850
25.737750
25.745975
25.756025
25.765700
25.774175
25.791050
25.800025
25.810400
25.821050
25.838750
25.881275
25.931150
26.010050
26.047700
26.060725
26.067375
26.074250
26.079000
26.085675
26.094600
26.111375
26.118400
26.126200
26.146925
26.163775
26.193850
26.209150
26.237150
26.270100
26.325450
26.332675
26.342450
26.348725
26.355525
26.363000
26.368975
26.382675
26.391575
26.400025
26.415400
26.443875
26.471825
26.491500
26.543200
26.571150
26.597525
26.608425
26.614175
26.622950
26.627825
26.632275
26.636125
26.640050
26.644900
26.649950
26.664450
26.680375
26.704750
26.718775
26.734475
26.744425
26.754275
26.763025
26.775500
26.785750
26.798075
26.826000
26.846450
26.906450
26.958400
26.989725
27.015925
27.042975
27.114850
27.189950
27.224900
27.261575
27.312350
27.327100
27.337025
27.346925
27.358975
27.368400
27.377225
27.396650
27.411475
27.432475
27.484625
27.570650
27.647075
27.666525
27.675700
27.684325
27.691975
27.699625
27.707300
27.715050
27.723125
27.734625
27.739825
27.744600
27.752650
27.762975
27.781550
27.795425
27.811200
27.837275
27.876950
27.972675
28.003250
28.013950
28.024150
28.031225
28.039550
28.048475
28.052600
28.058700
28.066425
28.072250
28.078625
28.096175
28.123050
28.141275
28.154625
28.176025
28.200600
28.266500
28.312875
28.323625
28.330650
28.340700
28.347950
28.352600
28.357450
28.366200
28.370050
28.385150
28.390300
28.409275
28.418775
28.430200
28.439975
28.458250
28.480025
28.516675
28.591150
28.633075
28.642175
28.646200
28.653900
28.658075
28.664700
28.671550
28.677700
28.689200
28.716650
28.738750
28.784775
28.819400
28.864925
28.891050
28.898950
28.903300
28.907250
28.912025
28.919225
28.922375
28.926125
28.937150
28.942350
28.950525
28.958000
28.968300
28.982450
29.003825
29.026950
29.041575
29.061975
29.079575
29.105300
29.163450
29.190300
29.215550
29.224350
29.244775
29.281175
29.341950
29.372675
29.393450
29.401925
29.405900
29.409775
29.414125
29.417375
29.420600
29.429225
29.433925
29.439525
29.445200
29.458750
29.467450
29.472200
29.480275
29.485475
29.498475
29.547150
29.596850
29.678500
29.691925
29.702450
29.716975
29.722375
29.732600
29.741075
29.751700
29.758300
29.767675
29.801000
29.815750
29.851375
29.902625
29.941025
