0.016950
0.055600
0.087650
0.114375
0.168400
0.178075
0.184725
0.189375
0.211375
0.236775
0.253675
0.402700
0.451700
0.476100
0.512500
0.538075
0.568225
0.613250
0.683350
0.692975
0.703825
0.734775
0.820825
0.824950
0.892650
0.926300
0.962650
0.996725
1.015175
1.022800
1.038200
1.042250
1.051225
1.144975
1.192250
1.305300
1.345775
1.374400
1.392825
1.426700
1.441875
1.474500
1.542675
1.584950
1.627475
1.655775
1.731075
1.759900
1.763400
1.874375
1.878400
1.923225
1.946825
1.960175
1.971500
2.006325
2.062275
2.111925
2.115125
2.159825
2.163200
2.182975
2.194925
2.282425
2.296600
2.328650
2.365625
2.448075
2.484200
2.489200
2.529700
2.540075
2.580500
2.606875
2.624225
2.628600
2.640775
2.644425
2.715850
2.751400
2.783800
2.822525
2.841550
2.845475
2.902300
2.915325
2.928850
2.935500
2.948450
2.971025
3.030775
3.065575
3.084225
3.120575
3.145525
3.168075
3.195175
3.240800
3.248450
3.255825
3.381450
3.461450
3.493150
3.523400
3.557800
3.580050
3.607000
3.620250
3.640975
3.678675
3.699100
3.716575
3.734750
3.756650
3.766500
3.962475
3.966825
3.997350
4.001450
4.038625
4.042625
4.169000
4.279925
4.305300
4.312100
4.345350
4.364275
4.378875
4.438600
4.527550
4.601675
4.609525
4.625950
4.629150
4.664575
4.715075
4.719350
4.764375
4.816950
4.905925
4.950250
4.953575
5.009525
5.012925
5.061875
5.107525
5.131800
5.186775
5.209250
5.235950
5.279250
5.282775
5.322075
5.341575
5.350600
5.439475
5.501025
5.528675
5.542200
5.556725
5.561900
5.605600
5.626025
5.667125
5.716675
5.765825
5.800475
5.820825
5.838700
5.854775
5.894975
5.922275
5.972575
5.986825
6.051125
6.084075
6.088175
6.126700
6.162375
6.195025
6.208525
6.241475
6.245325
6.279225
6.343525
6.360250
6.386000
6.401850
6.442825
6.546825
6.551650
6.565825
6.640225
6.690575
6.741425
6.818775
6.839275
6.873450
6.882750
6.906300
6.938225
6.950350
6.953450
7.040475
7.070825
7.081400
7.114500
7.157300
7.237725
7.278400
7.318875
7.354900
7.358525
7.364725
7.368575
7.373050
7.430825
7.448025
7.476650
7.494075
7.499875
7.536550
7.605200
7.638725
7.654375
7.674200
7.701325
7.715725
7.775600
7.784000
7.812125
7.816175
7.883800
7.937600
7.957475
8.018875
8.023150
8.058825
8.064225
8.102250
8.128025
8.140425
8.161275
8.175375
8.272250
8.296850
8.315350
8.320600
8.350750
8.353975
8.395400
8.408825
8.454300
8.482450
8.512525
8.553675
8.605350
8.629350
8.633350
8.636925
8.729025
8.764025
8.781325
8.795825
8.815775
8.908200
8.945350
9.002275
9.087450
9.111025
9.131850
9.280750
9.332725
9.354325
9.366650
9.374775
9.391225
9.460700
9.475825
9.526375
9.533075
9.566525
9.569700
9.608375
9.629775
9.641950
9.652150
9.655225
9.658200
9.724625
9.804600
9.808650
9.841775
9.859925
9.973425
10.002750
10.022600
10.059225
10.097075
10.134975
10.172425
10.218500
10.235350
10.288850
10.307600
10.313600
10.334700
10.471950
10.493375
10.528275
10.532475
10.576875
10.593925
10.646475
10.662675
10.691050
10.712550
10.775300
10.783250
10.789950
10.815825
10.855500
10.877675
10.881300
10.896300
10.918450
10.929700
11.040600
11.090425
11.119625
11.125725
11.161600
11.204925
11.236625
11.254100
11.258625
11.262325
11.291925
11.323500
11.344325
11.388725
11.489075
11.516025
11.632000
11.662200
11.706100
11.709400
11.722750
11.736050
11.747125
11.758800
11.860300
11.891500
11.933175
11.994575
12.054550
12.077775
12.177750
12.199725
12.203275
12.236225
12.271750
12.297350
12.330925
12.342750
12.359875
12.392700
12.398600
12.497500
12.570750
12.609050
12.624975
12.650950
12.704775
12.710150
12.739600
12.751700
12.772700
12.786375
12.886225
12.947250
12.968400
13.006575
13.123900
13.170550
13.174450
13.207750
13.211350
13.227575
13.256300
13.271375
13.303750
13.307175
13.385800
13.430100
13.473300
13.480300
13.503550
13.597425
13.615775
13.643325
13.653275
13.706350
13.735600
13.802300
13.896475
13.911400
13.943300
13.980450
13.989950
14.015100
14.019225
14.064050
14.082650
14.125450
14.212200
14.219550
14.258200
14.274825
14.343075
14.382375
14.401250
14.440600
14.512725
14.525325
14.549100
14.617200
14.626975
14.680300
14.723075
14.761575
14.794375
14.814275
14.840825
14.868975
14.914150
14.961775
14.969900
14.984150
14.988500
15.036350
15.060325
15.073025
15.085975
15.238675
15.277150
15.309900
15.343225
15.386425
15.427450
15.457475
15.462525
15.511450
15.595875
15.643950
15.658625
15.681550
15.765050
15.808225
15.834125
15.837775
15.923875
15.942025
15.956100
15.991325
16.011175
16.015200
16.030850
16.096425
16.128150
16.137875
16.212875
16.273150
16.298200
16.302050
16.313250
16.554100
16.585625
16.598275
16.628475
16.649050
16.655875
16.679225
16.706800
16.722250
16.725200
16.805475
16.820500
16.913675
16.960300
17.006500
17.047275
17.088075
17.127100
17.145650
17.157250
17.168050
17.185625
17.244075
17.265850
17.318875
17.381850
17.388350
17.415475
17.438875
17.481900
17.561875
17.565475
17.650100
17.661550
17.664650
17.672650
17.680325
17.683525
17.714325
17.782725
17.821250
17.850850
17.887875
17.923150
17.929150
17.999975
18.030775
18.048525
18.054600
18.065075
18.087725
18.090850
18.116650
18.140825
18.266700
18.273775
18.318425
18.332925
18.347975
18.365775
18.394325
18.459675
18.476350
18.504350
18.597850
18.601075
18.651650
18.668675
18.716000
18.725200
18.729525
18.742825
18.842450
18.877850
18.886475
18.928875
18.967500
19.014850
19.017825
19.078075
19.148375
19.181175
19.205050
19.236750
19.240400
19.300725
19.318775
19.354250
19.375925
19.418875
19.458050
19.492575
19.596200
19.599175
19.632175
19.670875
19.689050
19.722075
19.740475
19.782200
19.908400
19.951025
19.997375
20.039325
20.042550
20.066325
20.084950
20.141350
20.163950
20.243425
20.263575
20.354650
20.406350
20.436475
20.497800
20.516725
20.550050
20.553975
20.571100
20.589625
20.630000
20.729650
20.762775
20.767225
20.828550
20.904900
20.998075
21.047925
21.078125
21.118300
21.142125
21.182650
21.203325
21.222025
21.248500
21.327475
21.390675
21.488450
21.535200
21.602725
21.607575
21.611850
21.643725
21.659350
21.683275
21.760425
21.820625
21.875700
21.878875
21.941575
21.951025
21.991800
22.017350
22.042925
22.175025
22.299475
22.317275
22.347425
22.378550
22.391550
22.415950
22.442725
22.459275
22.599225
22.644025
22.671650
22.678350
22.738225
22.804775
22.848050
22.879525
22.908050
22.939100
23.012900
23.030625
23.043575
23.061875
23.092625
23.130100
23.138150
23.171375
23.207375
23.219275
23.246925
23.264275
23.302775
23.360125
23.385200
23.420775
23.427300
23.475825
23.494900
23.518150
23.535750
23.568875
23.662450
23.689025
23.821750
23.832825
23.910050
23.919200
23.964225
23.986225
24.011350
24.015125
24.021250
24.045475
24.087300
24.224725
24.256325
24.304450
24.317050
24.378000
24.398775
24.402250
24.432875
24.448350
24.462225
24.478300
24.483100
24.487950
24.536050
24.594200
24.625850
24.675625
24.706000
24.718875
24.743225
24.753000
24.769050
24.928325
24.962150
24.978275
25.038975
25.053825
25.095150
25.174275
25.188175
25.281875
25.302525
25.348625
25.387375
25.406200
25.425950
25.460325
25.512450
25.533325
25.542500
25.616075
25.620325
25.671700
25.697200
25.744775
25.750325
25.785125
25.926075
25.949675
25.971275
25.978775
26.010150
26.069975
26.127150
26.185800
26.202925
26.236850
26.270925
26.297625
26.324475
26.388175
26.425600
26.456100
26.508675
26.552425
26.593325
26.625425
26.645725
26.661200
26.736975
26.772975
26.823900
26.871825
26.942550
26.960775
26.984575
26.988925
27.014850
27.026300
27.049225
27.190400
27.248150
27.326550
27.365375
27.382225
27.402275
27.414575
27.419700
27.785150
27.824600
27.857075
27.920675
27.942600
27.958000
28.046800
28.094900
28.240025
28.294075
28.344000
28.373425
28.422025
28.472150
28.525500
28.591150
28.612050
28.675075
28.744200
28.775650
28.783550
28.794400
28.801500
28.803225
28.835725
28.957400
29.008200
29.111325
29.141400
29.148750
29.206425
29.252325
29.355850
29.390750
29.394125
29.424300
29.430175
29.482425
29.487175
29.511950
29.544350
29.652900
29.666250
29.734750
29.804625
29.860075
29.897175
29.920850
29.938725
29.951525
29.958825
