0.078425
0.103700
0.105250
0.140800
0.190050
0.323675
0.414600
0.505725
0.574300
0.642450
0.664550
0.729250
0.748350
0.834750
0.843850
0.854125
0.941375
1.013500
1.083725
1.114050
1.143150
1.166400
1.189525
1.254725
1.268425
1.359025
1.433875
1.469900
1.481650
1.503100
1.515750
1.560525
1.573600
1.576575
1.591900
1.799475
1.833600
1.858625
1.930225
2.051850
2.121350
2.199050
2.233275
2.269500
2.331300
2.567625
2.630700
2.818575
2.837725
2.858250
2.909825
2.936325
3.218325
3.238700
3.277925
3.346925
3.392825
3.413150
3.568300
3.771925
3.918000
3.967950
4.121300
4.235675
4.289425
4.339725
4.429725
4.511325
4.530825
4.593975
4.684000
4.707225
4.720975
4.894275
4.937775
5.013000
5.045825
5.079275
5.223125
5.266450
5.307650
5.319775
5.340150
5.374975
5.400175
5.548700
5.616750
5.767975
5.803275
5.849675
5.895250
5.945475
5.964975
6.025475
6.086475
6.192275
6.212900
6.295625
6.308275
6.403250
6.466150
6.506700
6.559050
6.619350
6.633425
6.674375
6.743700
6.770050
6.884625
6.905350
6.960775
7.165100
7.291175
7.326050
7.356875
7.377575
7.471325
7.627850
7.645575
7.768675
7.794275
7.810700
7.888325
7.968275
7.984575
8.014975
8.182850
8.255775
8.371900
8.526625
8.555925
8.599050
8.654800
8.675375
8.693850
8.714125
8.757100
8.772275
8.806575
8.827475
8.884900
8.900600
8.918300
8.979775
9.086925
9.188925
9.262600
9.289175
9.313950
9.412750
9.458350
9.595425
9.632725
9.723000
9.908300
9.919850
10.054050
10.076775
10.104325
10.120225
10.389525
10.421425
10.456175
10.535400
10.576275
10.638125
10.657150
10.750450
10.772200
10.814800
10.831575
10.852700
11.041250
11.108950
11.233700
11.279600
11.307675
11.349375
11.440950
11.479800
11.503175
11.511675
11.543275
11.595350
11.605825
11.660075
11.696550
11.702025
11.754050
11.811675
11.830075
11.884050
11.963850
12.018000
12.173825
12.192025
12.235375
12.476375
12.606700
12.633100
12.661575
12.785175
12.821800
12.849525
12.882875
12.902475
13.226000
13.276725
13.301450
13.353600
13.372700
13.394800
13.408500
13.511400
13.573925
13.629300
13.696825
13.724475
13.776000
13.858325
13.912375
13.929475
13.961650
14.066800
14.188850
14.228000
14.278675
14.305975
14.489875
14.507875
14.526450
14.592600
14.631325
14.671025
14.686000
14.769050
14.794350
14.820525
14.880750
14.906325
14.951075
15.034800
15.199375
15.204125
15.209700
15.251225
15.259875
15.304250
15.383825
15.397275
15.538000
15.586425
15.612350
15.813225
15.881375
15.954600
15.989925
16.004975
16.016275
16.109725
16.131375
16.162275
16.188200
16.356025
16.390500
16.418200
16.532725
16.561150
16.578150
16.665175
16.685400
16.748525
16.766650
16.781050
16.926775
16.942925
16.983350
17.030000
17.101400
17.114200
17.127050
17.145300
17.231875
17.246800
17.258950
17.299750
17.378850
17.395875
17.451275
17.469000
17.492050
17.538425
17.592575
17.648000
17.677600
17.710350
17.753525
17.809725
17.848325
17.917350
17.939050
18.017500
18.037550
18.064100
18.119400
18.195200
18.234050
18.346975
18.386925
18.409300
18.412925
18.435925
18.519300
18.563200
18.594475
18.612150
18.687325
18.733300
18.745700
18.815125
18.834325
18.850650
18.869750
18.949050
18.976400
19.065600
19.242625
19.257925
19.264200
19.308600
19.430050
19.436925
19.564775
19.576775
19.632175
19.721050
19.746650
19.797575
19.849050
19.918375
19.957650
19.975750
19.994500
20.014700
20.108225
20.215900
20.254950
20.301100
20.384975
20.418925
20.434375
20.449100
20.461400
20.496875
20.529175
20.544725
20.621325
20.961650
20.995375
21.050225
21.089575
21.102650
21.157050
21.186875
21.243075
21.285050
21.302350
21.323975
21.409225
21.422325
21.435675
21.481775
21.582950
21.671575
21.776600
21.813350
21.908600
21.949350
22.019100
22.029200
22.068425
22.088875
22.125100
22.165200
22.200425
22.262500
22.299875
22.429000
22.461350
22.574700
22.583675
22.614100
22.706800
22.762425
22.782900
22.857100
22.939900
22.950600
22.998550
23.068000
23.165550
23.208275
23.225725
23.242325
23.303875
23.319500
23.364500
23.425550
23.453275
23.476725
23.583975
23.611200
23.645550
23.663150
23.753700
23.788725
23.802725
23.824100
23.842925
23.871975
23.968550
23.982050
23.992450
24.061725
24.264975
24.327725
24.364925
24.385900
24.393525
24.419600
24.503525
24.517300
24.534900
24.551750
24.587700
24.601850
24.627650
24.708425
24.750450
24.763650
24.796500
24.953100
24.988100
25.021925
25.053650
25.081175
25.092300
25.100100
25.167200
25.243250
25.266500
25.292975
25.326075
25.390275
25.424250
25.436625
25.446625
25.458575
25.530800
25.579250
25.616300
25.641000
25.716250
25.753400
25.877875
25.883875
25.912175
25.953250
26.118350
26.150550
26.265175
26.287475
26.332175
26.353050
26.384875
26.438350
26.514825
26.576550
26.641250
26.674225
26.709225
26.726075
26.784925
26.810250
26.849500
26.933600
27.145125
27.271425
27.308850
27.332875
27.351225
27.403225
27.455275
27.567075
27.604050
27.631750
27.660700
27.705000
27.725450
27.820250
27.911825
27.924450
27.967225
28.115900
28.132400
28.167525
28.378100
28.432900
28.448150
28.465050
28.498825
28.512325
28.613000
28.673175
28.739725
28.750775
28.805850
28.885550
28.991075
29.072225
29.140900
29.260075
29.281825
29.366450
29.446225
29.470175
29.524275
29.583150
29.622975
29.649050
29.763475
29.790325
29.902000
