0.024425
0.084125
0.112625
0.211375
0.323900
0.402750
0.440600
0.463500
0.470550
0.477375
0.537225
0.545150
0.569925
0.650650
0.670975
0.780150
0.800050
0.854275
0.906700
0.937000
1.000325
1.038250
1.153000
1.184525
1.186125
1.360050
1.386475
1.402000
1.432800
1.441650
1.462725
1.488500
1.502750
1.546075
1.558900
1.620025
1.798775
1.836700
1.851650
1.873325
1.927725
1.981800
2.008375
2.034325
2.063625
2.087550
2.131550
2.152525
2.182250
2.198600
2.219475
2.330100
2.347000
2.383475
2.421550
2.512550
2.546825
2.554350
2.562375
2.604750
2.646225
2.656125
2.671300
2.702975
2.708325
2.743300
2.747675
2.799650
2.801000
2.824300
2.861875
2.909825
2.925400
2.949150
2.962200
3.000450
3.011350
3.047225
3.087800
3.098425
3.099350
3.115925
3.127025
3.170200
3.211550
3.217000
3.223050
3.236900
3.245775
3.329250
3.337350
3.343500
3.345475
3.369950
3.402500
3.454950
3.520900
3.591750
3.599300
3.638550
3.640550
3.673325
3.702575
3.752175
3.795150
3.802375
3.818675
3.825275
3.856825
3.870025
3.966925
3.988675
4.048425
4.058025
4.113700
4.160650
4.199475
4.266950
4.337450
4.412725
4.418375
4.438375
4.519425
4.522250
4.541400
4.567050
4.589000
4.595350
4.623250
4.804850
4.813550
4.845725
4.855925
4.964300
4.977700
4.980550
5.006775
5.099575
5.211075
5.217275
5.228850
5.243325
5.261000
5.272175
5.331200
5.388025
5.451425
5.465675
5.542975
5.568475
5.659475
5.665550
5.681900
5.686525
5.695800
5.739875
5.746225
5.795000
5.829850
5.848100
5.870150
5.907400
5.943850
5.993950
6.018225
6.026750
6.029800
6.045725
6.074200
6.096950
6.146825
6.258750
6.277150
6.299025
6.308525
6.320875
6.332550
6.345800
6.374500
6.393825
6.402775
6.414650
6.468725
6.474600
6.539175
6.572400
6.583950
6.597150
6.617800
6.680225
6.692250
6.738825
6.845475
6.880200
6.899775
6.916250
6.940450
6.992775
7.000825
7.035950
7.095900
7.110475
7.121775
7.183075
7.196075
7.224200
7.228050
7.238325
7.239875
7.261125
7.332050
7.420575
7.539475
7.598075
7.607025
7.634775
7.644750
7.652800
7.673700
7.721475
7.756650
7.852400
7.857950
7.915700
7.932250
7.969625
7.981550
8.018850
8.076475
8.126075
8.143175
8.154000
8.168375
8.183275
8.230275
8.252800
8.356325
8.366475
8.397425
8.455950
8.522425
8.574700
8.584800
8.600950
8.603000
8.629400
8.670825
8.686975
8.704300
8.737100
8.739400
8.802400
8.844675
8.857275
8.914075
8.917425
8.960775
8.987175
8.990650
9.011025
9.018950
9.031525
9.074525
9.129350
9.137275
9.187800
9.216150
9.268425
9.292575
9.392025
9.430175
9.479850
9.529025
9.581175
9.690375
9.708950
9.802025
9.876175
9.895225
9.923450
9.924850
9.945300
10.054050
10.126125
10.157525
10.173400
10.297525
10.300900
10.303550
10.316150
10.342825
10.349850
10.354500
10.362725
10.363750
10.445400
10.452550
10.510425
10.534000
10.538550
10.586975
10.617500
10.639525
10.646400
10.659600
10.707925
10.713500
10.730200
10.770375
10.781150
10.811925
10.838075
10.843400
10.878675
10.951675
10.952950
10.997175
11.035800
11.137275
11.162475
11.201750
11.236075
11.278600
11.332975
11.347075
11.359250
11.419525
11.459700
11.469525
11.476025
11.507900
11.610000
11.613325
11.677200
11.681625
11.729125
11.754325
11.760450
11.784075
11.812700
11.970300
12.003150
12.010750
12.031625
12.035325
12.054950
12.111800
12.120500
12.147600
12.177250
12.204825
12.214000
12.315775
12.354925
12.418125
12.502175
12.556125
12.563750
12.578475
12.595600
12.598575
12.641150
12.708750
12.762875
12.772275
12.779525
12.914375
12.920725
12.946750
13.005550
13.075450
13.089275
13.113275
13.162575
13.191625
13.193275
13.229375
13.248600
13.395500
13.411300
13.432075
13.434775
13.476450
13.599200
13.711750
13.716650
13.721525
13.722925
13.767275
13.803975
13.827700
13.832250
13.838225
13.850225
14.040100
14.049125
14.086200
14.115750
14.216100
14.245875
14.260950
14.264450
14.267550
14.276950
14.488325
14.549700
14.585625
14.600050
14.648900
14.764325
14.766250
14.863000
14.956475
15.001025
15.013500
15.043275
15.049525
15.061850
15.081450
15.084400
15.090500
15.099925
15.104925
15.130375
15.181675
15.295900
15.343425
15.362700
15.374525
15.384675
15.425750
15.441175
15.449600
15.528600
15.591750
15.680000
15.846000
15.853425
15.900325
15.903550
15.920225
15.933175
15.980575
16.035675
16.090850
16.110575
16.133775
16.157950
16.167875
16.183950
16.196600
16.227150
16.265750
16.328925
16.388450
16.451125
16.489900
16.509550
16.601175
16.696475
16.702675
16.715050
16.738050
16.768925
16.775475
16.904225
16.969725
17.051075
17.082925
17.099275
17.116000
17.124850
17.152725
17.175525
17.198675
17.205625
17.224100
17.232700
17.303725
17.361100
17.541275
17.549025
17.562625
17.701125
17.728600
17.737350
17.743150
17.767550
17.770875
17.777550
17.804475
17.805775
17.928175
17.945600
17.985025
17.992950
18.002150
18.005000
18.015200
18.026975
18.030050
18.036150
18.041675
18.182500
18.353800
18.373750
18.478075
18.483325
18.556500
18.577525
18.746425
18.776675
18.785800
18.796000
18.910775
18.922150
18.940650
18.966675
18.976950
19.061650
19.063525
19.099250
19.107075
19.146150
19.149300
19.256325
19.355625
19.399600
19.421825
19.455100
19.456925
19.497550
19.576450
19.660800
19.731825
19.752925
19.779650
19.846400
19.900675
19.944125
19.954500
20.047875
20.084450
20.150900
20.249850
20.266375
20.368975
20.406825
20.415600
20.424200
20.453800
20.546175
