0.030825
0.105200
0.616100
1.531900
1.859125
2.112075
2.327575
2.432225
2.496225
2.574075
2.658050
2.950225
3.138200
3.731150
3.897225
4.048625
4.320000
4.579400
4.760650
4.999175
5.426375
5.715475
5.974500
6.033450
6.062500
6.112225
6.154000
6.206825
6.275850
6.361625
6.456225
6.652150
6.728450
6.874225
7.683450
8.152450
8.478100
9.144850
9.466475
9.628525
9.728675
9.799475
9.958725
10.521525
10.997825
11.177800
12.289675
12.541000
13.608900
13.823225
14.045275
14.706150
14.755150
14.807400
15.752975
15.931625
16.508850
16.683825
17.302025
17.814875
18.155000
18.260275
18.375350
18.542000
18.597175
18.734025
18.932825
19.055200
19.395675
19.537775
20.229050
20.303875
20.370025
20.407725
20.444400
20.539025
20.585875
20.638650
20.710125
20.730275
20.796725
20.836825
20.897350
22.148025
23.068975
23.418850
23.569525
23.955275
24.032425
24.160475
24.192600
24.240875
24.355700
24.435600
24.491325
24.637450
25.639925
25.760050
25.909325
26.134125
26.952075
27.086875
27.595275
27.741350
27.923225
28.397700
28.634425
28.732675
29.153325
29.441700
29.502650
29.603950
29.698200
29.950175
