0.004225
0.061750
0.163100
0.295875
0.474600
0.502700
0.562350
0.606975
0.722475
0.754700
1.135575
1.136800
1.198450
1.304150
1.339975
1.394650
1.464275
1.483300
1.530975
1.547950
1.570650
1.714250
1.721025
1.773750
1.814475
1.940975
1.983350
2.046500
2.099450
2.141325
2.231700
2.326350
2.341425
2.479550
2.518550
2.527700
2.587625
2.631800
2.661675
2.674200
2.771675
2.785750
2.796750
2.830175
3.014350
3.153300
3.276950
3.349800
3.562550
3.624375
3.648725
3.715600
3.786975
3.960675
3.992450
4.122025
4.141125
4.165325
4.178150
4.195400
4.243175
4.404900
4.482425
4.641525
4.714600
4.733225
4.966500
4.989475
5.021225
5.059350
5.184850
5.194750
5.271575
5.544475
5.654700
5.956050
6.048975
6.076725
6.190275
6.214975
6.229925
6.232000
6.340250
6.367675
6.375200
6.386100
6.477425
6.556025
6.722475
6.798425
6.852650
6.881625
6.929975
7.035050
7.059575
7.428125
7.472325
7.516800
7.533375
7.585150
7.725075
8.066275
8.117950
8.173025
8.228600
8.233200
8.267700
8.281975
8.392075
8.602150
8.629900
8.631550
8.832800
8.859150
8.883075
8.992550
9.017975
9.036475
9.179900
9.558050
9.588250
9.964375
10.045150
10.070525
10.160975
10.189325
10.262150
10.275350
10.355025
10.536675
10.540950
10.587700
10.708550
10.742475
10.803800
10.934750
11.237225
11.321925
11.522950
11.587600
11.617350
11.701050
11.716900
11.907950
11.949950
11.999000
12.034575
12.114625
12.164850
12.243925
12.326575
12.340325
12.419175
12.440525
12.501150
12.588850
12.642875
12.748950
13.097925
13.152000
13.184575
13.207350
13.292925
13.312625
13.390675
13.410100
13.419100
13.642975
13.668950
13.767750
13.805100
13.945325
13.998975
14.058400
14.067725
14.098775
14.107275
14.244650
14.309825
14.473500
14.575925
14.636100
14.665225
14.687550
14.908950
14.971550
15.040975
15.092600
15.109125
15.178950
15.213375
15.230700
15.272700
15.475725
15.547050
15.606850
15.639425
15.707600
15.806400
15.857425
15.859900
15.910175
15.942450
16.004950
16.068475
16.266825
16.315025
16.505450
16.611200
16.718425
16.884975
16.989475
17.027875
17.141575
17.185125
17.230725
17.238825
17.329450
17.338350
17.491675
17.574175
17.664650
17.695275
17.803000
17.820250
17.839875
18.105350
18.322550
18.385900
18.487050
18.688750
18.742550
18.744000
18.803300
18.864300
18.896875
19.070450
19.097225
19.168025
19.227300
19.272275
19.336225
19.359475
19.402300
19.481625
19.564200
19.595600
19.621225
19.702975
20.025325
20.069025
20.131175
20.170000
20.491000
20.543200
20.636425
20.689625
20.893575
21.140500
21.182525
21.223300
21.243275
21.374275
21.576375
21.773300
21.803700
21.825300
21.848450
21.891925
21.934350
21.988825
22.002775
22.049150
22.089050
22.107325
22.194525
22.218225
22.241350
22.381625
22.499375
22.600875
22.745475
22.803500
22.860875
23.187700
23.211325
23.229250
23.332275
23.390125
23.429925
23.580150
23.657525
23.670750
23.690450
23.721975
23.740600
23.819950
23.873175
23.968975
24.076500
24.140800
24.167450
24.181175
24.242800
24.301100
24.461950
24.479900
24.671775
24.700400
24.725750
24.737650
24.770700
24.800725
25.054975
25.234000
25.242900
25.403525
25.576225
25.600425
25.688525
25.760400
25.793125
25.843700
26.002400
26.093650
26.116150
26.158550
26.230675
26.273975
26.287675
26.623325
26.661950
26.686100
26.688400
26.813600
26.893725
26.908375
27.135125
27.174700
27.238000
27.263075
27.402425
27.423750
27.637525
27.686700
27.735075
27.821275
27.950975
27.995075
28.031250
28.154175
28.190900
28.314850
28.457075
28.501400
28.514875
28.603225
28.697750
28.843075
28.863200
28.889675
28.892900
28.965550
29.085275
29.357150
29.512675
29.545575
29.642950
29.717900
29.827900
29.886025
