0.094625
0.125875
0.160950
0.209800
0.293775
0.358600
0.415700
0.450250
0.463350
0.492425
0.523875
0.557475
0.605200
0.659525
0.707300
0.731150
0.743850
0.759725
0.778450
0.800325
0.821950
0.840900
0.869650
0.995575
1.096925
1.118375
1.132550
1.142075
1.152275
1.167375
1.190325
1.200700
1.215525
1.230150
1.237075
1.246200
1.267425
1.290275
1.312900
1.353050
1.386175
1.408950
1.435750
1.469650
1.526575
1.543700
1.589050
1.613125
1.660575
1.695850
1.721900
1.728300
1.741475
1.752375
1.765000
1.774625
1.790375
1.813900
1.834600
1.862175
1.882800
1.913850
1.955825
1.984325
2.021375
2.027525
2.050675
2.063950
2.084925
2.104075
2.114425
2.131975
2.144200
2.158450
2.179300
2.195050
2.258150
2.268650
2.275700
2.310375
2.320175
2.329600
2.335100
2.353150
2.356500
2.365550
2.382600
2.418150
2.451375
2.517950
2.551475
2.574175
2.600900
2.639075
2.663650
2.704175
2.712150
2.739375
2.743775
2.748225
2.767275
2.791250
2.829550
2.835950
2.845550
2.864325
2.879925
2.963550
2.976575
3.000575
3.011500
3.027400
3.070725
3.097125
3.120350
3.144825
3.165425
3.191950
3.220725
3.246625
3.288550
3.302075
3.329600
3.337950
3.354950
3.378550
3.408775
3.451075
3.513025
3.570825
3.604850
3.632625
3.654025
3.670625
3.720300
3.746625
3.771850
3.790900
3.826850
3.852125
3.865675
3.900450
3.983400
4.051725
4.070550
4.076475
4.116150
4.119775
4.126775
4.134850
4.162625
4.180400
4.188675
4.229200
4.249225
4.259325
4.275650
4.297125
4.343550
4.370975
4.418000
4.463025
4.499725
4.513475
4.540675
4.546200
4.558425
4.561375
4.571025
4.579950
4.586375
4.590525
4.612575
4.621500
4.650200
4.668450
4.685950
4.691450
4.726975
4.764025
4.792900
4.816125
4.838275
4.864950
4.903450
4.922750
5.008000
5.036250
5.081500
5.111225
5.122700
5.139925
5.150350
5.162650
5.197350
5.213275
5.226450
5.236000
5.248925
5.259500
5.265800
5.282825
5.287050
5.321825
5.330900
5.342125
5.350025
5.377500
5.384025
5.396800
5.407775
5.458025
5.466150
5.481600
5.506700
5.527100
5.550125
5.559375
5.567000
5.581425
5.589050
5.597525
5.603850
5.617950
5.622075
5.634375
5.668800
5.696075
5.756325
5.802075
5.918525
5.968125
5.984200
6.028775
6.049150
6.109125
6.129700
6.155900
6.191000
6.208850
6.229225
6.241975
6.261900
6.283925
6.310350
6.413450
6.436025
6.472475
6.497175
6.513100
6.528275
6.545525
6.573800
6.635800
6.656775
6.687025
6.714025
6.828650
6.917850
6.942850
6.999700
7.090850
7.220375
7.228725
7.250825
7.262225
7.283375
7.306850
7.339350
7.372725
7.400625
7.430300
7.441275
7.454250
7.467250
7.475000
7.511300
7.522600
7.561250
7.572025
7.582725
7.591425
7.618775
7.638000
7.661025
7.693350
7.775350
7.828250
7.839075
7.845225
7.857300
7.862100
7.874075
7.906625
7.915050
7.924475
7.926550
7.937375
7.943350
7.958825
7.967950
7.982125
7.991875
8.104900
8.124875
8.134500
8.141700
8.154825
8.169250
8.183025
8.197250
8.251475
8.277200
8.299250
8.311675
8.339400
8.364550
8.382075
8.398150
8.426500
8.443075
8.460700
8.492750
8.551425
8.582125
8.597050
8.619000
8.660400
8.689325
8.699125
8.708575
8.717200
8.732600
8.742075
8.749300
8.769925
8.793875
8.806425
8.823425
8.874025
8.907525
8.971800
8.998750
9.031550
9.046200
9.058375
9.068025
9.075075
9.080525
9.103650
9.119225
9.138900
9.159950
9.196100
9.232475
9.245425
9.266175
9.282675
9.316800
9.343925
9.423450
9.453550
9.557775
9.576275
9.589550
9.599300
9.608500
9.615500
9.624525
9.635825
9.648950
9.660000
9.705275
9.712875
9.725775
9.731525
9.741000
9.813250
9.848175
9.894675
9.924825
9.944125
9.962400
9.968350
9.980350
9.991775
10.003275
10.017300
10.032500
10.046975
10.073975
10.085500
10.098625
10.149550
10.198950
10.230350
10.262100
10.294050
10.336575
10.343900
10.355325
10.360700
10.373475
10.382450
10.389300
10.417700
10.429675
10.449375
10.474450
10.497750
10.526700
10.583325
10.601725
10.711850
10.752675
10.771875
10.779675
10.789075
10.795625
10.820900
10.830650
10.839475
10.872925
10.883750
10.896800
10.938225
10.977600
10.996975
11.030425
11.086350
11.094675
11.129075
11.145225
11.179200
11.191750
11.209800
11.284350
11.331450
11.454300
11.464550
11.478625
11.491900
11.504100
11.517775
11.542175
11.567075
11.606675
11.626525
11.682475
11.720525
11.839725
11.852825
11.873725
11.895075
11.908325
11.959025
11.977725
11.995250
12.015075
12.039150
12.062575
12.106375
12.177150
12.226125
12.318675
12.395300
12.432175
12.455575
12.480825
12.490675
12.510525
12.537175
12.572750
12.614775
12.645725
12.684425
12.707900
12.735275
12.759150
12.765550
12.779100
12.790125
12.803700
12.811250
12.841175
12.866250
12.887075
12.935875
12.967025
12.995850
13.025000
13.133875
13.153150
13.171975
13.175050
13.183150
13.193775
13.199275
13.241300
13.265450
13.287825
13.307425
13.318500
13.339875
13.351225
13.377800
13.401675
13.491000
13.670100
13.700025
13.710300
13.716575
13.723350
13.736650
13.743625
13.755600
13.763900
13.793575
13.809075
13.823500
13.841975
13.853000
13.893175
13.909000
13.920100
13.940450
13.957625
13.978150
14.011375
14.028350
14.059625
14.157450
14.197300
14.206300
14.217475
14.223675
14.242275
14.247000
14.254050
14.267050
14.280950
14.313425
14.323425
14.345950
14.355325
14.372850
14.396375
14.409500
14.469025
14.509800
14.532025
14.575575
14.652400
14.755000
14.763350
14.785000
14.797200
14.807250
14.824075
14.838975
14.859950
14.877400
14.886200
14.901375
14.912300
14.942875
14.961425
14.991750
15.037350
15.109750
15.163300
15.218675
15.247625
15.253850
15.261500
15.276025
15.288725
15.320475
15.352600
15.367825
15.392875
15.414575
15.484575
15.526875
15.611300
15.666000
15.741400
15.757325
15.790375
15.818650
15.831875
15.873175
15.892050
15.922325
15.949450
15.963225
15.977050
16.000150
16.031750
16.049525
16.064250
16.099575
16.144600
16.185125
16.238525
16.306700
16.318125
16.331500
16.343375
16.355875
16.364775
16.395750
16.421150
16.430325
16.458350
16.499350
16.541775
16.621250
16.626325
16.650350
16.658275
16.670375
16.687850
16.709125
16.725700
16.732300
16.754100
16.771025
16.789575
16.832775
16.858900
16.870075
16.883525
16.957475
16.988850
17.020575
17.045150
17.070700
17.089975
17.146575
17.156775
17.169125
17.174375
17.177125
17.185225
17.189675
17.233675
17.253275
17.275550
17.316625
17.361850
17.386850
17.426050
17.447725
17.482750
17.509075
17.523975
17.534025
17.549775
17.565050
17.573925
17.590775
17.600550
17.618300
17.637975
17.675050
17.700875
17.871275
17.944600
17.953825
17.962175
17.970950
17.981675
17.993950
18.010100
18.028550
18.040150
18.052300
18.066150
18.084875
18.104800
18.122675
18.133875
18.160600
18.189150
18.233700
18.260475
18.292300
18.305925
18.337100
18.423525
18.441975
18.457775
18.478025
18.484050
18.502000
18.520300
18.534100
18.545350
18.564775
18.585500
18.599125
18.646575
18.668750
18.717850
18.806775
18.875450
18.890225
18.904250
18.919650
18.928125
18.942175
18.958775
18.978250
18.995400
19.018950
19.050600
19.121300
19.247825
19.268725
19.275875
19.291525
19.300925
19.315525
19.332950
19.348425
19.368750
19.387250
19.402450
19.416325
19.436975
19.444725
19.464575
19.474800
19.556850
19.658175
19.710650
19.726800
19.751725
19.767275
19.787500
19.802425
19.817350
19.831025
19.849500
19.866725
19.888625
19.907775
19.936550
19.988800
20.035600
20.083025
20.164225
20.175275
20.186325
20.194975
20.204825
20.211925
20.223000
20.230575
20.240775
20.248125
20.280300
20.290925
20.303375
20.328375
20.341450
20.355450
20.409200
20.478975
20.586475
20.615175
20.643800
20.673900
20.705450
20.737200
20.760650
20.777000
20.792525
20.806975
20.821450
20.830000
20.842025
20.859000
20.886825
20.900650
20.913475
20.952950
20.985175
21.011350
21.059950
21.237000
21.248250
21.263625
21.273200
21.278375
21.299925
21.316275
21.335025
21.354775
21.373925
21.384875
21.429075
21.451000
21.472275
21.530425
21.543400
21.555400
21.576375
21.584750
21.607450
21.618450
21.634600
21.645250
21.668250
21.688900
21.769150
21.833125
21.901425
21.914425
21.920050
21.931250
21.937575
21.944650
21.948625
21.965875
21.972525
21.996850
22.003725
22.011325
22.051500
22.067225
22.095000
22.110600
22.144500
22.182025
22.232525
22.268600
22.376525
22.385725
22.399350
22.409450
22.418450
22.433400
22.457850
22.475425
22.489650
22.506150
22.516750
22.529175
22.555075
22.585975
22.638325
22.677050
22.823125
22.838750
22.862700
22.875775
22.912325
22.936750
22.953475
22.965650
22.988400
23.022225
23.097825
23.247950
23.291600
23.308100
23.317700
23.325875
23.332625
23.361275
23.380000
23.407850
23.423525
23.438525
23.456000
23.476575
23.496800
23.514425
23.527025
23.539350
23.549750
23.569900
23.600150
23.624825
23.644025
23.659850
23.670250
23.685050
23.716300
23.729725
23.746025
23.752200
23.805025
23.823625
24.011850
24.036950
24.055250
24.072800
24.118150
24.233050
24.296350
24.305525
24.314975
24.321275
24.323350
24.331125
24.342300
24.355825
24.368225
24.451750
24.475150
24.512450
24.528825
24.554150
24.597550
24.708125
24.734025
24.740600
24.746250
24.763900
24.781025
24.793250
24.800175
24.823325
24.844275
24.881750
24.891825
24.931775
24.945350
24.961575
24.970325
24.983325
24.999050
25.009400
25.032975
25.042350
25.054925
25.066675
25.087350
25.112700
25.126375
25.182200
25.228275
25.264550
25.295350
25.318250
25.327800
25.338550
25.360675
25.388200
25.402150
25.417775
25.434375
25.453725
25.464950
25.483300
25.500700
25.516225
25.530425
25.547900
25.556700
25.597800
25.624100
25.642000
25.686450
25.896825
25.925950
26.037575
26.075025
26.102725
26.123550
26.141050
26.167000
26.186850
26.206700
26.231725
26.263850
26.276225
26.306500
26.335550
26.384025
26.409025
26.417650
26.426475
26.435150
26.443550
26.447900
26.460200
26.467125
26.473600
26.484050
26.499625
26.509500
26.516950
26.525325
26.531800
26.582375
26.595125
26.602550
26.621675
26.663475
26.705475
26.753075
26.785800
26.881875
26.898100
26.916275
26.924375
26.942800
26.971300
26.985275
27.012075
27.031300
27.044550
27.085850
27.104375
27.130625
27.161800
27.180325
27.241325
27.376700
27.396800
27.413550
27.427950
27.447400
27.468600
27.486150
27.499550
27.531050
27.585250
27.631825
27.669575
27.682425
27.726125
27.749525
27.774450
27.799725
27.819325
27.828500
27.866925
27.883600
27.918275
27.970950
28.038775
28.078450
28.137425
28.281450
28.300025
28.348050
28.380250
28.400250
28.447925
28.489550
28.576225
28.604050
28.641700
28.676225
28.702075
28.790575
28.811250
28.854525
28.887325
28.913225
28.944225
29.033825
29.241075
29.269100
29.280050
29.291900
29.303500
29.326450
29.337700
29.367100
29.388900
29.401375
29.415800
29.428800
29.458225
29.497775
29.538175
29.564675
29.618325
29.671225
29.705800
29.715525
29.745850
29.780100
29.866000
29.938300
29.975000
29.995850
