0.074925
0.222175
0.495150
1.076500
1.380450
1.556250
1.635100
2.128775
2.270125
2.704875
2.775100
3.119975
3.304675
3.686575
4.004250
4.192175
4.244600
4.572775
4.788500
5.048925
5.435150
5.604825
5.729075
5.865250
6.297275
6.425675
6.733200
6.969000
7.264900
7.350875
7.599300
7.692125
7.893950
8.005275
8.252200
8.358625
8.497925
8.879450
9.012875
9.403000
10.225875
10.392750
10.436575
10.512125
10.899700
11.101675
11.382900
11.386525
11.517500
11.804650
12.023500
12.302700
12.423075
13.021475
13.114750
13.159825
13.415000
13.489550
13.521225
13.734225
13.858350
14.047400
14.292325
14.431450
14.700975
15.115175
15.200800
15.631325
16.037775
16.375225
16.482125
16.483875
16.567225
16.598350
16.646775
17.097425
17.197375
17.473700
17.584425
17.769125
18.119025
18.208075
18.686450
18.860400
19.123950
19.331200
19.643400
19.922675
20.162275
20.638250
21.140300
21.191550
21.394975
21.531000
21.677000
22.115675
22.314600
22.360775
22.745025
23.119025
23.214750
23.433400
23.541825
23.802875
24.085075
24.192250
24.268150
24.431125
24.547625
24.797025
25.393800
26.041850
26.074150
26.459050
26.519275
26.904525
27.025100
27.095650
27.327625
27.469800
27.697125
27.826275
27.946075
28.254825
28.347525
28.493300
28.773650
28.911125
29.037575
29.076650
29.402625
29.552725
29.691675
29.792550
29.801075
29.844025
