0.015150
0.044925
0.068650
0.093075
0.125600
0.150175
0.174900
0.193300
0.210350
0.238575
0.256500
0.275475
0.299000
0.324925
0.354300
0.382475
0.411800
0.437825
0.461350
0.483000
0.503275
0.526125
0.564375
0.586850
0.611875
0.636975
0.649775
0.676150
0.697875
0.725225
0.746275
0.769725
0.792375
0.807400
0.826525
0.847400
0.863775
0.882325
0.897900
0.918775
0.940325
0.961125
0.983150
1.008400
1.030175
1.053450
1.079325
1.109550
1.130125
1.165100
1.200900
1.224900
1.243925
1.263225
1.284625
1.313275
1.347350
1.369200
1.397200
1.418175
1.448175
1.468900
1.497175
1.516950
1.573575
1.631700
1.659400
1.683650
1.706925
1.736600
1.775325
1.809575
1.832350
1.849275
1.883425
1.900225
1.921575
1.943050
1.989150
2.011250
2.027575
2.048775
2.067700
2.091025
2.110300
2.134300
2.164125
2.191025
2.245825
2.262725
2.302675
2.326050
2.340625
2.366525
2.390175
2.415650
2.436900
2.463325
2.488175
2.511125
2.529250
2.549175
2.570625
2.605850
2.626600
2.648250
2.670450
2.694925
2.725150
2.742625
2.793650
2.819175
2.842625
2.864975
2.881025
2.906050
2.933200
2.954475
2.977950
3.022475
3.045400
3.062250
3.074575
3.099300
3.128600
3.163600
3.199025
3.242425
3.255775
3.266775
3.298825
3.320250
3.342875
3.360625
3.389150
3.405325
3.425850
3.447600
3.467725
3.498725
3.524775
3.538800
3.548525
3.558075
3.580175
3.597725
3.606525
3.630450
3.645925
3.662450
3.680900
3.699200
3.715225
3.742775
3.763200
3.784700
3.812625
3.830625
3.850575
3.866300
3.889400
3.913375
3.933150
3.962725
4.002350
4.022575
4.036850
4.051150
4.071725
4.097050
4.122675
4.150300
4.176150
4.188925
4.206950
4.231575
4.250250
4.285325
4.304650
4.324075
4.351050
4.377550
4.401625
4.424425
4.445900
4.459500
4.476850
4.497575
4.517275
4.546875
4.563875
4.580625
4.602425
4.618375
4.640350
4.658825
4.679425
4.716150
4.732075
4.753350
4.778800
4.797400
4.810550
4.822325
4.837975
4.875175
4.893925
4.907950
4.925550
4.947275
4.972800
4.990575
5.022725
5.048575
5.100775
5.132700
5.159575
5.178425
5.230425
5.256075
5.278825
5.307700
5.329200
5.355175
5.373200
5.393800
5.437425
5.468450
5.522025
5.541275
5.569475
5.616000
5.634050
5.655325
5.675800
5.700875
5.720075
5.739450
5.757850
5.785550
5.812625
5.840700
5.859275
5.878775
5.905150
5.938825
5.961150
5.981725
6.002625
6.025150
6.053550
6.074950
6.097900
6.147575
6.171200
6.192175
6.214750
6.233075
6.252975
6.272350
6.294025
6.317725
6.348275
6.370950
6.395800
6.423700
6.452475
6.483925
6.514575
6.540250
6.566600
6.589800
6.601300
6.618950
6.641875
6.662250
6.681100
6.706750
6.734525
6.758625
6.779200
6.808525
6.840475
6.869575
6.893700
6.922725
6.941700
6.980250
7.016050
7.043200
7.066900
7.083850
7.105750
7.133875
7.162375
7.188825
7.220700
7.241775
7.274300
7.294400
7.316150
7.342975
7.364325
7.399600
7.419200
7.455375
7.488275
7.502400
7.527500
7.553825
7.582350
7.608750
7.659925
7.684775
7.710075
7.731025
7.758050
7.781850
7.805550
7.828150
7.852725
7.876925
7.905850
7.934625
7.951250
7.971800
7.994575
8.032275
8.054275
8.074000
8.105750
8.131825
8.161025
8.204100
8.257500
8.286300
8.321425
8.344800
8.367950
8.414375
8.442025
8.479100
8.520475
8.550350
8.578400
8.604700
8.630225
8.668100
8.693425
8.722725
8.748525
8.773125
8.804775
8.831975
8.857450
8.885650
8.930425
8.964675
8.993100
9.023650
9.051100
9.066750
9.101175
9.134175
9.153675
9.176075
9.206900
9.235175
9.267550
9.304050
9.340625
9.364550
9.394075
9.425325
9.459925
9.503550
9.549300
9.573350
9.603000
9.637050
9.662375
9.709175
9.742600
9.768475
9.799425
9.822875
9.848175
9.879525
9.897850
9.926925
9.951075
9.974700
10.005975
10.030925
10.069275
10.095650
10.132875
10.165675
10.187075
10.233125
10.263200
10.289850
10.326050
10.355075
10.373325
10.406000
10.446800
10.476850
10.502300
10.569975
10.604675
10.635650
10.677725
10.713425
10.746750
10.780750
10.822125
10.861025
10.905075
10.977725
11.002675
11.050475
11.076875
11.130075
11.160975
11.177950
11.206475
11.237525
11.266850
11.292050
11.323325
11.347200
11.371700
11.394200
11.420125
11.440150
11.463650
11.487225
11.515425
11.544225
11.583725
11.645600
11.689975
11.707225
11.745250
11.765350
11.779575
11.803150
11.828225
11.857275
11.893500
11.925975
11.962825
11.997600
12.021325
12.036575
12.100950
12.124600
12.147200
12.172225
12.216325
12.249375
12.276900
12.306425
12.343650
12.370650
12.407200
12.442775
12.463900
12.492950
12.532175
12.566125
12.588800
12.618575
12.640650
12.668950
12.694275
12.725400
12.778300
12.803650
12.832275
12.862675
12.895525
12.922500
12.946550
12.981925
13.001075
13.021150
13.043775
13.073900
13.092775
13.119900
13.141950
13.175325
13.219475
13.257100
13.306625
13.356825
13.376825
13.410925
13.433575
13.461375
13.484350
13.505750
13.539000
13.568425
13.598350
13.622450
13.643375
13.667725
13.699300
13.727625
13.773500
13.795600
13.816300
13.842325
13.869125
13.895175
13.935250
13.958975
13.987850
14.019925
14.041275
14.069800
14.102150
14.142275
14.173975
14.210775
14.234675
14.259500
14.293325
14.318525
14.335900
14.353650
14.377575
14.395850
14.410175
14.429250
14.451000
14.475300
14.502725
14.561725
14.600050
14.618075
14.638975
14.666475
14.681425
14.695525
14.727850
14.769900
14.795525
14.813175
14.834350
14.854525
14.872150
14.889350
14.916925
14.942775
14.972325
14.997200
15.024625
15.048725
15.078675
15.107275
15.143750
15.164300
15.184450
15.212100
15.245575
15.275075
15.296350
15.308200
15.321000
15.336500
15.365825
15.395125
15.413175
15.427075
15.451825
15.473825
15.516025
15.535825
15.568750
15.592175
15.616800
15.641700
15.674275
15.698550
15.730750
15.754450
15.782700
15.811025
15.840375
15.875850
15.900675
15.926575
15.945625
15.970775
15.984325
16.000875
16.019675
16.040925
16.070475
16.095525
16.122825
16.149275
16.174925
16.204225
16.222000
16.255175
16.293450
16.320825
16.338500
16.360825
16.381725
16.410525
16.436350
16.470125
16.506125
16.530200
16.560100
16.589300
16.613650
16.636875
16.660375
16.679025
16.707675
16.730500
16.763000
16.773700
16.784650
16.792575
16.825925
16.849975
16.876775
16.897875
16.929950
16.951950
16.967625
16.989125
17.008725
17.033450
17.065325
17.097875
17.125150
17.146075
17.162125
17.173625
17.180300
17.198075
17.216100
17.233200
17.253675
17.267900
17.291025
17.315725
17.334200
17.356025
17.382175
17.410800
17.434025
17.453950
17.478525
17.519250
17.553475
17.573250
17.620675
17.664625
17.690300
17.719300
17.736725
17.760225
17.787975
17.812975
17.841250
17.869800
17.895700
17.944375
17.970675
18.006750
18.035400
18.067850
18.091350
18.111575
18.142775
18.170300
18.193925
18.213850
18.234875
18.280800
18.299075
18.318425
18.335600
18.360775
18.394300
18.419700
18.481150
18.516625
18.549825
18.582950
18.617675
18.650075
18.671575
18.702025
18.740100
18.787350
18.819600
18.840525
18.890975
18.912125
18.932875
18.952850
18.984375
19.017500
19.048925
19.086600
19.115600
19.142650
19.166350
19.189625
19.215000
19.244375
19.263825
19.297125
19.343325
19.383775
19.415775
19.473825
19.489900
19.512700
19.540100
19.571600
19.604525
19.637325
19.683525
19.719425
19.747050
19.767025
19.817525
19.855175
19.880575
19.903050
19.941050
19.969825
19.996475
20.030825
20.085800
20.109400
20.137800
20.158700
20.183675
20.223825
20.271175
20.297125
20.328325
20.344950
20.367375
20.392075
20.415575
20.442000
20.464150
20.492475
20.515800
20.561000
20.610825
20.644200
20.665350
20.713300
20.745100
20.766650
20.787450
20.815850
20.847625
20.882200
20.908525
20.942525
20.974500
21.006225
21.042675
21.101250
21.130775
21.152350
21.183175
21.207050
21.236875
21.270400
21.324450
21.365225
21.411775
21.437000
21.456475
21.485925
21.535700
21.558800
21.598550
21.631975
21.655750
21.690300
21.712425
21.733075
21.753650
21.781125
21.810875
21.839100
21.879200
21.895675
21.916250
21.943125
21.972650
21.999675
22.020875
22.049500
22.079450
22.100625
22.121700
22.145875
22.167900
22.231775
22.257625
22.300300
22.321700
22.352850
22.385400
22.431775
22.462375
22.487600
22.507275
22.531475
22.561350
22.585475
22.618275
22.649475
22.673750
22.706900
22.726375
22.751450
22.778675
22.799225
22.828475
22.857500
22.883850
22.937650
22.970875
22.998400
23.021600
23.045500
23.069025
23.093050
23.129525
23.176750
23.196075
23.224600
23.254875
23.304475
23.325900
23.351950
23.370875
23.396075
23.419775
23.446900
23.473750
23.503325
23.523150
23.540525
23.566500
23.589200
23.622375
23.648350
23.665475
23.681125
23.712600
23.743025
23.769300
23.801925
23.828400
23.848750
23.880725
23.911175
23.959775
24.013275
24.049400
24.065700
24.085800
24.112950
24.138725
24.159300
24.199675
24.230925
24.250950
24.271325
24.292525
24.314775
24.336825
24.360000
24.385750
24.409225
24.446325
24.470750
24.502200
24.534925
24.554975
24.578025
24.600700
24.620300
24.640575
24.668700
24.704050
24.724325
24.748600
24.765400
24.790025
24.812000
24.848300
24.869800
24.899875
24.918300
24.941925
24.975925
25.002850
25.021200
25.043425
25.064425
25.087375
25.103375
25.125000
25.149250
25.174000
25.235400
25.254200
25.269475
25.292175
25.321925
25.349400
25.371000
25.402150
25.424175
25.481225
25.510800
25.555425
25.578875
25.602950
25.622875
25.640675
25.661600
25.679800
25.700950
25.727700
25.740175
25.764950
25.782525
25.802450
25.825750
25.848125
25.876300
25.925250
25.947125
25.963150
25.976375
25.993125
26.021725
26.043325
26.066000
26.093100
26.111200
26.136775
26.165250
26.185575
26.213050
26.232775
26.254925
26.273425
26.308450
26.336850
26.368325
26.389625
26.404150
26.425200
26.448450
26.472175
26.494050
26.516675
26.540300
26.558200
26.576375
26.597550
26.622950
26.641425
26.666025
26.688700
26.703375
26.723925
26.744250
26.766625
26.783975
26.803400
26.825100
26.843100
26.867600
26.895000
26.914350
26.939350
26.968050
26.987900
27.010700
27.041950
27.065025
27.078875
27.090350
27.102950
27.116725
27.134450
27.155275
27.172925
27.196450
27.217175
27.237450
27.253525
27.270950
27.291525
27.323450
27.338700
27.366025
27.393050
27.406925
27.419050
27.449425
27.503150
27.520625
27.545175
27.558000
27.584325
27.603125
27.626700
27.644075
27.656375
27.679800
27.705075
27.732225
27.754825
27.774200
27.798025
27.813750
27.835050
27.852450
27.874500
27.911675
27.939800
27.961000
27.978650
27.995800
28.021025
28.043525
28.059050
28.080750
28.114700
28.151375
28.167950
28.193950
28.209500
28.221700
28.237400
28.335400
28.360500
28.395850
28.428175
28.461550
28.504575
28.544550
28.568400
28.590950
28.641275
28.666100
28.707950
28.732550
28.750150
28.772750
28.794975
28.824450
28.844225
28.876750
28.900000
28.933850
28.963525
28.979375
29.006575
29.021675
29.035900
29.068675
29.084900
29.117700
29.136875
29.159450
29.182550
29.205500
29.222950
29.241825
29.260575
29.282850
29.313875
29.337850
29.371225
29.407600
29.428650
29.455975
29.510850
29.531200
29.552575
29.573950
29.603900
29.639175
29.664200
29.687000
29.721850
29.749675
29.795350
29.824100
29.857225
29.881950
29.902050
29.923200
29.944025
29.971725
