0.000050
0.007175
0.017800
0.024575
0.076350
0.089900
0.126975
0.143025
0.157900
0.172175
0.181050
0.215450
0.253400
0.279725
0.300050
0.312525
0.333100
0.347175
0.359275
0.367675
0.383600
0.406575
0.436350
0.449325
0.472175
0.487650
0.503650
0.543800
0.566775
0.604575
0.614825
0.627975
0.640875
0.649375
0.660050
0.674050
0.686225
0.706925
0.715725
0.731100
0.747375
0.763625
0.779575
0.791825
0.806025
0.821100
0.847775
0.873375
0.876950
0.895475
0.910775
0.932600
0.991100
1.009850
1.028125
1.039700
1.052725
1.061700
1.066325
1.079825
1.099625
1.125400
1.141250
1.147625
1.159075
1.172275
1.185200
1.193625
1.203150
1.216600
1.242275
1.252775
1.261125
1.276050
1.325000
1.339175
1.349125
1.369825
1.385525
1.404550
1.429175
1.437625
1.468500
1.488150
1.495950
1.520250
1.534150
1.545875
1.566975
1.575775
1.586575
1.599050
1.604650
1.611800
1.618850
1.631225
1.642775
1.656725
1.671575
1.689725
1.727000
1.755700
1.766425
1.774050
1.777950
1.789950
1.797475
1.804375
1.812200
1.824775
1.845600
1.851175
1.858850
1.868075
1.878025
1.888575
1.898100
1.922875
1.943800
1.964200
1.971000
1.985050
1.997625
2.003475
2.013700
2.024150
2.033175
2.047650
2.053600
2.062625
2.085950
2.095875
2.110325
2.124700
2.138675
2.145925
2.159925
2.172975
2.181575
2.202250
2.217600
2.230875
2.259300
2.296475
2.329950
2.335150
2.345050
2.354600
2.385050
2.404425
2.413075
2.420475
2.425425
2.454275
2.503725
2.522450
2.541900
2.549000
2.580425
2.600025
2.616200
2.627650
2.644950
2.654025
2.668025
2.694825
2.708125
2.718150
2.732625
2.746075
2.762575
2.776975
2.784475
2.796625
2.813550
2.824200
2.842075
2.860700
2.888600
2.902850
2.925350
2.935675
2.961325
2.974725
2.985075
3.002225
3.012525
3.021025
3.029950
3.033900
3.068175
3.089475
3.122325
3.131100
3.143550
3.157100
3.179675
3.190950
3.199050
3.223725
3.242750
3.249025
3.258600
3.273025
3.289025
3.306075
3.337625
3.361950
3.373550
3.391425
3.398625
3.407675
3.433800
3.443400
3.456075
3.470550
3.480375
3.490075
3.503100
3.510525
3.522350
3.547050
3.561350
3.585375
3.600925
3.618600
3.629425
3.641000
3.668675
3.699600
3.711950
3.719275
3.732000
3.740850
3.752075
3.767325
3.770175
3.779100
3.786000
3.812525
3.841375
3.866175
3.887675
3.898025
3.919225
3.930625
3.942175
3.953125
3.963975
3.971150
3.976125
3.979525
4.016350
4.027200
4.047150
4.059425
4.076050
4.087550
4.110300
4.130075
4.164100
4.184975
4.201525
4.216025
4.230825
4.234175
4.243175
4.251950
4.268075
4.283425
4.288825
4.302775
4.306900
4.317025
4.327900
4.339875
4.348125
4.356350
4.389575
4.400850
4.415150
4.418450
4.440400
4.446600
4.466750
4.482725
4.497475
4.509100
4.514950
4.522825
4.530175
4.544250
4.555900
4.586550
4.616125
4.633350
4.646375
4.653925
4.667550
4.685375
4.700950
4.710025
4.721825
4.733625
4.740125
4.750425
4.760000
4.766025
4.783875
4.795375
4.809300
4.820250
4.831175
4.839575
4.855100
4.878050
4.888850
4.896750
4.910625
4.929675
4.939425
4.958450
4.975000
5.000575
5.019100
5.039800
5.053425
5.067500
5.078900
5.092625
5.106525
5.119425
5.127125
5.139150
5.153800
5.159850
5.168325
5.178875
5.184825
5.192225
5.200125
5.211350
5.220700
5.230375
5.246025
5.259600
5.280750
5.298325
5.313000
5.334050
5.342400
5.357175
5.366300
5.380575
5.385250
5.408525
5.438425
5.461075
5.481200
5.488400
5.495725
5.505450
5.520850
5.536800
5.548250
5.561400
5.579675
5.592550
5.607075
5.614625
5.624350
5.632500
5.652075
5.678750
5.693700
5.707325
5.722800
5.733800
5.741700
5.754400
5.762850
5.778300
5.792800
5.804400
5.809025
5.826250
5.837325
5.855450
5.872800
5.892825
5.902725
5.913275
5.926875
5.944150
5.972050
5.998625
6.020250
6.036375
6.046325
6.066100
6.083150
6.108050
6.114975
6.125025
6.142150
6.156625
6.169650
6.179325
6.184850
6.200575
6.206200
6.219625
6.225900
6.240700
6.247600
6.266450
6.275350
6.290100
6.303275
6.314300
6.327700
6.341175
6.363725
6.386500
6.402800
6.435325
6.462600
6.482650
6.498325
6.512700
6.518275
6.530775
6.546550
6.557225
6.568775
6.583000
6.597725
6.607925
6.617500
6.632800
6.640900
6.654000
6.664575
6.677200
6.684250
6.696325
6.706375
6.716625
6.722575
6.741725
6.754450
6.772125
6.787250
6.803975
6.823125
6.850450
6.870375
6.884000
6.889400
6.909725
6.919775
6.935325
6.948600
6.962300
6.971250
6.983075
6.994475
7.004000
7.018525
7.040500
7.053175
7.065125
7.073975
7.088725
7.097725
7.111275
7.120925
7.136825
7.150100
7.163075
7.180800
7.193575
7.216275
7.241975
7.272825
7.289225
7.302450
7.311475
7.321875
7.329950
7.337850
7.344725
7.353400
7.367575
7.375025
7.389850
7.397000
7.407400
7.418475
7.425475
7.439050
7.445975
7.459400
7.471700
7.484050
7.515150
7.528675
7.531750
7.553575
7.571025
7.605300
7.625050
7.637700
7.644650
7.653800
7.668700
7.687100
7.708725
7.730550
7.753275
7.770075
7.784825
7.792775
7.805200
7.816500
7.831000
7.834525
7.842350
7.848500
7.859400
7.866250
7.870525
7.879450
7.883200
7.900900
7.904575
7.916650
7.929525
7.944675
7.955850
7.965750
7.977275
7.998675
8.010400
8.020925
8.036225
8.053850
8.067100
8.077100
8.089950
8.125250
8.142600
8.157350
8.178500
8.195875
8.214250
8.223550
8.238250
8.252425
8.262475
8.270550
8.284275
8.291675
8.299275
8.309300
8.319275
8.325400
8.344000
8.351550
8.356625
8.369350
8.373025
8.385450
8.402775
8.417175
8.432825
8.441125
8.458125
8.479200
8.498425
8.532450
8.546950
8.562950
8.569225
8.577775
8.589200
8.600475
8.608050
8.614500
8.622350
8.630925
8.641950
8.651475
8.663825
8.674825
8.689725
8.704275
8.721425
8.733075
8.744225
8.751925
8.775500
8.792450
8.810875
8.821550
8.841100
8.855375
8.874850
8.889975
8.895300
8.909050
8.919200
8.929425
8.939350
8.954850
8.971800
8.987325
9.006750
9.011450
9.019525
9.033175
9.040825
9.061625
9.073225
9.086575
9.090775
9.104250
9.107175
9.116525
9.132075
9.139700
9.152875
9.174275
9.187250
9.198850
9.211950
9.224575
9.242375
9.252975
9.265925
9.278450
9.310050
9.335300
9.358875
9.375175
9.382525
9.392050
9.404050
9.414100
9.427150
9.443675
9.456675
9.469350
9.482550
9.492625
9.504425
9.519150
9.533525
9.548150
9.555925
9.568750
9.583450
9.592850
9.601650
9.626600
9.642975
9.657900
9.671375
9.687000
9.696550
9.705450
9.715600
9.726650
9.735625
9.742225
9.756925
9.769175
9.783175
9.800950
9.814575
9.840450
9.851875
9.871925
9.897725
9.916175
9.931425
9.968650
9.980275
10.007825
10.021475
10.039425
10.065575
10.077200
10.082175
10.091750
10.113675
10.124200
10.136450
10.151150
10.168200
10.182925
10.193850
10.209375
10.220900
10.233450
10.245650
10.257725
10.266100
10.279525
10.296050
10.312575
10.322750
10.344725
10.359225
10.374550
10.394700
10.425825
10.450975
10.465275
10.487175
10.503625
10.513700
10.524150
10.534425
10.540675
10.549250
10.563175
10.575025
10.582125
10.590950
10.605175
10.611875
10.625075
10.636525
10.648750
10.669825
10.699075
10.718925
10.740175
10.752125
10.765625
10.794475
10.811500
10.827275
10.841425
10.857575
10.874075
10.884550
10.901300
10.908625
10.928625
10.944200
10.955200
10.970375
10.980800
10.991475
11.007600
11.025600
11.040875
11.049700
11.058675
11.073350
11.083650
11.088975
11.097975
11.118250
11.137125
11.157475
11.166025
11.186300
11.204550
11.238275
11.255250
11.267075
11.277650
11.296175
11.301700
11.310525
11.353175
11.375300
11.395500
11.408375
11.422125
11.432100
11.443525
11.459575
11.462775
11.469825
11.491575
11.526550
11.549825
11.562525
11.573775
11.578350
11.588150
11.592900
11.606400
11.614975
11.630375
11.642025
11.653825
11.670475
11.695500
11.715875
11.724700
11.740000
11.752750
11.763625
11.773925
11.782075
11.793100
11.818100
11.832150
11.852425
11.862800
11.869400
11.889150
11.894000
11.902850
11.912650
11.924000
11.933475
11.941825
11.953200
11.964175
11.972525
11.988475
12.008425
12.036675
12.060650
12.079575
12.108675
12.122375
12.130250
12.136275
12.145475
12.149150
12.169775
12.178475
12.191850
12.203075
12.212700
12.226325
12.229925
12.249225
12.278425
12.297575
12.314950
12.325500
12.336500
12.347950
12.362675
12.378925
12.390950
12.401500
12.410025
12.414750
12.429600
12.433250
12.443000
12.453825
12.470025
12.478625
12.486350
12.497300
12.512125
12.525375
12.558375
12.569200
12.579025
12.589900
12.603025
12.611825
12.627650
12.631300
12.651175
12.664550
12.668300
12.686050
12.694700
12.709475
12.724525
12.732475
12.741150
12.748875
12.763725
12.783925
12.787275
12.805450
12.815375
12.826550
12.836725
12.856375
12.876700
12.900850
12.935200
12.953325
12.962775
12.974600
12.992475
12.999750
13.012900
13.025825
13.038575
13.053750
13.067175
13.075925
13.085700
13.096700
13.106275
13.118375
13.131775
13.141475
13.148600
13.157300
13.172350
13.182400
13.193925
13.210625
13.229700
13.246000
13.255700
13.268450
13.283350
13.293075
13.300675
13.318150
13.326350
13.348875
13.367200
13.390675
13.403250
13.416000
13.423650
13.429175
13.446925
13.452675
13.464725
13.485475
13.498875
13.510400
13.522625
13.530950
13.541800
13.555300
13.593750
13.610025
13.622675
13.637475
13.650975
13.657750
13.664575
13.671025
13.675625
13.681500
13.686000
13.693975
13.709225
13.725675
13.737125
13.752600
13.768075
13.779850
13.792850
13.803425
13.810650
13.828375
13.849250
13.876275
13.908975
13.926925
13.938200
13.948175
13.954725
13.962050
13.978475
13.987725
13.998375
14.014125
14.030450
14.047725
14.057200
14.074575
14.084425
14.093650
14.113175
14.133250
14.155700
14.159350
14.179650
14.184275
14.193600
14.201700
14.207975
14.217700
14.221050
14.231650
14.240125
14.259525
14.271725
14.283400
14.291225
14.310600
14.318575
14.335250
14.344575
14.362450
14.393075
14.412550
14.425200
14.433050
14.445425
14.458975
14.469950
14.496425
14.499450
14.511300
14.519475
14.526900
14.540325
14.551775
14.582200
14.587975
14.591100
14.610625
14.622225
14.642075
14.672725
14.686125
14.707175
14.744225
14.754425
14.762825
14.777225
14.784475
14.790375
14.803900
14.814975
14.822275
14.842225
14.852600
14.865950
14.889450
14.910475
14.932975
14.953025
14.968325
14.980700
14.988900
14.997050
15.006250
15.015275
15.037650
15.046675
15.063350
15.076675
15.085875
15.100425
15.118725
15.131925
15.146200
15.159575
15.174475
15.191300
15.234225
15.242925
15.253350
15.260275
15.274775
15.298700
15.334750
15.347325
15.356275
15.368375
15.378925
15.394225
15.416900
15.428925
15.440950
15.458475
15.474350
15.482700
15.498225
15.511350
15.524325
15.535750
15.550575
15.556050
15.566775
15.572975
15.615950
15.632900
15.651575
15.668250
15.674250
15.679650
15.686025
15.698625
15.703150
15.713325
15.722550
15.740275
15.751300
15.763950
15.778050
15.788275
15.803625
15.836125
15.849025
15.856750
15.876925
15.915825
15.941575
15.964925
15.977525
15.985850
15.996425
16.009575
16.023200
16.034050
16.041025
16.063875
16.080475
16.089325
16.101325
16.111825
16.125125
16.139525
16.152950
16.157125
16.172075
16.184150
16.192375
16.206825
16.223725
16.228125
16.248725
16.268050
16.281775
16.297600
16.320400
16.335900
16.349450
16.364100
16.386850
16.398825
16.406975
16.417950
16.427100
16.445150
16.461875
16.490925
16.504825
16.527475
16.537000
16.548175
16.563575
16.574025
16.582525
16.596525
16.607000
16.618975
16.633250
16.644875
16.651875
16.661075
16.677725
16.689325
16.702900
16.722450
16.739525
16.753025
16.770950
16.792750
16.818600
16.860200
16.874575
16.887600
16.898075
16.911525
16.928700
16.937925
16.953125
16.963075
16.974475
17.001100
17.010275
17.023325
17.040575
17.045250
17.062375
17.067900
17.077725
17.087075
17.094875
17.105325
17.111550
17.130950
17.142850
17.157700
17.172225
17.199400
17.212925
17.223500
17.241000
17.277025
17.296000
17.312700
17.326800
17.335925
17.343200
17.346925
17.366575
17.374450
17.387825
17.406475
17.421700
17.429325
17.438975
17.443825
17.477325
17.500300
17.518575
17.527550
17.537800
17.546300
17.557725
17.566625
17.570850
17.587125
17.605525
17.611475
17.626775
17.639675
17.649425
17.661750
17.676250
17.698650
17.719350
17.738725
17.749850
17.754800
17.761650
17.782600
17.805150
17.854875
17.884225
17.907075
17.922125
17.948525
17.956175
17.990800
18.000450
18.010400
18.018075
18.031100
18.040525
18.071675
18.082450
18.090075
18.097150
18.108650
18.116275
18.126550
18.139725
18.151875
18.182175
18.185250
18.202900
18.220375
18.236125
18.244300
18.266150
18.279575
18.317525
18.332925
18.341875
18.348025
18.356125
18.383150
18.392700
18.405025
18.412400
18.424150
18.432175
18.440825
18.453675
18.464475
18.471900
18.483425
18.491925
18.497125
18.520900
18.530150
18.535700
18.546575
18.556075
18.566150
18.576325
18.581950
18.609075
18.638225
18.644975
18.666325
18.681075
18.691650
18.704850
18.722725
18.733325
18.744450
18.760150
18.767800
18.783675
18.803800
18.818500
18.826025
18.834375
18.848350
18.854800
18.860225
18.872825
18.889400
18.901775
18.913300
18.930300
18.939025
18.950925
18.960700
18.976950
18.983525
19.002550
19.015025
19.024750
19.034175
19.046250
19.062750
19.078850
19.093275
19.112925
19.123750
19.131100
19.140600
19.152775
19.156725
19.171425
19.194150
19.208225
19.215225
19.234675
19.245250
19.248675
19.266025
19.280075
19.286200
19.303400
19.316325
19.325125
19.335875
19.359275
19.369525
19.383200
19.396425
19.414400
19.435600
19.462100
19.479000
19.490300
19.510325
19.532850
19.541400
19.548575
19.557850
19.572750
19.585675
19.601300
19.628700
19.639225
19.661050
19.665025
19.680150
19.702325
19.722425
19.733600
19.741900
19.752025
19.769325
19.772875
19.792050
19.796550
19.810050
19.825325
19.860275
19.867700
19.887725
19.917950
19.927800
19.936675
19.952850
19.968425
19.974625
19.986175
19.989775
19.998900
20.002550
20.011275
20.022000
20.028025
20.042650
20.051500
20.068700
20.083425
20.090675
20.112875
20.126450
20.131250
20.151375
20.154950
20.171800
20.200200
20.208850
20.246725
20.267950
20.280275
20.307800
20.318075
20.339100
20.347575
20.359725
20.379025
20.386250
20.394300
20.412000
20.418850
20.432400
20.444575
20.458325
20.476250
20.485200
20.496600
20.509850
20.526100
20.543425
20.557100
20.572425
20.581775
20.621800
20.641500
20.655775
20.664300
20.674625
20.682350
20.691200
20.700025
20.708425
20.720550
20.726550
20.734125
20.746775
20.762300
20.766975
20.780400
20.791675
20.808250
20.820075
20.831150
20.847800
20.861825
20.882750
20.907700
20.923450
20.943700
20.954275
20.967050
20.979025
20.993650
21.004025
21.010725
21.043100
21.057450
21.088075
21.106775
21.119425
21.136050
21.141425
21.154700
21.164875
21.199300
21.211975
21.218700
21.232200
21.243250
21.253750
21.265850
21.281325
21.292300
21.298000
21.312525
21.325400
21.340200
21.368625
21.379750
21.391200
21.403575
21.412600
21.429225
21.440225
21.465275
21.471925
21.491125
21.512950
21.537325
21.561600
21.576400
21.589050
21.602300
21.611875
21.623050
21.632275
21.639925
21.656375
21.669000
21.687375
21.694875
21.722625
21.736425
21.746725
21.754525
21.767950
21.779550
21.797450
21.809775
21.836475
21.856400
21.877425
21.890850
21.907975
21.923000
21.931175
21.946775
21.961700
21.974725
21.999625
22.048825
22.077250
22.091700
22.097550
22.110900
22.125975
22.136300
22.146350
22.158275
22.160400
22.172375
22.180425
22.211250
22.230950
22.245750
22.256025
22.272750
22.279950
22.292650
22.311675
22.328875
22.341550
22.359600
22.375300
22.383050
22.393450
22.404025
22.416100
22.433400
22.438950
22.453200
22.463025
22.475875
22.495000
22.509475
22.526225
22.543250
22.561775
22.574375
22.647075
22.660950
22.679325
22.685550
22.711250
22.718800
22.736150
22.749075
22.762300
22.770800
22.784375
22.801925
22.814025
22.828075
22.844550
22.857275
22.867650
22.886900
22.912925
22.921825
22.960075
22.969025
23.015775
23.048900
23.071575
23.084475
23.098050
23.109375
23.123450
23.137025
23.146350
23.159150
23.171025
23.186100
23.203375
23.218925
23.235300
23.245450
23.258825
23.275475
23.285175
23.300525
23.310150
23.328200
23.339300
23.352250
23.364100
23.380100
23.383875
23.401575
23.411325
23.442550
23.454275
23.492300
23.523475
23.555875
23.572750
23.591525
23.609300
23.619675
23.631925
23.646350
23.665100
23.670800
23.684500
23.692275
23.705500
23.711225
23.721675
23.737325
23.746275
23.756775
23.774625
23.786775
23.798800
23.814650
23.836575
23.857575
23.871150
23.884050
23.896200
23.917100
23.933825
23.952475
23.965125
23.973350
23.989900
24.025550
24.041675
24.058525
24.071550
24.081100
24.085625
24.102175
24.116525
24.128325
24.140475
24.155425
24.171700
24.187600
24.220500
24.236725
24.255375
24.265350
24.278125
24.293250
24.313375
24.328075
24.343200
24.353625
24.372900
24.384775
24.398500
24.409525
24.418275
24.430625
24.443500
24.455050
24.475875
24.495925
24.508025
24.523050
24.543500
24.554075
24.564950
24.577450
24.583500
24.596975
24.604500
24.620100
24.632650
24.641025
24.660425
24.673650
24.695500
24.731500
24.744650
24.758175
24.768900
24.782150
24.790975
24.802925
24.817575
24.827475
24.840450
24.853000
24.859100
24.871875
24.882675
24.892750
24.904750
24.914575
24.923850
24.929500
24.939000
24.950850
24.963275
24.978450
25.002600
25.023100
25.038025
25.056600
25.074200
25.092900
25.110775
25.121175
25.132450
25.141350
25.149100
25.162025
25.185125
25.198775
25.209500
25.219875
25.223000
25.241725
25.273525
25.283300
25.300550
25.310875
25.315875
25.325650
25.355850
25.371000
25.386425
25.401650
25.418600
25.429925
25.437325
25.445100
25.461525
25.465350
25.471850
25.479975
25.489525
25.498450
25.512250
25.522450
25.535250
25.547150
25.566975
25.585450
25.606825
25.625200
25.655325
25.671475
25.691425
25.713300
25.722525
25.732475
25.745625
25.756375
25.761625
25.769425
25.773100
25.784700
25.795600
25.802125
25.812275
25.827050
25.834675
25.846250
25.849900
25.868225
25.900000
25.916900
25.934150
25.955475
25.972975
25.990425
26.004625
26.024550
26.038375
26.052050
26.058175
26.069625
26.079275
26.085825
26.095750
26.107550
26.114525
26.123750
26.128800
26.143900
26.166425
26.192775
26.202500
26.212100
26.229325
26.246525
26.262600
26.285775
26.302200
26.317950
26.333325
26.360375
26.372475
26.382200
26.390050
26.397475
26.408550
26.424050
26.448475
26.455650
26.470100
26.480975
26.495975
26.522650
26.528925
26.541550
26.557975
26.565350
26.598250
26.619425
26.621850
26.638700
26.657375
26.678175
26.688550
26.697050
26.707725
26.714525
26.718975
26.728775
26.741300
26.752300
26.761100
26.768700
26.774350
26.791025
26.805950
26.820625
26.827050
26.839175
26.849050
26.871375
26.880700
26.898975
26.912400
26.941550
26.971750
26.984450
27.000725
27.009325
27.017350
27.028775
27.039750
27.053425
27.065700
27.076250
27.090275
27.098325
27.108875
27.119900
27.131950
27.144250
27.159725
27.172275
27.181500
27.190325
27.201300
27.210800
27.216650
27.224675
27.235375
27.248350
27.269275
27.279175
27.290625
27.299575
27.319400
27.334625
27.349100
27.364875
27.384575
27.389950
27.403575
27.416025
27.430175
27.439800
27.448725
27.460925
27.469525
27.477300
27.484300
27.499725
27.510475
27.523050
27.531275
27.545725
27.583075
27.598875
27.614975
27.618425
27.633500
27.654275
27.668875
27.685450
27.698500
27.726100
27.758525
27.772800
27.781900
27.793425
27.801225
27.808075
27.814575
27.826025
27.840275
27.856575
27.875475
27.895050
27.902075
27.913950
27.921625
27.929550
27.938850
27.950225
27.961600
27.973025
27.987500
28.000850
28.016200
28.024400
28.040225
28.046550
28.056375
28.065750
28.079050
28.088425
28.097975
28.108200
28.111675
28.124700
28.131850
28.135675
28.146425
28.164800
28.177800
28.189450
28.200575
28.218400
28.230925
28.260475
28.269750
28.286125
28.312650
28.328100
28.343175
28.370625
28.393075
28.400075
28.410350
28.420850
28.425300
28.442350
28.456125
28.468475
28.479475
28.509625
28.535900
28.555775
28.572950
28.588350
28.597275
28.602000
28.614625
28.626475
28.639550
28.655675
28.661225
28.674475
28.684300
28.696600
28.713975
28.725750
28.741550
28.755775
28.774600
28.780275
28.792750
28.803025
28.813950
28.822350
28.837200
28.850625
28.880025
28.887725
28.909675
28.928075
28.941925
28.955225
28.964900
28.979050
28.998150
29.038275
29.048425
29.054450
29.064075
29.076125
29.089300
29.107275
29.120425
29.152800
29.163100
29.175000
29.195250
29.211575
29.220150
29.232750
29.247300
29.266075
29.278825
29.297875
29.306800
29.318350
29.329000
29.340250
29.350225
29.367650
29.379575
29.400225
29.419450
29.431775
29.451500
29.469250
29.510675
29.533425
29.566650
29.586675
29.606050
29.619675
29.635125
29.653925
29.665375
29.682250
29.690275
29.704350
29.719200
29.732475
29.754400
29.771725
29.783700
29.796850
29.807200
29.826075
29.831225
29.844750
29.855550
29.889275
29.902350
29.922000
29.933425
29.957150
29.978425
