0.003350
0.024675
0.034625
0.043375
0.055125
0.069700
0.081925
0.103925
0.118500
0.133175
0.157800
0.169325
0.191500
0.209625
0.253400
0.283225
0.299650
0.316925
0.332025
0.353250
0.364675
0.373750
0.389425
0.397700
0.407500
0.441500
0.459075
0.477000
0.495925
0.512000
0.550550
0.564500
0.575100
0.591250
0.606100
0.622275
0.640100
0.649875
0.678425
0.688125
0.700525
0.709500
0.716975
0.737425
0.749550
0.763300
0.775475
0.781750
0.793700
0.804200
0.819175
0.840375
0.870475
0.883750
0.903075
0.918225
0.930650
0.943425
0.961925
0.979750
0.997700
1.014200
1.028075
1.046350
1.058475
1.070225
1.081075
1.098000
1.115000
1.134025
1.153950
1.168425
1.181525
1.222925
1.233725
1.252825
1.281375
1.320725
1.333950
1.353550
1.368250
1.382075
1.405425
1.422075
1.426275
1.436675
1.463050
1.467500
1.474100
1.478500
1.484050
1.490975
1.498850
1.507075
1.526850
1.537575
1.548175
1.557525
1.572775
1.586675
1.597850
1.610550
1.627275
1.634750
1.645550
1.653975
1.661950
1.676275
1.688550
1.703050
1.711500
1.726250
1.737875
1.749625
1.761425
1.773325
1.790175
1.805350
1.814275
1.836400
1.843125
1.860600
1.877100
1.889850
1.902575
1.924750
1.938350
1.950425
1.968850
1.973775
1.990800
2.000400
2.009825
2.019200
2.027875
2.038500
2.045475
2.059100
2.071000
2.086250
2.096200
2.110375
2.122100
2.139375
2.151525
2.164475
2.182300
2.195725
2.204625
2.223800
2.229875
2.244850
2.271300
2.300650
2.314550
2.328675
2.337550
2.360900
2.372600
2.384125
2.392250
2.402950
2.420050
2.428200
2.438125
2.451575
2.464375
2.477625
2.507975
2.542000
2.567825
2.581600
2.598150
2.616850
2.648725
2.666175
2.682500
2.712200
2.734150
2.745700
2.758925
2.768525
2.775000
2.783800
2.791375
2.802850
2.814175
2.815900
2.828900
2.840975
2.854675
2.867550
2.880850
2.893800
2.910725
2.919425
2.941975
2.955025
2.971800
2.985675
3.012925
3.026575
3.046500
3.066150
3.076600
3.088200
3.097600
3.111200
3.126475
3.135700
3.142450
3.149050
3.162750
3.177150
3.209875
3.227275
3.240600
3.267675
3.280750
3.302900
3.312175
3.323425
3.343375
3.370700
3.381950
3.414750
3.420425
3.429775
3.436375
3.441800
3.455750
3.461225
3.477025
3.484075
3.511850
3.528250
3.540275
3.552025
3.566975
3.578850
3.589000
3.599875
3.607325
3.623700
3.639500
3.657475
3.672625
3.694500
3.717750
3.736175
3.753200
3.791275
3.803575
3.824350
3.834500
3.883800
3.889975
3.898000
3.907975
3.915975
3.926800
3.936875
3.972500
3.985925
3.996500
4.018725
4.033950
4.053375
4.071175
4.087350
4.100400
4.111475
4.120500
4.135975
4.154650
4.168550
4.182900
4.191875
4.210550
4.244600
4.269975
4.282925
4.297725
4.318675
4.336775
4.343825
4.359150
4.373250
4.389675
4.403225
4.413575
4.425550
4.437300
4.446350
4.476975
4.486400
4.494225
4.506175
4.525600
4.542900
4.568575
4.589025
4.601600
4.637475
4.661750
4.683250
4.699725
4.713850
4.730150
4.756425
4.769700
4.791150
4.802950
4.819950
4.840700
4.850125
4.864725
4.873175
4.886200
4.894075
4.903850
4.920375
4.933625
4.972625
4.987075
5.001775
5.016750
5.029350
5.039700
5.050075
5.063075
5.072475
5.085775
5.097375
5.105225
5.111700
5.115075
5.125400
5.134650
5.153700
5.166550
5.178425
5.189625
5.220050
5.238350
5.271250
5.281725
5.295725
5.322825
5.350800
5.366300
5.381525
5.393450
5.404950
5.416400
5.417300
5.433675
5.441925
5.446875
5.454275
5.468550
5.481550
5.489475
5.499625
5.514300
5.539300
5.552975
5.584875
5.603200
5.614000
5.641650
5.655200
5.665350
5.682975
5.690250
5.699050
5.706700
5.713800
5.725900
5.738475
5.758775
5.765550
5.781350
5.797475
5.807750
5.819800
5.836775
5.865200
5.888225
5.894950
5.905200
5.916750
5.923400
5.929975
5.940700
5.957075
5.984400
5.991150
6.007150
6.013850
6.020375
6.030250
6.040875
6.048075
6.084425
6.097150
6.108275
6.116025
6.125375
6.131875
6.150200
6.199800
6.228475
6.237850
6.268375
6.276875
6.287500
6.295225
6.306050
6.334275
6.369575
6.388100
6.401550
6.445000
6.462950
6.475950
6.487925
6.502650
6.510025
6.523350
6.535800
6.546500
6.567475
6.573050
6.580975
6.586950
6.596175
6.618600
6.633700
6.650875
6.656600
6.665250
6.684950
6.699575
6.716175
6.731125
6.758775
6.764400
6.788975
6.801000
6.806350
6.812750
6.817800
6.838625
6.842075
6.852350
6.858775
6.874150
6.884950
6.892375
6.899925
6.907400
6.917950
6.927250
6.958650
6.966275
6.971700
6.983300
6.995100
7.006700
7.012975
7.023975
7.028975
7.036400
7.043250
7.054750
7.082825
7.112450
7.132350
7.166100
7.184125
7.200050
7.236775
7.249550
7.266825
7.280775
7.297700
7.318700
7.330850
7.350675
7.361000
7.370875
7.379500
7.383350
7.393300
7.404025
7.411025
7.417050
7.420525
7.427100
7.441575
7.463525
7.467350
7.478550
7.479750
7.489200
7.497600
7.502550
7.512475
7.520825
7.539825
7.553925
7.563700
7.576300
7.582975
7.589200
7.595175
7.605575
7.613875
7.626650
7.632800
7.639325
7.644525
7.653175
7.658725
7.666950
7.677325
7.689600
7.696975
7.708525
7.715425
7.723075
7.737575
7.747225
7.777325
7.791750
7.820025
7.855750
7.866400
7.902600
7.915700
7.933325
7.942450
7.948500
7.963800
7.979250
7.987125
7.998525
8.005125
8.012925
8.019025
8.028450
8.033675
8.047825
8.053075
8.059375
8.063450
8.072600
8.079225
8.084650
8.099625
8.107900
8.119100
8.129275
8.150350
8.163575
8.189000
8.204450
8.216000
8.231900
8.257350
8.280275
8.303450
8.313375
8.334300
8.356075
8.370525
8.390075
8.407075
8.419475
8.432300
8.463725
8.482500
8.490475
8.497700
8.507350
8.511725
8.519050
8.530750
8.564625
8.577050
8.586000
8.603375
8.636575
8.648450
8.665700
8.683625
8.699225
8.708750
8.734525
8.752100
8.765850
8.786425
8.807325
8.820900
8.833125
8.843025
8.855550
8.862050
8.866775
8.875400
8.880300
8.886375
8.895650
8.900450
8.903925
8.914900
8.921575
8.930700
8.942025
8.954425
8.973200
8.980575
9.001100
9.005200
9.008975
9.012225
9.018525
9.028075
9.047300
9.104225
9.120975
9.138125
9.154925
9.177675
9.186000
9.196850
9.233875
9.250000
9.291625
9.304250
9.322575
9.333700
9.345875
9.350925
9.357150
9.363350
9.385475
9.390200
9.395075
9.401650
9.424000
9.439125
9.450525
9.472775
9.496950
9.519275
9.529325
9.538450
9.548150
9.562850
9.568000
9.576700
9.593250
9.614500
9.621000
9.641200
9.651950
9.661500
9.674825
9.690400
9.704200
9.723650
9.738575
9.750225
9.788075
9.792300
9.798575
9.799650
9.803250
9.808950
9.816025
9.820875
9.823775
9.827625
9.831350
9.838025
9.840875
9.844625
9.847325
9.853950
9.864975
9.869400
9.876450
9.896375
9.899250
9.918075
9.921625
9.931400
9.946925
9.966100
9.975750
9.987400
10.003850
10.036175
10.050400
10.061425
10.082150
10.132625
10.153575
10.164475
10.182550
10.205900
10.222225
10.235675
10.249600
10.262275
10.292200
10.308175
10.322000
10.330425
10.384175
10.400500
10.414650
10.449675
10.465200
10.477200
10.500775
10.533525
10.546700
10.563225
10.577875
10.595275
10.608600
10.623500
10.639825
10.658625
10.676575
10.688000
10.706350
10.714900
10.736950
10.750825
10.764900
10.780200
10.795650
10.808125
10.836275
10.853075
10.871300
10.873300
10.886875
10.904825
10.916325
10.927900
10.947425
10.962325
10.971450
10.986525
10.999225
11.021550
11.036550
11.047100
11.057900
11.068600
11.080400
11.101425
11.107475
11.113350
11.120250
11.131550
11.136050
11.139225
11.142075
11.146075
11.160200
11.170300
11.177050
11.179825
11.183675
11.189275
11.217100
11.232425
11.237300
11.261525
11.269825
11.290800
11.301150
11.320300
11.338550
11.354375
11.375300
11.389500
11.410200
11.422325
11.437075
11.460525
11.472825
11.502525
11.523800
11.535500
11.543950
11.560800
11.579850
11.598650
11.608925
11.625900
11.643350
11.655500
11.661800
11.671700
11.676875
11.687825
11.693925
11.700950
11.708850
11.713150
11.716250
11.727925
11.732250
11.735350
11.741325
11.745450
11.753125
11.780325
11.783575
11.808350
11.811875
11.816900
11.829000
11.851200
11.869325
11.897375
11.913850
11.939075
11.958825
11.978375
11.998900
12.019550
12.030300
12.051925
12.058550
12.070900
12.084950
12.094425
12.123400
12.131125
12.137475
12.147325
12.151775
12.167625
12.187900
12.203475
12.221925
12.235525
12.249525
12.333625
12.348275
12.364875
12.381600
12.394175
12.400550
12.426650
12.439875
12.447200
12.451050
12.462125
12.476000
12.483450
12.505400
12.532650
12.588175
12.607475
12.618000
12.635475
12.646475
12.656450
12.668400
12.684625
12.703000
12.716725
12.726950
12.740050
12.746825
12.753775
12.758950
12.771075
12.786350
12.792675
12.800850
12.810450
12.813950
12.817100
12.827750
12.833400
12.841250
12.846025
12.855275
12.886025
12.903125
12.912675
12.945600
12.959175
12.972275
12.990725
13.031725
13.050625
13.064800
13.079400
13.100400
13.114925
13.132550
13.148800
13.169225
13.190500
13.199700
13.209625
13.233400
13.246625
13.251300
13.256400
13.272200
13.293000
13.296850
13.302425
13.306300
13.309275
13.364200
13.381200
13.390000
13.410200
13.420975
13.433900
13.444075
13.453675
13.494750
13.516850
13.533800
13.550925
13.570425
13.588050
13.601075
13.615825
13.631700
13.654175
13.662000
13.667025
13.672225
13.680650
13.688625
13.693550
13.697800
13.701500
13.707725
13.711300
13.717075
13.721300
13.740475
13.749675
13.765375
13.776550
13.792275
13.805100
13.817150
13.826900
13.854750
13.905450
13.919650
13.936100
13.944025
13.954325
13.964575
13.974350
13.999700
14.011050
14.020200
14.049600
14.062825
14.093325
14.104575
14.129425
14.153825
14.166500
14.179775
14.199350
14.215925
14.230600
14.246225
14.277925
14.291925
14.318875
14.342500
14.354725
14.370850
14.382825
14.398200
14.406700
14.418075
14.423900
14.447250
14.466275
14.478900
14.503700
14.519150
14.539950
14.559950
14.582025
14.602325
14.615200
14.628925
14.637750
14.651825
14.665950
14.677825
14.690825
14.706050
14.715300
14.729000
14.740425
14.760150
14.774975
14.783925
14.799125
14.816900
14.829025
14.854825
14.865950
14.879550
14.910625
14.938175
14.956950
14.970950
14.985125
14.997475
15.015025
15.048000
15.062700
15.074550
15.090900
15.109900
15.128625
15.146375
15.161750
15.176675
15.196900
15.216225
15.231475
15.243600
15.282150
15.296725
15.321525
15.336325
15.350550
15.386475
15.400400
15.411150
15.429500
15.458325
15.478775
15.504150
15.517300
15.531100
15.538900
15.557375
15.568650
15.583250
15.593600
15.599425
15.609200
15.624050
15.652350
15.689950
15.709550
15.738575
15.771600
15.788725
15.808625
15.817625
15.830450
15.851050
15.864125
15.872775
15.883325
15.891550
15.899575
15.909800
15.918150
15.935325
15.950150
15.972425
15.983650
15.998300
16.014875
16.030725
16.059875
16.079725
16.093225
16.123200
16.137675
16.147900
16.172975
16.186825
16.202675
16.219875
16.235500
16.249025
16.265075
16.288775
16.305650
16.323700
16.363250
16.376025
16.390975
16.405925
16.421875
16.456050
16.467750
16.488000
16.494625
16.516200
16.525225
16.532100
16.547775
16.562025
16.572000
16.590650
16.648950
16.660725
16.676850
16.690375
16.720950
16.735575
16.751000
16.760625
16.771250
16.777475
16.785425
16.794775
16.808450
16.813375
16.826625
16.831075
16.840350
16.849825
16.853725
16.863850
16.868025
16.881925
16.899675
16.922275
16.931925
16.943775
16.955125
16.967050
16.983950
17.010425
17.045725
17.060725
17.081275
17.105950
17.116425
17.125725
17.135325
17.157025
17.169275
17.199600
17.213200
17.224950
17.239000
17.254025
17.267925
17.281475
17.294350
17.323400
17.329925
17.341950
17.349525
17.353750
17.363225
17.374975
17.393750
17.402825
17.409675
17.419200
17.432175
17.435350
17.440275
17.461325
17.467475
17.480975
17.504075
17.521750
17.533650
17.547875
17.577525
17.614250
17.629775
17.641800
17.657950
17.671325
17.700350
17.717275
17.733975
17.778450
17.789025
17.799075
17.808825
17.837625
17.846850
17.865275
17.873500
17.878800
17.889525
17.899125
17.920700
17.971975
17.980475
18.034825
18.044450
18.061550
18.079925
18.098400
18.116025
18.126800
18.146700
18.152150
18.159175
18.166775
18.170975
18.177275
18.189225
18.196900
18.200625
18.217950
18.222075
18.231750
18.239600
18.275425
18.290075
18.311500
18.325075
18.360150
18.377325
18.392450
18.401000
18.407825
18.417400
18.433725
18.439900
18.451400
18.459175
18.472825
18.486875
18.492600
18.495575
18.501425
18.514875
18.521975
18.525525
18.572075
18.577475
18.598475
18.613650
18.630175
18.650500
18.653575
18.664450
18.669525
18.692425
18.722200
18.729575
18.733575
18.736725
18.754075
18.760825
18.769375
18.771875
18.774550
18.789175
18.822050
18.828950
18.866375
18.922900
18.942875
18.963200
18.978575
18.989425
19.000450
19.011400
19.028350
19.050450
19.061975
19.081875
19.097750
19.114875
19.127650
19.140100
19.163050
19.170675
19.179600
19.190400
19.196175
19.257875
19.280300
19.288250
19.304375
19.323000
19.352375
19.373025
19.391975
19.403375
19.415100
19.433325
19.450350
19.459625
19.476025
19.489425
19.508350
19.544075
19.568075
19.579350
19.610975
19.623650
19.630850
19.669000
19.686475
19.695500
19.705600
19.731325
19.739725
19.754450
19.765975
19.781050
19.804525
19.821075
19.831825
19.845750
19.856725
19.877550
19.904975
19.938950
19.954675
19.973975
19.992050
20.006750
20.026500
20.038700
20.051950
20.069000
20.080225
20.094000
20.139825
20.156950
20.173450
20.190175
20.204325
20.221400
20.240175
20.258975
20.274575
20.287725
20.303475
20.320525
20.337950
20.348125
20.359475
20.384150
20.388625
20.399525
20.409725
20.421475
20.435675
20.448650
20.460675
20.472325
20.498650
20.514350
20.529850
20.545325
20.558925
20.575200
20.586000
20.602100
20.627950
20.645975
20.667600
20.684050
20.698125
20.721200
20.756725
20.775950
20.802425
20.823525
20.837425
20.853250
20.870650
20.888100
20.899000
20.910400
20.925775
20.942350
20.957725
20.971775
20.993700
21.006500
21.016850
21.031175
21.049650
21.070475
21.083150
21.095250
21.113200
21.132625
21.158375
21.170550
21.185375
21.194975
21.216400
21.253225
21.264750
21.276625
21.282200
21.317200
21.341925
21.353425
21.371875
21.405675
21.418800
21.437900
21.458550
21.469725
21.482250
21.500825
21.520250
21.532825
21.555425
21.569850
21.590775
21.615100
21.628925
21.641600
21.655100
21.672325
21.681250
21.694675
21.704700
21.721675
21.735125
21.740375
21.749875
21.759300
21.768825
21.792575
21.801600
21.821475
21.840725
21.856800
21.885600
21.924025
21.937300
21.959000
21.975650
21.990150
22.002050
22.011075
22.018675
22.028675
22.033325
22.038475
22.042850
22.051575
22.055900
22.059575
22.064400
22.092075
22.126450
22.135350
22.154200
22.160675
22.173450
22.182800
22.192125
22.212400
22.225625
22.256375
22.279675
22.295100
22.313650
22.327175
22.346575
22.359550
22.376125
22.391100
22.420225
22.457075
22.472250
22.481225
22.489600
22.499700
22.529650
22.539900
22.548775
22.560850
22.576025
22.589075
22.596000
22.602450
22.614450
22.620625
22.633325
22.639400
22.652900
22.660925
22.670725
22.684550
22.707350
22.722350
22.759625
22.772650
22.791525
22.806900
22.819650
22.831650
22.865775
22.881675
22.895650
22.907775
22.921875
22.940100
22.953025
22.960700
22.970875
22.977850
22.985350
22.995775
23.004775
23.012725
23.026300
23.041550
23.052825
23.060525
23.075350
23.090500
23.109600
23.158975
23.169150
23.195925
23.226650
23.243325
23.281600
23.288275
23.297175
23.307475
23.316025
23.325450
23.338350
23.346900
23.359300
23.371750
23.383600
23.404150
23.429900
23.444800
23.459475
23.471025
23.478975
23.504950
23.522800
23.541750
23.557475
23.575525
23.592725
23.606225
23.623200
23.641325
23.654100
23.674950
23.688925
23.709575
23.726950
23.734675
23.742425
23.750375
23.756750
23.761025
23.770125
23.775100
23.782925
23.790650
23.794375
23.810100
23.816400
23.821675
23.850700
23.855300
23.863275
23.870425
23.879825
23.882325
23.890175
23.897175
23.948175
24.000475
24.020100
24.044275
24.061950
24.074925
24.089700
24.113675
24.132400
24.151300
24.164125
24.192775
24.199975
24.207350
24.218800
24.221150
24.226975
24.236350
24.251175
24.259575
24.260825
24.269450
24.284875
24.293525
24.308575
24.322725
24.343050
24.360525
24.375900
24.391475
24.401400
24.420725
24.449825
24.458975
24.487275
24.504450
24.518100
24.520100
24.535525
24.548400
24.584300
24.599975
24.610625
24.624150
24.632775
24.643575
24.651425
24.658950
24.665625
24.686100
24.692150
24.693475
24.696850
24.702000
24.717100
24.727025
24.731125
24.737125
24.749025
24.754175
24.763625
24.773250
24.782325
24.793050
24.807050
24.811250
24.821850
24.827775
24.838275
24.844800
24.855350
24.880575
24.898475
24.906275
24.936150
24.947250
24.977150
24.994500
25.011425
25.022625
25.052925
25.076600
25.089425
25.123700
25.149625
25.153975
25.160550
25.166325
25.170400
25.175950
25.184825
25.193225
25.214550
25.228800
25.234575
25.285400
25.297450
25.308125
25.319500
25.323750
25.345100
25.352150
25.355500
25.375150
25.391500
25.399775
25.405600
25.418100
25.427700
25.435150
25.444225
25.450225
25.461225
25.478900
25.499350
25.509225
25.528275
25.540825
25.557275
25.575050
25.587925
25.602975
25.615975
25.627575
25.640175
25.647500
25.671125
25.681975
25.702550
25.714525
25.729925
25.745700
25.764300
25.779350
25.792325
25.813125
25.828725
25.849500
25.875150
25.887800
25.907775
25.920250
25.941825
25.957100
25.983500
26.001425
26.015000
26.036925
26.049325
26.062725
26.077300
26.091025
26.110800
26.152475
26.165950
26.185000
26.202750
26.213975
26.229875
26.239750
26.260525
26.279100
26.289800
26.308875
26.326325
26.350275
26.371425
26.406075
26.421175
26.433925
26.447900
26.478600
26.495600
26.530775
26.546100
26.566325
26.583700
26.600400
26.615550
26.629050
26.644450
26.661700
26.674850
26.688025
26.702625
26.716650
26.729800
26.746725
26.769375
26.788500
26.805050
26.829200
26.850425
26.873950
26.902175
26.919700
26.937500
26.953425
26.973900
26.993300
27.011200
27.035400
27.051650
27.068600
27.102600
27.120350
27.132375
27.149400
27.166025
27.216900
27.226175
27.241925
27.252325
27.266750
27.282800
27.297425
27.312325
27.328750
27.349075
27.358200
27.376750
27.391175
27.406675
27.419625
27.434825
27.445900
27.460050
27.475000
27.496225
27.520175
27.562975
27.583325
27.604325
27.627275
27.666600
27.678450
27.688400
27.701300
27.714925
27.729025
27.738250
27.743875
27.756650
27.767850
27.794800
27.813000
27.827800
27.844750
27.865300
27.885175
27.898150
27.917225
27.932000
27.946425
27.981800
27.984375
27.994975
28.017375
28.042200
28.052925
28.066325
28.080600
28.097425
28.109350
28.123675
28.131725
28.155425
28.163600
28.191225
28.201700
28.212475
28.231150
28.242825
28.261850
28.289400
28.305400
28.317675
28.343100
28.360300
28.382125
28.401425
28.416150
28.430950
28.443700
28.455850
28.467225
28.480600
28.490175
28.496975
28.507850
28.541150
28.562750
28.596850
28.610175
28.630050
28.647075
28.664875
28.693450
28.712400
28.727575
28.739725
28.752175
28.770925
28.791700
28.805425
28.815675
28.835900
28.859250
28.877075
28.891850
28.906000
28.920375
28.930625
28.943175
28.949150
28.957375
28.965375
28.984125
28.999075
29.009200
29.018850
29.020225
29.040675
29.059850
29.070200
29.079125
29.113025
29.132475
29.149250
29.203125
29.226400
29.243900
29.262700
29.295950
29.310925
29.323100
29.339550
29.360800
29.369975
29.383500
29.384525
29.395000
29.406875
29.421875
29.438200
29.447925
29.460475
29.473450
29.489225
29.503100
29.522700
29.535950
29.556275
29.578150
29.596650
29.619425
29.637975
29.648000
29.660475
29.670375
29.689000
29.706550
29.715275
29.725300
29.737400
29.751700
29.762850
29.788725
29.797975
29.822050
29.837650
29.854650
29.870725
29.884875
29.900000
29.914125
29.932900
29.943575
29.955525
29.963175
29.971275
29.981900
29.991375
