0.089525
0.209975
0.233600
0.292800
0.349975
0.400825
0.435525
0.493200
0.528950
0.644125
0.669100
0.736850
0.931525
1.062750
1.082950
1.093125
1.118275
1.256750
1.308850
1.331350
1.381675
1.591475
1.741050
1.773700
1.828725
1.886550
1.918475
1.966700
2.001100
2.145975
2.188600
2.223900
2.301275
2.397450
2.432575
2.480150
2.614675
2.632150
2.960125
2.992775
3.043075
3.073075
3.096725
3.110625
3.340975
3.395000
3.424750
3.437000
3.639575
3.705625
3.739850
3.745225
3.761150
3.772050
3.797825
4.007275
4.026425
4.201050
4.224050
4.271925
4.279625
4.332350
4.420625
4.480900
4.543275
4.569750
4.578000
4.600400
4.706425
4.894950
5.091550
5.141025
5.305225
5.360325
5.470975
5.526500
5.632575
5.740875
5.818300
5.839800
5.847475
5.857700
6.106950
6.114425
6.135950
6.231425
6.502025
6.545350
6.626750
6.672325
6.724250
6.733650
6.774100
6.805900
6.866100
7.029800
7.123300
7.138325
7.332425
7.354875
7.441725
7.511075
7.515850
7.625500
7.682575
8.157600
8.186450
8.228500
8.339150
8.352450
8.390950
8.472950
8.490775
8.853250
9.086525
9.171300
9.216150
9.394050
9.433250
9.449500
9.491975
9.743225
9.817525
9.993225
10.178950
10.193500
10.197250
10.225475
10.278150
10.373150
10.409650
10.795225
10.829950
10.838375
10.900425
11.135350
11.325650
11.449825
11.470100
11.502425
11.525100
11.550075
11.582175
11.703625
11.782425
11.866650
11.977500
12.170600
12.215225
12.233775
12.329925
12.604875
12.697975
12.782575
12.849650
12.922150
13.011550
13.027250
13.114250
13.131725
13.148100
13.155075
13.181975
13.194750
13.270125
13.356625
13.369525
13.440750
13.558300
13.665900
13.872825
14.023175
14.093950
14.131750
14.279925
14.589550
14.704725
15.104850
15.204025
15.648100
15.790125
15.855150
15.935125
16.114000
16.285475
16.486625
16.528300
16.541550
16.635775
16.699925
16.711150
16.770875
16.832950
16.893600
16.924275
16.955525
17.097700
17.147325
17.164400
17.213625
17.396800
17.533200
17.560200
17.591775
17.714750
17.863775
17.913525
17.966300
18.014950
18.020250
18.219450
18.295525
18.370575
18.548850
18.565325
19.098750
19.194075
19.274575
19.299650
19.449700
19.711125
20.015050
20.431400
20.457225
20.973050
21.003300
21.150675
21.260175
21.358450
21.440325
21.764950
21.859950
21.973125
21.988800
22.127025
22.242900
22.292325
22.523850
22.655375
22.929600
22.940450
23.614250
23.733600
23.741375
23.934425
24.028600
24.059050
24.128250
24.219950
24.240300
24.488300
24.524650
24.548600
24.660200
24.735600
24.756775
24.783350
25.192750
25.236325
25.310000
25.392700
25.508650
25.539975
25.570750
25.596575
25.704100
25.866150
25.945675
26.452000
26.474300
26.561225
26.584950
26.610225
26.771450
26.888550
27.172250
27.276300
27.306450
27.329550
27.344700
27.575800
27.623575
27.640525
28.422950
28.456775
28.491050
28.579825
28.837175
28.849800
29.271700
29.319875
29.352400
29.612175
29.797850
