0.072150
0.117550
0.144025
0.180525
0.193025
0.217575
0.286525
0.409575
0.573600
0.623200
0.686600
0.714000
0.815650
0.871550
0.963575
0.973375
0.990625
1.036700
1.104825
1.118125
1.137875
1.274900
1.293400
1.315075
1.370575
1.378650
1.396050
1.567400
1.615575
1.643150
1.694775
1.751500
1.816725
1.858525
1.884025
1.960200
2.059675
2.079825
2.149725
2.166450
2.216225
2.231050
2.293125
2.364500
2.437950
2.516075
2.543100
2.685775
2.814625
2.836275
2.910625
2.923625
2.989525
3.010700
3.039250
3.059825
3.138725
3.164025
3.284900
3.348175
3.362400
3.386475
3.409375
3.541275
3.553675
3.563225
3.599175
3.628850
3.695550
3.747200
3.852500
3.899850
4.034475
4.063225
4.072525
4.116800
4.174075
4.218275
4.340350
4.415725
4.441900
4.565300
4.606225
4.621075
4.910275
4.940075
5.006700
5.016325
5.096175
5.316700
5.341750
5.369475
5.419025
5.519725
5.648725
5.699175
5.715100
5.750000
5.848750
5.977700
6.126375
6.222825
6.266025
6.335775
6.354775
6.379700
6.390275
6.413025
6.500975
6.583975
6.614000
6.651925
6.676675
6.735750
6.798800
6.824550
7.092225
7.152650
7.249275
7.295075
7.407500
7.441200
7.610125
7.664375
7.687175
7.704000
7.823825
7.857050
7.917350
7.936475
8.042475
8.072325
8.083500
8.221300
8.244625
8.306375
8.366300
8.543300
8.701650
8.727850
8.746625
8.756050
8.844200
8.994500
9.005775
9.016675
9.025650
9.045875
9.072950
9.091950
9.142975
9.274775
9.286375
9.299950
9.317925
9.440450
9.449950
9.526425
9.575650
9.601825
9.670725
9.832525
9.888150
9.977950
10.257300
10.391400
10.452025
10.472375
10.694475
10.834075
10.898825
10.961250
10.985675
11.082375
11.152200
11.160100
11.210875
11.258200
11.424775
11.492050
11.566725
11.643300
11.733500
11.771000
11.947350
12.043325
12.051275
12.067475
12.094550
12.173350
12.182275
12.191575
12.245200
12.366400
12.438875
12.544375
12.665850
12.709700
12.723500
12.773175
12.799325
12.808125
12.849925
12.902200
12.914400
12.924425
13.159825
13.248150
13.261925
13.280275
13.288275
13.368425
13.420425
13.546750
13.578300
13.742075
13.756975
13.788225
13.877875
13.914800
13.950475
14.028325
14.070275
14.176825
14.220600
14.306225
14.317575
14.330150
14.400150
14.453250
14.538975
14.706875
14.722475
14.740150
14.752700
14.785800
14.810675
14.875150
14.971825
15.032125
15.100600
15.115150
15.176950
15.313200
15.349775
15.382800
15.406750
15.429625
15.451975
15.485475
15.565800
15.566725
15.608375
15.641525
15.743125
15.752450
15.761525
15.798000
15.831075
15.915650
15.979050
16.139300
16.264675
16.413050
16.627525
16.816700
16.879325
16.894775
16.957575
17.057400
17.096025
17.180225
17.213950
17.297675
17.408800
17.534950
17.601300
17.668675
17.716700
17.747075
17.970900
18.007450
18.060525
18.137600
18.171125
18.195250
18.217550
18.246150
18.250175
18.276475
18.312450
18.337725
18.419275
18.452125
18.462650
18.510800
18.714200
18.724500
18.844975
18.933925
18.964275
19.065800
19.120425
19.139925
19.156900
19.218525
19.342250
19.485275
19.497575
19.564675
19.575050
19.665800
19.676825
19.692575
19.726675
19.832025
19.922450
19.986150
20.087975
20.186600
20.212475
20.276725
20.613250
20.640475
20.731875
20.774200
20.787775
20.823975
20.851825
20.864525
20.894325
20.945750
21.223700
21.272175
21.347700
21.441575
21.481900
21.603550
21.638025
21.713125
21.757500
21.975650
21.991500
22.026225
22.054825
22.129525
22.185850
22.285275
22.424175
22.511700
22.595550
22.776925
23.034675
23.065475
23.125100
23.167250
23.177350
23.193750
23.263000
23.337200
23.512600
23.593700
23.619350
23.669850
23.710350
23.775350
23.921925
24.007225
24.024250
24.095400
24.138900
24.153175
24.201950
24.212300
24.231275
24.248300
24.314475
24.382650
24.464400
24.520875
24.578250
24.668350
24.697475
24.735350
24.748275
24.765600
24.811050
25.000900
25.018575
25.065825
25.094825
25.109075
25.135975
25.152100
25.217400
25.244900
25.271525
25.283075
25.359300
25.514550
25.631425
25.676675
25.759725
25.783300
25.812475
25.823775
25.867100
26.002875
26.104100
26.114600
26.208350
26.256250
26.310100
26.326600
26.482125
26.488875
26.495200
26.567925
26.687525
26.849425
26.931700
27.030400
27.143025
27.192800
27.243625
27.278050
27.341600
27.349775
27.420325
27.433625
27.451500
27.501975
27.537925
27.556150
27.570550
27.604525
27.759750
27.820100
27.868025
27.955825
27.978650
27.985425
28.041950
28.073625
28.135525
28.306075
28.455025
28.497075
28.559850
28.590575
28.615575
28.632650
28.761275
28.831175
28.876850
28.901150
28.953700
28.962425
29.080900
29.123375
29.164375
29.189775
29.280300
29.291525
29.327050
29.336450
29.378450
29.415625
29.566225
29.587150
29.630200
29.640300
29.685350
29.701650
29.738925
29.826075
29.834875
29.896775
29.928475
