0.059600
0.094175
0.109475
0.112525
0.126700
0.155275
0.216850
0.262200
0.289325
0.342875
0.422250
0.566375
0.689175
0.700175
0.751175
0.816175
0.838700
0.903350
1.008025
1.041675
1.203900
1.304075
1.423575
1.739625
1.928100
2.034400
2.072550
2.074450
2.084525
2.284025
2.409325
2.544000
2.680375
2.686975
2.697900
2.717250
2.859075
2.917700
2.955850
3.003475
3.053850
3.091550
3.136150
3.150700
3.223675
3.377775
3.390900
3.394325
3.461200
3.493475
3.738575
3.868625
4.036600
4.076325
4.103575
4.141450
4.208075
4.332225
4.414625
4.565775
4.647775
4.775575
4.833675
4.956325
5.071675
5.082225
5.094200
5.235450
5.355325
5.374850
5.406350
5.416700
5.648150
5.668375
5.702675
5.841300
5.867000
5.921125
6.183675
6.289600
6.306575
6.319825
6.477600
6.541275
6.647025
6.695275
6.944200
6.965525
7.018050
7.139600
7.316875
7.326050
7.353175
7.366250
7.653150
7.746250
7.789475
7.814050
7.977775
8.010025
8.273600
8.344150
8.705000
8.720400
8.824975
9.093100
9.113125
9.144675
9.281600
9.360275
9.460750
9.496825
9.707850
9.726475
9.811225
9.822875
9.831800
10.011275
10.273175
10.377300
10.392925
10.429500
10.876450
10.905050
11.012475
11.031950
11.121350
11.169525
11.235550
11.358050
11.491200
11.635225
12.047050
12.059275
12.144425
12.481350
12.498500
12.530300
12.821575
12.930000
12.985850
13.060925
13.164400
13.213100
13.237375
13.455950
13.528400
13.604675
13.623100
13.628100
13.817250
13.905725
14.631925
14.709675
14.789300
15.029750
15.050250
15.084125
15.370675
15.389975
15.575175
15.691625
15.781875
15.805450
15.831975
15.849550
15.869400
15.888450
15.944550
15.957575
16.052400
16.072100
16.189575
16.238525
16.534900
16.560275
17.224300
17.782925
17.835950
18.488125
18.753800
19.284125
19.323850
19.632825
19.653350
19.680325
20.011600
20.371225
20.378375
20.808300
20.859825
20.987300
21.315700
21.435925
21.581625
21.588425
21.591625
21.596675
21.723525
21.785275
21.797750
22.107425
22.191450
22.237575
23.137075
23.384875
23.448000
23.506200
23.537650
23.842750
23.868400
23.924375
24.317925
24.361275
24.575675
24.607900
24.734775
25.255325
25.424675
25.794550
26.038650
26.144625
27.719450
27.782825
28.121425
28.527325
28.555675
28.887775
29.035350
29.063375
29.370550
29.453950
29.462925
29.772050
29.796925
