0.000975
0.008975
0.015250
0.028125
0.045725
0.208900
0.286250
0.342775
0.353600
0.377150
0.409400
0.433000
0.471550
0.504125
0.663650
0.705000
0.762825
0.786100
0.789225
0.809925
0.816350
0.821875
0.860975
0.876575
0.898350
0.915950
0.932950
0.949225
0.955000
0.977800
1.209725
1.308175
1.319625
1.333375
1.346775
1.357325
1.373025
1.401625
1.408550
1.422875
1.530925
1.654250
1.664925
1.671000
1.694800
1.699300
1.724975
1.731850
1.747325
1.752400
1.773150
1.789525
1.795150
1.801550
1.836450
1.878725
1.891300
1.927925
1.995175
2.228500
2.241400
2.251575
2.323550
2.335775
2.357350
2.657750
2.703350
2.717650
2.726625
2.733325
2.739200
2.743975
2.748450
2.756000
2.767775
2.773800
2.782450
2.793850
2.818200
2.991875
3.013325
3.018875
3.025475
3.032950
3.041625
3.066925
3.079550
3.103500
3.122775
3.191775
3.363175
3.402675
3.457875
3.483850
3.503100
3.509150
3.555875
3.570325
3.625650
3.698300
3.782950
3.879575
3.912775
3.921450
3.934850
3.960725
3.995050
4.083675
4.199375
4.228250
4.282650
4.337550
4.419225
4.438275
4.443375
4.448375
4.464125
4.478625
4.537575
4.545625
4.553625
4.585650
4.613725
4.770525
4.856500
4.892000
4.897925
4.917625
4.923300
4.930850
4.952200
4.957900
4.981625
4.987275
5.043950
5.076200
5.129725
5.191925
5.307050
5.359600
5.388775
5.397400
5.426775
5.442325
5.447750
5.544775
5.642775
5.705725
5.740525
5.805400
5.817275
5.820000
5.831300
5.857975
5.867425
5.900650
5.910450
5.919275
5.928400
5.936475
5.943375
5.953950
5.962675
6.006625
6.025550
6.097325
6.140025
6.356350
6.376750
6.383875
6.391700
6.405750
6.411925
6.453900
6.463375
6.473425
6.488050
6.602675
6.721500
6.824275
6.860425
6.870325
6.875425
6.881550
6.902525
6.921100
6.932250
6.938525
6.951675
6.976625
7.028100
7.088825
7.183625
7.232325
7.268925
7.400050
7.427725
7.436450
7.442800
7.449275
7.456150
7.468700
7.477350
7.486700
7.521525
7.570400
7.744075
7.788750
7.821775
7.829450
7.832375
7.836150
7.843450
7.915200
7.934675
7.956950
7.966750
7.981900
8.013375
8.258825
8.335650
8.349925
8.380100
8.390800
8.454000
8.465500
8.475350
8.478800
8.482825
8.492825
8.564400
8.756350
8.796925
8.973725
9.017750
9.125100
9.129900
9.136925
9.175850
9.183925
9.213950
9.247400
9.272225
9.290900
9.613075
9.624800
9.631900
9.650050
9.672600
9.691175
9.698350
9.704850
9.714750
9.727225
9.887825
9.917775
10.054300
10.102700
10.123925
10.145700
10.172200
10.218825
10.377700
10.476500
10.605100
10.624550
10.630300
10.635025
10.642325
10.648475
10.652625
10.692100
10.705675
10.764600
10.827150
10.943050
10.969125
11.197675
11.281575
11.293775
11.308300
11.327325
11.370150
11.374725
11.402775
11.426725
11.435725
11.441000
11.468075
11.489600
11.605475
11.847850
11.888550
11.916800
11.973400
11.983125
12.003175
12.016650
12.042525
12.057425
12.076525
12.099325
12.252200
12.423400
12.462600
12.516900
12.529950
12.538600
12.546325
12.556675
12.568125
12.622050
12.644800
12.715575
12.765300
12.850500
12.866225
12.873600
12.882500
12.888025
12.898475
12.909200
12.915375
12.953450
13.180100
13.225900
13.259250
13.318300
13.326600
13.341550
13.419925
13.430425
13.447050
13.455750
13.483675
13.504750
13.539950
13.632900
13.693575
13.812225
13.856375
13.879150
13.890025
13.897500
13.908625
14.032625
14.078375
14.152850
14.224375
14.248775
14.254100
14.260350
14.263575
14.268475
14.272250
14.277350
14.283350
14.287625
14.294175
14.302475
14.324050
14.335450
14.346750
14.514525
14.541350
14.581025
14.593450
14.600450
14.626125
14.662075
14.668425
14.673175
14.685350
14.701325
14.714675
14.737600
14.741875
14.763300
14.776300
14.786550
14.803250
14.814075
14.828175
15.201900
15.227925
15.246875
15.255000
15.261475
15.274850
15.297500
15.310775
15.337075
15.641850
15.650125
15.667075
15.681425
15.689200
15.696450
15.710100
15.718125
15.739050
15.753800
15.902650
16.009300
16.065900
16.152400
16.197300
16.211575
16.239650
16.254750
16.272925
16.283525
16.302775
16.376400
16.401650
16.460100
16.481100
16.508800
16.550375
16.597825
16.644075
16.694825
16.728300
16.815475
16.871650
16.884150
16.890350
16.896075
16.900400
16.905500
16.909225
16.921625
16.926700
16.935650
16.943475
16.972650
16.986875
17.001750
17.032075
17.045225
17.055550
17.064850
17.093800
17.155700
17.195700
17.327600
17.370725
17.412625
17.440950
17.476050
17.479800
17.501650
17.518275
17.522725
17.544900
17.550325
17.577450
17.589875
17.593400
17.618250
17.646350
17.680650
17.898125
17.906500
17.912175
17.922050
17.926775
17.976900
17.996925
18.019475
18.038250
18.055025
18.077500
18.098250
18.136550
18.171225
18.463625
18.490200
18.498325
18.506025
18.512550
18.517800
18.523700
18.538000
18.546400
18.572300
18.593325
18.735825
18.982525
19.008125
19.011000
19.014425
19.018450
19.032200
19.036450
19.040950
19.063050
19.087675
19.118000
19.174975
19.275400
19.293675
19.300050
19.306225
19.329400
19.402000
19.455575
19.510425
19.617875
19.677250
19.812300
19.819800
19.827000
19.840275
19.881575
19.912625
19.934575
19.956550
19.980550
20.071925
20.126525
20.183025
20.218050
20.257550
20.294325
20.309575
20.313250
20.323700
20.357500
20.385025
20.576750
20.649000
20.809800
20.834075
20.847875
20.859025
20.875850
20.921900
20.964125
21.026000
21.104675
21.162400
21.309300
21.322125
21.327425
21.330975
21.337550
21.351625
21.354750
21.386275
21.399350
21.406200
21.486500
21.658725
21.843600
21.858225
21.874550
21.879600
21.888150
21.899650
21.916425
21.955450
21.978550
22.092325
22.135075
22.181400
22.207325
22.219925
22.249525
22.261675
22.269300
22.273650
22.280075
22.306275
22.312425
22.320500
22.335175
22.349725
22.366225
22.462075
22.501550
22.529175
22.622300
22.665675
22.738875
22.789725
22.798675
22.802775
22.808150
22.825100
22.850800
22.913425
22.927825
22.947350
22.966225
23.240200
23.275900
23.281375
23.290900
23.314550
23.326225
23.330825
23.334525
23.352800
23.379275
23.403700
23.408075
23.436700
23.751700
23.858525
23.872275
23.877800
23.913075
23.930300
23.932375
23.951600
23.955125
23.965200
23.978850
24.018525
24.043600
24.063425
24.076225
24.086875
24.109200
24.165425
24.479775
24.566700
24.613125
24.688275
24.790375
24.794975
24.804000
24.815675
24.841350
24.872825
24.909500
24.924875
24.960000
25.096800
25.133650
25.211100
25.329775
25.411450
25.423525
25.449525
25.468000
25.480300
25.488150
25.493825
25.545125
25.557025
25.590750
25.726500
25.776300
25.889000
25.894550
25.899475
25.916600
25.929500
25.940100
25.946175
25.963375
25.969125
25.975575
25.981650
25.987075
25.994275
25.999575
26.010750
26.078975
26.118150
26.120750
26.123100
26.143600
26.153800
26.167725
26.170975
26.200975
26.210200
26.219075
26.236875
26.298325
26.343575
26.614300
26.624350
26.638375
26.654650
26.660275
26.665475
26.693675
26.707800
26.735800
26.752275
26.759625
26.772175
27.163000
27.169775
27.185950
27.199375
27.217275
27.222325
27.237475
27.244300
27.249725
27.271275
27.316325
27.344875
27.431475
27.524450
27.655825
27.731300
27.743675
27.751525
27.806325
27.837450
27.849450
27.912125
28.165050
28.213325
28.224300
28.235025
28.249875
28.272500
28.279150
28.290575
28.370125
28.477275
28.553950
28.590975
28.603150
28.619600
28.641250
28.656500
28.672450
28.687400
28.704300
28.730350
28.748750
28.768850
28.788725
28.862950
28.918150
28.977050
29.014500
29.078525
29.084575
29.089925
29.308475
29.428700
29.441400
29.449375
29.456250
29.464425
29.469650
29.482950
29.488875
29.497400
29.510150
29.557375
29.609975
29.633425
29.772925
29.839500
29.907075
29.912200
29.914925
29.949300
29.972050
