0.009825
0.013800
0.096725
0.140425
0.190200
0.253975
0.336525
0.388325
0.428225
0.467300
0.468425
0.519625
0.584625
0.745250
0.793525
0.838450
0.892950
0.919500
1.030200
1.078775
1.111325
1.147825
1.177075
1.293275
1.349625
1.406050
1.444250
1.481225
1.518575
1.555475
1.606000
1.668050
1.709725
1.755600
1.844925
1.893450
2.038525
2.091750
2.174925
2.239125
2.264150
2.299950
2.345475
2.389175
2.442175
2.546325
2.599275
2.638375
2.757150
2.801150
2.841775
2.944450
2.993550
3.055425
3.137975
3.236500
3.281850
3.316200
3.357750
3.427000
3.490200
3.553025
3.557750
3.618025
3.673250
3.733575
3.791125
3.828100
3.845825
3.897100
3.945650
4.005900
4.047600
4.092850
4.132400
4.204050
4.278350
4.399850
4.468100
4.571700
4.608000
4.644775
4.686725
4.717275
4.740325
4.825200
4.864575
4.911075
4.958150
5.005650
5.046000
5.132600
5.205325
5.263025
5.300350
5.350850
5.468375
5.539275
5.580100
5.617700
5.654150
5.694225
5.766225
5.890625
5.920950
5.968225
6.028575
6.146150
6.249675
6.327700
6.504100
6.601175
6.649400
6.851600
6.904175
6.973825
6.998450
7.028100
7.058350
7.081950
7.089650
7.139925
7.201925
7.236825
7.289275
7.349450
7.376350
7.399250
7.509175
7.560725
7.587375
7.620475
7.696150
7.790050
7.827250
7.855650
7.910250
8.055325
8.075850
8.103625
8.140400
8.223025
8.283500
8.341775
8.390475
8.456700
8.488050
8.531750
8.590575
8.649750
8.800700
8.846975
8.897700
8.950900
8.996250
9.046675
9.086325
9.145050
9.181175
9.230425
9.268425
9.367100
9.409150
9.519200
9.580725
9.636800
9.711225
9.829500
9.886025
9.928450
9.962375
10.014600
10.055125
10.111175
10.153175
10.312825
10.380675
10.405575
10.423125
10.449900
10.483250
10.520925
10.567025
10.614475
10.749125
10.799000
10.847400
10.911525
10.948700
10.984375
11.032075
11.076525
11.105425
11.108475
11.151000
11.255475
11.317150
11.355600
11.410775
11.460150
11.497150
11.634250
11.779250
11.811550
11.964250
12.298650
12.326500
12.442875
12.483725
12.546875
12.638425
12.736050
12.765375
12.921075
12.964000
13.007375
13.040450
13.118675
13.161125
13.202200
13.246100
13.361625
13.430700
13.483925
13.554125
13.624800
13.669975
13.714550
13.807375
13.870275
13.936525
14.014800
14.054400
14.127050
14.167350
14.187075
14.273550
14.312925
14.438400
14.567325
14.609625
14.648700
14.751225
14.843075
14.872150
14.905825
14.996050
15.054250
15.064525
15.124575
15.185325
15.213725
15.260175
15.296525
15.337250
15.469475
15.508275
15.558350
15.580975
15.594350
15.624900
15.659550
15.701100
15.813600
15.905125
15.944000
15.974325
16.044225
16.067850
16.076925
16.090000
16.126325
16.169700
16.209425
16.284825
16.317400
16.508850
16.563425
16.602725
16.642575
16.854425
16.929125
16.982375
17.109325
17.160125
17.189900
17.222600
17.258375
17.309625
17.535275
17.701350
17.723750
17.743875
17.787450
17.819900
17.913025
17.956625
17.990700
18.026425
18.051850
18.084550
18.112875
18.198350
18.238775
18.339600
18.397400
18.443725
18.561075
18.604725
18.648200
18.722425
18.773625
18.841200
18.887725
18.940700
18.978900
19.025925
19.068550
19.164000
19.268575
19.331000
19.406675
19.461925
19.566200
19.645825
19.793250
19.821950
19.919925
19.976250
20.026450
20.082375
20.136350
20.182975
20.214150
20.247875
20.293275
20.325575
20.372550
20.405400
20.466475
20.517975
20.600425
20.688925
20.738350
20.773225
20.834675
20.863600
20.915675
21.002675
21.053025
21.163025
21.213375
21.258950
21.306750
21.348725
21.395700
21.435150
21.469350
21.521775
21.569275
21.624350
21.654625
21.683425
21.704125
21.763225
21.800850
21.886700
21.926875
21.996325
22.051775
22.081300
22.116775
22.231950
22.265100
22.317425
22.373900
22.405400
22.498125
22.525900
22.577225
22.602725
22.631275
22.665850
22.701125
22.947225
23.137975
23.163375
23.223925
23.253225
23.284100
23.324375
23.363350
23.455175
23.505325
23.557975
23.597000
23.658800
23.720250
23.804775
23.833925
23.873275
23.910925
23.988400
24.044175
24.081375
24.234050
24.273125
24.310800
24.409875
24.518700
24.555400
24.600000
24.761225
24.805925
24.893600
24.929050
24.972275
25.103525
25.139850
25.188000
25.224975
25.353100
25.375200
25.463625
25.502250
25.549700
25.602150
25.689900
25.733975
25.774175
25.818700
25.999300
26.032150
26.080675
26.119525
26.158125
26.159425
26.249850
26.395650
26.441350
26.536375
26.582575
26.651875
26.701425
26.792700
26.812775
26.832050
26.896150
26.951400
26.980700
27.013475
27.065250
27.131075
27.208625
27.274650
27.445850
27.493425
27.540675
27.689525
27.761950
27.804425
27.817225
27.914675
27.970575
28.012650
28.066250
28.120500
28.182275
28.260850
28.313400
28.373775
28.505350
28.555475
28.654525
28.780225
28.817375
28.860875
28.915300
28.954000
28.999000
29.030400
29.116950
29.183050
29.267700
29.300075
29.437375
29.462225
29.629625
29.667350
29.715125
29.759625
29.813275
29.886375
29.962425
29.991625
