0.029775
0.086525
0.118025
0.158325
0.226000
0.264700
0.302475
0.312650
0.359225
0.456125
0.488350
0.604375
0.649250
0.760075
0.803825
0.847250
1.002575
1.117250
1.284625
1.355950
1.451350
1.489025
1.503650
1.561700
1.597725
1.627425
1.694600
1.723950
1.743900
1.829100
1.888850
1.916000
2.003025
2.100025
2.219550
2.267225
2.330275
2.448350
2.602225
2.618625
2.645800
2.665450
2.711775
2.757200
2.838400
2.861375
2.891800
2.930575
2.965750
2.997100
3.116300
3.191625
3.260400
3.297350
3.404550
3.473725
3.505725
3.560575
3.625375
3.666650
3.739175
3.781800
3.862650
3.983250
4.023775
4.070875
4.163675
4.210650
4.303775
4.329750
4.407725
4.440100
4.457700
4.472500
4.630625
4.672325
4.747000
4.803425
4.843075
4.872625
4.893300
4.935300
4.966075
5.007950
5.063675
5.184475
5.200875
5.224600
5.283100
5.328225
5.356100
5.470300
5.532000
5.557425
5.649925
5.765650
5.881300
5.934950
5.974575
6.028775
6.069875
6.160025
6.251575
6.279325
6.306450
6.328300
6.435450
6.535225
6.589775
6.715425
6.778800
6.831750
6.855750
6.938975
7.004900
7.162125
7.251150
7.299800
7.377275
7.437350
7.483850
7.503375
7.653125
7.727075
7.794700
7.848400
7.882525
7.953000
8.016650
8.049075
8.170875
8.211125
8.283500
8.367675
8.393500
8.453825
8.472350
8.529300
8.600775
8.678100
8.738200
8.758025
8.785550
8.799700
8.850575
9.006200
9.013600
9.100100
9.154175
9.197025
9.250575
9.369650
9.395575
9.442075
9.575800
9.633775
9.654325
9.704000
9.743425
9.827425
9.919125
10.012200
10.215900
10.316050
10.456050
10.479850
10.553675
10.585550
10.628250
10.683150
10.743950
10.928175
11.005475
11.060475
11.233825
11.352525
11.547100
11.606350
11.688175
11.777950
11.809625
11.864650
11.998725
12.073025
12.095475
12.162825
12.182675
12.210475
12.322425
12.359675
12.395350
12.447175
12.545800
12.570525
12.605550
12.659675
12.681025
12.755200
12.776275
12.812200
12.842200
12.895200
12.915900
12.982775
13.041400
13.068700
13.165025
13.189875
13.216150
13.252975
13.311800
13.325900
13.391125
13.414950
13.504625
13.533800
13.551925
13.577125
13.597175
13.756025
13.770550
13.798950
13.830925
14.143950
14.175350
14.202700
14.311100
14.319150
14.340250
14.356550
14.415625
14.530900
14.543125
14.575150
14.597250
14.610850
14.625550
14.646750
14.666875
14.711150
14.736600
14.750275
14.816675
14.900975
14.958525
14.974325
14.982075
15.030500
15.054650
15.090550
15.117925
15.134950
15.244025
15.260350
15.302425
15.342425
15.362100
15.409875
15.476725
15.506875
15.561400
15.596325
15.654150
15.691525
15.795825
15.825050
15.896325
15.965700
16.002350
16.025375
16.071025
16.117925
16.136500
16.188875
16.226525
16.305275
16.336500
16.468200
16.496125
16.562625
16.626600
16.693575
16.720225
16.779950
16.812225
16.852875
16.878500
16.902050
16.983825
17.011000
17.265600
17.294250
17.387175
17.423075
17.477875
17.498950
17.543975
17.584075
17.610400
17.669075
17.702875
17.735650
17.877500
17.920900
18.025825
18.142200
18.228775
18.248125
18.270950
18.288850
18.327725
18.358075
18.412375
18.450925
18.485725
18.557050
18.585250
18.626025
18.652850
18.713975
18.778375
18.832250
18.861750
18.922525
18.961625
19.007050
19.076525
19.109025
19.212200
19.243650
19.317275
19.453050
19.555100
19.574675
19.598150
19.634425
19.693750
19.777100
19.830275
19.989975
20.006250
20.086575
20.121650
20.171850
20.189725
20.241100
20.267975
20.427575
20.494975
20.522725
20.547400
20.700100
20.755900
20.788975
20.825975
20.971475
21.005975
21.099400
21.186000
21.246550
21.313850
21.342750
21.398925
21.437325
21.485900
21.552975
21.594275
21.641075
21.672425
21.723525
21.824650
21.872425
21.901950
21.951575
22.000200
22.031625
22.086800
22.109200
22.144200
22.292750
22.317975
22.365050
22.395050
22.426275
22.496425
22.526300
22.637000
22.673800
22.701850
22.766150
22.788625
22.831075
22.861675
22.883950
22.918525
22.928675
22.957800
23.016625
23.037050
23.062650
23.130150
23.167200
23.195975
23.258100
23.307925
23.329925
23.371525
23.406475
23.437800
23.453075
23.554500
23.592025
23.771025
23.834000
23.872650
23.919700
23.977950
24.080200
24.142225
24.164625
24.194000
24.284675
24.366150
24.387875
24.481100
24.520850
24.562525
24.585575
24.642775
24.749775
24.868675
25.015975
25.054875
25.165950
25.246775
25.325325
25.372050
25.500475
25.537175
25.677375
25.741325
25.790475
25.810700
25.836025
25.852625
25.912875
25.947100
25.989900
26.041925
26.069975
26.177900
26.196825
26.227675
26.253250
26.317800
26.402375
26.472550
26.498450
26.600675
26.637975
26.676825
26.792375
26.840900
26.880550
26.914650
26.945550
26.987675
27.057050
27.166200
27.260775
27.296575
27.402800
27.428750
27.486150
27.532025
27.609900
27.709350
27.747175
27.901325
27.965375
27.984200
28.027275
28.054075
28.094975
28.204725
28.224050
28.314775
28.356450
28.379300
28.415325
28.478125
28.527925
28.553825
28.597925
28.736000
28.822875
28.923475
28.946200
28.970275
29.004775
29.020275
29.122325
29.163750
29.185775
29.264200
29.300750
29.351750
29.393800
29.412475
29.459475
29.508975
29.689725
29.721425
29.744750
29.767225
29.850475
29.900850
29.944750
29.966625
