0.054175
0.206325
0.223225
0.248125
0.269575
0.291675
0.327700
0.476475
0.521300
0.665575
0.689325
0.798825
0.832150
0.927825
0.962375
1.014250
1.052950
1.185800
1.207500
1.252850
1.278675
1.348175
1.390725
1.688425
1.737475
1.753550
1.779925
1.827750
1.888475
2.041550
2.114975
2.150475
2.211325
2.269825
2.352825
2.449500
2.523650
2.588700
2.713250
2.761750
2.835300
2.951125
3.008850
3.056975
3.177625
3.212150
3.240175
3.271500
3.315900
3.379750
3.422375
3.447850
3.641150
3.688250
3.730925
3.917175
4.043225
4.079500
4.132575
4.304625
4.351400
4.421025
4.441950
4.498600
4.559350
4.778925
4.798225
4.906125
4.937075
4.997525
5.067625
5.226800
5.243850
5.311175
5.398000
5.573125
5.589375
5.772200
5.798175
5.809975
5.833300
5.878625
6.003600
6.041850
6.088925
6.110600
6.136950
6.191100
6.436600
6.501650
6.554725
6.611800
6.627575
6.643550
6.648525
6.659875
6.743600
6.828300
6.969800
6.978425
7.021875
7.056350
7.104575
7.144450
7.188400
7.269975
7.303875
7.379375
7.471725
7.534825
7.762025
7.780275
7.794775
7.884625
7.919350
8.036475
8.061475
8.121750
8.307150
8.395100
8.432700
8.500700
8.522250
8.546250
8.637325
8.696125
8.819000
8.856100
8.918100
8.972875
9.121800
9.141425
9.201300
9.302475
9.342900
9.378525
9.483925
9.543400
9.580075
9.658375
9.691350
9.731150
9.756975
9.793325
9.971150
10.047875
10.071100
10.115650
10.132775
10.208600
10.229950
10.282675
10.311300
10.345325
10.503625
10.536350
10.585000
10.647450
10.864850
10.873950
10.933575
11.126475
11.168600
11.197250
11.239400
11.284200
11.425125
11.533000
11.565025
11.603850
11.636325
11.691550
11.951625
11.984900
12.064100
12.197425
12.285550
12.337600
12.398725
12.412325
12.530075
12.619300
12.753875
12.783400
12.818175
12.839525
12.905350
12.997175
13.081425
13.129350
13.194925
13.205725
13.238700
13.275275
13.414950
13.457525
13.523025
13.581850
13.814750
13.853975
13.879075
14.008800
14.073600
14.117850
14.147275
14.177625
14.229675
14.261975
14.374575
14.428525
14.490425
14.639725
14.680850
14.715150
14.767375
14.803200
14.868975
14.937875
14.976650
15.004450
15.132525
15.239125
15.272975
15.305325
15.339600
15.367900
15.393275
15.430675
15.468475
15.495475
15.599700
15.631600
15.669675
15.750575
15.831425
15.993525
16.024425
16.052350
16.123625
16.145675
16.178375
16.229100
16.257475
16.303675
16.331025
16.350150
16.397675
16.438475
16.526550
16.657525
16.676400
16.857975
16.886800
16.908000
16.933225
16.955550
17.031850
17.152425
17.219725
17.260275
17.303200
17.372675
17.406675
17.443550
17.498150
17.609775
17.687825
17.713175
17.769400
17.824100
17.874400
17.901225
17.947300
18.024450
18.069750
18.114225
18.158950
18.184225
18.216450
18.290150
18.363650
18.476700
18.506350
18.566850
18.582225
18.629675
18.675700
18.694375
18.720625
18.779200
18.830975
18.885700
18.912100
18.978175
19.000825
19.076425
19.172225
19.229525
19.278750
19.328350
19.551500
19.607325
19.654150
19.716125
19.742225
19.814050
19.842325
19.873875
19.918475
19.986125
20.069025
20.103375
20.141025
20.161450
20.210525
20.240975
20.394775
20.434300
20.847850
20.881375
20.915050
20.997350
21.076425
21.115500
21.280275
21.313675
21.355800
21.486425
21.509075
21.593575
21.651400
21.712175
21.732975
21.754725
21.836500
21.902825
21.946075
22.075600
22.083075
22.097125
22.111200
22.120975
22.140925
22.295950
22.345050
22.445450
22.603450
22.612675
22.693725
22.721225
22.756150
22.805750
22.822850
22.855750
22.907125
22.941375
22.982075
23.010400
23.037150
23.050275
23.085700
23.182700
23.286425
23.318925
23.340450
23.368875
23.717725
23.794875
23.839050
23.858550
23.914175
23.943150
23.962625
23.998475
24.066675
24.098925
24.188075
24.267875
24.442250
24.498275
24.523025
24.546550
24.567575
24.596025
24.616050
24.650350
24.689450
24.736575
24.921700
24.940650
24.978550
25.115475
25.147750
25.186250
25.272100
25.304125
25.329875
25.482550
25.516675
25.552450
25.605350
25.772800
25.797525
25.836350
25.851800
25.933225
25.977275
26.011100
26.025425
26.043275
26.072675
26.084375
26.143425
26.155875
26.203375
26.263400
26.336425
26.364875
26.392000
26.415925
26.542250
26.612025
26.821450
26.998000
27.021200
27.062375
27.092700
27.238550
27.356050
27.479475
27.557750
27.689125
27.703925
27.769475
27.830050
27.907100
28.109725
28.138150
28.165500
28.212225
28.256525
28.316625
28.337400
28.398400
28.463975
28.591675
28.616425
28.636175
28.662150
28.721125
28.744450
28.793275
28.835650
28.870075
28.953000
28.976300
29.007000
29.172350
29.192150
29.232150
29.270350
29.287000
29.404225
29.427700
29.527150
29.554550
29.620325
29.675225
29.697025
29.711375
29.769650
