0.008625
0.019975
0.041775
0.065025
0.079275
0.100900
0.120700
0.142875
0.151700
0.169925
0.176250
0.193875
0.211200
0.225875
0.252150
0.262650
0.276350
0.290925
0.301650
0.314225
0.323475
0.331900
0.339825
0.345050
0.353775
0.358275
0.362400
0.367625
0.373000
0.378675
0.384725
0.394575
0.410600
0.419775
0.446550
0.487050
0.503950
0.522300
0.533350
0.560575
0.575575
0.595275
0.613975
0.625050
0.633425
0.647100
0.660600
0.667275
0.676275
0.685250
0.690575
0.700000
0.710175
0.720625
0.728725
0.735475
0.746475
0.753050
0.762350
0.767300
0.775775
0.783900
0.789425
0.794300
0.798125
0.802100
0.805675
0.808850
0.812650
0.816325
0.819125
0.822900
0.826700
0.830775
0.834775
0.838950
0.842125
0.844850
0.849025
0.851700
0.856550
0.862725
0.865375
0.869450
0.872275
0.875150
0.879025
0.883450
0.888400
0.893950
0.899300
0.906100
0.909900
0.914575
0.922850
0.930275
0.934300
0.944175
0.949550
0.960500
0.966400
0.974800
0.979850
0.996300
1.007725
1.019525
1.047700
1.076075
1.089375
1.113950
1.130150
1.151475
1.171275
1.185000
1.193300
1.207900
1.225900
1.234425
1.240725
1.244475
1.247800
1.252050
1.256125
1.259000
1.265450
1.270800
1.274950
1.277700
1.282375
1.286850
1.291075
1.296500
1.301550
1.307100
1.311050
1.320550
1.324925
1.331125
1.338325
1.347650
1.354750
1.364225
1.377325
1.393825
1.410200
1.419925
1.428625
1.437675
1.444800
1.453650
1.463600
1.472525
1.485350
1.502100
1.527275
1.545525
1.569775
1.590725
1.607150
1.625600
1.638100
1.652575
1.664150
1.673250
1.678775
1.683100
1.687850
1.692250
1.696450
1.706425
1.717575
1.723050
1.730175
1.736025
1.743000
1.746950
1.752350
1.757700
1.762925
1.768125
1.774500
1.780650
1.787175
1.792025
1.798075
1.803975
1.808675
1.813700
1.817700
1.821525
1.826275
1.832450
1.841625
1.848675
1.857350
1.867825
1.874375
1.885225
1.891575
1.897825
1.906600
1.912075
1.917850
1.924150
1.928600
1.932625
1.938100
1.943975
1.949425
1.954800
1.962675
1.968625
1.979100
1.985800
1.992425
2.000700
2.007300
2.012325
2.021825
2.031700
2.041675
2.047250
2.054075
2.068550
2.075150
2.080075
2.087700
2.093375
2.099850
2.104675
2.109700
2.118425
2.124550
2.130175
2.134825
2.140175
2.153825
2.160875
2.170300
2.178800
2.184275
2.188275
2.194225
2.199450
2.205400
2.209750
2.213500
2.219075
2.223275
2.228950
2.234475
2.241450
2.247525
2.253900
2.267325
2.277725
2.288075
2.299250
2.306975
2.314925
2.326575
2.334750
2.349925
2.378600
2.413650
2.440125
2.460425
2.474200
2.477725
2.484950
2.488175
2.490850
2.495825
2.500175
2.504825
2.508875
2.513925
2.518800
2.524575
2.529375
2.533175
2.537075
2.542925
2.546850
2.551975
2.555200
2.558800
2.562175
2.567475
2.571125
2.575100
2.579075
2.585375
2.590925
2.594275
2.597750
2.601225
2.604250
2.610825
2.614600
2.619475
2.623075
2.628600
2.635050
2.637950
2.642400
2.649125
2.654000
2.660225
2.664325
2.668300
2.674000
2.678375
2.681750
2.687875
2.694000
2.700475
2.706350
2.714125
2.717950
2.722175
2.728575
2.732800
2.737950
2.748300
2.753225
2.762675
2.768825
2.778725
2.786975
2.796225
2.806375
2.814050
2.826725
2.835575
2.844600
2.853600
2.860375
2.873625
2.896575
2.917925
2.945900
2.975425
2.986375
3.016125
3.031025
3.043800
3.056500
3.063075
3.080875
3.099500
3.111025
3.119425
3.131200
3.136700
3.144825
3.150575
3.157025
3.164350
3.172475
3.179300
3.184725
3.190700
3.195375
3.201375
3.206450
3.211525
3.214450
3.217950
3.221400
3.224225
3.226900
3.229650
3.233025
3.236150
3.239150
3.242725
3.245975
3.248550
3.251950
3.255175
3.258700
3.262125
3.265425
3.270675
3.273600
3.278850
3.284050
3.290925
3.295775
3.300825
3.313125
3.319950
3.326725
3.330825
3.337300
3.341875
3.346750
3.351000
3.357875
3.362300
3.366925
3.370650
3.374525
3.377925
3.384950
3.390225
3.393675
3.403500
3.407700
3.412925
3.421150
3.428800
3.439450
3.448275
3.454625
3.467250
3.474975
3.497475
3.506725
3.528975
3.560775
3.579700
3.608575
3.638925
3.654575
3.663375
3.682500
3.698300
3.707475
3.720575
3.732400
3.742725
3.753425
3.761350
3.769025
3.776900
3.790950
3.797500
3.802425
3.806675
3.810300
3.813875
3.817825
3.820975
3.824950
3.828975
3.832200
3.836000
3.841050
3.844650
3.849325
3.852875
3.856700
3.860025
3.864375
3.868825
3.873225
3.880725
3.883875
3.888225
3.894275
3.897200
3.900650
3.905575
3.910350
3.913450
3.916400
3.919850
3.923825
3.927475
3.930525
3.935625
3.937650
3.940250
3.942350
3.950950
3.954350
3.958275
3.960725
3.966625
3.971100
3.974850
3.978125
3.985300
3.991075
3.998275
4.006325
4.016075
4.027200
4.048650
4.074375
4.091325
4.108725
4.127525
4.156425
4.181375
4.206125
4.222125
4.233200
4.243925
4.256250
4.267925
4.274550
4.282750
4.287725
4.291150
4.295400
4.300625
4.308325
4.311725
4.317400
4.326600
4.330800
4.334500
4.339275
4.342700
4.347400
4.350500
4.354150
4.356900
4.361050
4.366175
4.369125
4.373450
4.376675
4.381575
4.385625
4.388725
4.392550
4.396350
4.399825
4.403050
4.407075
4.417800
4.422525
4.428400
4.432550
4.442725
4.449775
4.462700
4.471350
4.481350
4.499625
4.511225
4.534200
4.563350
4.586825
4.609925
4.620500
4.634450
4.651300
4.669675
4.683750
4.689500
4.694475
4.701325
4.709500
4.723025
4.728150
4.738375
4.745250
4.753950
4.758325
4.763825
4.770125
4.776025
4.784575
4.795275
4.803300
4.823575
4.840925
4.856000
4.883725
4.890675
4.915425
4.923475
4.928450
4.933350
4.936800
4.939750
4.943475
4.946475
4.949375
4.953300
4.956175
4.960125
4.963475
4.967750
4.972750
4.978625
4.983000
4.987625
4.991550
4.994625
5.000825
5.004900
5.010775
5.014150
5.017850
5.023300
5.026900
5.033325
5.038925
5.044375
5.047725
5.052100
5.055175
5.058025
5.060475
5.065775
5.068000
5.070900
5.073450
5.075950
5.078650
5.081625
5.084575
5.088675
5.091525
5.095525
5.104250
5.110650
5.136500
5.163900
5.207950
5.229000
5.250700
5.268200
5.292325
5.307950
5.324350
5.346200
5.358400
5.369225
5.377675
5.391725
5.403000
5.413500
5.428650
5.444000
5.458300
5.472700
5.483200
5.500975
5.528825
5.539475
5.564000
5.589300
5.606925
5.617950
5.632250
5.641975
5.662600
5.678650
5.687700
5.700550
5.706750
5.714825
5.719400
5.724650
5.728650
5.733500
5.737550
5.740725
5.745475
5.748050
5.750925
5.754075
5.757425
5.760075
5.764050
5.767925
5.770375
5.773400
5.776200
5.780050
5.782650
5.786125
5.794250
5.796875
5.800300
5.802900
5.807300
5.812525
5.815975
5.822075
5.826425
5.833425
5.841050
5.845650
5.851275
5.860475
5.867925
5.876125
5.883200
5.891475
5.904000
5.909075
5.921375
5.929500
5.934425
5.939750
5.943550
5.946600
5.952650
5.958575
5.961650
5.964550
5.970125
5.974325
5.980850
5.984475
5.990275
5.994350
5.998025
6.002075
6.007350
6.013125
6.019425
6.024925
6.029750
6.037225
6.040925
6.050275
6.056450
6.063025
6.067575
6.075800
6.084725
6.091650
6.099800
6.107225
6.114975
6.122125
6.129825
6.137250
6.149725
6.162450
6.172800
6.179300
6.185725
6.195350
6.214350
6.224175
6.232100
6.241925
6.248600
6.254500
6.258150
6.262075
6.265950
6.270825
6.274275
6.278250
6.283600
6.289375
6.293025
6.298250
6.305000
6.310150
6.320475
6.328875
6.336075
6.346325
6.352350
6.361000
6.366675
6.373125
6.377225
6.382650
6.388250
6.391225
6.395125
6.398250
6.402525
6.409500
6.413925
6.417525
6.421650
6.427725
6.431725
6.437175
6.441750
6.447250
6.453100
6.456850
6.466950
6.471650
6.480325
6.485025
6.492175
6.496900
6.503950
6.507050
6.512225
6.520475
6.530075
6.534050
6.537400
6.541900
6.545575
6.549650
6.553075
6.556200
6.560325
6.562975
6.565500
6.568525
6.571350
6.574150
6.577675
6.580175
6.584075
6.590175
6.598450
6.604500
6.610700
6.618150
6.627300
6.634800
6.640100
6.648650
6.658600
6.664300
6.673500
6.681525
6.687125
6.694525
6.702150
6.708850
6.714775
6.720825
6.728425
6.733675
6.745350
6.749750
6.764975
6.771900
6.780500
6.787225
6.794300
6.798675
6.804675
6.810775
6.815075
6.818150
6.822600
6.827050
6.832250
6.835900
6.841250
6.846500
6.852100
6.857175
6.865975
6.872500
6.880250
6.887550
6.893525
6.899025
6.905075
6.909650
6.916500
6.926000
6.935125
6.950325
6.963925
6.983925
7.007625
7.028725
7.055950
7.078200
7.097050
7.116325
7.141675
7.152675
7.169200
7.183725
7.196625
7.207925
7.214550
7.222625
7.233200
7.245325
7.264175
7.279150
7.290525
7.304750
7.314175
7.336250
7.351100
7.367050
7.380900
7.398400
7.405150
7.427575
7.438300
7.459325
7.474350
7.484525
7.494400
7.503975
7.510650
7.515400
7.519250
7.523625
7.526950
7.529125
7.531625
7.534250
7.537050
7.539500
7.543100
7.546425
7.549725
7.553000
7.556375
7.562350
7.565575
7.571075
7.578650
7.581700
7.588250
7.593975
7.599575
7.603300
7.608225
7.615200
7.620025
7.625050
7.629125
7.632900
7.636450
7.641850
7.647450
7.653275
7.658100
7.663100
7.666025
7.673950
7.677425
7.681025
7.684100
7.689425
7.693225
7.699975
7.702875
7.706775
7.709775
7.714275
7.721500
7.727375
7.732250
7.741400
7.751000
7.759400
7.764850
7.782200
7.797625
7.822050
7.848625
7.873475
7.890900
7.911300
7.925875
7.933900
7.946500
7.958450
7.988025
7.996675
8.003425
8.010300
8.014250
8.018625
8.023875
8.027300
8.032475
8.040150
8.046900
8.059325
8.065500
8.080550
8.089275
8.129900
8.157275
8.185150
8.198375
8.224275
8.244225
8.275800
8.293700
8.304050
8.318775
8.333250
8.351625
8.372350
8.387750
8.403875
8.422225
8.434275
8.450550
8.458500
8.463475
8.470475
8.474350
8.478100
8.480800
8.483250
8.486250
8.489175
8.491550
8.494150
8.497075
8.499325
8.501975
8.504675
8.507425
8.510250
8.512250
8.515250
8.517800
8.520650
8.523750
8.526925
8.529950
8.533325
8.536800
8.540475
8.546225
8.550125
8.554725
8.562525
8.568675
8.572725
8.578400
8.583825
8.587800
8.591075
8.594125
8.600000
8.604250
8.609375
8.614400
8.622525
8.628625
8.638650
8.651475
8.668475
8.707075
8.719600
8.748600
8.757550
8.783000
8.798875
8.815475
8.836775
8.861375
8.872150
8.894600
8.908950
8.915300
8.931100
8.941825
8.962125
8.975725
8.990775
9.005300
9.022400
9.038900
9.054675
9.068250
9.082000
9.094075
9.105150
9.119750
9.138875
9.147525
9.156150
9.161250
9.168925
9.175750
9.182125
9.196725
9.203300
9.210900
9.217175
9.225800
9.230925
9.238750
9.245650
9.251300
9.261425
9.266000
9.271375
9.275600
9.279975
9.291750
9.307225
9.331750
9.346425
9.369225
9.378650
9.393400
9.413775
9.425725
9.442950
9.456025
9.467225
9.482025
9.496975
9.518400
9.526600
9.539425
9.549750
9.569250
9.579825
9.585350
9.591600
9.597950
9.603950
9.611550
9.617750
9.622975
9.629525
9.634175
9.639175
9.646550
9.655775
9.670825
9.677675
9.690525
9.702625
9.712325
9.725425
9.734625
9.759950
9.769125
9.788325
9.803225
9.811575
9.825500
9.837125
9.847950
9.863525
9.884050
9.897250
9.912500
9.919925
9.933200
9.943150
9.948100
9.954725
9.958525
9.963075
9.967050
9.973275
9.977750
9.981500
9.988200
9.997350
10.007050
10.014025
10.022675
10.027350
10.032100
10.037800
10.046925
10.058850
10.068125
10.075475
10.081400
10.088900
10.095750
10.103150
10.112525
10.120425
10.133050
10.142625
10.161675
10.174575
10.192825
10.204150
10.230200
10.245325
10.256250
10.273100
10.281275
10.298150
10.314075
10.329750
10.341950
10.360025
10.372400
10.390250
10.409950
10.427625
10.441325
10.460700
10.467975
10.484175
10.490250
10.508450
10.518300
10.527150
10.538100
10.546975
10.553975
10.568125
10.589150
10.600250
10.617525
10.637825
10.654950
10.672175
10.690100
10.704100
10.723525
10.739525
10.758325
10.767725
10.772525
10.778800
10.785175
10.792075
10.799225
10.805700
10.820150
10.834275
10.852500
10.867775
10.883125
10.902925
10.916775
10.935925
10.949100
10.962100
10.969400
10.981725
10.997675
11.010850
11.021175
11.032000
11.042250
11.053750
11.069850
11.083650
11.095700
11.106325
11.114125
11.123575
11.140775
11.155300
11.168575
11.178925
11.186475
11.195275
11.207625
11.218175
11.233075
11.247150
11.259075
11.276875
11.290925
11.303325
11.317800
11.325550
11.331050
11.335275
11.339050
11.342950
11.345475
11.347900
11.350325
11.353175
11.356050
11.358750
11.362900
11.365850
11.369325
11.373525
11.376850
11.380925
11.384075
11.390900
11.395400
11.398975
11.404875
11.410375
11.416675
11.431075
11.451000
11.475025
11.517400
11.531050
11.550375
11.566825
11.588975
11.602525
11.615550
11.632775
11.648300
11.667175
11.674825
11.688000
11.699525
11.722125
11.730000
11.736975
11.740600
11.743575
11.746075
11.748925
11.751475
11.756000
11.758400
11.762300
11.766100
11.768775
11.771800
11.774575
11.778100
11.781450
11.786625
11.792025
11.794950
11.803425
11.810225
11.819125
11.833175
11.844475
11.874075
11.903675
11.916300
11.941650
11.969125
11.986425
11.997475
12.016100
12.025825
12.038250
12.052800
12.063350
12.077050
12.084725
12.093475
12.102075
12.122600
12.129875
12.136225
12.144675
12.155050
12.164100
12.174850
12.182850
12.193050
12.200225
12.205575
12.213050
12.218625
12.225050
12.233250
12.241600
12.246175
12.257700
12.269100
12.286500
12.304200
12.315700
12.326650
12.334825
12.345325
12.351100
12.357150
12.362875
12.366500
12.372250
12.375000
12.378150
12.382875
12.390450
12.396375
12.404500
12.409950
12.414800
12.419675
12.428050
12.433725
12.443800
12.448900
12.460300
12.466200
12.479750
12.490775
12.519625
12.535300
12.554000
12.572500
12.580075
12.601475
12.615575
12.632750
12.646150
12.660225
12.670250
12.678300
12.686200
12.693225
12.701025
12.706250
12.720825
12.732450
12.747100
12.760850
12.774475
12.800500
12.811425
12.826800
12.840800
12.851275
12.861500
12.868700
12.884700
12.891650
12.900300
12.909350
12.920100
12.928200
12.934775
12.943250
12.948050
12.954750
12.962500
12.971850
12.979925
12.987025
12.993450
13.010525
13.028200
13.042700
13.056200
13.064975
13.079475
13.091050
13.104950
13.111150
13.122000
13.134725
13.147275
13.160400
13.178125
13.193300
13.204450
13.216125
13.221475
13.235850
13.240550
13.247050
13.263775
13.273400
13.283125
13.298875
13.311650
13.323675
13.335475
13.344325
13.355475
13.363950
13.368850
13.378075
13.383650
13.397500
13.402800
13.417425
13.424650
13.434025
13.440475
13.452025
13.462150
13.468125
13.478475
13.484850
13.492225
13.501950
13.513650
13.525500
13.535025
13.545775
13.556750
13.569750
13.579800
13.594075
13.613425
13.622650
13.638650
13.651275
13.665150
13.675450
13.689000
13.701725
13.719300
13.735575
13.749050
13.759050
13.768750
13.783300
13.796700
13.809975
13.821825
13.834175
13.845100
13.852600
13.866025
13.873050
13.884325
13.894600
13.901225
13.914025
13.925800
13.936275
13.946375
13.954875
13.961325
13.971425
13.978325
13.986925
13.994775
14.000975
14.010500
14.017225
14.021975
14.027925
14.034750
14.042625
14.049225
14.055400
14.061525
14.066425
14.079850
14.095000
14.100600
14.112575
14.122700
14.132175
14.145325
14.158625
14.164400
14.179925
14.188075
14.196175
14.209075
14.219825
14.230600
14.240775
14.252225
14.259575
14.272400
14.291475
14.302100
14.311025
14.322125
14.333225
14.341475
14.348750
14.358275
14.364350
14.369175
14.374800
14.381775
14.391125
14.398875
14.408525
14.417525
14.421650
14.428875
14.433875
14.440775
14.448575
14.456600
14.461100
14.466900
14.471150
14.476925
14.481400
14.485900
14.491050
14.497500
14.505925
14.510625
14.517025
14.524850
14.530725
14.537450
14.550200
14.565100
14.581250
14.590500
14.599125
14.611050
14.624950
14.635675
14.654550
14.671125
14.689750
14.704925
14.718450
14.728375
14.736975
14.749875
14.756275
14.763075
14.769275
14.779800
14.788975
14.802700
14.816150
14.823275
14.837800
14.846025
14.858325
14.863425
14.867125
14.871675
14.875975
14.878675
14.882375
14.885875
14.891400
14.895450
14.899700
14.902950
14.908475
14.912225
14.916225
14.928675
14.933650
14.942825
14.951450
14.962175
14.970125
14.978700
14.986475
15.001900
15.018150
15.038125
15.050600
15.061550
15.072750
15.078925
15.091425
15.110500
15.123025
15.131075
15.144125
15.158250
15.179325
15.190750
15.202575
15.211475
15.222050
15.231500
15.244550
15.252500
15.258600
15.267650
15.273550
15.283150
15.289975
15.296775
15.310525
15.315775
15.327325
15.338750
15.347850
15.358575
15.372725
15.382100
15.393650
15.407725
15.416400
15.426450
15.439650
15.450275
15.460300
15.473525
15.490300
15.497800
15.508475
15.519350
15.524875
15.533725
15.547100
15.553050
15.561000
15.568025
15.572825
15.583775
15.591350
15.603600
15.612200
15.618950
15.630000
15.636875
15.644400
15.650975
15.663200
15.677600
15.688050
15.695550
15.705250
15.721250
15.734525
15.743850
15.759200
15.769775
15.778425
15.792325
15.802625
15.809200
15.819675
15.829725
15.834600
15.839125
15.844725
15.849350
15.860375
15.866475
15.871275
15.877975
15.882975
15.888800
15.893650
15.898675
15.906450
15.912550
15.916950
15.923300
15.933925
15.941925
15.953625
15.971750
15.985700
16.002400
16.014850
16.025925
16.038325
16.045975
16.058225
16.067650
16.076700
16.090575
16.099050
16.116625
16.123550
16.132850
16.140825
16.148275
16.153900
16.159175
16.168075
16.172925
16.178150
16.181800
16.186725
16.193225
16.196825
16.200250
16.203100
16.212350
16.216775
16.220800
16.224200
16.227900
16.231200
16.234475
16.239650
16.247800
16.254150
16.260450
16.267000
16.273900
16.282750
16.295275
16.306475
16.321800
16.335375
16.349075
16.364625
16.372475
16.389350
16.404600
16.411900
16.426425
16.443325
16.451800
16.463400
16.469125
16.476700
16.482375
16.491550
16.496500
16.505100
16.511425
16.529275
16.542500
16.548400
16.555725
16.569750
16.586975
16.598450
16.610475
16.625625
16.634275
16.649875
16.662300
16.675375
16.685325
16.697125
16.710750
16.719150
16.730425
16.737300
16.744000
16.755450
16.766925
16.775350
16.785200
16.792025
16.796825
16.804075
16.810375
16.817300
16.822125
16.826625
16.831125
16.836125
16.840650
16.844650
16.847875
16.851375
16.857775
16.861750
16.865600
16.870575
16.876100
16.880775
16.886125
16.889900
16.896775
16.906575
16.916725
16.925800
16.936850
16.949100
16.966625
16.979775
16.993375
17.004300
17.019750
17.027225
17.041800
17.055175
17.066975
17.098175
17.110950
17.125200
17.136800
17.146000
17.160400
17.170775
17.188400
17.199200
17.212200
17.219600
17.227650
17.234025
17.242500
17.247750
17.259025
17.264275
17.270825
17.278400
17.289500
17.294175
17.302625
17.311275
17.316150
17.320400
17.325650
17.331050
17.338850
17.345625
17.355650
17.362400
17.373925
17.384100
17.393550
17.398900
17.414500
17.435025
17.449675
17.464275
17.481275
17.494700
17.511775
17.523950
17.536725
17.553300
17.569175
17.579325
17.591075
17.600750
17.615250
17.628800
17.634850
17.641550
17.663000
17.673375
17.682200
17.694425
17.707250
17.716875
17.730125
17.739425
17.754100
17.759725
17.766875
17.773425
17.780950
17.786725
17.798900
17.811975
17.818725
17.825750
17.837650
17.846250
17.852600
17.863375
17.869375
17.878375
17.884700
17.895600
17.903400
17.912800
17.920325
17.929050
17.942650
17.949075
17.961100
17.977200
17.991675
18.007675
18.022875
18.037175
18.048275
18.065225
18.077125
18.095400
18.103100
18.120650
18.128000
18.137950
18.146775
18.152175
18.157350
18.164125
18.171250
18.177475
18.181800
18.187150
18.193225
18.197625
18.202275
18.206975
18.211800
18.215850
18.219700
18.228625
18.233075
18.243975
18.254000
18.259275
18.270425
18.287200
18.298675
18.315025
18.328650
18.336850
18.359125
18.373925
18.388275
18.408125
18.422550
18.435150
18.443800
18.453600
18.466600
18.474025
18.480400
18.485900
18.495550
18.503675
18.508750
18.519800
18.530075
18.540550
18.551000
18.564725
18.573875
18.585650
18.594400
18.602150
18.613950
18.632725
18.647800
18.670775
18.684350
18.697750
18.714725
18.729700
18.738750
18.750300
18.767375
18.780300
18.795275
18.802350
18.815800
18.827850
18.838625
18.844275
18.852850
18.858325
18.875225
18.886850
18.892600
18.898475
18.903725
18.908700
18.922650
18.928500
18.933525
18.943275
18.949400
18.959150
18.970825
18.985575
19.003100
19.026725
19.038900
19.051625
19.064750
19.074550
19.088200
19.105175
19.111975
19.125100
19.137100
19.146300
19.158075
19.169050
19.177450
19.182075
19.191475
19.199825
19.211750
19.217500
19.223000
19.229925
19.234675
19.239650
19.245025
19.248650
19.252775
19.256650
19.260175
19.263725
19.267750
19.271375
19.279250
19.284700
19.292025
19.299350
19.306225
19.320175
19.334975
19.364075
19.375575
19.395425
19.404400
19.414975
19.432250
19.443975
19.454150
19.461700
19.467450
19.471900
19.476150
19.480275
19.483625
19.487025
19.490225
19.495775
19.500150
19.504650
19.509450
19.514800
19.520050
19.525125
19.533225
19.539175
19.547800
19.555425
19.565550
19.580900
19.595200
19.610525
19.632800
19.646800
19.660775
19.675375
19.689175
19.705200
19.717200
19.730725
19.743750
19.750650
19.767075
19.776625
19.790750
19.801925
19.814625
19.825550
19.829700
19.833225
19.837200
19.841400
19.846825
19.850975
19.856275
19.861675
19.865400
19.870900
19.875125
19.879600
19.883250
19.886825
19.893775
19.898900
19.909750
19.917825
19.926300
19.937150
19.948450
19.959675
19.976750
19.992300
20.010800
20.021575
20.036500
20.052750
20.066325
20.080550
20.093700
20.105575
20.119075
20.126350
20.130150
20.136350
20.140925
20.145250
20.151450
20.155350
20.158425
20.162325
20.173450
20.178375
20.183075
20.190650
20.195325
20.202500
20.208500
20.214500
20.222150
20.232450
20.240925
20.255025
20.269025
20.287600
20.311575
20.331650
20.341750
20.357475
20.366975
20.380025
20.390350
20.405800
20.416475
20.429675
20.446275
20.462200
20.475175
20.483850
20.498675
20.510350
20.516750
20.521775
20.531200
20.537250
20.544825
20.552275
20.559025
20.566775
20.575025
20.580900
20.587875
20.599975
20.623150
20.643175
20.654100
20.665800
20.683850
20.700175
20.710825
20.727950
20.736775
20.744325
20.753125
20.762975
20.776125
20.781450
20.785275
20.789725
20.796550
20.801200
20.811100
20.816000
20.820475
20.830500
20.838025
20.844150
20.850275
20.860325
20.869375
20.875425
20.884175
20.890400
20.904650
20.914525
20.921025
20.933900
20.951300
20.958075
20.975800
20.987925
20.999025
21.012450
21.030925
21.041525
21.054725
21.066125
21.081925
21.086700
21.095075
21.099650
21.104625
21.110500
21.114850
21.121125
21.125200
21.131900
21.136150
21.143475
21.150575
21.157250
21.163750
21.176250
21.182500
21.189725
21.197925
21.204325
21.212550
21.217200
21.225200
21.238600
21.249550
21.264075
21.274450
21.291325
21.304425
21.310900
21.320375
21.331975
21.344875
21.355900
21.372425
21.386450
21.399250
21.404550
21.417475
21.423500
21.432400
21.440025
21.448175
21.459075
21.464450
21.472250
21.478650
21.491275
21.505375
21.512325
21.523550
21.534175
21.546525
21.562000
21.578875
21.594025
21.604250
21.619750
21.628050
21.638425
21.652250
21.667400
21.680900
21.692250
21.708150
21.717625
21.728900
21.735925
21.743425
21.748100
21.751375
21.756750
21.761475
21.772900
21.781925
21.796250
21.806025
21.818250
21.823325
21.830050
21.835025
21.844575
21.853325
21.861825
21.866925
21.872975
21.878575
21.885900
21.902925
21.910750
21.923750
21.932000
21.945625
21.957675
21.980800
21.992275
22.007225
22.027175
22.041900
22.057700
22.070750
22.083975
22.095150
22.106700
22.120225
22.126675
22.138625
22.152925
22.160725
22.174850
22.189775
22.199700
22.207475
22.211550
22.216375
22.220275
22.223300
22.227025
22.231925
22.234800
22.240175
22.242850
22.245375
22.247925
22.250725
22.253550
22.257625
22.261525
22.264150
22.266775
22.277100
22.282250
22.287250
22.293625
22.301575
22.310175
22.324425
22.343400
22.367275
22.386850
22.409950
22.424600
22.440800
22.453975
22.468125
22.477750
22.486875
22.501575
22.518450
22.529850
22.538625
22.550900
22.559500
22.572925
22.579475
22.587800
22.600825
22.609750
22.620475
22.630350
22.636825
22.641675
22.645650
22.650400
22.654025
22.657275
22.660600
22.664125
22.667675
22.670700
22.676750
22.681025
22.685725
22.690875
22.695850
22.704025
22.710950
22.718650
22.739950
22.754375
22.769150
22.778375
22.799225
22.810750
22.825150
22.832050
22.838225
22.845925
22.852450
22.863225
22.886925
22.892275
22.896375
22.901300
22.905825
22.910725
22.915400
22.918850
22.925850
22.930050
22.934100
22.938125
22.941375
22.945875
22.951450
22.955125
22.964050
22.972125
22.979875
22.986625
22.993750
23.005775
23.016800
23.027200
23.046500
23.058550
23.074725
23.089275
23.096825
23.110425
23.119125
23.129175
23.138050
23.145775
23.163325
23.172000
23.184400
23.192375
23.205725
23.211875
23.216275
23.221175
23.225850
23.229425
23.234100
23.238225
23.241925
23.245750
23.249875
23.253975
23.257225
23.260925
23.265100
23.267600
23.271025
23.273800
23.276825
23.280900
23.283925
23.289600
23.292250
23.298250
23.307825
23.317625
23.327425
23.339500
23.361875
23.373150
23.389975
23.411125
23.427875
23.441875
23.453400
23.471875
23.483000
23.498150
23.513000
23.526725
23.537675
23.548775
23.554050
23.566125
23.577600
23.584975
23.599625
23.610575
23.619775
23.630400
23.635925
23.645200
23.649425
23.654825
23.660725
23.665300
23.668775
23.671850
23.675950
23.680475
23.684175
23.687175
23.690450
23.695025
23.697400
23.702800
23.707050
23.711475
23.715650
23.722425
23.726450
23.730375
23.741325
23.747000
23.754300
23.761175
23.769550
23.780125
23.790800
23.803600
23.817500
23.832800
23.847725
23.857550
23.872200
23.886950
23.911100
23.925600
23.935725
23.948250
23.965775
23.974825
23.983875
23.991250
23.997825
24.003850
24.008100
24.012400
24.017075
24.024325
24.029900
24.034425
24.042425
24.051475
24.060050
24.071475
24.082475
24.092325
24.102875
24.119200
24.133625
24.142000
24.154825
24.167600
24.181025
24.201850
24.210150
24.222600
24.242125
24.252925
24.261375
24.273450
24.289500
24.298800
24.310500
24.319825
24.325525
24.331825
24.337275
24.345000
24.352250
24.357050
24.362850
24.373000
24.381275
24.387175
24.391975
24.397275
24.402250
24.412675
24.420850
24.429025
24.435700
24.446150
24.455075
24.460225
24.467025
24.476000
24.483500
24.493200
24.515825
24.530600
24.546450
24.566650
24.576500
24.588275
24.601275
24.613200
24.623700
24.635400
24.646425
24.659850
24.668950
24.676800
24.684950
24.692375
24.706450
24.719475
24.730050
24.744250
24.760350
24.774425
24.782800
24.794550
24.800275
24.813300
24.823300
24.828325
24.832750
24.840125
24.847075
24.856075
24.862950
24.868050
24.871775
24.881250
24.886550
24.891550
24.898225
24.903600
24.911000
24.916400
24.920800
24.925200
24.929375
24.933700
24.938225
24.942200
24.949575
24.954600
24.959275
24.969875
24.975600
24.981950
24.993775
25.003600
25.009050
25.023700
25.037000
25.054575
25.075875
25.094500
25.106575
25.126275
25.143725
25.159375
25.165775
25.175275
25.196025
25.207950
25.232825
25.242850
25.252325
25.263325
25.275425
25.281025
25.289125
25.301775
25.307650
25.315675
25.319300
25.324825
25.329225
25.333250
25.338375
25.344250
25.350250
25.356475
25.361825
25.366900
25.371750
25.378475
25.388950
25.396800
25.405550
25.419075
25.427375
25.445625
25.459875
25.473350
25.489450
25.502700
25.513850
25.524000
25.533025
25.550725
25.562975
25.574625
25.585825
25.599800
25.615575
25.625425
25.633500
25.646475
25.657625
25.664675
25.672325
25.682225
25.688375
25.697050
25.702225
25.711800
25.719525
25.733000
25.739275
25.761750
25.770675
25.781050
25.789250
25.800425
25.813650
25.825075
25.837250
25.846425
25.861975
25.871875
25.880100
25.891800
25.901975
25.912875
25.930975
25.942125
25.958200
25.969875
25.979075
25.988800
25.995050
25.999825
26.006025
26.010400
26.016600
26.023600
26.029725
26.035025
26.043100
26.047875
26.051700
26.060925
26.072450
26.078375
26.086500
26.093950
26.102350
26.114225
26.124400
26.132025
26.146025
26.160925
26.171875
26.186850
26.197450
26.203875
26.207900
26.212150
26.216075
26.219750
26.225150
26.230200
26.237700
26.241950
26.251875
26.262250
26.273500
26.291375
26.307675
26.328750
26.341375
26.357550
26.366400
26.377400
26.390975
26.403500
26.415675
26.429175
26.440700
26.454150
26.458625
26.464025
26.469700
26.475375
26.481775
26.490625
26.493625
26.496675
26.502700
26.507200
26.511850
26.517525
26.523300
26.530050
26.537175
26.545700
26.563475
26.585325
26.605300
26.621375
26.637350
26.656025
26.669850
26.694200
26.715950
26.722900
26.731175
26.736875
26.742275
26.749550
26.760725
26.767175
26.771300
26.784750
26.794125
26.802100
26.815900
26.824775
26.844075
26.858475
26.882300
26.900225
26.908800
26.924300
26.942325
26.957000
26.967150
26.980225
26.992200
27.006900
27.025475
27.038650
27.048975
27.055450
27.066450
27.072325
27.081900
27.086575
27.092525
27.096650
27.101425
27.112125
27.120350
27.131250
27.145350
27.157125
27.177225
27.193525
27.214650
27.232600
27.247200
27.261650
27.272950
27.290975
27.309925
27.326800
27.336200
27.351025
27.362425
27.371400
27.376975
27.388225
27.402650
27.410625
27.422175
27.430400
27.437775
27.442900
27.450050
27.454525
27.460900
27.475825
27.494125
27.512100
27.535125
27.559250
27.578550
27.603725
27.620150
27.636225
27.647925
27.662725
27.681300
27.694125
27.704550
27.712400
27.715975
27.732400
27.741900
27.746800
27.749725
27.753075
27.757325
27.761575
27.765375
27.768450
27.771150
27.774550
27.776775
27.779075
27.781550
27.786175
27.789800
27.792525
27.798500
27.804375
27.808400
27.813450
27.816550
27.821075
27.826700
27.830425
27.834275
27.838875
27.842250
27.844900
27.847725
27.852200
27.854900
27.861050
27.863825
27.867075
27.871350
27.875750
27.880525
27.886100
27.889700
27.899750
27.903750
27.907675
27.916775
27.922325
27.938050
27.951725
27.970400
27.997600
28.008275
28.035050
28.047700
28.072650
28.081950
28.098425
28.112225
28.124950
28.135625
28.150575
28.167200
28.179700
28.189300
28.207100
28.217425
28.226325
28.233500
28.237625
28.243050
28.252450
28.256975
28.260700
28.264375
28.268175
28.270925
28.275575
28.279550
28.284275
28.287725
28.291500
28.300300
28.304950
28.318200
28.327250
28.340525
28.351025
28.363750
28.375600
28.420175
28.452925
28.467800
28.501175
28.518250
28.529850
28.544500
28.566975
28.582700
28.593750
28.607225
28.625250
28.641375
28.650825
28.655025
28.665500
28.674550
28.679350
28.684200
28.689650
28.695775
28.703725
28.709625
28.718300
28.728325
28.738175
28.748525
28.761700
28.772200
28.786275
28.792800
28.812975
28.828025
28.843900
28.861050
28.871550
28.886225
28.916725
28.928225
28.935375
28.945800
28.954525
28.964625
28.972950
28.981650
28.987050
29.002175
29.010750
29.026200
29.039350
29.048575
29.057350
29.070550
29.082325
29.098400
29.115400
29.125725
29.141125
29.152900
29.176200
29.193425
29.213425
29.225050
29.236350
29.258325
29.269275
29.275750
29.288125
29.305825
29.324550
29.338700
29.348450
29.359700
29.366850
29.375950
29.385850
29.391500
29.397775
29.404975
29.411125
29.417450
29.422100
29.427525
29.431700
29.436675
29.441900
29.446925
29.451850
29.455700
29.459025
29.462725
29.465950
29.469925
29.474200
29.477050
29.479675
29.484700
29.488450
29.491300
29.495650
29.499100
29.502000
29.504725
29.507650
29.511075
29.514225
29.518000
29.520875
29.523475
29.526925
29.530225
29.533775
29.537500
29.541450
29.547225
29.550225
29.554175
29.559450
29.563175
29.569650
29.575775
29.580400
29.591075
29.597725
29.604675
29.613175
29.628550
29.638475
29.652275
29.662750
29.671275
29.687750
29.701975
29.722525
29.733375
29.749300
29.769575
29.792300
29.800850
29.810850
29.830075
29.848400
29.866450
29.884350
29.901900
29.913450
29.920800
29.924450
29.929850
29.933000
29.936775
29.940650
29.944675
29.948225
29.951750
29.957075
29.964650
29.972025
29.982875
29.989450
29.997225
