0.070125
0.106325
0.144325
0.236400
1.068325
1.254325
1.340375
1.361000
1.457625
1.486650
1.516850
1.540750
1.546950
1.733775
2.014350
2.045950
2.093950
2.162325
2.197350
2.243575
2.263300
2.317650
2.344775
2.346725
2.407025
2.427075
3.059400
3.109400
3.356625
3.504000
3.588725
3.606300
3.724900
3.796550
3.829175
3.988200
4.174675
4.810725
4.858650
4.939400
4.984125
5.384225
5.552550
5.565275
5.895850
6.162775
6.219425
6.549325
6.687800
6.729975
7.013700
7.161400
7.611025
7.763350
7.792725
7.802150
7.866325
7.940900
8.080950
8.560225
8.652275
8.752000
8.823525
8.841250
8.954825
9.446875
9.656700
9.895025
9.995025
10.793975
11.459900
11.477175
11.499400
11.517450
11.552500
11.601325
11.859650
12.039900
12.096950
12.213725
12.396250
12.521150
12.544000
12.612725
12.709375
12.775925
12.806100
12.937450
13.215100
13.326350
13.547250
13.655575
13.911400
13.940075
13.959975
14.031700
14.077500
14.143900
14.158275
14.184100
14.208925
14.224500
14.396000
14.527500
14.693900
14.941325
15.523425
15.822150
15.872250
16.059025
16.229000
16.395925
16.424175
16.514450
16.540900
16.577425
16.608775
16.625775
16.674550
16.834650
16.993500
17.146900
17.648800
17.696275
17.703350
17.796900
17.857900
18.129125
18.261075
18.303950
18.462825
18.586400
18.626975
18.818525
19.080050
19.439550
19.706400
20.171525
20.349950
20.429075
20.660000
20.809700
20.856150
21.014075
21.122625
21.296500
21.336425
21.570525
21.622650
21.695275
21.767225
22.321075
22.441175
22.921725
23.119550
23.145975
23.242700
23.351375
25.056700
25.093425
25.505575
25.808400
25.863275
25.981400
26.102600
26.453900
26.469350
26.499500
27.102025
27.198600
27.277750
27.362200
27.779225
28.098900
28.470775
28.550700
28.552075
28.671775
28.975775
29.008975
29.020800
29.481850
29.584450
29.743925
29.862975
29.865375
