0.169475
0.246475
0.302400
0.550775
0.625300
0.643325
0.665900
0.709200
0.765275
0.931475
1.013950
1.119050
1.159775
1.398250
1.419550
1.426050
1.494825
1.514750
1.751525
1.872950
1.882800
1.911475
1.924375
2.112200
2.130150
2.230700
2.321700
2.349975
2.446325
2.538775
2.593250
2.805450
2.855100
2.878925
2.956850
3.025625
3.064300
3.189250
3.306525
3.356225
3.361325
3.415500
3.425050
3.449125
3.500525
3.592900
3.661850
3.712975
3.807175
3.899375
3.997450
4.258875
4.363375
4.526375
4.591025
4.611875
4.759075
4.841825
5.072175
5.279900
5.336850
5.381925
5.472450
5.560950
5.600525
5.669225
5.894275
6.046625
6.230700
6.344900
6.405450
6.440325
6.627175
6.753775
6.826350
6.887650
6.940300
7.214050
7.311975
7.412125
7.711725
7.818525
7.963650
7.978750
8.073425
8.508825
8.660275
8.688325
8.872100
9.005700
9.396525
9.570925
9.847175
9.901550
10.488725
10.592275
10.713200
10.749575
10.854275
10.904600
11.168375
11.291375
11.343200
11.425075
11.452950
11.662550
11.700725
11.779325
11.833050
11.952025
12.035575
12.092650
12.110850
12.340675
12.425750
12.733625
12.777900
12.851000
12.949925
13.080225
13.109175
13.137500
13.367350
13.455150
13.633675
13.711025
13.736450
13.801600
13.849125
13.924625
14.002825
14.106625
14.156500
14.169425
14.413650
14.613375
14.675275
14.840050
15.863025
16.233575
16.310900
16.515125
16.831725
16.856475
17.075600
17.195400
17.513400
17.836500
18.224550
18.273375
18.287575
18.399050
18.511225
18.573700
18.613825
18.796275
18.926250
19.070575
19.097625
19.111950
19.133875
19.268075
19.612725
19.887225
20.017075
20.043825
20.325275
20.436075
20.506525
20.577775
20.766700
20.982850
21.088225
21.405700
21.483975
21.626900
21.722075
21.776375
21.807150
22.078775
22.167900
22.380175
22.584725
22.887300
22.979750
22.999425
23.016125
23.119850
23.248675
23.426100
23.473050
23.640025
23.707350
23.737975
23.870425
23.994150
24.024725
24.068425
24.221100
24.408025
24.435100
24.510875
24.996125
25.012525
25.034175
25.119775
25.314600
25.362900
25.485950
25.569375
25.649925
25.699350
25.859075
25.942225
26.066000
26.095800
26.156575
26.180725
26.204650
26.225200
26.246900
26.279450
26.333050
26.359075
26.403775
26.431050
26.445000
26.516725
26.585475
26.622675
26.695675
26.828250
27.432000
27.743100
28.005825
28.037125
28.152675
28.369375
28.503800
28.543650
28.564225
28.766250
28.817625
29.362025
29.690175
29.752950
