0.024000
0.059000
0.065725
0.088150
0.112275
0.127825
0.144050
0.158200
0.172100
0.182775
0.194500
0.206125
0.220625
0.230000
0.238725
0.256600
0.279500
0.312375
0.332125
0.347550
0.366950
0.413100
0.465025
0.474800
0.488500
0.498000
0.517375
0.530775
0.539575
0.552350
0.567600
0.595375
0.604775
0.616200
0.633725
0.649500
0.675750
0.690900
0.705750
0.722875
0.740650
0.755150
0.768850
0.785150
0.797625
0.814450
0.834900
0.848175
0.861825
0.884075
0.902625
0.922425
0.947725
0.971675
0.992025
1.065000
1.085475
1.091150
1.107800
1.118075
1.130300
1.155375
1.160650
1.169875
1.184375
1.196200
1.214450
1.224775
1.238875
1.260550
1.272600
1.289500
1.301800
1.319775
1.335025
1.344625
1.365275
1.408775
1.424775
1.450950
1.515100
1.530050
1.536950
1.554975
1.568575
1.585050
1.603150
1.614075
1.622350
1.633200
1.643725
1.658125
1.680825
1.692075
1.702875
1.720350
1.734050
1.746875
1.760025
1.781825
1.796800
1.807325
1.821825
1.833825
1.847425
1.857025
1.866550
1.879275
1.889900
1.895825
1.905800
1.919450
1.935850
1.953650
1.962600
1.975175
1.985100
1.994550
2.010575
2.024625
2.032425
2.039725
2.046925
2.051875
2.059050
2.078600
2.088875
2.102075
2.115425
2.125125
2.143825
2.156250
2.167975
2.178450
2.189175
2.205500
2.213650
2.217950
2.229425
2.243025
2.256600
2.262800
2.274575
2.284325
2.301675
2.322100
2.338575
2.349000
2.363900
2.376575
2.394700
2.416875
2.492925
2.509875
2.518325
2.528525
2.542300
2.554700
2.571000
2.591825
2.602600
2.611625
2.622800
2.636750
2.644900
2.656250
2.663450
2.672550
2.681725
2.696650
2.704925
2.715325
2.718675
2.731500
2.750700
2.765400
2.786075
2.793425
2.810125
2.824500
2.830875
2.851950
2.881325
2.902175
2.923075
2.934000
2.947525
2.956375
2.962500
2.983975
2.992725
3.002325
3.008050
3.033300
3.041050
3.050825
3.062025
3.070025
3.079475
3.093100
3.102100
3.114350
3.128825
3.139900
3.161800
3.169425
3.183000
3.190100
3.202875
3.211950
3.228825
3.242475
3.253300
3.260275
3.272150
3.294450
3.303875
3.316425
3.327350
3.340250
3.354925
3.368750
3.378500
3.392250
3.403275
3.416850
3.431500
3.436375
3.451375
3.466575
3.488200
3.496425
3.515800
3.527125
3.541850
3.557850
3.579700
3.621900
3.681000
3.699550
3.712925
3.722925
3.736025
3.743100
3.757200
3.767300
3.774825
3.786975
3.800500
3.813550
3.831900
3.847600
3.879825
3.892175
3.911250
3.941475
3.999275
4.016750
4.036950
4.055725
4.085225
4.096725
4.112225
4.121050
4.125875
4.142400
4.155450
4.171425
4.189475
4.201350
4.212225
4.223925
4.237750
4.244775
4.249700
4.268725
4.275450
4.287850
4.299750
4.309100
4.323050
4.335575
4.360475
4.371950
4.382675
4.420875
4.443300
4.456900
4.478200
4.496325
4.513400
4.532200
4.554100
4.569450
4.583100
4.596450
4.612625
4.625850
4.649075
4.661475
4.675350
4.713025
4.735025
4.749300
4.781750
4.790650
4.810450
4.821975
4.836750
4.847075
4.856625
4.866625
4.878725
4.891825
4.905750
4.929275
4.944925
4.962450
4.980075
4.988975
5.018925
5.033325
5.114525
5.146850
5.162525
5.179625
5.187425
5.197500
5.208850
5.219975
5.229975
5.242675
5.251975
5.261850
5.271725
5.281025
5.300650
5.315725
5.326750
5.339875
5.351150
5.375000
5.391350
5.408675
5.422300
5.445500
5.462900
5.471000
5.493950
5.590900
5.602975
5.612775
5.633475
5.645600
5.661875
5.666425
5.682500
5.702375
5.713675
5.735075
5.746050
5.771475
5.802225
5.809350
5.855225
5.874650
5.906925
5.924375
5.936250
5.954150
5.972750
5.984650
5.997800
6.014250
6.024525
6.028450
6.041325
6.052050
6.068950
6.084200
6.107025
6.123400
6.139325
6.166950
6.190550
6.209175
6.220475
6.242925
6.326875
6.340150
6.346775
6.359825
6.371500
6.392700
6.406400
6.420600
6.441450
6.451275
6.463800
6.482900
6.493300
6.501625
6.520675
6.535425
6.556775
6.567125
6.583825
6.595925
6.615800
6.633225
6.652625
6.673650
6.722500
6.749650
6.763325
6.780575
6.791400
6.809625
6.817175
6.828475
6.836700
6.845175
6.854400
6.860650
6.870950
6.883075
6.891900
6.912275
6.930375
6.939500
6.954100
6.972250
7.006775
7.026850
7.048650
7.067150
7.135275
7.158650
7.172375
7.190525
7.208675
7.224200
7.233100
7.247000
7.263500
7.273400
7.286750
7.298150
7.314000
7.329375
7.355675
7.371675
7.385350
7.398125
7.412175
7.433300
7.461700
7.488200
7.513225
7.525525
7.533725
7.546525
7.557825
7.570975
7.584600
7.597075
7.614425
7.639400
7.669475
7.683425
7.701000
7.717050
7.746875
7.760675
7.846675
7.861800
7.872400
7.893925
7.904200
7.924800
7.935125
7.949775
7.961500
7.968425
7.985400
8.000975
8.015200
8.026100
8.043750
8.063700
8.089225
8.143375
8.193750
8.207875
8.221925
8.235700
8.255425
8.267125
8.285475
8.300650
8.313250
8.327025
8.344550
8.356475
8.373650
8.383675
8.396675
8.409975
8.422475
8.449375
8.467750
8.497075
8.524350
8.538900
8.556375
8.618725
8.640825
8.661000
8.674525
8.689400
8.703975
8.732075
8.748775
8.761700
8.772000
8.783450
8.790650
8.801925
8.808600
8.826575
8.843900
8.856200
8.880750
8.893475
8.905450
8.924850
8.944375
8.964175
8.980650
8.997900
9.019300
9.037225
9.070725
9.131475
9.159150
9.169025
9.190575
9.204925
9.225400
9.234175
9.247900
9.262850
9.276700
9.287050
9.309725
9.323025
9.333275
9.354500
9.366900
9.379550
9.396250
9.418150
9.438125
9.455600
9.479450
9.496725
9.519850
9.572700
9.619775
9.630475
9.644975
9.662000
9.679450
9.689100
9.703575
9.716925
9.741050
9.757075
9.769375
9.791100
9.803150
9.828350
9.843575
9.969500
9.996800
10.009700
10.029575
10.050250
10.058800
10.071175
10.090125
10.101900
10.116325
10.129175
10.142175
10.156825
10.167975
10.195475
10.207000
10.230925
10.239100
10.252900
10.273175
10.308175
10.398400
10.413325
10.428825
10.450025
10.463250
10.479850
10.494950
10.505175
10.519525
10.544650
10.574075
10.584925
10.596000
10.609050
10.619725
10.627275
10.653300
10.665800
10.685275
10.697725
10.714275
10.730875
10.752275
10.767725
10.793800
10.898625
10.909250
10.924300
10.941300
10.955375
10.973575
10.993750
11.007025
11.015975
11.028900
11.042525
11.054000
11.076525
11.091225
11.112325
11.128975
11.146475
11.167225
11.202350
11.223650
11.250950
11.266825
11.298050
11.332450
11.424325
11.440100
11.456875
11.465075
11.482175
11.499050
11.516075
11.533850
11.553725
11.568050
11.578975
11.589050
11.603650
11.615250
11.626000
11.643950
11.659700
11.678400
11.698050
11.727975
11.745125
11.791050
11.867050
11.894200
11.909375
11.925975
11.949000
11.961050
11.973975
11.985575
12.002125
12.015150
12.032150
12.044650
12.059425
12.077775
12.091000
12.106200
12.114725
12.136000
12.156075
12.168325
12.187550
12.209325
12.220200
12.239850
12.262150
12.277775
12.293525
12.311425
12.333900
12.353125
12.378250
12.475500
12.492725
12.513575
12.536000
12.562925
12.580650
12.594000
12.617075
12.634475
12.657550
12.680275
12.694775
12.710650
12.723925
12.744550
12.766750
12.789550
12.814625
12.831225
12.851275
12.887675
12.906775
13.013575
13.033775
13.065150
13.075575
13.103000
13.124875
13.145175
13.157750
13.170900
13.181425
13.200200
13.220925
13.240975
13.252675
13.271375
13.306125
13.338325
13.375300
13.470000
13.508375
13.531775
13.554200
13.571100
13.596800
13.610100
13.624500
13.642800
13.655250
13.661475
13.680050
13.707375
13.721775
13.776975
13.789575
13.808525
13.823825
13.839175
13.853825
13.867525
13.889000
13.903475
13.924775
13.947825
13.964375
13.980775
14.001125
14.009850
14.041025
14.053325
14.069050
14.082975
14.096350
14.120275
14.135600
14.153625
14.188650
14.202975
14.229625
14.338300
14.360800
14.378300
14.396275
14.411575
14.432475
14.450400
14.464450
14.484300
14.500400
14.526875
14.545575
14.566850
14.593700
14.676075
14.685950
14.698375
14.713150
14.720325
14.743550
14.765325
14.794525
14.804350
14.829875
14.932750
14.955825
14.968050
14.981625
14.993125
15.002225
15.019725
15.033150
15.045325
15.064200
15.085300
15.105500
15.128625
15.147700
15.207675
15.226125
15.276325
15.286975
15.298175
15.306750
15.323600
15.348600
15.370475
15.394075
15.406675
15.419400
15.430350
15.443550
15.454200
15.466175
15.481550
15.494225
15.510250
15.523000
15.539475
15.553425
15.564575
15.576875
15.580750
15.599200
15.607700
15.617600
15.637575
15.649175
15.668750
15.693675
15.715650
15.739725
15.761900
15.784425
15.800625
15.883725
15.905275
15.921975
15.935125
15.940325
15.953050
15.959025
15.972075
15.988875
16.014600
16.042975
16.088000
16.182450
16.205575
16.220450
16.232625
16.247650
16.263325
16.281125
16.299250
16.318550
16.349950
16.375700
16.465700
16.489200
16.513825
16.528150
16.543525
16.562550
16.579025
16.592700
16.606025
16.620950
16.639675
16.663175
16.699575
16.716300
16.745050
16.771500
16.786400
16.862775
16.895025
16.922825
16.941525
16.954600
16.969475
17.001425
17.009775
17.023600
17.036825
17.049575
17.061200
17.075275
17.085825
17.109775
17.126850
17.141875
17.157050
17.177350
17.205950
17.223575
17.354000
17.371750
17.381625
17.395250
17.422425
17.432500
17.452100
17.472375
17.487350
17.497250
17.515925
17.527500
17.542100
17.554250
17.571325
17.594850
17.624350
17.648325
17.687475
17.744925
17.757000
17.776275
17.796200
17.818650
17.837075
17.860100
17.878075
17.889800
17.917950
17.932200
17.950400
17.965550
17.978875
18.001825
18.011850
18.023225
18.132400
18.148850
18.161850
18.174725
18.182725
18.197375
18.215750
18.229025
18.246600
18.256150
18.270125
18.278150
18.301475
18.309300
18.328025
18.344525
18.394925
18.466550
18.481850
18.503625
18.516425
18.529650
18.538150
18.547800
18.562300
18.572450
18.586375
18.597500
18.610475
18.622175
18.628650
18.636800
18.645350
18.654475
18.666775
18.677700
18.689000
18.697075
18.707925
18.722825
18.741275
18.758000
18.819050
18.873925
18.890850
18.902075
18.913575
18.921300
18.938400
18.955650
18.967450
18.983025
18.999450
19.006875
19.026150
19.045325
19.062000
19.085050
19.103300
19.125675
19.151475
19.264550
19.277100
19.285650
19.308725
19.317200
19.327975
19.343000
19.352350
19.362925
19.375225
19.394725
19.402650
19.418450
19.438550
19.454650
19.468150
19.482875
19.504350
19.577225
19.596075
19.606550
19.621625
19.631175
19.647225
19.655475
19.668725
19.680275
19.689575
19.703375
19.721400
19.732700
19.740950
19.756200
19.765525
19.796425
19.814150
19.831775
19.858175
19.875375
19.897500
19.918100
20.006175
20.017175
20.023725
20.039225
20.048875
20.062750
20.073400
20.087800
20.099125
20.116900
20.134700
20.148825
20.167700
20.186475
20.213150
20.234625
20.256000
20.270925
20.352375
20.365575
20.380800
20.393875
20.403675
20.418450
20.431950
20.444825
20.460075
20.475950
20.492600
20.510150
20.542325
20.569075
20.613200
20.627275
20.650225
20.691275
20.718825
20.736675
20.748200
20.764400
20.787850
20.804850
20.820150
20.829450
20.848200
20.865550
20.875875
20.888750
20.900525
20.918150
20.926925
20.940575
20.959525
20.984375
21.011250
21.041300
21.065325
21.084850
21.100025
21.123350
21.159925
21.186175
21.199925
21.211325
21.221100
21.237375
21.253750
21.262400
21.268675
21.284700
21.293050
21.305975
21.313675
21.334950
21.356775
21.369825
21.397300
21.433525
21.443200
21.461550
21.549225
21.561975
21.571325
21.585500
21.604475
21.619125
21.630500
21.646375
21.662800
21.679200
21.705100
21.722875
21.735375
21.741650
21.758475
21.770625
21.786425
21.791850
21.805050
21.821575
21.842775
21.872500
21.892875
21.928625
21.942625
21.967300
22.052275
22.063550
22.073025
22.088100
22.098925
22.116125
22.134475
22.141175
22.152325
22.165300
22.190925
22.206500
22.213200
22.230275
22.237850
22.246300
22.262450
22.273350
22.282650
22.303375
22.320950
22.336475
22.352250
22.380275
22.399100
22.424475
22.470050
22.512650
22.563650
22.589750
22.601800
22.615625
22.642225
22.653475
22.664125
22.678200
22.693550
22.702825
22.714900
22.727275
22.744600
22.759925
22.774475
22.781675
22.799825
22.813025
22.846175
22.870850
22.894575
22.917325
22.956250
23.064000
23.078050
23.085475
23.098400
23.117400
23.134450
23.152500
23.164350
23.185625
23.197000
23.210200
23.221350
23.232025
23.246800
23.264575
23.289900
23.306300
23.329900
23.359900
23.375425
23.445650
23.519100
23.537275
23.555850
23.580700
23.596575
23.613475
23.623950
23.640725
23.663175
23.720600
23.740900
23.762050
23.834375
23.853075
23.865875
23.879400
23.896425
23.913850
23.918850
23.943175
23.965450
24.002725
24.043400
24.076725
24.089125
24.100875
24.120700
24.129525
24.137725
24.146075
24.158400
24.166500
24.180500
24.195800
24.206250
24.213250
24.223600
24.234900
24.247975
24.262225
24.276825
24.292725
24.317225
24.338050
24.359325
24.379575
24.404625
24.483750
24.497750
24.509900
24.520975
24.541800
24.560800
24.576900
24.587075
24.598825
24.612025
24.622500
24.633475
24.646225
24.655400
24.678950
24.690350
24.698150
24.709550
24.717700
24.726975
24.740850
24.755150
24.765150
24.785250
24.800850
24.824750
24.839575
24.862575
24.890950
24.962450
24.977600
24.997425
25.008500
25.021475
25.037200
25.059950
25.072500
25.085375
25.095850
25.107350
25.116975
25.124775
25.135800
25.139750
25.151450
25.163675
25.173275
25.187200
25.203475
25.217125
25.236250
25.252800
25.280700
25.298175
25.385525
25.402650
25.408575
25.423200
25.431225
25.441150
25.452375
25.479375
25.490775
25.503000
25.514600
25.527875
25.548500
25.559800
25.571825
25.587750
25.605275
25.614125
25.626975
25.632425
25.638500
25.650925
25.664775
25.674625
25.686050
25.704650
25.712925
25.730200
25.743325
25.762350
25.772050
25.793000
25.805875
25.828225
25.842800
25.851700
25.859100
25.862775
25.870700
25.887050
25.896525
25.908900
25.920550
25.932700
25.943825
25.954125
25.958475
25.973300
25.987450
25.995450
26.002675
26.008900
26.019450
26.023075
26.035850
26.049575
26.056875
26.072925
26.078900
26.087275
26.100150
26.103950
26.117675
26.129950
26.139750
26.151775
26.156400
26.175350
26.189425
26.203650
26.211150
26.234625
26.253150
26.265000
26.280425
26.305750
26.326450
26.353150
26.364975
26.381775
26.394000
26.416075
26.428575
26.436050
26.441250
26.456025
26.469900
26.482025
26.488950
26.503425
26.517700
26.531350
26.545925
26.555325
26.584300
26.607025
26.625075
26.656050
26.675350
26.691025
26.699300
26.706675
26.714075
26.728175
26.739725
26.748200
26.759075
26.764250
26.774625
26.782800
26.792300
26.799775
26.812750
26.823950
26.833400
26.838375
26.849100
26.855275
26.868950
26.882350
26.894050
26.909000
26.919600
26.931575
26.948950
26.980275
26.992450
27.009075
27.032075
27.042575
27.055550
27.067475
27.074650
27.088825
27.100375
27.120475
27.136500
27.148700
27.160325
27.173225
27.187375
27.194325
27.209250
27.229525
27.242500
27.256100
27.276425
27.294975
27.371700
27.380100
27.399875
27.427925
27.442275
27.454200
27.463825
27.479125
27.488500
27.500225
27.508100
27.525175
27.538700
27.555350
27.570450
27.581100
27.588050
27.609350
27.678100
27.690700
27.703575
27.724300
27.741100
27.752050
27.763200
27.781175
27.789650
27.802500
27.810050
27.825425
27.836200
27.848175
27.859900
27.871775
27.882800
27.892025
27.913875
27.927950
27.952750
27.965200
27.981050
28.050325
28.097225
28.116750
28.131025
28.140550
28.161300
28.173050
28.181350
28.192675
28.204225
28.216500
28.231675
28.236650
28.250850
28.268900
28.280325
28.296700
28.316825
28.329875
28.354725
28.377875
28.428975
28.446500
28.509000
28.531600
28.551825
28.569075
28.576575
28.591825
28.604775
28.616350
28.622800
28.648600
28.662750
28.668450
28.679775
28.700800
28.776375
28.783450
28.799575
28.807950
28.820825
28.834400
28.850275
28.861775
28.882800
28.894400
28.911750
28.926125
28.943725
28.955600
28.974625
28.986700
29.006550
29.017625
29.035650
29.053725
29.077225
29.109400
29.124225
29.130925
29.145025
29.151275
29.163675
29.170125
29.184050
29.193375
29.196550
29.205525
29.218800
29.229325
29.237150
29.247425
29.256750
29.269600
29.278725
29.286725
29.305275
29.310575
29.328750
29.344375
29.361075
29.379325
29.395050
29.407750
29.417825
29.425125
29.443200
29.454675
29.470275
29.482100
29.491725
29.501875
29.515200
29.532925
29.545775
29.556050
29.568675
29.591900
29.604400
29.615725
29.625350
29.634250
29.646275
29.657575
29.676625
29.735200
29.746750
29.755950
29.768125
29.773250
29.791300
29.803450
29.816025
29.828175
29.841025
29.854025
29.864275
29.878275
29.884175
29.889425
29.897625
29.908400
29.920975
29.928800
29.933475
29.943750
29.949600
29.953625
29.972625
29.990175
29.999050
