0.038125
0.133500
0.311850
0.418325
0.869175
0.987500
1.265425
1.288200
1.336050
1.390575
1.446175
1.558850
1.644425
1.716425
1.771925
2.254325
2.275375
2.632525
2.850750
3.113375
3.141200
3.242575
3.310200
3.460000
3.505125
3.666250
3.812225
3.934425
4.130375
4.143550
4.254250
4.287125
4.883325
4.970800
5.577275
5.969325
6.002750
6.075575
6.491625
6.608175
6.680925
7.006250
7.153250
7.532150
7.745075
7.863225
8.027950
8.086250
8.173725
8.593650
8.751200
8.966025
9.104950
9.472350
9.995950
10.127775
10.150600
10.220350
10.269525
10.330000
10.437150
10.452925
10.669250
10.750325
10.883300
10.938150
11.073550
11.113175
11.205500
11.411100
11.635550
11.690375
11.926900
11.959125
12.101975
12.422350
12.567225
12.953150
12.971325
13.156775
13.562200
13.603150
13.795550
14.196775
14.258325
14.316100
14.542875
14.679150
14.735800
14.794400
14.850950
14.897350
14.920725
14.975075
15.391075
15.407350
15.460800
16.085600
16.341750
16.416800
16.465075
16.541875
16.759525
16.807975
16.960800
16.979675
17.232950
17.433600
17.471750
17.754525
17.906975
17.936725
18.160275
18.339475
18.500325
18.516675
18.530825
18.541125
18.770750
18.958050
18.999250
19.337700
19.359850
19.440300
20.277325
20.394525
20.530925
20.562325
20.649525
21.229025
21.333950
21.476775
21.703675
21.937875
21.990000
22.015900
22.276700
22.544425
22.752200
22.820950
22.953675
23.204350
23.625900
23.684325
23.724500
23.748325
24.272975
24.570925
24.591550
25.003100
25.029800
25.416375
25.535850
25.700075
25.939850
26.517500
26.552650
26.677575
27.118150
27.138000
27.343475
28.286275
28.307700
28.332825
28.666575
28.896475
28.916725
28.975000
29.260975
29.599300
29.742325
29.776025
