0.027825
0.055300
0.062725
0.122500
0.126450
0.130825
0.137375
0.150100
0.156625
0.194775
0.216100
0.228900
0.257525
0.268300
0.318475
0.338675
0.380500
0.400125
0.441650
0.577500
0.609400
0.731100
0.737225
0.755625
0.767075
0.801975
0.881025
0.891275
0.912725
0.925625
0.946775
0.958200
0.984350
0.996425
1.056500
1.095725
1.107925
1.119625
1.140250
1.147650
1.174225
1.197925
1.259275
1.264875
1.272075
1.277500
1.286150
1.304300
1.344300
1.398500
1.467200
1.496750
1.519950
1.560975
1.583575
1.595800
1.608250
1.618750
1.631875
1.643150
1.649800
1.720700
1.747475
1.760050
1.793450
1.810125
1.857775
1.895150
1.903450
1.926550
1.961800
1.969775
1.989125
1.997900
1.999525
2.009475
2.025550
2.060725
2.082475
2.134525
2.175625
2.251425
2.336700
2.347175
2.359825
2.380375
2.407775
2.430600
2.501525
2.566800
2.593500
2.642850
2.657575
2.668475
2.730600
2.741300
2.754825
2.763600
2.855975
2.875250
2.885550
2.930625
2.949575
2.966600
2.975700
2.988175
2.999125
3.008025
3.030575
3.037850
3.039700
3.042525
3.050725
3.063050
3.074275
3.119850
3.137825
3.163700
3.192475
3.214525
3.251225
3.268100
3.275775
3.282050
3.296125
3.307750
3.318625
3.322900
3.331325
3.337150
3.342800
3.366250
3.373950
3.484200
3.495875
3.502700
3.511050
3.535025
3.541650
3.553325
3.565750
3.570825
3.581225
3.595100
3.606025
3.616550
3.623800
3.629325
3.640925
3.649550
3.666050
3.675125
3.727375
3.765250
3.781875
3.827650
3.874900
3.883875
3.900225
3.912225
3.922200
3.932475
3.941550
3.951800
3.984600
4.029975
4.061300
4.095300
4.101875
4.105825
4.109350
4.123375
4.129975
4.151200
4.159000
4.180550
4.195975
4.204350
4.251300
4.258225
4.272700
4.295425
4.327975
4.352950
4.375025
4.376425
4.383950
4.415775
4.426500
4.437225
4.448925
4.466500
4.504975
4.548700
4.635725
4.650500
4.676200
4.690375
4.719200
4.735375
4.757475
4.763675
4.784975
4.830400
4.845875
4.860325
4.908350
4.935350
4.955475
5.005475
5.049425
5.066225
5.086300
5.104800
5.118925
5.167400
5.176500
5.185950
5.206475
5.228400
5.282725
5.297625
5.342000
5.422275
5.505050
5.544500
5.577225
5.586525
5.602600
5.623525
5.638900
5.705975
5.741050
5.761325
5.778625
5.934800
5.938225
5.945375
5.958950
5.964500
5.974000
5.992325
6.024725
6.072325
6.152250
6.179650
6.214300
6.267950
6.282025
6.291350
6.314050
6.376525
6.411825
6.518900
6.558325
6.565200
6.569625
6.572400
6.583000
6.605575
6.618550
6.696650
6.714175
6.731625
6.748900
6.796750
6.855600
6.864950
6.873800
6.883750
6.892650
6.934200
6.947025
6.959175
6.970675
6.989425
7.019825
7.059850
7.066900
7.075275
7.083575
7.122750
7.133175
7.163300
7.219000
7.288650
7.424275
7.446375
7.475625
7.502725
7.542225
7.547700
7.567150
7.572700
7.599375
7.634575
7.645050
7.697050
7.714025
7.748000
7.777575
7.802300
7.820925
7.849825
7.872900
7.900050
7.906100
7.925525
7.981125
8.007750
8.018500
8.076150
8.093500
8.103525
8.110075
8.115550
8.120450
8.153850
8.160525
8.174175
8.180550
8.189075
8.219475
8.236625
8.244350
8.264150
8.280550
8.295275
8.301650
8.314025
8.332275
8.369650
8.387275
8.414800
8.435600
8.500325
8.509425
8.517075
8.538750
8.544800
8.568675
8.604000
8.611500
8.629050
8.635700
8.663150
8.717025
8.746500
8.778975
8.788900
8.810425
8.819225
8.836000
8.880700
8.892275
8.909300
8.921475
8.940400
9.009075
9.045900
9.068425
9.090775
9.158975
9.221175
9.275425
9.291325
9.309750
9.355275
9.417625
9.458200
9.476600
9.500850
9.506225
9.526100
9.547475
9.553350
9.572450
9.589850
9.600350
9.606175
9.609350
9.640325
9.648675
9.671600
9.683950
9.772200
9.808175
9.881900
9.900625
9.981150
10.004750
10.047150
10.067600
10.085225
10.101600
10.161500
10.251350
10.258150
10.301475
10.335875
10.349175
10.404050
10.422700
10.436000
10.445075
10.454675
10.480300
10.512775
10.523450
10.589850
10.617150
10.638500
10.677050
10.696225
10.718575
10.767125
10.824450
10.848725
10.890200
10.931675
10.959975
11.003450
11.094850
11.190400
11.210150
11.230950
11.250600
11.263600
11.287950
11.294075
11.360200
11.394750
11.405350
11.423200
11.492575
11.626475
11.646275
11.696375
11.704825
11.730300
11.741400
11.762775
11.805975
11.821950
11.852750
11.872250
11.878175
11.893000
11.907900
11.916225
11.933825
11.939575
11.965225
12.026600
12.042325
12.053150
12.074925
12.086875
12.135425
12.148900
12.223175
12.234000
12.255700
12.280525
12.289025
12.315825
12.324025
12.346100
12.386050
12.443875
12.461825
12.497900
12.516500
12.566825
12.615725
12.626575
12.639075
12.652975
12.677925
12.691150
12.709175
12.715700
12.750950
12.760350
12.792375
12.810875
12.816625
12.821475
12.827350
12.851850
12.853300
12.861925
12.877400
12.929950
12.949825
12.969975
12.986975
12.996625
13.006250
13.023975
13.033800
13.095775
13.123450
13.131575
13.139000
13.151475
13.184475
13.202200
13.246400
13.277675
13.315600
13.339825
13.347175
13.376625
13.403075
13.440125
13.502375
13.517550
13.576800
13.587725
13.668375
13.674975
13.681450
13.698425
13.721525
13.731975
13.744050
13.764900
13.775150
13.808425
13.830300
13.846150
13.882550
13.937625
13.958850
13.965625
14.081550
14.120350
14.134050
14.147325
14.159200
14.172125
14.181450
14.190675
14.207200
14.248325
14.273875
14.331500
14.349125
14.375425
14.402500
14.434750
14.475000
14.487175
14.503375
14.510000
14.521025
14.539575
14.549125
14.569475
14.641325
14.695150
14.719025
14.741275
14.790775
14.822425
14.874950
14.919500
14.934625
14.971200
15.022150
15.114750
15.128950
15.158175
15.227075
15.249400
15.415400
15.523575
15.632425
15.643725
15.652200
15.662950
15.683675
15.728350
15.762625
15.799425
15.809650
15.819700
15.829975
15.861625
15.923125
15.937075
15.971825
16.045200
16.072525
16.135750
16.153800
16.204425
16.214900
16.224800
16.266000
16.280300
16.313775
16.329975
16.364475
16.401575
16.465150
16.484975
16.510675
16.530775
16.540475
16.553150
16.571700
16.663650
16.717725
16.791425
16.799425
16.807250
16.885025
16.902150
16.924125
16.947500
17.020200
17.086800
17.110825
17.163600
17.208200
17.223150
17.234850
17.244325
17.254650
17.263550
17.299150
17.310050
17.343600
17.353525
17.368425
17.388050
17.404625
17.497400
17.505775
17.534700
17.554875
17.571775
17.619275
17.664775
17.706750
17.725075
17.738775
17.765875
17.795950
17.802950
17.813800
17.868675
17.879825
17.895725
17.990975
18.031900
18.040875
18.052550
18.164800
18.169175
18.193200
18.288050
18.335375
18.396350
18.419975
18.454275
18.591925
18.593800
18.604100
18.612025
18.619700
18.660775
18.704900
18.732050
18.746025
18.754725
18.805350
18.832350
18.865400
18.873875
18.928100
18.952800
18.986300
19.031150
19.053150
19.080100
19.184075
19.194075
19.215525
19.227775
19.268475
19.289450
19.317325
19.331600
19.336925
19.347650
19.375975
19.409675
19.416175
19.432000
19.537025
19.543925
19.557425
19.563450
19.579900
19.587900
19.703450
19.736575
19.815000
19.823700
19.909625
20.010675
20.020450
20.058975
20.073275
20.144350
20.155675
20.163825
20.176175
20.192300
20.203950
20.223025
20.255200
20.263275
20.300100
20.312325
20.362800
20.371450
20.383575
20.454975
20.475750
20.493725
20.500700
20.510325
20.574300
20.592050
20.611675
20.656300
20.684600
20.730775
20.789025
20.847975
20.905025
21.031525
21.039100
21.106450
21.113575
21.121350
21.132650
21.224575
21.235300
21.243475
21.255025
21.281525
21.287125
21.312850
21.339400
21.359575
21.377150
21.384350
21.394150
21.411575
21.424625
21.443400
21.466525
21.497425
21.534150
21.553800
21.588650
21.611650
21.683500
21.696125
21.707125
21.714625
21.742350
21.751200
21.779700
21.785025
21.837550
21.849500
21.859525
21.895375
21.925400
21.940675
21.999975
22.015300
22.084650
22.132175
22.142950
22.182650
22.306975
22.359175
22.379925
22.385300
22.396675
22.403875
22.515000
22.538750
22.625100
22.680925
22.732175
22.738825
22.766950
22.829550
22.861875
22.969950
23.100525
23.126975
23.145000
23.161025
23.211500
23.219975
23.236925
23.244075
23.254675
23.262900
23.287425
23.307350
23.373075
23.383425
23.409500
23.422900
23.511200
23.541625
23.589150
23.614800
23.624600
23.645525
23.676725
23.708500
23.740375
23.806075
23.834175
23.905700
23.977125
23.978975
23.986175
24.000875
24.006875
24.013150
24.020750
24.030850
24.061300
24.067900
24.076225
24.084525
24.113550
24.155125
24.215950
24.252575
24.282750
24.333350
24.530075
24.641525
24.649850
24.672475
24.711450
24.743525
24.754525
24.769625
24.845650
24.874825
24.905450
24.947025
25.016450
25.046375
25.070450
25.081900
25.093975
25.121050
25.150100
25.223025
25.344325
25.502150
25.521375
25.532725
25.537125
25.541450
25.545825
25.636775
25.639175
25.647725
25.655950
25.675375
25.682325
25.696600
25.746800
25.777200
25.949075
26.020250
26.042500
26.058300
26.070700
26.089700
26.104675
26.134450
26.311800
26.481275
26.503800
26.511875
26.526500
26.570475
26.602250
26.658500
26.669900
26.711550
26.799500
26.826725
26.881025
26.894325
26.902350
26.945475
26.959625
27.050350
27.081500
27.119000
27.136100
27.140625
27.148750
27.164725
27.201900
27.230425
27.302425
27.330450
27.363750
27.390075
27.391325
27.401750
27.420800
27.446250
27.511475
27.545100
27.555200
27.572500
27.603450
27.716375
27.761875
27.857850
27.865500
27.954025
27.985500
28.057500
28.078500
28.086625
28.110150
28.135725
28.146425
28.166850
28.175050
28.185900
28.191625
28.212200
28.237000
28.252950
28.261275
28.268200
28.296925
28.302350
28.317075
28.333550
28.410925
28.421150
28.426850
28.433600
28.472650
28.496200
28.525125
28.549050
28.582725
28.591500
28.615425
28.652675
28.674425
28.740200
28.765800
28.780100
28.793325
28.811725
28.886600
28.929675
28.946225
28.962300
29.009200
29.109825
29.158575
29.169625
29.278850
29.347425
29.357875
29.383825
29.403250
29.425325
29.448425
29.537025
29.553375
29.587600
29.612600
29.636875
29.657325
29.682625
29.697150
29.702825
29.709400
29.733700
29.760125
29.803200
29.838850
29.848825
29.856425
29.969200
