0.012575
0.025375
0.045825
0.066125
0.093750
0.131350
0.161525
0.182950
0.199425
0.206325
0.211750
0.220575
0.242275
0.247800
0.256075
0.268750
0.279850
0.311500
0.324500
0.348075
0.372825
0.414125
0.445500
0.480725
0.513625
0.529550
0.548475
0.558275
0.562575
0.565800
0.569950
0.575550
0.584250
0.593000
0.600975
0.608550
0.613100
0.620875
0.633550
0.651575
0.671150
0.686625
0.713950
0.739825
0.763825
0.805450
0.835700
0.854050
0.905175
0.939125
0.970550
1.009900
1.045775
1.099550
1.132725
1.149125
1.164725
1.183475
1.194950
1.212700
1.227225
1.239450
1.251925
1.260525
1.273050
1.289300
1.298825
1.314250
1.342175
1.367725
1.398325
1.433125
1.458825
1.506225
1.530750
1.548800
1.560750
1.572850
1.585425
1.592575
1.602875
1.611050
1.646825
1.673750
1.696300
1.708225
1.719850
1.729125
1.748150
1.765575
1.794100
1.807975
1.833850
1.862075
1.886825
1.906700
1.926875
1.953475
1.970950
1.991475
2.010325
2.025325
2.054050
2.083475
2.105125
2.130725
2.156400
2.178175
2.214325
2.259600
2.290500
2.312625
2.320825
2.338175
2.347150
2.360150
2.370725
2.374325
2.380050
2.388025
2.395975
2.403950
2.415000
2.432925
2.441900
2.453575
2.460100
2.479000
2.489150
2.505525
2.518975
2.533250
2.551100
2.575200
2.618450
2.651150
2.679025
2.717200
2.750725
2.766600
2.775575
2.780700
2.787025
2.790475
2.795550
2.800300
2.814900
2.820650
2.827100
2.830400
2.840900
2.858650
2.871650
2.881025
2.890125
2.904050
2.930800
2.942725
2.970325
2.989475
3.014950
3.035700
3.048050
3.063475
3.076500
3.091125
3.098850
3.121525
3.136500
3.147500
3.159200
3.182200
3.202800
3.223350
3.237775
3.268050
3.290350
3.328600
3.362100
3.407300
3.438575
3.466675
3.485475
3.496100
3.504825
3.517025
3.525450
3.537375
3.557550
3.578400
3.595750
3.617450
3.639150
3.669675
3.699675
3.723550
3.769450
3.806475
3.822650
3.834075
3.843275
3.850525
3.872150
3.884050
3.898750
3.916650
3.937850
3.955325
3.984450
4.019000
4.040825
4.057875
4.071425
4.092100
4.103650
4.121025
4.140900
4.170475
4.202450
4.228175
4.270450
4.305700
4.369925
4.390075
4.405575
4.427325
4.439550
4.448000
4.451325
4.460475
4.466875
4.485350
4.491600
4.498425
4.511200
4.532750
4.543075
4.554975
4.567925
4.580775
4.610600
4.633125
4.666500
4.696375
4.719800
4.736675
4.772400
4.799025
4.822275
4.834625
4.847300
4.866550
4.901375
4.928900
4.951675
4.978025
5.020000
5.037050
5.066400
5.097075
5.119775
5.137300
5.165975
5.181175
5.204250
5.213775
5.220650
5.231000
5.241700
5.256925
5.280550
5.298025
5.316950
5.333500
5.363950
5.393025
5.408825
5.463325
5.500875
5.527000
5.541125
5.574825
5.625550
5.648500
5.733775
5.767250
5.788925
5.816600
5.863325
5.888225
5.916950
5.944675
5.997925
6.048425
6.080425
6.176350
6.196325
6.237725
6.308075
6.349675
6.409425
6.460875
6.481350
6.488100
6.510925
6.545750
6.565850
6.607600
6.643325
6.679075
6.717000
6.758200
6.854150
6.876500
6.913150
6.941625
7.003450
7.033625
7.052400
7.100800
7.140925
7.191225
7.240625
7.283125
7.316250
7.348925
7.387225
7.437850
7.477550
7.504975
7.544900
7.577575
7.630825
7.659700
7.683750
7.710625
7.751000
7.770900
7.783675
7.798975
7.822100
7.841750
7.856250
7.870000
7.888600
7.910275
7.945450
7.972700
8.042350
8.065900
8.106625
8.133825
8.161300
8.178875
8.208775
8.245500
8.349200
8.401175
8.445150
8.477000
8.512675
8.584700
8.601350
8.611200
8.624075
8.643925
8.661775
8.722825
8.758525
8.777100
8.801750
8.831725
8.873500
8.902050
8.944400
8.964475
8.979550
9.002950
9.023425
9.045900
9.071325
9.106850
9.156725
9.195725
9.221800
9.249375
9.288650
9.323350
9.364775
9.385925
9.409800
9.464250
9.481500
9.508475
9.541550
9.588725
9.619425
9.635675
9.663850
9.691250
9.716375
9.745800
9.762900
9.836950
9.861325
9.886800
9.917550
9.936650
9.956900
10.001625
10.018575
10.060275
10.101150
10.130625
10.179175
10.202150
10.234425
10.277425
10.348475
10.383550
10.471675
10.508800
10.539850
10.575300
10.684950
10.738250
10.770975
10.795250
10.818725
10.869900
10.929375
10.989800
11.039275
11.081425
11.095525
11.141775
11.165575
11.192950
11.248050
11.264325
11.272525
11.293675
11.312650
11.342800
11.376675
11.396500
11.413200
11.435950
11.478300
11.505675
11.534650
11.556250
11.582600
11.625925
11.663650
11.692950
11.719925
11.816500
11.856700
11.909700
11.935600
11.965275
12.014775
12.051900
12.095850
12.143525
12.173900
12.213925
12.252925
12.279725
12.338725
12.370825
12.417200
12.446175
12.492375
12.542975
12.582425
12.603450
12.618750
12.630375
12.635275
12.641000
12.652050
12.675825
12.716925
12.741500
12.767450
12.837250
12.863850
12.894200
12.935025
12.971950
13.018500
13.047750
13.084900
13.142950
13.199825
13.232125
13.290100
13.326800
13.352675
13.400425
13.434975
13.487625
13.531725
13.562050
13.611550
13.639675
13.697425
13.729300
13.759375
13.850950
13.920575
13.961275
14.007800
14.046450
14.079175
14.097700
14.109125
14.131225
14.157025
14.210150
14.239750
14.271525
14.311750
14.337700
14.378175
14.398125
14.417875
14.460800
14.495200
14.519775
14.583325
14.607150
14.636725
14.666450
14.703775
14.732325
14.757575
14.805625
14.824475
14.854125
14.875600
14.908350
14.948850
14.990425
15.037975
15.113350
15.141025
15.232550
15.263800
15.305750
15.336775
15.366500
15.401975
15.450975
15.492650
15.525350
15.559525
15.601000
15.621950
15.655525
15.704675
15.739075
15.827900
15.850375
15.857625
15.861275
15.865150
15.867550
15.872450
15.882600
15.898075
15.907400
15.926050
15.955250
15.989000
16.026600
16.055000
16.122525
16.163025
16.196600
16.231050
16.276700
16.319975
16.360525
16.411550
16.446375
16.477625
16.502300
16.537575
16.569325
16.609925
16.648625
16.699800
16.733175
16.764550
16.786375
16.808825
16.849250
16.884800
16.920250
16.957475
17.001900
17.043075
17.067025
17.087625
17.111600
17.163450
17.185975
17.218175
17.262075
17.291325
17.326600
17.343100
17.350025
17.357175
17.361575
17.374300
17.382775
17.391150
17.407775
17.426575
17.455150
17.481625
17.504450
17.535175
17.566600
17.599175
17.637100
17.665550
17.697725
17.720575
17.762575
17.784625
17.828975
17.861325
17.902575
17.931900
17.958100
18.000275
18.039300
18.073600
18.101200
18.130475
18.174325
18.203125
18.232350
18.267850
18.306100
18.337950
18.368350
18.397900
18.418975
18.469000
18.500575
18.527475
18.563900
18.594925
18.634475
18.664475
18.686375
18.735375
18.762875
18.802300
18.845900
18.883500
18.921125
18.985900
19.031575
19.132425
19.201850
19.237100
19.272025
19.304150
19.348800
19.394675
19.443775
19.474925
19.510850
19.559700
19.577875
19.619300
19.664425
19.712725
19.760575
19.785325
19.816100
19.840975
19.876450
19.892225
19.904725
19.922225
19.936000
19.948125
19.958325
19.986925
20.021225
20.038025
20.062900
20.077600
20.144775
20.183325
20.236950
20.297250
20.353625
20.396050
20.468525
20.499425
20.537850
20.594575
20.628475
20.668425
20.692550
20.722950
20.774175
20.806850
20.851500
20.884250
20.921375
20.981425
21.026575
21.046225
21.088050
21.144600
21.167175
21.239550
21.288875
21.333225
21.356225
21.382125
21.392725
21.430125
21.449175
21.468975
21.495075
21.518575
21.544300
21.570325
21.594950
21.626350
21.653650
21.681500
21.706875
21.742525
21.769775
21.813275
21.839750
21.883825
21.938125
21.973675
22.007325
22.049850
22.077650
22.100075
22.136875
22.169825
22.204525
22.239350
22.270325
22.320550
22.354675
22.386225
22.407375
22.437300
22.480850
22.529000
22.563875
22.580675
22.598825
22.618725
22.639800
22.675925
22.706775
22.749800
22.796575
22.824450
22.835825
22.845800
22.856650
22.874150
22.885475
22.900925
22.917450
22.939900
22.959575
22.999500
23.038750
23.069725
23.102100
23.140875
23.162725
23.187350
23.200350
23.211100
23.245650
23.264550
23.283825
23.303075
23.327750
23.347800
23.382200
23.416825
23.440725
23.472850
23.516950
23.550800
23.623775
23.653825
23.674450
23.701075
23.735550
23.769550
23.805575
23.868975
23.899200
23.944950
23.991925
24.040600
24.072875
24.114225
24.147100
24.230425
24.275650
24.297225
24.333375
24.360775
24.380575
24.404725
24.419050
24.434000
24.490000
24.521800
24.553300
24.580375
24.611425
24.646275
24.678175
24.702700
24.734375
24.761250
24.784275
24.836150
24.897600
24.939025
24.959675
24.985775
24.995775
25.049850
25.076600
25.105775
25.162075
25.216875
25.265725
25.287575
25.295925
25.309600
25.343850
25.376400
25.403150
25.438225
25.481475
25.514600
25.559650
25.586975
25.645375
25.657700
25.669275
25.686075
25.723050
25.739675
25.760125
25.782925
25.810475
25.845150
25.861825
25.893825
25.927550
25.970150
26.008600
26.018925
26.025700
26.037875
26.045125
26.053000
26.056425
26.065275
26.097550
26.133175
26.163950
26.181775
26.207900
26.234050
26.251675
26.268750
26.295300
26.333950
26.352150
26.375100
26.401175
26.425950
26.458400
26.471875
26.498025
26.518625
26.551550
26.578850
26.597200
26.616850
26.640300
26.659000
26.683375
26.715400
26.736000
26.749525
26.773625
26.800425
26.826325
26.855450
26.879975
26.911425
26.941500
26.956100
26.991075
27.014050
27.053175
27.062425
27.069275
27.076375
27.089375
27.096050
27.106325
27.116300
27.127975
27.137400
27.150650
27.161500
27.179700
27.197850
27.214950
27.242200
27.267575
27.293475
27.330275
27.352575
27.392175
27.410500
27.435500
27.455500
27.485075
27.500075
27.527675
27.552450
27.581675
27.613450
27.644175
27.664175
27.680425
27.706575
27.751750
27.783350
27.820150
27.841275
27.872075
27.893000
27.912525
27.945150
27.979400
28.004500
28.024600
28.068375
28.116200
28.161525
28.190675
28.208300
28.219975
28.231850
28.245350
28.257100
28.262250
28.277625
28.283850
28.302300
28.314325
28.336175
28.352950
28.371950
28.386025
28.421950
28.456600
28.473025
28.509725
28.534475
28.565875
28.574650
28.585100
28.606150
28.612900
28.635350
28.649325
28.661525
28.677025
28.687125
28.712300
28.750025
28.776025
28.809650
28.844825
28.880025
28.907975
28.949800
28.980450
29.000675
29.013950
29.022600
29.043025
29.061600
29.074525
29.092200
29.104700
29.130575
29.152050
29.184050
29.204725
29.223350
29.241725
29.263625
29.274525
29.286750
29.294125
29.314650
29.328325
29.343225
29.356800
29.370025
29.383725
29.400825
29.423750
29.450800
29.465050
29.490000
29.520550
29.554350
29.583025
29.622150
29.656325
29.666300
29.678450
29.701900
29.715725
29.739700
29.759575
29.776650
29.814175
29.835075
29.856525
29.874850
29.907775
29.939500
29.955325
29.968275
29.989650
