0.003200
0.014750
0.024300
0.037125
0.117650
0.193350
0.215150
0.233500
0.286900
0.315525
0.337000
0.355950
0.364100
0.383575
0.394400
0.403750
0.412575
0.423350
0.431275
0.500825
0.521450
0.551350
0.595975
0.622550
0.653500
0.691875
0.759550
0.785850
0.799475
0.812800
0.863225
0.885750
0.953000
1.072550
1.120050
1.153150
1.175225
1.195375
1.213175
1.239925
1.263100
1.289650
1.363750
1.385250
1.424225
1.447450
1.481050
1.506875
1.563600
1.595000
1.625800
1.641525
1.650875
1.664225
1.675500
1.688900
1.700650
1.733800
1.770075
1.790725
1.840575
1.866850
1.885775
1.910950
1.938950
2.022800
2.070625
2.118175
2.188850
2.204225
2.214525
2.242150
2.269275
2.284725
2.300375
2.351800
2.361700
2.378200
2.393525
2.489300
2.572400
2.602850
2.636300
2.668400
2.715375
2.722050
2.731075
2.739475
2.817675
2.845650
2.879725
2.901875
2.931250
2.977550
3.004450
3.040225
3.044000
3.114925
3.160325
3.185400
3.197725
3.232750
3.249075
3.349550
3.373850
3.391275
3.399375
3.451225
3.493825
3.515550
3.591075
3.629525
3.702750
3.719525
3.732425
3.746000
3.759050
3.768800
3.779750
3.789650
3.856375
3.875450
3.915800
3.930675
3.957225
3.996575
4.062825
4.144925
4.193200
4.225950
4.245250
4.269350
4.307850
4.327175
4.346525
4.355975
4.388025
4.405375
4.417200
4.459700
4.478575
4.492075
4.502275
4.534975
4.542975
4.583750
4.592200
4.629600
4.700800
4.754775
4.778075
4.826200
4.862000
4.890650
4.926375
4.970600
5.018350
5.029575
5.051000
5.066200
5.082500
5.095875
5.111500
5.137150
5.152875
5.181525
5.196075
5.212525
5.224925
5.236050
5.275900
5.293725
5.305300
5.481625
5.536300
5.574000
5.618925
5.657550
5.687250
5.719650
5.736950
5.758525
5.818450
5.864900
5.873425
5.907900
5.910225
5.924175
5.937825
5.964025
5.986875
6.017775
6.052275
6.075450
6.105250
6.137000
6.152350
6.175225
6.188525
6.239925
6.268550
6.290600
6.332075
6.367425
6.386775
6.408250
6.415750
6.427850
6.432425
6.438300
6.470950
6.627550
6.660425
6.731925
6.775300
6.807750
6.851975
6.874325
6.908450
6.931450
6.943800
6.956375
6.972900
7.021600
7.062175
7.113450
7.127750
7.145150
7.186875
7.231000
7.248150
7.317725
7.338075
7.359125
7.370825
7.391325
7.421375
7.458150
7.483900
7.494350
7.512925
7.549725
7.571175
7.607775
7.691075
7.721175
7.767875
7.796300
7.822975
7.857025
7.949975
8.004000
8.025875
8.053725
8.087125
8.120300
8.137550
8.156725
8.220525
8.237725
8.278525
8.282275
8.304625
8.329475
8.346925
8.371500
8.389950
8.408725
8.457725
8.495475
8.504250
8.510800
8.520475
8.529075
8.566525
8.628425
8.654475
8.687825
8.711775
8.779150
8.844625
8.911650
9.024175
9.067625
9.099675
9.136175
9.144525
9.154725
9.170675
9.185425
9.230525
9.289025
9.305575
9.340225
9.386775
9.420075
9.494600
9.532650
9.559250
9.586500
9.623075
9.642925
9.657900
9.679275
9.727850
9.810550
9.859325
9.884525
9.929600
9.984975
10.021725
10.065175
10.089025
10.103575
10.119050
10.150050
10.191525
10.229450
10.254525
10.304750
10.349150
10.376250
10.405350
10.417450
10.427200
10.524675
10.625975
10.703525
10.707925
10.736925
10.787275
10.817175
10.834200
10.916425
10.982050
11.036475
11.075075
11.102175
11.125100
11.162050
11.182425
11.203075
11.229500
11.253425
11.278300
11.305150
11.327500
11.365850
11.395350
11.431225
11.470950
11.508375
11.557950
11.576600
11.590500
11.609275
11.622175
11.642175
11.659600
11.686175
11.696800
11.709125
11.725800
11.735350
11.764325
11.862700
11.963625
12.016025
12.027375
12.046800
12.069800
12.089750
12.106050
12.129025
12.179375
12.204800
12.224275
12.265750
12.315625
12.360950
12.397050
12.419050
12.447125
12.468775
12.510650
12.558750
12.591350
12.685900
12.704350
12.737650
12.774325
12.826325
12.876225
12.975775
13.071550
13.119750
13.155025
13.270650
13.310100
13.352375
13.393400
13.467850
13.511150
13.548725
13.571375
13.593700
13.614675
13.632050
13.686700
13.717200
13.750300
13.790275
13.815975
13.854175
13.885125
13.924800
14.031425
14.046550
14.060250
14.094325
14.110325
14.126000
14.180050
14.213975
14.256675
14.294650
14.330775
14.400975
14.449025
14.461775
14.473025
14.486625
14.602775
14.632125
14.672325
14.692300
14.713150
14.742950
14.770400
14.797925
14.860800
14.907350
14.925225
15.013250
15.033625
15.053025
15.072850
15.091300
15.108400
15.154900
15.180475
15.239900
15.260825
15.274675
15.297125
15.318750
15.338800
15.358800
15.400700
15.426025
15.447750
15.480275
15.506725
15.553875
15.598750
15.608625
15.684225
15.695550
15.711350
15.806200
15.894350
15.921500
15.954850
16.010900
16.039125
16.066775
16.118375
16.130475
16.143000
16.168475
16.184225
16.216775
16.226300
16.237450
16.263875
16.306700
16.341575
16.367775
16.384175
16.407400
16.485725
16.504150
16.582925
16.611600
16.633450
16.650350
16.675375
16.712000
16.726100
16.756150
16.805225
16.830100
16.846375
16.876000
16.901575
16.927175
16.962725
16.972950
16.988825
17.014575
17.035525
17.061875
17.094425
17.126475
17.150225
17.166575
17.178800
17.202925
17.239925
17.273600
17.287350
17.302700
17.337925
17.392950
17.413900
17.469050
17.485725
17.512725
17.530375
17.567350
17.610600
17.625075
17.631850
17.645200
17.656800
17.711150
17.748975
17.777550
17.814400
17.829775
17.849025
17.922925
17.943475
17.970400
17.995700
18.020575
18.042875
18.066750
18.103150
18.120400
18.137250
18.191375
18.230000
18.247900
18.264375
18.295575
18.314550
18.341500
18.380850
18.397675
18.434350
18.460425
18.487100
18.517150
18.549900
18.569400
18.583900
18.595000
18.604375
18.618875
18.709100
18.724175
18.755000
18.800950
18.819675
18.832125
18.838650
18.859250
18.969200
18.986775
19.007225
19.061700
19.088125
19.135100
19.178025
19.194000
19.201250
19.285400
19.399125
19.428750
19.462750
19.480500
19.486825
19.510875
19.595975
19.624025
19.744350
19.873850
19.900600
19.931050
19.962225
19.997625
20.014200
20.029950
20.053825
20.077325
20.107125
20.112925
20.123150
20.218225
20.241450
20.262850
20.299050
20.377650
20.399625
20.421075
20.448225
20.466425
20.496050
20.509975
20.547075
20.568325
20.617600
20.654050
20.719225
20.773625
20.802425
20.826725
20.862750
20.899775
20.930775
20.953650
20.982200
20.998450
21.025500
21.086925
21.121075
21.131750
21.223700
21.262800
21.295025
21.333475
21.351800
21.376275
21.391425
21.405875
21.421300
21.435125
21.579200
21.602075
21.625650
21.716625
21.775200
21.818625
21.845675
21.901275
21.963700
22.030250
22.065375
22.110200
22.132525
22.166750
22.187550
22.206525
22.221850
22.235900
22.352500
22.369300
22.383325
22.456500
22.502275
22.539500
22.563425
22.597975
22.616525
22.648550
22.691875
22.725025
22.830800
22.888000
22.923700
22.981575
23.008325
23.028550
23.054200
23.069975
23.087250
23.107925
23.158025
23.185750
23.302650
23.337625
23.365825
23.401200
23.486150
23.519775
23.552225
23.587575
23.609625
23.689025
23.737875
23.770500
23.792475
23.818025
23.846450
23.872025
23.887525
23.909675
23.933500
23.949750
23.970725
23.981400
24.034650
24.077725
24.145250
24.165700
24.179925
24.202775
24.226850
24.244550
24.271975
24.311750
24.321975
24.336350
24.346225
24.366600
24.393525
24.406750
24.431400
24.475625
24.501050
24.513075
24.526175
24.540675
24.579225
24.603075
24.630450
24.651025
24.740875
24.769575
24.797050
24.847375
24.898275
24.912825
24.920325
24.929975
24.945275
24.966800
24.994575
25.017175
25.030300
25.050375
25.074850
25.131100
25.150700
25.177875
25.228775
25.271125
25.309050
25.361675
25.374150
25.390225
25.412775
25.480425
25.495775
25.512050
25.670725
25.700675
25.730000
25.764625
25.822075
25.861675
25.912750
25.957350
25.980975
26.071300
26.093775
26.156075
26.232225
26.265725
26.291675
26.325625
26.391525
26.411775
26.460425
26.507050
26.514175
26.528600
26.554150
26.589925
26.635075
26.721850
26.749250
26.775475
26.792450
26.810425
26.842625
26.880900
26.925225
26.936700
26.950150
26.973775
27.002300
27.026475
27.089075
27.124250
27.157925
27.182725
27.211450
27.239675
27.258475
27.276250
27.296850
27.356575
27.450875
27.485650
27.524100
27.606625
27.626950
27.643925
27.677575
27.707400
27.738350
27.782700
27.808325
27.833475
27.912525
27.958050
27.974375
27.989550
27.996100
28.002625
28.008325
28.014700
28.031550
28.044550
28.108650
28.146500
28.161825
28.169025
28.188675
28.213100
28.232425
28.241600
28.288700
28.320375
28.358175
28.373850
28.401475
28.432200
28.487000
28.551100
28.585375
28.638325
28.669925
28.693525
28.719575
28.752850
28.783525
28.823850
28.908350
28.949975
28.987425
29.022450
29.051675
29.070725
29.089350
29.135350
29.194725
29.199625
29.234000
29.241250
29.252850
29.267350
29.308175
29.355900
29.378475
29.394900
29.426775
29.446650
29.468750
29.491025
29.501375
29.531425
29.600975
29.635675
29.668900
29.711750
29.762625
29.788725
29.802350
29.824500
29.888450
29.910225
29.956600
29.973725
29.990725
