0.002825
0.009075
0.012825
0.022700
0.036525
0.050150
0.057625
0.068450
0.091925
0.112025
0.121900
0.138575
0.150500
0.174325
0.192200
0.222875
0.242075
0.267825
0.300425
0.322925
0.335025
0.343150
0.349975
0.361800
0.372500
0.385425
0.393825
0.406050
0.414475
0.430950
0.450600
0.469875
0.490450
0.507200
0.523025
0.538200
0.561175
0.584975
0.638125
0.654075
0.674325
0.683550
0.706575
0.719250
0.737325
0.761500
0.791500
0.817250
0.842675
0.866050
0.892350
0.914875
0.944450
0.955675
0.970300
0.990100
1.001075
1.009750
1.019900
1.029875
1.045425
1.059300
1.070525
1.081550
1.101400
1.115500
1.127300
1.150025
1.221650
1.241075
1.263875
1.293750
1.324125
1.358325
1.398325
1.412725
1.451575
1.462900
1.472075
1.498925
1.524425
1.536075
1.558525
1.583750
1.608275
1.618050
1.624925
1.633750
1.640925
1.646675
1.655425
1.705975
1.724925
1.745100
1.762000
1.824525
1.847575
1.870050
1.891525
1.921925
1.953550
1.966100
1.985050
2.013325
2.029050
2.049825
2.084875
2.098800
2.117500
2.131875
2.141750
2.158100
2.175950
2.196125
2.216400
2.251425
2.305400
2.322075
2.346575
2.365950
2.389425
2.403250
2.413650
2.418725
2.425675
2.434275
2.448950
2.469475
2.489850
2.511725
2.551025
2.635050
2.654150
2.668625
2.679300
2.693175
2.704525
2.718650
2.745450
2.776925
2.800000
2.810300
2.820300
2.832125
2.847925
2.881950
2.905900
2.928325
2.949850
2.988000
3.029400
3.052975
3.096075
3.130375
3.187175
3.210925
3.235475
3.249300
3.260550
3.271925
3.289025
3.304000
3.316675
3.327775
3.337825
3.347000
3.357925
3.366450
3.380625
3.389375
3.402900
3.417525
3.434750
3.475975
3.505100
3.539250
3.558975
3.578500
3.610425
3.659575
3.678475
3.699575
3.715375
3.726400
3.740975
3.749500
3.768500
3.780150
3.799700
3.810650
3.824425
3.836500
3.848150
3.852375
3.862450
3.873600
3.883600
3.891775
3.902875
3.915225
3.925275
3.936125
3.957000
3.984425
4.020475
4.046900
4.088375
4.121850
4.148300
4.192625
4.201550
4.215025
4.227750
4.237250
4.253900
4.279050
4.296650
4.306325
4.320950
4.343575
4.363675
4.401925
4.452925
4.489700
4.510375
4.548825
4.564125
4.623200
4.642750
4.669150
4.684450
4.691075
4.702975
4.707075
4.714475
4.726500
4.733125
4.740200
4.750075
4.766200
4.783225
4.801550
4.834525
4.874025
4.896125
4.928125
4.947825
4.974425
4.998300
5.023825
5.040825
5.073350
5.089825
5.105525
5.117050
5.135275
5.143125
5.176575
5.184425
5.198700
5.207400
5.214950
5.221175
5.226050
5.236300
5.246625
5.252025
5.259600
5.265675
5.275350
5.291375
5.311950
5.323800
5.337025
5.349200
5.365150
5.380550
5.408075
5.429175
5.465900
5.495025
5.558000
5.569250
5.576525
5.586175
5.591975
5.600575
5.609000
5.621750
5.639725
5.662900
5.677825
5.714025
5.729625
5.740600
5.778300
5.787350
5.800725
5.808175
5.818900
5.834875
5.854000
5.905925
5.932100
6.002950
6.043625
6.072050
6.102525
6.116500
6.133950
6.151500
6.164825
6.172775
6.181575
6.202000
6.223900
6.263075
6.283900
6.292600
6.316400
6.335350
6.352250
6.372925
6.389875
6.409425
6.428725
6.462575
6.489800
6.568075
6.595475
6.605175
6.619050
6.633125
6.661725
6.684950
6.715100
6.729400
6.747450
6.774000
6.812250
6.836575
6.856325
6.882225
6.919125
6.967575
6.982750
7.004125
7.019150
7.047325
7.073400
7.093200
7.114975
7.147350
7.200450
7.239225
7.270025
7.286250
7.300050
7.317350
7.331325
7.345675
7.363150
7.385325
7.401825
7.427600
7.501875
7.543425
7.590875
7.632700
7.647250
7.662325
7.679675
7.697775
7.711525
7.719450
7.732525
7.743075
7.752950
7.762225
7.772250
7.786150
7.799525
7.812975
7.821900
7.837050
7.844700
7.856700
7.871575
7.910350
7.932700
7.947975
7.971125
7.997500
8.021950
8.056000
8.102900
8.125900
8.146275
8.154550
8.165900
8.183300
8.198800
8.250925
8.308500
8.333250
8.352725
8.372550
8.413500
8.427100
8.442775
8.466500
8.517475
8.544650
8.563000
8.596550
8.613325
8.633925
8.648750
8.660700
8.676450
8.688650
8.708125
8.726950
8.736075
8.766300
8.792475
8.846050
8.884850
8.943950
9.009100
9.020650
9.042200
9.063075
9.078475
9.104000
9.111525
9.127475
9.146600
9.170625
9.210850
9.258225
9.286650
9.298850
9.316025
9.327000
9.334375
9.349375
9.366425
9.376300
9.390125
9.406275
9.419750
9.431550
9.450475
9.473725
9.494750
9.528400
9.556225
9.586025
9.600625
9.640150
9.652275
9.665875
9.678675
9.695500
9.706200
9.733750
9.755175
9.782425
9.818550
9.833550
9.854650
9.883350
9.923425
9.945050
9.976800
10.034150
10.070150
10.093025
10.110400
10.126050
10.145950
10.171825
10.187775
10.202100
10.223550
10.243325
10.288775
10.330525
10.370050
10.428725
10.473800
10.498900
10.514775
10.533750
10.552075
10.572250
10.596075
10.623475
10.679850
10.705400
10.749225
10.788775
10.822000
10.836650
10.849575
10.876175
10.898275
10.924200
10.946075
10.969775
10.991725
11.016000
11.037825
11.069750
11.095250
11.128000
11.196850
11.231425
11.265650
11.286725
11.315625
11.343950
11.358925
11.372700
11.389450
11.409350
11.430375
11.452925
11.470825
11.489425
11.498325
11.516300
11.532775
11.551700
11.577675
11.597325
11.616350
11.638200
11.677075
11.727400
11.756000
11.777825
11.793000
11.802975
11.813800
11.831550
11.846125
11.862400
11.878875
11.898550
11.920100
11.945675
11.965875
11.994975
12.037100
12.109925
12.154125
12.181925
12.204150
12.221675
12.237375
12.257700
12.275325
12.293725
12.311600
12.338600
12.352525
12.369375
12.379800
12.410325
12.435000
12.463725
12.581475
12.596050
12.605650
12.614025
12.624100
12.635225
12.652900
12.680700
12.705650
12.715200
12.733325
12.745200
12.767375
12.815450
12.858125
12.898225
12.934750
12.957350
13.000900
13.027275
13.044275
13.056400
13.065625
13.111650
13.144375
13.159175
13.205050
13.243025
13.268750
13.322775
13.345400
13.400500
13.424350
13.443300
13.459825
13.477125
13.512050
13.544125
13.560475
13.593975
13.616800
13.647800
13.680875
13.763900
13.800000
13.834450
13.854175
13.885800
13.906475
13.928475
13.972450
14.003450
14.016300
14.026500
14.035925
14.042550
14.050825
14.066625
14.075225
14.089550
14.123425
14.140675
14.167225
14.216700
14.269000
14.313600
14.335525
14.369175
14.383400
14.405425
14.420850
14.483950
14.507850
14.531275
14.562700
14.595850
14.644200
14.695750
14.715775
14.727425
14.742200
14.760000
14.776000
14.799750
14.828275
14.841100
14.859075
14.870475
14.890975
14.915400
14.984925
15.006050
15.026375
15.095200
15.104800
15.111400
15.118675
15.124800
15.137100
15.156975
15.196300
15.217050
15.237200
15.366100
15.394650
15.428825
15.441925
15.449800
15.463025
15.472800
15.482600
15.493875
15.509275
15.522225
15.535500
15.549550
15.563625
15.574075
15.582550
15.593125
15.605625
15.616825
15.633500
15.650075
15.661050
15.670675
15.687150
15.702800
15.752200
15.790750
15.857175
15.878725
15.891950
15.898400
15.913975
15.928250
15.938850
15.957725
15.975025
15.983325
16.010000
16.018950
16.040850
16.056050
16.070500
16.088000
16.098850
16.120000
16.138825
16.173875
16.203925
16.247850
16.275175
16.307550
16.320000
16.330500
16.341475
16.351675
16.359700
16.371300
16.388975
16.413100
16.421375
16.426200
16.430300
16.439500
16.449375
16.459775
16.486825
16.495425
16.525350
16.541175
16.564075
16.583275
16.621325
16.650725
16.679125
16.690050
16.700900
16.715425
16.724350
16.749200
16.810300
16.825650
16.837050
16.854650
16.887025
16.929100
16.951350
16.972750
16.999425
17.019125
17.032575
17.046750
17.057150
17.065775
17.088100
17.112775
17.125925
17.138250
17.153850
17.169800
17.176775
17.183975
17.188250
17.207525
17.216300
17.234125
17.249000
17.264150
17.285225
17.301150
17.332750
17.339150
17.348275
17.369025
17.376550
17.380825
17.390000
17.399350
17.406150
17.419350
17.437775
17.451400
17.461775
17.479450
17.490500
17.501750
17.510975
17.528450
17.551825
17.574275
17.588575
17.605525
17.630175
17.653900
17.675025
17.717700
17.727750
17.744975
17.759500
17.771600
17.782975
17.791975
17.803650
17.813375
17.822350
17.842700
17.858825
17.869800
17.878725
17.891225
17.912925
17.961150
18.007725
18.027200
18.055375
18.082675
18.114900
18.162275
18.170300
18.183825
18.194125
18.206925
18.216000
18.225300
18.235950
18.246875
18.257750
18.275250
18.291900
18.327875
18.358300
18.399475
18.427425
18.458275
18.485350
18.514350
18.530775
18.550975
18.560275
18.568475
18.576750
18.586575
18.594375
18.604025
18.629525
18.645975
18.663750
18.683200
18.717000
18.744825
18.759700
18.773350
18.801800
18.828850
18.853225
18.876225
18.937225
18.970450
18.998450
19.010275
19.022100
19.044700
19.068925
19.088500
19.114175
19.144275
19.183975
19.216425
19.240925
19.268750
19.285925
19.320825
19.344850
19.384375
19.400975
19.419550
19.424800
19.436775
19.446450
19.463375
19.476100
19.483725
19.498700
19.514850
19.533225
19.567025
19.594700
19.634025
19.658375
19.693575
19.726500
19.787075
19.797375
19.806850
19.820750
19.826625
19.833575
19.840675
19.845925
19.854675
19.863850
19.875200
19.883900
19.902000
19.935850
19.967725
19.999575
20.031675
20.087525
20.119875
20.141400
20.153075
20.167450
20.180225
20.200750
20.219200
20.241475
20.264100
20.302300
20.342375
20.384725
20.425800
20.456350
20.482350
20.505825
20.514150
20.539375
20.553975
20.560950
20.566025
20.570225
20.579300
20.607100
20.669850
20.699250
20.715450
20.796875
20.814100
20.824775
20.835175
20.847000
20.863350
20.877100
20.890300
20.908275
20.933500
20.971225
20.985400
20.996250
21.008775
21.015375
21.030800
21.049900
21.059175
21.067350
21.080750
21.104625
21.124725
21.182500
21.234325
21.257050
21.279400
21.294200
21.313325
21.329300
21.337875
21.349650
21.361500
21.379950
21.396350
21.426850
21.446725
21.478500
21.492100
21.515225
21.535175
21.550475
21.586300
21.645900
21.723800
21.746425
21.763175
21.779450
21.801450
21.814650
21.833125
21.847175
21.880625
21.895275
21.921100
21.933750
21.951050
21.964550
21.989950
22.007400
22.027825
22.069475
22.116400
22.148725
22.198050
22.253100
22.283325
22.293750
22.303100
22.319400
22.326050
22.334875
22.342600
22.369150
22.374675
22.398425
22.403150
22.414800
22.425225
22.440575
22.461125
22.471275
22.481975
22.491125
22.543125
22.566075
22.584700
22.607925
22.654350
22.685250
22.699600
22.708525
22.719500
22.726325
22.746825
22.756600
22.783750
22.790175
22.800950
22.815725
22.827900
22.843225
22.855625
22.885900
22.904600
22.923950
22.935975
22.960800
22.994000
23.020600
23.045175
23.073650
23.096275
23.117950
23.124375
23.140350
23.153400
23.166025
23.176950
23.189800
23.202650
23.215375
23.223875
23.235525
23.247050
23.264950
23.293275
23.371025
23.423525
23.445025
23.479700
23.491950
23.498100
23.505300
23.508875
23.511800
23.523450
23.532600
23.536400
23.549200
23.558325
23.566700
23.577650
23.581950
23.597350
23.613100
23.638850
23.649750
23.656325
23.668025
23.685025
23.705250
23.723725
23.776350
23.818200
23.838225
23.876350
23.886675
23.906075
23.911400
23.925325
23.932600
23.948225
23.967350
23.988025
24.005550
24.020325
24.055625
24.076000
24.105325
24.134050
24.167600
24.216900
24.250075
24.273050
24.298675
24.328175
24.335625
24.344150
24.350600
24.359075
24.393175
24.420825
24.457700
24.508300
24.531775
24.556025
24.563775
24.573000
24.582975
24.593625
24.606375
24.623750
24.641925
24.661150
24.675600
24.693700
24.719675
24.743475
24.801825
24.854925
24.882150
24.938700
24.954375
24.968575
25.006550
25.018450
25.042425
25.061850
25.092675
25.130750
25.161550
25.183400
25.197600
25.208100
25.216300
25.220450
25.233975
25.245750
25.258950
25.272600
25.293125
25.329150
25.361275
25.404625
25.443700
25.461900
25.475775
25.489825
25.503000
25.513775
25.528000
25.542050
25.554900
25.570275
25.586175
25.594150
25.607850
25.619000
25.631975
25.647275
25.660900
25.680100
25.709775
25.748000
25.784725
25.804825
25.831600
25.851050
25.864800
25.880400
25.896825
25.919125
25.936450
25.955450
25.979200
26.004350
26.029575
26.051650
26.088425
26.111000
26.125600
26.144875
26.189600
26.201150
26.212000
26.220350
26.227350
26.244575
26.254725
26.263700
26.282175
26.315850
26.330525
26.379125
26.414500
26.428625
26.451025
26.480275
26.526275
26.546325
26.558475
26.567675
26.575175
26.587525
26.616000
26.644425
26.680850
26.700925
26.728000
26.746900
26.776725
26.793225
26.810675
26.835000
26.857100
26.883200
26.912750
26.941850
26.969350
26.992275
27.008450
27.022100
27.037775
27.060950
27.083600
27.102750
27.119575
27.146325
27.167800
27.185875
27.218275
27.249425
27.294925
27.337075
27.369375
27.393775
27.416875
27.445725
27.469300
27.487475
27.516675
27.545000
27.563775
27.600150
27.614800
27.630500
27.646500
27.661025
27.672800
27.698600
27.718550
27.761700
27.797025
27.816525
27.829325
27.843650
27.857825
27.875225
27.889750
27.907900
27.923375
27.941500
27.981525
27.992725
28.002400
28.011525
28.032050
28.058500
28.072925
28.093550
28.115675
28.139300
28.166100
28.189600
28.210475
28.258175
28.323525
28.350450
28.366400
28.401925
28.418475
28.460525
28.481550
28.502225
28.528350
28.573775
28.590625
28.615250
28.640250
28.652150
28.660075
28.668400
28.674325
28.688075
28.692825
28.700600
28.710500
28.717475
28.740000
28.754350
28.762175
28.773250
28.782625
28.805325
28.824250
28.842325
28.848125
28.871700
28.881275
28.898975
28.917700
28.934575
28.955600
29.009900
29.037225
29.083975
29.109025
29.122450
29.134025
29.151025
29.171025
29.202250
29.246325
29.273425
29.302825
29.317600
29.325975
29.338250
29.360550
29.382675
29.404275
29.447500
29.495250
29.524175
29.547850
29.557675
29.583075
29.629050
29.662550
29.683200
29.714200
29.738800
29.761100
29.796300
29.813950
29.828550
29.841225
29.860475
29.878175
29.899900
29.916700
29.933300
29.942325
29.974600
