0.019375
0.178850
0.291100
0.381225
0.553625
0.680675
0.718425
0.800950
0.958600
1.050325
1.125650
1.214450
1.398900
1.469950
1.658700
1.765200
1.841125
2.026175
2.335575
2.607725
2.737125
2.814425
2.914550
2.959475
3.055975
3.153100
3.229400
3.339450
3.394250
3.444675
3.516150
3.608325
3.630525
3.660725
3.724700
3.751650
3.826775
3.871475
3.930825
3.980300
4.050650
4.089175
4.146525
4.189075
4.215725
4.268475
4.298475
4.315425
4.349825
4.375000
4.419075
4.498000
4.565800
4.590775
4.644125
4.705600
4.748450
4.782850
4.830375
4.852675
4.896700
4.920175
4.961225
4.981525
5.003650
5.028850
5.077400
5.131275
5.181950
5.237300
5.286250
5.328700
5.373475
5.392650
5.410400
5.430025
5.442750
5.460550
5.479500
5.511725
5.559700
5.576425
5.612175
5.634375
5.689325
5.727775
5.778750
5.794975
5.838475
5.849375
5.875400
5.904950
5.932375
5.993850
6.029275
6.087050
6.159525
6.198625
6.219000
6.252875
6.280925
6.323000
6.334225
6.368825
6.388700
6.429050
6.506100
6.553625
6.568250
6.592625
6.627100
6.696650
6.719125
6.767025
6.800250
6.820825
6.864125
6.913675
6.933525
6.972325
6.990025
7.012625
7.084475
7.115325
7.176800
7.191700
7.217500
7.281050
7.299800
7.320575
7.340400
7.443725
7.557050
7.611000
7.677775
7.711925
7.754050
7.865950
7.904500
7.979700
8.007950
8.039400
8.085000
8.120925
8.178450
8.230850
8.276725
8.301800
8.337475
8.353000
8.381275
8.496925
8.523700
8.576200
8.623850
8.667125
8.701525
8.730675
8.813775
8.924200
8.972425
9.006575
9.034650
9.064575
9.148475
9.184525
9.236200
9.287525
9.316400
9.381325
9.415025
9.445325
9.486775
9.515025
9.628075
9.660000
9.707575
9.773325
9.813000
9.899450
9.956425
9.995250
10.055875
10.077175
10.114750
10.159650
10.252975
10.286200
10.315800
10.355475
10.375725
10.410000
10.442625
10.512850
10.579450
10.624550
10.719550
10.754175
10.786575
10.827825
10.884350
10.912100
10.954425
10.986000
11.032850
11.115350
11.158075
11.190100
11.229500
11.245425
11.376150
11.478000
11.599325
11.664150
11.856400
11.922550
11.955450
11.977650
12.014850
12.046225
12.169125
12.217150
12.303325
12.329650
12.406050
12.434875
12.517950
12.625200
12.655650
12.699275
12.728200
12.803000
12.864175
12.912475
12.943300
13.002800
13.047650
13.097950
13.191425
13.229825
13.333175
13.372175
13.521775
13.563700
13.601175
13.621275
13.680925
13.855875
13.882600
13.898400
14.009075
14.133725
14.205300
14.256075
14.331450
14.470400
14.602950
14.685575
14.740825
14.858000
14.892375
14.963525
15.032700
15.085325
15.177175
15.274250
15.445625
15.617825
15.726725
15.862375
16.000425
16.049900
16.201725
16.251325
16.356000
16.466050
16.694350
16.846950
17.005100
17.058025
17.155825
17.230100
17.344250
17.491700
17.671350
17.838500
17.927475
18.122950
18.429550
18.719375
18.893700
19.004650
19.080425
19.243550
19.419250
19.511075
19.668925
19.768350
19.802125
19.839825
19.864050
19.891025
19.952775
20.010675
20.109150
20.228100
20.332225
20.656500
21.167125
21.309800
21.600175
21.734150
21.995975
22.166550
22.249850
22.300125
22.450025
22.859800
23.038125
23.091525
23.159550
23.244900
23.316700
23.438700
23.553325
23.577000
23.604150
23.625650
23.696650
23.722775
23.874400
23.985150
24.063100
24.113050
24.207025
24.265800
24.298950
24.401625
24.451675
24.653975
24.783600
24.841650
24.971550
25.041000
25.095500
25.176400
25.209525
25.254650
25.279775
25.318100
25.334400
25.370450
25.460325
25.525475
25.572550
25.591550
25.734900
25.778900
25.820725
25.866300
25.917950
25.964950
25.996300
26.046625
26.068725
26.093475
26.190150
26.280250
26.357325
26.436475
26.460300
26.476700
26.736600
26.869625
26.894725
26.970575
27.025025
27.064775
27.088525
27.136475
27.221650
27.266525
27.318000
27.354425
27.403850
27.522525
27.562750
27.607125
27.670100
27.728250
27.990000
28.031550
28.093475
28.162425
28.257700
28.278075
28.301075
28.346575
28.473125
28.517600
28.595625
28.627725
28.650675
28.680475
28.699675
28.751750
28.840250
28.886575
29.091450
29.134350
29.174375
29.220425
29.300100
29.340950
29.372075
29.408775
29.429600
29.472325
29.521675
29.547800
29.559550
29.675650
29.763175
29.875875
29.948800
29.992700
