0.001475
0.016450
0.043275
0.064900
0.093150
0.116025
0.141075
0.166300
0.191775
0.223950
0.254750
0.275625
0.301250
0.316075
0.332625
0.346225
0.359625
0.371175
0.389250
0.399675
0.414400
0.427025
0.442400
0.458700
0.473350
0.485500
0.515550
0.542925
0.561000
0.577875
0.596200
0.609725
0.620025
0.646600
0.673825
0.696175
0.728675
0.757200
0.774900
0.803325
0.826325
0.846000
0.863500
0.881625
0.899450
0.912850
0.933125
0.951825
0.966775
0.986475
1.001550
1.028225
1.050250
1.066825
1.082625
1.092125
1.105775
1.113600
1.123425
1.132550
1.138675
1.146775
1.156300
1.166400
1.175950
1.182650
1.191725
1.199750
1.210250
1.220300
1.238325
1.252050
1.261425
1.270650
1.279350
1.287200
1.297100
1.311775
1.326725
1.339025
1.356700
1.373800
1.398650
1.413400
1.440500
1.461925
1.489100
1.521600
1.549875
1.577675
1.598875
1.622575
1.656300
1.684075
1.700500
1.714050
1.723500
1.731050
1.737900
1.746600
1.756650
1.762575
1.777600
1.797025
1.821925
1.842775
1.875100
1.905025
1.928200
1.944975
1.962000
1.977875
1.999775
2.015975
2.030950
2.050575
2.081000
2.101025
2.120725
2.149500
2.180200
2.206750
2.235800
2.259600
2.280900
2.297975
2.318525
2.339450
2.359350
2.375575
2.392250
2.407650
2.424725
2.446850
2.467750
2.486500
2.503525
2.528950
2.554125
2.576600
2.599775
2.634650
2.659700
2.688600
2.713175
2.738350
2.771150
2.796650
2.815175
2.833950
2.855875
2.872725
2.886425
2.905200
2.917200
2.931300
2.947650
2.959725
2.973325
2.989725
3.002875
3.022825
3.040375
3.061375
3.081675
3.099550
3.115900
3.133150
3.147725
3.163250
3.180400
3.195450
3.210850
3.225350
3.239375
3.252050
3.267625
3.279475
3.292150
3.306925
3.324825
3.342950
3.352225
3.362650
3.373175
3.383350
3.397975
3.412450
3.425350
3.442750
3.459700
3.477725
3.496525
3.519725
3.548125
3.571100
3.590050
3.617050
3.642300
3.669625
3.696875
3.718325
3.738350
3.765800
3.801275
3.822225
3.834000
3.850025
3.860850
3.873300
3.887025
3.898900
3.914275
3.929925
3.945300
3.956675
3.971950
3.985500
4.005925
4.022075
4.034125
4.061675
4.088725
4.110050
4.136275
4.158350
4.182100
4.200825
4.215750
4.228150
4.235775
4.242500
4.246300
4.252875
4.259250
4.264125
4.271625
4.277100
4.287100
4.297575
4.306300
4.318500
4.330275
4.338350
4.347575
4.360875
4.371900
4.384475
4.396625
4.412525
4.427850
4.441075
4.454075
4.461925
4.469200
4.491150
4.500000
4.507700
4.514975
4.522825
4.528025
4.533650
4.549825
4.561975
4.568200
4.574900
4.582000
4.588325
4.595900
4.601800
4.608950
4.613325
4.620200
4.626625
4.634050
4.641575
4.647200
4.662750
4.673725
4.679800
4.684050
4.703625
4.722300
4.731825
4.739825
4.751075
4.759575
4.771300
4.784925
4.795200
4.810725
4.819025
4.838075
4.851625
4.864250
4.878975
4.899100
4.919250
4.944200
4.967075
4.992700
5.009600
5.037000
5.061275
5.088900
5.116650
5.141400
5.173475
5.184775
5.196375
5.207925
5.219725
5.229500
5.257300
5.270275
5.281950
5.291700
5.303675
5.316600
5.330425
5.350425
5.367625
5.387500
5.408475
5.426625
5.446425
5.465500
5.486050
5.503775
5.522350
5.537000
5.557400
5.566850
5.575725
5.584325
5.595350
5.617700
5.626275
5.649400
5.654475
5.670400
5.688250
5.699825
5.714500
5.728750
5.855200
5.868350
5.879650
5.897775
5.908150
6.112000
6.116900
6.143125
6.151575
6.161100
6.169825
6.174650
6.182625
6.188850
6.201500
6.209350
6.215150
6.224975
6.232775
6.240625
6.248325
6.258625
6.266275
6.273925
6.279525
6.286000
6.291825
6.302675
6.309800
6.317625
6.325975
6.335625
6.346725
6.355575
6.368550
6.381100
6.389500
6.399825
6.412400
6.423075
6.434600
6.446550
6.458125
6.467800
6.480950
6.490700
6.513700
6.535925
6.550725
6.568500
6.581400
6.597825
6.606300
6.615225
6.629525
6.649700
6.658150
6.668200
6.675325
6.681875
6.687800
6.693225
6.700050
6.706850
6.709950
6.717550
6.724500
6.731675
6.737675
6.743825
6.750650
6.758450
6.766800
6.775275
6.780375
6.790675
6.794650
6.803750
6.809125
6.817900
6.824000
6.834525
6.842825
6.856800
6.869300
6.875500
6.886150
6.895275
6.905375
6.914400
6.921700
6.933150
6.940000
6.951450
6.961325
6.970325
6.984075
6.993550
7.005650
7.016925
7.025500
7.042250
7.053300
7.068925
7.085600
7.099625
7.117425
7.129200
7.143275
7.152650
7.166450
7.179075
7.189175
7.204500
7.213050
7.227225
7.239675
7.254275
7.273975
7.291075
7.319450
7.343200
7.363775
7.381700
7.396575
7.406975
7.414925
7.423150
7.430300
7.439650
7.450250
7.456575
7.465550
7.480400
7.495825
7.511375
7.521275
7.547775
7.565650
7.581525
7.597450
7.623125
7.648350
7.670175
7.687175
7.704350
7.719350
7.738325
7.751250
7.762000
7.768500
7.781675
7.791575
7.801875
7.815900
7.829225
7.843575
7.862725
7.880400
7.900800
7.916450
7.939650
7.955500
7.968525
7.988400
8.011300
8.027675
8.040275
8.046150
8.051650
8.058550
8.063575
8.069000
8.073775
8.079475
8.084900
8.093075
8.100900
8.112100
8.118575
8.126700
8.136525
8.148025
8.161925
8.185025
8.203750
8.221150
8.255350
8.274325
8.293675
8.307775
8.326650
8.343050
8.357300
8.370300
8.376525
8.383825
8.390300
8.398175
8.404825
8.411900
8.419650
8.428550
8.438025
8.448225
8.460325
8.470375
8.481175
8.495475
8.507500
8.519525
8.534750
8.552450
8.573825
8.593875
8.611175
8.630225
8.655075
8.671825
8.686475
8.697150
8.705700
8.718050
8.728350
8.743050
8.757325
8.769975
8.781600
8.796900
8.812900
8.834850
8.854600
8.877000
8.900325
8.922925
8.946650
8.965475
8.986825
9.000925
9.020600
9.038775
9.057625
9.072825
9.097375
9.118225
9.136050
9.156225
9.176775
9.205775
9.234525
9.257050
9.281850
9.301950
9.316950
9.338000
9.363225
9.379800
9.396350
9.414700
9.424050
9.432500
9.439250
9.460125
9.475900
9.482425
9.489250
9.496275
9.505425
9.517950
9.530550
9.540450
9.553350
9.566200
9.582125
9.597725
9.630050
9.653875
9.685975
9.706425
9.732850
9.751275
9.770500
9.789075
9.808325
9.832700
9.852100
9.880700
9.904175
9.937900
9.958975
9.977550
9.994900
10.018125
10.049150
10.066400
10.081500
10.096750
10.116675
10.144500
10.170675
10.205650
10.239875
10.263575
10.275900
10.296375
10.329975
10.360675
10.386925
10.411775
10.429100
10.443300
10.458150
10.467725
10.486725
10.501675
10.524825
10.556900
10.580750
10.599625
10.625825
10.657325
10.679650
10.694650
10.706500
10.712600
10.724500
10.733650
10.741375
10.746950
10.755425
10.762125
10.771050
10.778550
10.787950
10.804175
10.812275
10.824900
10.840925
10.852650
10.866450
10.883200
10.898025
10.915900
10.935025
10.962300
10.990400
11.025625
11.042850
11.064550
11.090675
11.119675
11.139550
11.164625
11.190900
11.222625
11.240250
11.258025
11.275975
11.291450
11.309200
11.328275
11.346675
11.362750
11.378675
11.399850
11.421750
11.444950
11.465800
11.486500
11.504600
11.517325
11.527550
11.548175
11.567075
11.587500
11.608325
11.628725
11.642175
11.662450
11.678925
11.699500
11.720950
11.740025
11.760975
11.784200
11.810075
11.829050
11.849850
11.873200
11.897600
11.920050
11.948475
11.976775
11.989225
12.012650
12.039125
12.063250
12.089825
12.108725
12.132175
12.158375
12.185750
12.210800
12.232700
12.250475
12.269550
12.285900
12.304825
12.323275
12.341400
12.362050
12.386625
12.409675
12.433850
12.456400
12.478700
12.508325
12.524175
12.546600
12.567675
12.598200
12.624975
12.643400
12.665775
12.695000
12.711150
12.723375
12.734675
12.744575
12.756675
12.769050
12.776550
12.785350
12.795500
12.802850
12.810825
12.817450
12.824100
12.831975
12.836975
12.853025
12.859975
12.866200
12.873475
12.882075
12.895250
12.905700
12.910875
12.920275
12.928675
12.936325
12.946225
12.955075
12.964275
12.976925
12.992000
13.001625
13.013150
13.027825
13.045250
13.064675
13.079750
13.098625
13.120125
13.146175
13.182000
13.209600
13.241150
13.267575
13.299975
13.320425
13.336900
13.361500
13.378700
13.399525
13.424275
13.443250
13.463650
13.477425
13.496150
13.512550
13.530425
13.548050
13.579325
13.603225
13.629150
13.658025
13.681025
13.704100
13.716125
13.723675
13.734925
13.744375
13.755600
13.761425
13.768550
13.775750
13.786850
13.796850
13.809000
13.821275
13.838050
13.853350
13.868300
13.881850
13.902725
13.918900
13.935475
13.954450
13.969675
13.988675
14.006475
14.020600
14.042300
14.065150
14.082675
14.105850
14.133425
14.160225
14.181925
14.203300
14.221950
14.240000
14.259150
14.275650
14.298175
14.323650
14.350475
14.369200
14.391625
14.411050
14.436625
14.455700
14.472650
14.501300
14.521225
14.541975
14.574700
14.603050
14.628275
14.653600
14.677750
14.704950
14.726675
14.751050
14.765200
14.776850
14.786125
14.802225
14.817950
14.832600
14.843525
15.012050
15.024500
15.038425
15.052500
15.064175
15.077775
15.089125
15.097300
15.111775
15.125800
15.142325
15.167950
15.191150
15.198875
15.206425
15.213575
15.221475
15.228000
15.235525
15.245300
15.251525
15.261700
15.268825
15.274700
15.284200
15.290650
15.298200
15.303325
15.307775
15.317600
15.322550
15.338525
15.344500
15.351500
15.358400
15.365650
15.370050
15.376350
15.381875
15.395750
15.401550
15.409000
15.414975
15.420250
15.426575
15.433950
15.450525
15.456200
15.462225
15.472475
15.479425
15.488025
15.505950
15.514075
15.525000
15.534850
15.542950
15.548900
15.557300
15.564975
15.570275
15.576875
15.584750
15.593275
15.601900
15.617375
15.623325
15.642725
15.648575
15.660975
15.668250
15.676800
15.687125
15.696900
15.705350
15.723525
15.733000
15.746375
15.757725
15.769000
15.784925
15.794750
15.810075
15.828825
15.846925
15.866925
15.886350
15.916525
15.939675
15.962000
15.980825
16.002825
16.023500
16.042250
16.057700
16.075825
16.089050
16.101975
16.114775
16.135825
16.148550
16.160475
16.171550
16.186125
16.196875
16.206200
16.230850
16.247025
16.259450
16.271625
16.283375
16.305075
16.329125
16.347325
16.361825
16.377050
16.401575
16.417025
16.435075
16.448475
16.460450
16.469400
16.477075
16.486125
16.506075
16.518850
16.526250
16.535900
16.544700
16.560800
16.579050
16.592800
16.619150
16.642825
16.672100
16.694975
16.719150
16.745650
16.763900
16.778075
16.800525
16.810175
16.828875
16.841450
16.862025
16.879700
16.907375
16.927225
16.950375
16.981575
17.004200
17.025475
17.043400
17.066325
17.083925
17.105750
17.126875
17.143150
17.160175
17.183900
17.201675
17.225075
17.248475
17.271700
17.297600
17.317175
17.343900
17.370800
17.391150
17.416900
17.453925
17.482675
17.510150
17.539075
17.566875
17.595400
17.620675
17.648175
17.668775
17.689675
17.710275
17.736225
17.757325
17.778625
17.797375
17.821200
17.843350
17.864550
17.890900
17.918375
17.952950
17.981200
18.009450
18.041950
18.066750
18.085350
18.106100
18.135125
18.156475
18.183750
18.213050
18.224625
18.240200
18.256200
18.269300
18.284075
18.292250
18.308300
18.333850
18.349725
18.366500
18.382125
18.399350
18.412075
18.421475
18.431975
18.443600
18.456275
18.469750
18.485150
18.500775
18.512950
18.526150
18.542750
18.560275
18.575050
18.591175
18.602450
18.618725
18.632725
18.647750
18.662925
18.683125
18.701650
18.719925
18.734350
18.758850
18.777975
18.792750
18.809800
18.819050
18.831550
18.841800
18.849725
18.858850
18.866775
18.871525
18.886475
18.894150
18.902050
18.912450
18.925525
18.953150
18.966925
18.984175
18.999125
19.019000
19.038000
19.064625
19.083775
19.110775
19.138225
19.165325
19.184525
19.195950
19.202125
19.206750
19.210950
19.218525
19.223950
19.232250
19.240150
19.251650
19.261850
19.273750
19.290800
19.306675
19.317250
19.328125
19.338800
19.350025
19.360225
19.370425
19.381375
19.390525
19.400650
19.408650
19.426950
19.431875
19.441600
19.448075
19.453300
19.460850
19.469475
19.476600
19.488100
19.497500
19.507450
19.519075
19.530250
19.543250
19.556150
19.576775
19.592300
19.609250
19.627425
19.650175
19.671475
19.701700
19.718550
19.764525
19.799000
19.839725
19.869825
19.892725
19.909225
19.923775
19.931900
19.943650
19.958100
19.967050
19.977650
19.990175
20.000725
20.016425
20.032475
20.046475
20.062375
20.077750
20.091500
20.106150
20.125975
20.142150
20.158150
20.172025
20.191850
20.210550
20.238750
20.257800
20.280350
20.302025
20.324475
20.344950
20.357825
20.366625
20.380025
20.389300
20.400625
20.416100
20.428450
20.448750
20.464250
20.478025
20.494650
20.508325
20.519175
20.529575
20.539225
20.546900
20.553175
20.561625
20.568575
20.575850
20.585575
20.592850
20.599575
20.613550
20.621000
20.630700
20.641675
20.652000
20.662575
20.674850
20.686600
20.699600
20.715575
20.726700
20.735875
20.753000
20.770075
20.789425
20.806750
20.818675
20.841750
20.862475
20.897925
20.924400
20.956050
20.979250
21.005500
21.028200
21.053950
21.068400
21.079800
21.100650
21.111000
21.121750
21.130500
21.147025
21.161250
21.168950
21.179225
21.190400
21.202075
21.210350
21.223275
21.238075
21.250950
21.266725
21.280475
21.297400
21.307775
21.320200
21.339475
21.360550
21.397475
21.418725
21.440400
21.473825
21.496600
21.527275
21.548500
21.573375
21.582325
21.596350
21.605800
21.615800
21.626900
21.640925
21.665750
21.678900
21.692275
21.705900
21.724275
21.743300
21.767725
21.794300
21.822075
21.852275
21.876675
21.889650
21.898200
21.911975
21.925150
21.938800
21.950675
21.969350
21.987075
22.006725
22.023675
22.040025
22.056575
22.074825
22.095450
22.113525
22.137850
22.158350
22.181450
22.198625
22.212900
22.223250
22.228900
22.237175
22.245825
22.254200
22.266900
22.277450
22.289900
22.306200
22.319575
22.339050
22.351750
22.372475
22.397125
22.421225
22.438975
22.460400
22.475450
22.499375
22.526175
22.552775
22.573400
22.582700
22.603675
22.618450
22.630650
22.642575
22.654900
22.665500
22.678550
22.690400
22.716150
22.728825
22.742425
22.756950
22.772475
22.786700
22.802800
22.823300
22.842575
22.859025
22.879575
22.894200
22.914125
22.928225
22.944475
22.956225
22.966900
22.979350
22.993275
23.008700
23.022775
23.040325
23.062925
23.074625
23.086400
23.112100
23.144450
23.179550
23.195600
23.221350
23.241600
23.263050
23.280775
23.292700
23.307075
23.320450
23.333050
23.344025
23.357500
23.375100
23.394950
23.418775
23.437450
23.461075
23.476900
23.509875
23.539200
23.558500
23.578175
23.600650
23.619800
23.635050
23.646475
23.656700
23.667800
23.675675
23.685825
23.701550
23.713700
23.726175
23.739050
23.749825
23.763700
23.778675
23.792775
23.806725
23.820975
23.836175
23.850925
23.862925
23.875775
23.888175
23.900250
23.911925
23.926525
23.939575
23.948850
23.960975
23.973725
23.984975
23.997000
24.009300
24.026000
24.042325
24.057700
24.069650
24.098800
24.121950
24.133300
24.144375
24.155600
24.169575
24.185650
24.199675
24.212700
24.239875
24.258400
24.272950
24.291850
24.310950
24.325000
24.350475
24.367775
24.389600
24.415125
24.439125
24.459850
24.491650
24.517050
24.539475
24.557125
24.569400
24.579775
24.588425
24.599475
24.609400
24.628750
24.643625
24.654425
24.664850
24.678950
24.690025
24.705400
24.719725
24.731300
24.746825
24.763625
24.783350
24.800950
24.820425
24.849375
24.873275
24.893925
24.917775
24.938775
24.954050
24.967700
24.982600
24.998450
25.016250
25.031050
25.045600
25.067050
25.086325
25.113500
25.139275
25.157200
25.176550
25.200225
25.223225
25.254750
25.277625
25.305525
25.326000
25.342550
25.359375
25.371700
25.389725
25.407925
25.426500
25.450475
25.468325
25.478475
25.497925
25.520625
25.544250
25.567575
25.583825
25.600700
25.620075
25.636575
25.651100
25.658125
25.668025
25.676450
25.684275
25.704525
25.717950
25.732950
25.747500
25.758475
25.776800
25.790800
25.801925
25.813975
25.823525
25.837225
25.847400
25.860275
25.870325
25.883550
25.898225
25.913175
25.926050
25.937975
25.948000
25.955750
25.964800
25.970900
25.982575
25.990100
25.996550
26.004400
26.013175
26.020800
26.029025
26.035975
26.041975
26.056050
26.066250
26.072050
26.083100
26.089375
26.097050
26.104725
26.114775
26.121875
26.129050
26.137300
26.145500
26.160475
26.171525
26.183475
26.196400
26.208450
26.221550
26.253275
26.265525
26.282300
26.305550
26.326200
26.351450
26.377100
26.405400
26.429725
26.455700
26.469950
26.488275
26.503350
26.519300
26.535225
26.554350
26.571425
26.584900
26.599475
26.617150
26.623675
26.632625
26.638875
26.645000
26.655950
26.664525
26.673800
26.685775
26.702725
26.719900
26.729225
26.749700
26.769575
26.786525
26.805525
26.824675
26.855575
26.877000
26.903625
26.917950
26.939200
26.950575
26.979700
26.998300
27.011975
27.021950
27.027475
27.034850
27.045725
27.064250
27.077325
27.092025
27.106525
27.120975
27.134250
27.152700
27.171875
27.180850
27.191400
27.204200
27.215750
27.227475
27.241050
27.255125
27.269650
27.292475
27.314900
27.336300
27.360875
27.383725
27.409100
27.432425
27.453850
27.470300
27.484550
27.496250
27.514050
27.525175
27.542625
27.556525
27.579225
27.590400
27.608825
27.629000
27.646575
27.662500
27.690825
27.714925
27.741150
27.769975
27.789875
27.817000
27.833425
27.845550
27.858300
27.866150
27.876300
27.896525
27.913025
27.927425
27.938125
27.953975
27.964775
27.981275
28.001550
28.022425
28.049225
28.072325
28.094825
28.116325
28.136725
28.154550
28.170100
28.179950
28.190250
28.211475
28.224875
28.239975
28.258575
28.277725
28.293075
28.305350
28.326275
28.347100
28.368000
28.384050
28.403925
28.417000
28.432000
28.441225
28.449050
28.457925
28.466075
28.473800
28.481825
28.491725
28.499475
28.507725
28.519300
28.525925
28.533175
28.540800
28.550825
28.559000
28.568050
28.578725
28.591400
28.598875
28.610400
28.625875
28.634625
28.642750
28.657175
28.668125
28.683000
28.698925
28.713475
28.731450
28.748350
28.769400
28.796000
28.817975
28.835075
28.850250
28.871650
28.896175
28.919350
28.945775
28.966050
28.992100
29.011200
29.027700
29.040625
29.057850
29.080225
29.097700
29.114525
29.137400
29.165625
29.184775
29.205050
29.221025
29.236150
29.252125
29.267375
29.277775
29.291800
29.301250
29.313550
29.328725
29.341650
29.351250
29.367475
29.383500
29.395075
29.405450
29.411600
29.419500
29.424700
29.439925
29.445125
29.453250
29.458550
29.466175
29.472075
29.495850
29.507100
29.514825
29.520575
29.530600
29.539400
29.550275
29.563450
29.577450
29.588025
29.599975
29.611475
29.624025
29.636425
29.648250
29.661300
29.676300
29.692125
29.711150
29.727100
29.749375
29.766550
29.789625
29.813550
29.842325
29.863375
29.882100
29.904325
29.920050
29.948275
29.968175
29.980725
29.998825
