0.034075
0.061675
0.082325
0.264900
0.296125
0.342525
0.385975
0.482650
0.592250
0.640075
0.674775
0.698700
0.788800
0.826150
0.868275
0.992700
1.085125
1.140450
1.178750
1.194550
1.217675
1.237050
1.274475
1.584525
1.672950
1.688850
1.832375
1.948700
2.009075
2.060000
2.083700
2.104400
2.131375
2.252300
2.406700
2.519300
2.579725
2.595150
2.626075
2.651500
2.694400
2.939950
2.966450
3.026925
3.066100
3.094975
3.165200
3.297425
3.352925
3.417850
3.438075
3.503800
3.542350
3.591525
3.648950
3.710500
3.779800
3.798225
3.815325
3.834075
3.856350
3.970450
4.023550
4.067650
4.113450
4.181575
4.212900
4.275100
4.385975
4.452700
4.580650
4.622450
4.653075
4.683850
4.737900
4.758825
4.805675
4.844575
4.873400
4.940575
5.050150
5.199200
5.228675
5.245800
5.263025
5.284125
5.413050
5.463850
5.554150
5.671975
5.696275
5.724525
5.742100
5.773525
5.851850
5.950450
6.000100
6.067375
6.148675
6.173100
6.201225
6.312925
6.382100
6.447825
6.568475
6.647325
6.870150
6.969975
6.990350
7.036600
7.067500
7.093425
7.179825
7.262575
7.300100
7.363325
7.416075
7.443425
7.518800
7.570725
7.637400
7.801350
7.907925
7.936200
7.958100
7.976350
8.005650
8.037400
8.124800
8.165450
8.294975
8.445625
8.464600
8.538775
8.579850
8.681025
8.888800
8.910700
8.996250
9.037625
9.077300
9.378375
9.531050
9.634750
9.649725
9.671300
9.686000
9.697700
9.712550
9.728675
9.845700
9.894050
9.953800
9.994025
10.038850
10.074100
10.091450
10.170625
10.273000
10.394050
10.449925
10.472900
10.510725
10.574625
10.729700
10.763075
10.938100
11.007250
11.025750
11.051250
11.094650
11.138400
11.221475
11.266625
11.354825
11.386900
11.420775
11.464425
11.504625
11.552375
11.576325
11.621825
11.719075
11.770225
11.814625
11.891575
11.931425
11.970275
12.190900
12.204525
12.246050
12.273275
12.352450
12.403125
12.620950
12.698575
12.717125
12.739300
12.782375
12.823425
12.868725
12.987775
13.019325
13.097025
13.136325
13.234825
13.302375
13.424825
13.497125
13.535850
13.577050
13.629175
13.771225
13.802050
13.855450
13.873025
13.890300
13.907675
13.941750
14.029975
14.208100
14.243425
14.264550
14.282025
14.332675
14.408450
14.450400
14.558200
14.585275
14.647425
14.714700
14.756200
14.823275
14.849750
14.877350
14.909625
14.931025
14.980350
15.075550
15.107950
15.206300
15.251350
15.365325
15.411675
15.440125
15.552850
15.633525
15.711825
15.815500
15.866850
15.901175
15.973675
16.043950
16.091300
16.122825
16.467950
16.534350
16.666225
16.728000
16.792600
16.814625
16.834650
16.859400
17.146900
17.202600
17.303975
17.591250
17.680300
17.710375
17.730225
17.852825
17.960600
17.993100
18.014000
18.039625
18.093900
18.138475
18.199600
18.268200
18.379775
18.491375
18.579725
18.644475
18.745075
18.950650
19.003200
19.173100
19.196000
19.243500
19.271300
19.348125
19.566750
19.658225
19.742025
19.788800
19.834000
19.901625
20.053725
20.126700
20.156125
20.190150
20.222300
20.270200
20.352700
20.382275
20.425075
20.534450
20.585225
20.616075
20.628750
20.667875
20.697375
20.765450
20.810350
20.960600
20.980075
21.006025
21.036600
21.087475
21.153800
21.206550
21.286625
21.311750
21.334525
21.356250
21.407525
21.443325
21.543625
21.618300
21.643375
21.792175
21.850600
21.887825
21.999050
22.045075
22.212300
22.266425
22.337975
22.409800
22.442600
22.614100
22.635775
22.674600
22.701300
22.750975
22.764450
22.782875
22.885400
22.952500
23.049750
23.095225
23.252200
23.277025
23.290750
23.349425
23.383975
23.431900
23.522475
23.589075
23.629325
23.718650
23.771000
23.865250
24.191325
24.225550
24.304225
24.339400
24.417850
24.466325
24.543275
24.641075
24.672300
24.695450
24.718775
24.758150
24.794800
24.845225
25.065550
25.114525
25.137100
25.160125
25.199650
25.217575
25.235050
25.274675
25.332500
25.350375
25.380200
25.411950
25.493675
25.524925
25.555925
25.573200
25.591250
25.603500
25.637325
25.662350
25.682275
25.720050
25.764450
25.891650
25.915725
25.953900
25.999100
26.059475
26.110400
26.194325
26.273900
26.297450
26.320850
26.353025
26.392750
26.444075
26.472475
26.509800
26.564300
26.634600
26.701525
26.759675
26.775250
26.788625
26.808800
26.818450
26.925675
26.958900
27.076400
27.119350
27.133450
27.148325
27.177525
27.193125
27.212575
27.303800
27.416450
27.450800
27.553050
27.617325
27.718350
27.834875
27.896725
27.924875
27.949025
27.971775
28.007825
28.103175
28.202425
28.257775
28.344025
28.446450
28.530750
28.582450
28.606800
28.637800
28.834575
28.966600
29.029075
29.091100
29.139250
29.241675
29.280475
29.354475
29.374300
29.397350
29.610975
29.641525
29.677150
29.729075
29.794275
29.881175
29.917025
29.962700
