0.285825
0.880850
1.003375
1.032875
1.203975
1.315625
1.547750
1.662775
1.675050
1.688400
1.722525
1.814950
2.076425
2.105650
2.196400
2.213025
2.345500
2.368725
2.649400
2.868325
2.920600
3.084400
3.119550
3.178550
3.234700
3.277225
3.348650
4.395225
4.913350
5.233950
5.254525
5.517450
5.632325
5.842175
5.867500
5.878500
5.986500
6.178850
6.877350
7.115200
7.466325
7.671050
7.690900
7.878950
7.987775
8.271150
8.295625
8.442150
8.530175
8.559100
8.584550
8.597625
8.638700
8.736300
8.768850
8.996625
9.051275
9.164925
9.344575
9.457750
9.466300
9.471700
9.606175
9.673500
9.835775
10.006275
10.261100
10.310325
10.504175
10.645375
10.667550
10.971950
10.996300
11.037325
11.083200
11.230000
11.303375
11.618600
11.910975
12.229175
12.233675
12.289100
12.403675
12.772675
12.879200
13.176350
13.685850
13.701875
14.017475
14.085900
14.127775
14.207075
14.886800
14.977625
15.043950
15.057050
15.301125
15.426700
15.730150
15.842725
16.394525
16.418625
16.609225
16.633900
16.729150
16.981600
17.153525
17.237575
17.438525
17.574625
17.835450
18.065575
18.228025
18.516600
18.537100
18.668500
18.768575
18.914250
18.936575
19.007675
19.174150
19.394725
19.444950
19.507475
19.549950
19.593950
19.736900
20.310600
20.377025
20.415175
20.640950
21.092150
21.110600
21.200025
21.234400
21.294825
21.402600
21.760800
21.936950
22.068325
22.124200
22.204350
22.275100
22.319075
22.330775
22.355275
22.360650
22.442550
22.542850
22.608075
22.626700
22.668150
22.794025
22.800025
23.015125
23.081225
23.254625
23.398950
23.465650
23.576850
23.621800
23.934700
23.969200
24.162150
24.313775
24.421375
24.517575
24.557400
24.591300
24.749925
24.918950
25.084025
25.102100
25.378275
25.546325
25.853500
25.906275
26.077875
26.374400
26.863050
27.800900
28.036375
28.319100
29.020800
29.081750
29.146650
29.387700
29.463900
29.688000
29.710150
29.726075
29.944625
