0.026325
0.068550
0.094425
0.299050
0.343050
0.349850
0.356400
0.361300
0.377325
0.407450
0.418575
0.426250
0.449350
0.465625
0.485525
0.499150
0.567600
0.629800
0.683875
0.708525
0.719400
0.733350
0.748725
0.782675
0.804750
0.853325
0.876450
0.931225
0.963350
0.986375
1.009375
1.057200
1.086300
1.128050
1.159100
1.180200
1.195900
1.211525
1.224425
1.236175
1.288100
1.317700
1.341900
1.389950
1.411350
1.421850
1.467925
1.518300
1.547750
1.557725
1.574075
1.593850
1.614325
1.628950
1.648250
1.659250
1.672750
1.686200
1.701775
1.744100
1.757575
1.778925
1.809625
1.860325
1.879100
1.892650
1.914700
1.935200
1.953725
2.001150
2.012150
2.032675
2.048600
2.111525
2.126000
2.150400
2.179200
2.214000
2.231275
2.268300
2.296250
2.311975
2.333075
2.345400
2.359725
2.371750
2.396100
2.445175
2.501925
2.537600
2.551125
2.562300
2.571500
2.593675
2.615250
2.625850
2.652875
2.691425
2.709725
2.734025
2.765725
2.808300
2.830575
2.892675
2.920325
2.938750
3.029400
3.060750
3.083775
3.114625
3.136200
3.157425
3.202675
3.242475
3.262875
3.290875
3.310075
3.328700
3.347450
3.367750
3.383450
3.409200
3.446550
3.503875
3.548500
3.587600
3.604100
3.625200
3.646250
3.661225
3.696850
3.715250
3.785125
3.803150
3.818875
3.845650
3.898975
3.920000
3.937675
4.003200
4.053300
4.077275
4.094775
4.110625
4.125275
4.151875
4.171975
4.208200
4.294000
4.314450
4.338025
4.350975
4.459525
4.476700
4.517525
4.538400
4.549625
4.611000
4.652875
4.695225
4.714125
4.745650
4.770650
4.817700
4.839575
4.863500
4.873325
4.900250
4.926825
4.984600
5.004400
5.025675
5.042275
5.081075
5.116900
5.165025
5.172875
5.196975
5.214300
5.227575
5.234100
5.271350
5.313350
5.342025
5.366975
5.382950
5.398400
5.428725
5.443775
5.468950
5.506075
5.526075
5.548375
5.560650
5.588625
5.607600
5.642725
5.662150
5.669625
5.682325
5.701925
5.746575
5.779950
5.792150
5.813425
5.831675
5.845250
5.857825
5.868125
5.886675
5.928750
5.943775
5.982625
6.002975
6.021250
6.054175
6.072800
6.084925
6.101850
6.129225
6.138375
6.177950
6.208750
6.257000
6.282325
6.309775
6.332975
6.353450
6.384325
6.393675
6.409350
6.429175
6.465675
6.502275
6.540800
6.550150
6.562975
6.574625
6.598150
6.629450
6.642775
6.652800
6.663350
6.685450
6.695525
6.708475
6.751350
6.788925
6.801000
6.817000
6.827225
6.841675
6.858775
6.898325
6.922825
6.943900
6.959125
6.981425
7.054125
7.073325
7.104825
7.119475
7.136875
7.173700
7.193825
7.204550
7.237275
7.250375
7.264575
7.282500
7.297825
7.345125
7.358750
7.398500
7.419975
7.457850
7.470275
7.502700
7.526075
7.546950
7.568475
7.583650
7.600600
7.610475
7.621750
7.627550
7.643875
7.690600
7.703550
7.723500
7.734975
7.744975
7.751800
7.757500
7.764975
7.773300
7.781550
7.807275
7.815900
7.822300
7.905250
7.913250
7.937825
7.960250
7.981525
8.004300
8.016875
8.024425
8.033100
8.046900
8.067750
8.074325
8.090725
8.098325
8.119375
8.132425
8.157125
8.165825
8.180300
8.202850
8.228650
8.250600
8.284400
8.294100
8.344600
8.358775
8.372000
8.392525
8.405850
8.420300
8.435225
8.449150
8.462225
8.485000
8.530025
8.545825
8.554275
8.622900
8.644250
8.669525
8.684950
8.752725
8.779150
8.795450
8.810375
8.858425
8.877475
8.920575
8.932100
8.949075
8.972750
8.989575
9.008300
9.022000
9.052850
9.079475
9.092050
9.108000
9.130125
9.144275
9.172700
9.187100
9.203400
9.223800
9.259575
9.273675
9.298425
9.314600
9.340050
9.352450
9.365375
9.387375
9.435025
9.517750
9.554950
9.593750
9.605975
9.622975
9.635000
9.690850
9.712150
9.723400
9.732350
9.745325
9.795675
9.805250
9.826850
9.865575
9.918625
10.020800
10.049625
10.065425
10.078275
10.099100
10.129250
10.148875
10.314375
10.363975
10.405525
10.445425
10.458050
10.485825
10.502250
10.517925
10.558700
10.577800
10.642800
10.707825
10.894450
10.907950
10.940075
10.962600
10.985625
10.998725
11.073850
11.090400
11.113850
11.153800
11.188725
11.239000
11.288875
11.307125
11.348325
11.375125
11.392900
11.431050
11.464550
11.500800
11.522900
11.567525
11.577425
11.586400
11.595200
11.609825
11.617400
11.644600
11.672775
11.697550
11.720775
11.729925
11.740725
11.768975
11.888025
11.911300
11.955475
12.010950
12.032275
12.112125
12.138700
12.161975
12.183300
12.210500
12.246075
12.275825
12.310175
12.323975
12.336900
12.381500
12.392125
12.402525
12.417800
12.441550
12.472500
12.483000
12.499350
12.517725
12.535150
12.555675
12.635900
12.670900
12.688525
12.710300
12.724350
12.759700
12.816975
12.829075
12.848650
12.873400
12.887075
12.902075
12.915550
12.965375
12.999225
13.020200
13.091925
13.146750
13.165500
13.188025
13.208425
13.223650
13.244025
13.266075
13.286150
13.328100
13.351350
13.378100
13.395750
13.409625
13.467750
13.506275
13.525950
13.539825
13.578250
13.596175
13.607875
13.640950
13.712175
13.723700
13.785975
13.829775
13.867750
13.928525
13.980700
13.994625
14.005900
14.058900
14.074525
14.085525
14.098875
14.131225
14.140150
14.167425
14.192875
14.236650
14.245250
14.259950
14.276850
14.304725
14.319850
14.331075
14.349125
14.359175
14.391900
14.403050
14.466125
14.501475
14.521250
14.564700
14.580225
14.591250
14.611250
14.638150
14.660725
14.675025
14.697075
14.711950
14.749275
14.770125
14.785775
14.818450
14.830875
14.844400
14.926750
14.963275
14.985075
15.007975
15.033550
15.054225
15.070225
15.086525
15.098650
15.113450
15.131100
15.175675
15.198475
15.236225
15.280325
15.288050
15.314975
15.377450
15.395075
15.406775
15.417375
15.449475
15.461675
15.477025
15.489700
15.509525
15.579500
15.593000
15.605525
15.626775
15.685525
15.730900
15.747600
15.757900
15.800600
15.832900
15.856025
15.909700
15.924425
15.952250
15.968225
16.005125
16.054725
16.123600
16.193225
16.222325
16.240550
16.258475
16.293900
16.308250
16.327800
16.340825
16.390950
16.410725
16.424475
16.445975
16.454675
16.501525
16.524500
16.549225
16.601375
16.676825
16.696100
16.705975
16.764300
16.812800
16.831925
16.854850
16.865400
16.907350
16.931125
16.954050
16.978225
16.996250
17.015450
17.053775
17.072250
17.112150
17.131750
17.147750
17.162950
17.194125
17.212175
17.236875
17.270925
17.317575
17.375175
17.396950
17.423250
17.446275
17.465350
17.485300
17.532150
17.561625
17.580625
17.625200
17.682225
17.711400
17.754125
17.806175
17.835350
17.850725
17.863475
17.880975
17.915950
17.928700
17.948950
17.965850
17.994525
18.018350
18.032275
18.086725
18.133925
18.163725
18.282950
18.293900
18.304350
18.321825
18.333000
18.341850
18.378350
18.406300
18.429675
18.512625
18.539250
18.567275
18.608225
18.640000
18.666075
18.882700
18.932900
18.943775
18.990775
19.020400
19.037575
19.049025
19.064550
19.077700
19.087275
19.099875
19.126975
19.139375
19.149775
19.194525
19.226725
19.249850
19.299425
19.313275
19.358325
19.380975
19.405425
19.441475
19.456150
19.473500
19.503250
19.564900
19.577400
19.592075
19.604525
19.627650
19.649000
19.665425
19.678250
19.688925
19.703325
19.713750
19.745025
19.757875
19.798450
19.810950
19.822600
19.841850
19.868700
19.909525
19.934400
19.948900
19.957550
19.966450
20.000550
20.010200
20.022525
20.035300
20.087925
20.108625
20.124650
20.141150
20.167450
20.196200
20.218175
20.241800
20.254600
20.296750
20.333075
20.347625
20.365875
20.421375
20.452725
20.471150
20.502125
20.522750
20.571900
20.589825
20.606575
20.620050
20.650450
20.669450
20.688725
20.725550
20.749875
20.761975
20.774075
20.827250
20.840350
20.875850
20.908150
20.930025
20.950450
20.963875
20.999150
21.015425
21.031975
21.060175
21.077200
21.111150
21.149775
21.166150
21.182100
21.202250
21.242700
21.264600
21.296325
21.315100
21.326425
21.347400
21.389575
21.424350
21.438350
21.470575
21.491350
21.524325
21.534075
21.552950
21.572250
21.588500
21.607925
21.651775
21.665950
21.676475
21.700625
21.720800
21.736975
21.755600
21.781600
21.794950
21.807600
21.818400
21.827700
21.860575
21.876325
21.917650
21.961675
21.973050
21.992125
22.005475
22.023325
22.041300
22.056775
22.074400
22.112850
22.126275
22.136575
22.167500
22.174600
22.195625
22.204750
22.233125
22.247550
22.258800
22.269450
22.290175
22.305700
22.345225
22.357700
22.397175
22.430350
22.456525
22.476800
22.491925
22.511400
22.528175
22.551425
22.571250
22.584500
22.621500
22.652100
22.664850
22.687250
22.695150
22.711900
22.737400
22.750325
22.766425
22.779650
22.791125
22.803000
22.820600
22.839275
22.858300
22.882275
22.921225
22.939475
22.981250
22.997575
23.036550
23.049100
23.094425
23.120125
23.150350
23.172575
23.208625
23.230950
23.331200
23.343825
23.357475
23.368775
23.380275
23.404950
23.421075
23.437475
23.452325
23.501250
23.527075
23.566825
23.612500
23.647175
23.656700
23.670525
23.678700
23.722625
23.736350
23.749975
23.795250
23.807500
23.836025
23.868300
23.928500
23.945250
23.961725
24.006975
24.023650
24.070625
24.083175
24.096100
24.108300
24.135975
24.148900
24.156900
24.188600
24.197225
24.205075
24.213775
24.223350
24.238650
24.245725
24.259600
24.268500
24.283775
24.289950
24.294825
24.299175
24.307000
24.320100
24.326225
24.347325
24.359650
24.369400
24.430875
24.442450
24.489850
24.501525
24.524750
24.575575
24.594675
24.609050
24.624175
24.661100
24.695125
24.718775
24.747075
24.766825
24.814675
24.866775
24.880400
24.897900
24.917800
24.993075
25.008475
25.084300
25.137725
25.153750
25.167600
25.176750
25.187000
25.199425
25.208725
25.225525
25.258100
25.310050
25.334250
25.352050
25.372975
25.414225
25.447225
25.463150
25.477500
25.490625
25.496000
25.521275
25.530675
25.549000
25.562550
25.572400
25.589500
25.607325
25.628500
25.644650
25.673800
25.721375
25.783600
25.798800
25.809325
25.821250
25.848450
25.880675
25.895450
25.909225
25.935950
25.965525
25.981100
25.997225
26.023350
26.033525
26.050025
26.073900
26.087000
26.111725
26.164950
26.176925
26.201725
26.225175
26.236225
26.246925
26.265800
26.293025
26.324350
26.338375
26.358900
26.370475
26.394350
26.409600
26.433700
26.447675
26.455400
26.469850
26.482100
26.504025
26.517825
26.536075
26.548125
26.570625
26.595875
26.613725
26.624900
26.676750
26.692450
26.705100
26.717100
26.732100
26.766050
26.792300
26.827775
26.898825
26.912925
26.932550
26.965600
26.999575
27.015850
27.034150
27.054225
27.081925
27.143125
27.156925
27.178925
27.205775
27.232875
27.253000
27.265350
27.279625
27.299975
27.309400
27.331250
27.347800
27.371125
27.390775
27.406775
27.423625
27.439925
27.519300
27.537150
27.602900
27.619150
27.629200
27.637125
27.655050
27.660600
27.669350
27.689600
27.756925
27.772275
27.785250
27.865450
27.923000
27.964325
28.012575
28.042025
28.060775
28.073450
28.087150
28.098975
28.113500
28.159200
28.185275
28.239075
28.267250
28.278300
28.294300
28.345500
28.368050
28.387675
28.419375
28.437900
28.477875
28.499175
28.666150
28.686875
28.699800
28.714000
28.737725
28.761975
28.777600
28.788800
28.812275
28.826975
28.841400
28.888025
28.912450
28.943175
28.960250
29.017625
29.053700
29.105500
29.130700
29.177475
29.198625
29.208675
29.217550
29.246125
29.255675
29.276000
29.282775
29.304400
29.318825
29.328175
29.358900
29.374450
29.389950
29.434050
29.481525
29.503000
29.547875
29.567275
29.657025
29.673300
29.733800
29.747275
29.788800
29.810100
29.836050
29.855225
29.871100
29.908250
29.929175
29.976750
29.993975
