0.000975
0.101500
0.219200
0.293050
0.386275
0.424175
0.459750
0.541225
0.671675
0.783225
0.878750
1.040450
1.057125
1.080425
1.182850
1.383825
1.431450
1.508725
1.609175
1.668175
1.697125
1.753425
1.958075
2.022875
2.104025
2.281100
2.314550
2.401350
2.463275
2.578925
2.665775
2.766150
2.854800
3.058350
3.189500
3.250250
3.414625
3.440425
3.534100
3.600325
3.678825
3.737275
3.794200
3.829950
3.861100
3.921650
3.978900
4.037375
4.123375
4.203425
4.307475
4.351525
4.478075
4.510700
4.560150
4.595775
4.664525
4.709775
4.754425
4.841050
4.913425
4.991250
5.039325
5.100375
5.175750
5.338300
5.369500
5.459100
5.512700
5.805075
5.850575
5.987975
6.072050
6.195225
6.301100
6.356450
6.378500
6.408350
6.426800
6.445375
6.691675
6.856175
6.873925
6.900500
7.129575
7.235750
7.300050
7.366400
7.437325
7.502975
7.545000
7.571800
7.640075
7.704475
7.847150
7.912550
7.935575
7.989525
8.025800
8.088875
8.109750
8.247800
8.288225
8.376975
8.415150
8.473850
8.597150
8.624875
8.661675
8.708775
8.752275
8.788750
8.874325
8.922175
8.962225
9.005200
9.130375
9.438700
9.487325
9.606300
9.638700
9.662100
9.711750
9.782400
9.820200
9.965300
10.002550
10.075925
10.179450
10.210375
10.252025
10.305575
10.372200
10.405050
10.439700
10.465925
10.603450
10.644825
10.684875
10.753975
10.786025
10.806350
10.902275
10.942675
11.030275
11.127500
11.201175
11.248525
11.285050
11.335050
11.396875
11.422900
11.453550
11.507575
11.591475
11.664150
11.687700
11.805050
11.988825
12.053600
12.086450
12.128225
12.178350
12.309725
12.381750
12.416700
12.444025
12.506475
12.536625
12.582625
12.859875
12.935850
12.966300
13.003875
13.035950
13.055850
13.145650
13.195825
13.330725
13.373400
13.409100
13.530975
13.617375
13.638300
13.664300
13.703300
13.839725
13.939975
13.981175
14.017825
14.046825
14.070125
14.148850
14.176425
14.203850
14.368850
14.511175
14.573925
14.676650
14.807525
14.891750
15.149950
15.200350
15.258050
15.314050
15.342475
15.370400
15.394750
15.444225
15.481400
15.518850
15.619675
15.680400
15.734850
15.845025
15.994700
16.089800
16.274100
16.305525
16.392350
16.440700
16.481950
16.618775
16.688850
16.719775
16.788800
16.832600
16.852500
16.890325
16.917475
16.974075
17.325550
17.450650
17.482675
17.512775
17.605600
17.647425
17.726125
17.752050
17.796475
17.835175
17.987825
