0.493050
0.513600
0.535875
0.581800
0.593900
0.619950
0.636925
0.701075
0.730800
0.756925
0.954125
0.985450
1.026425
1.053800
1.070700
1.092725
1.106000
1.125150
1.380000
1.402000
1.421700
1.873300
1.896450
1.918300
1.923250
1.947750
1.969125
2.002900
2.041900
2.050250
2.101950
2.131500
2.138550
2.163850
2.240175
2.255800
2.368575
2.392600
2.423750
2.447175
2.453000
2.481775
2.512875
2.545400
2.796075
2.804900
2.844500
2.867775
2.918250
3.101950
3.145175
3.162575
3.200925
3.210450
3.236600
3.253250
3.264125
3.512375
3.557375
3.600400
3.635700
3.660300
3.682275
3.693875
3.722550
3.739800
3.773150
3.820525
3.862325
3.893825
4.243700
4.286725
4.323475
4.347275
4.381500
4.415175
4.450450
4.496400
4.724525
4.744525
4.806025
4.852025
4.882375
5.335600
5.361125
5.379900
5.405575
5.412675
5.460175
5.472725
5.500250
5.510200
5.546025
5.556425
5.574900
5.743400
5.764900
5.982550
6.204125
6.250125
6.300000
6.307025
6.317075
6.378500
6.410950
6.432400
6.442725
6.533550
6.581800
6.588675
6.656975
6.801575
6.832725
6.847125
6.866375
6.957175
7.141375
7.150550
7.203525
7.215900
7.263525
7.303925
7.535875
7.565100
7.599800
7.780400
7.795575
7.848075
7.868900
7.945375
7.978400
7.993975
8.015025
8.055950
8.339650
8.371550
8.388025
8.423675
8.454000
8.474525
8.535300
8.585075
8.590000
8.624850
8.914550
8.966000
8.996925
9.031900
9.105325
9.151500
9.176775
9.238425
9.599825
9.617275
9.677450
9.709175
9.743625
9.772850
9.798675
10.250900
10.307325
10.326625
10.332100
10.385475
10.417675
10.441650
10.467675
10.479250
10.485025
10.509750
10.533375
10.544400
10.613975
10.632975
10.682225
10.717075
10.867150
10.896000
10.914000
10.942575
10.970675
10.980200
11.015050
11.046850
11.237850
11.270800
11.296175
11.313575
11.332525
11.431375
11.592000
11.621425
11.670625
11.679975
11.739200
11.959750
11.963725
11.991000
12.011350
12.033075
12.058725
12.096925
12.291550
12.333375
12.432475
12.463025
12.671750
12.724900
12.761225
12.767800
12.790100
12.873275
13.389500
13.455375
13.469050
13.493300
13.499300
13.521925
13.528075
13.628600
13.654575
13.685875
13.713900
13.835600
13.861050
13.886675
13.895625
13.924600
13.933650
13.979875
14.154550
14.173325
14.183900
14.225025
14.299950
14.397975
14.454575
14.484525
14.490825
14.535375
14.550100
14.564600
14.589350
14.790525
14.838450
14.869950
14.910850
14.931725
14.945750
15.193350
15.206550
15.311725
15.329725
15.348725
15.621125
15.677600
15.698175
15.811525
15.843575
15.851000
15.899250
16.209875
16.219750
16.236400
16.260775
16.269300
16.289350
16.352050
16.575725
16.739225
16.761375
16.790875
16.835900
16.869375
16.887100
16.912850
16.931825
16.980675
17.183400
17.209050
17.240175
17.254400
17.277925
17.298900
17.314300
17.534925
17.551900
17.600700
17.624150
17.654875
17.861600
17.921600
17.972100
17.992900
18.046275
18.078525
18.262200
18.329200
18.366725
18.390475
18.605000
18.633025
18.693025
18.750200
18.756675
18.790725
18.812500
18.817900
18.835125
18.841700
19.074950
19.150875
19.175075
19.240075
19.244000
19.416450
19.446675
19.466975
19.478000
19.507625
19.528325
19.806775
19.825925
19.899725
19.919250
20.097150
20.119525
20.161825
20.241075
20.482050
20.518075
20.543750
20.589150
20.613300
20.623250
20.639700
20.842200
20.857125
20.873275
20.902150
21.078625
21.108000
21.246075
21.284650
21.327225
21.346900
21.367900
21.642925
21.665250
21.682100
21.706275
21.718675
21.732775
21.770875
21.818000
22.328375
22.355975
22.395200
22.401375
22.432200
22.452100
22.463200
22.484050
22.534475
22.540700
22.550150
22.585675
22.624850
22.635475
22.831925
22.861050
22.884450
22.901750
22.922275
22.926075
22.984775
22.993475
23.040075
23.206900
23.220225
23.259875
23.277425
23.310625
23.568250
23.585500
23.673150
23.697000
23.714575
23.743550
23.799875
23.851250
24.001950
24.020450
24.054700
24.071425
24.092825
24.308350
24.330575
24.382400
24.398050
24.419575
24.473025
24.487150
24.516300
24.588650
24.595700
24.728000
24.817075
24.832600
24.929250
24.963300
24.988825
25.035475
25.331675
25.366725
25.398550
25.608300
25.665575
25.734450
25.769825
25.912375
25.964500
26.008050
26.215575
26.563500
26.596850
26.608025
26.634350
26.676250
26.930550
26.947325
26.958600
26.974175
27.006200
27.018350
27.071650
27.299250
27.311800
27.379400
27.561375
27.702075
27.740925
27.746475
27.769800
27.977300
28.070700
28.095675
28.200175
28.255950
28.457925
28.480300
28.508000
28.525200
28.551000
28.562675
28.617325
28.665025
28.849750
28.893125
28.921150
28.941300
28.987125
29.017250
29.039050
29.281175
29.493200
29.501475
29.548075
29.582775
29.600900
29.629500
