0.022950
0.060125
0.081150
0.096375
0.133650
0.380650
0.411350
0.433825
0.455075
0.485700
0.501200
0.534425
0.560825
0.606925
0.630475
0.750125
0.811050
0.830600
0.870550
0.915975
0.956525
0.986575
1.031475
1.071450
1.136500
1.183575
1.208575
1.282600
1.314900
1.345775
1.374050
1.394350
1.416850
1.457925
1.481000
1.583875
1.679100
1.728350
1.749550
1.778625
1.813900
1.850850
1.900950
1.969675
2.011925
2.036575
2.057125
2.089500
2.118925
2.144075
2.159975
2.181950
2.203350
2.223850
2.264875
2.317275
2.358525
2.385700
2.421325
2.447125
2.467900
2.518525
2.548875
2.576000
2.591450
2.612425
2.633725
2.649350
2.666300
2.692175
2.751600
2.819175
2.869650
2.917725
2.948750
3.125350
3.167000
3.256300
3.372125
3.416950
3.429750
3.451725
3.468900
3.492000
3.662150
3.692925
3.723225
3.760475
3.786475
3.808250
3.834225
3.856575
3.879000
4.038000
4.069725
4.129025
4.160200
4.187850
4.218875
4.266750
4.285600
4.318100
4.450925
4.490975
4.544900
4.570425
4.599850
4.644850
4.659225
4.692475
4.726200
4.838025
4.892925
4.918800
5.004700
5.027525
5.052300
5.067725
5.102175
5.136400
5.308025
5.533225
5.617925
5.741025
6.412475
6.447050
6.524550
6.571525
6.655225
6.675275
6.696875
6.724125
6.742550
6.758125
6.766475
6.779825
7.227725
7.286950
7.330400
7.368625
7.406500
7.430600
7.463675
7.513925
7.587850
7.628725
7.647575
7.669775
7.690575
7.720350
7.786275
7.860850
7.884925
7.904100
7.921075
7.944900
7.967225
7.985425
8.030375
8.039950
8.167425
8.288275
8.337450
8.379500
8.413650
8.429350
8.462150
8.480075
8.495675
8.508300
8.517725
8.533550
8.549850
8.568250
8.693700
8.739750
8.770275
8.795075
8.826200
8.877025
8.943025
8.982325
9.004750
9.028475
9.043450
9.069275
9.087350
9.103575
9.120550
9.131350
9.165100
9.181400
9.364075
9.417175
9.439900
9.485225
9.518175
9.543350
9.556450
10.294425
10.403025
10.495225
10.527350
10.705175
10.769225
10.801025
10.825775
10.846525
10.864925
10.879675
10.904425
11.023750
11.042950
11.059225
11.078850
11.089150
11.134700
11.162525
11.186300
11.220600
11.790275
11.876775
12.121400
12.170575
12.383100
12.420750
12.448875
12.463025
12.499125
12.520750
12.551575
12.583825
13.520400
13.780325
13.822775
13.928050
13.987750
14.020800
14.040850
14.074225
14.089875
14.111775
14.136125
14.150325
14.172200
14.213225
14.285925
14.318900
14.344875
14.365800
14.387425
14.406275
14.424200
14.447075
14.466025
14.560850
14.616200
14.660050
15.446125
15.492175
15.526675
15.574700
15.611050
15.650350
15.679150
15.696475
15.714650
15.723775
15.733500
15.753325
15.770075
15.786100
15.798475
15.819200
15.827175
15.848125
15.911050
16.669025
16.760200
16.786250
16.801925
16.818250
16.840325
16.860950
16.875250
16.889125
16.912925
16.945550
16.975900
17.006375
17.143975
17.166100
17.205975
17.220625
17.242050
17.261475
17.278175
17.291050
17.981400
18.124750
18.265450
18.315225
18.336650
18.380075
19.344050
19.394350
19.416000
19.437475
19.466750
19.484650
19.503850
19.524475
19.549300
19.768850
19.796700
19.811900
19.827275
19.849050
19.863975
19.876275
20.734850
20.867175
20.901075
20.918975
20.941000
20.973275
21.006700
21.031925
21.204425
21.238375
21.271850
21.294975
21.323700
21.347500
21.377000
21.503425
22.281775
22.325200
22.344375
22.380800
22.407050
22.426175
22.448375
22.621400
22.649250
22.683250
22.723900
22.743650
22.787500
22.830550
22.959200
22.998500
23.063450
23.089275
23.128475
23.862775
23.928675
23.967575
24.046600
24.125700
24.168925
24.188850
24.261325
24.508400
24.831925
24.879450
24.908275
24.972250
25.161625
25.199375
25.243000
25.266950
25.416750
25.446875
25.462325
25.501550
25.525550
25.559675
25.585250
25.682975
25.745350
25.778750
25.803350
25.826650
25.857900
25.879700
25.911500
25.939375
25.982175
26.037600
26.104575
26.168250
26.199900
26.355975
26.457300
26.502450
26.522325
26.557150
26.589875
26.611525
26.639100
26.656525
26.723700
26.798925
26.837475
26.887400
26.914950
26.940500
26.959375
26.976475
27.000450
27.053575
27.111550
27.170850
27.205475
27.224725
27.244775
27.270850
27.476200
27.553700
27.634050
27.663050
27.707850
27.735000
27.757175
27.777125
27.794150
27.808525
27.822775
27.841550
27.859300
27.978375
28.026650
28.064025
28.110300
28.133475
28.160975
28.187700
28.216725
28.249650
28.277475
28.353425
28.418500
28.457375
28.480150
28.497325
28.511000
28.527475
28.540950
28.558725
28.574375
28.594275
28.622300
28.653950
28.668000
28.702825
28.831950
28.903025
28.962300
29.060825
29.129500
29.147800
29.175125
29.367525
29.416750
29.444675
29.488100
29.503975
29.546600
29.592025
29.677375
29.705700
29.732375
29.806000
29.832250
29.862250
29.870650
29.967950
