0.022400
0.034800
0.041950
0.053925
0.063875
0.076075
0.087575
0.103925
0.133000
0.155675
0.170425
0.178175
0.215425
0.249575
0.271650
0.287850
0.296225
0.307050
0.325525
0.354525
0.371625
0.396475
0.409225
0.419325
0.429725
0.434175
0.438850
0.445700
0.455050
0.460750
0.475000
0.478825
0.510675
0.538150
0.557200
0.570375
0.577450
0.584550
0.608850
0.617575
0.632400
0.634850
0.649925
0.665675
0.699975
0.724300
0.738825
0.761100
0.770425
0.786725
0.795725
0.814875
0.835375
0.848275
0.871375
0.876575
0.887500
0.997525
1.042800
1.054700
1.071250
1.114600
1.130275
1.159525
1.172775
1.183450
1.206825
1.226175
1.306350
1.328425
1.339025
1.353925
1.371650
1.392000
1.413125
1.436750
1.510125
1.538125
1.561225
1.594200
1.606550
1.633425
1.667775
1.695525
1.704025
1.736500
1.761625
1.778200
1.806175
1.845150
1.967400
1.986250
2.011525
2.039650
2.052550
2.098825
2.126450
2.268550
2.283075
2.294225
2.328350
2.431525
2.440875
2.452375
2.467700
2.475050
2.492325
2.548250
2.616775
2.690775
2.712525
2.747375
2.763000
2.776725
2.824775
2.884700
2.897025
2.903800
2.908850
2.922625
2.930275
2.948675
2.981050
3.007400
3.026050
3.074125
3.085975
3.101225
3.132350
3.154300
3.171725
3.187925
3.220925
3.268800
3.311000
3.357450
3.370475
3.389775
3.416925
3.439125
3.455475
3.546950
3.629300
3.718050
3.729475
3.738125
3.742125
3.748275
3.764975
3.805750
3.834550
3.922150
3.935600
3.966750
3.978800
3.991825
4.026025
4.063400
4.127875
4.154675
4.162150
4.196725
4.227600
4.246100
4.277700
4.301975
4.345800
4.363075
4.374925
4.383550
4.394100
4.426400
4.446975
4.456025
4.476100
4.504450
4.516350
4.527625
4.628025
4.646250
4.655350
4.663100
4.688000
4.693150
4.703850
4.712800
4.733775
4.746050
4.763700
4.855300
4.897850
4.920525
4.930700
4.940800
4.955400
4.967175
5.005750
5.037100
5.053750
5.142525
5.162500
5.170950
5.179325
5.184025
5.196850
5.211000
5.219900
5.253325
5.423525
5.437550
5.443900
5.450675
5.463225
5.477700
5.516025
5.546375
5.561675
5.575350
5.626300
5.638675
5.682850
5.696800
5.704150
5.718050
5.728900
5.740675
5.756600
5.769750
5.784725
5.796900
5.849650
5.865100
5.889775
5.916550
6.003225
6.043450
6.074100
6.087100
6.099800
6.112975
6.185275
6.201625
6.338125
6.374450
6.389200
6.399325
6.409375
6.419775
6.440175
6.459700
6.480500
6.518400
6.581675
6.611600
6.631875
6.638300
6.644575
6.655825
6.670775
6.682050
6.691450
6.706675
6.719200
6.738975
6.887075
6.901350
6.909825
6.921125
6.935600
6.990050
7.014900
7.023775
7.036550
7.045200
7.047600
7.099250
7.224875
7.307675
7.320200
7.335025
7.359350
7.395350
7.512000
7.527875
7.550275
7.565700
7.627900
7.733550
7.756225
7.768225
7.774650
7.790675
7.802925
7.829500
7.980450
7.988575
7.993425
8.012925
8.029675
8.052725
8.133625
8.149100
8.250150
8.282700
8.309100
8.375200
8.520800
8.541000
8.555325
8.575050
8.588500
8.612200
8.638725
8.789925
8.820550
8.862900
8.948025
8.979625
9.017650
9.026925
9.041400
9.045225
9.050600
9.054725
9.059575
9.063950
9.070400
9.075250
9.088900
9.096275
9.103050
9.109525
9.126025
9.137475
9.150175
9.257625
9.274825
9.284475
9.293500
9.306125
9.326925
9.340675
9.353850
9.368425
9.383350
9.398225
9.408075
9.414075
9.422100
9.458525
9.473900
9.486575
9.534975
9.679900
9.708450
9.723500
9.744150
9.756325
9.765725
9.771300
9.781100
9.787700
9.793075
9.803700
9.807950
9.828375
9.852800
9.890900
9.918800
9.933425
9.952475
10.161750
10.177975
10.189250
10.202600
10.214500
10.238375
10.268500
10.285625
10.448275
10.455725
10.463975
10.473800
10.492550
10.626700
10.647550
10.662425
10.674775
10.691300
10.726075
10.804650
10.819200
10.838825
10.846350
10.852775
10.858275
10.873275
10.891375
10.951725
10.974050
11.116450
11.121950
11.127400
11.139350
11.153350
11.182650
11.226625
11.251750
11.287150
11.320450
11.352925
11.441925
11.479050
11.493450
11.526450
11.587075
11.612850
11.715425
11.746575
11.812525
11.827150
11.842075
11.859400
11.956725
11.976300
12.005050
12.042050
12.062575
12.111875
12.137300
12.160875
12.181775
12.200100
12.220650
12.271225
12.305700
12.328600
12.344000
12.392975
12.430350
12.473900
12.490025
12.504550
12.513125
12.543700
12.556050
12.605050
12.748300
12.762575
12.766200
12.771525
12.790000
12.801850
12.807050
12.811525
12.818550
12.838400
12.841675
12.846425
12.855225
12.868525
12.879950
12.883575
12.887550
12.902225
12.916725
12.920975
12.931225
12.935400
12.956725
12.961975
12.971825
12.981125
12.986425
12.993800
12.999100
13.003500
13.007925
13.017325
13.033400
13.039075
13.045475
13.050300
13.054075
13.063975
13.073400
13.095900
13.105350
13.123875
13.145100
13.169875
13.217250
13.221250
13.227475
13.247725
13.352425
13.368050
13.427975
13.442825
13.453075
13.465450
13.482725
13.502150
13.509575
13.523800
13.536425
13.552225
13.556750
13.567825
13.588450
13.593400
13.603600
13.609050
13.626375
13.633750
13.674100
13.686250
13.720950
13.726450
13.735775
13.743250
13.751875
13.842625
13.886825
13.891925
13.896275
13.915850
13.949150
13.959975
13.987500
14.006700
14.023625
14.051625
14.097400
14.176175
14.209500
14.237675
14.277600
14.370550
14.454875
14.496225
14.508075
14.519050
14.528325
14.539675
14.545575
14.554175
14.565300
14.569825
14.708000
14.719800
14.726675
14.764725
14.795900
14.867075
14.874125
14.883075
14.891875
14.901800
14.924175
15.037025
15.116850
15.238575
15.331450
15.367250
15.384675
15.392325
15.404050
15.413825
15.419925
15.451800
15.616375
15.794500
15.803250
15.807425
15.815400
15.828925
15.839450
15.843350
15.854200
15.858450
15.878575
15.890925
15.902600
15.913675
15.916825
15.928975
15.941050
15.946175
15.951575
15.974375
15.992225
16.006925
16.015775
16.024825
16.174575
16.316425
16.342775
16.363275
16.394275
16.422950
16.437525
16.460225
16.475900
16.517700
16.594600
16.631550
16.674125
16.788275
16.878800
16.906675
16.924725
16.945900
16.969775
16.980075
16.989050
17.000750
17.010500
17.021575
17.027475
17.033925
17.041325
17.049075
17.061125
17.069800
17.079975
17.085975
17.107725
17.114350
17.123950
17.131825
17.147925
17.154425
17.159050
17.176750
17.184700
17.193025
17.218100
17.227300
17.255475
17.283175
17.299525
17.314600
17.373275
17.394525
17.405275
17.430475
17.452050
17.510475
17.528025
17.551350
17.583575
17.602625
17.619225
17.632200
17.640725
17.654750
17.681650
17.685975
17.707225
17.724750
17.735700
17.746225
17.761225
17.785550
17.792500
17.818650
17.836125
17.851875
17.881550
17.899500
17.912850
17.922100
17.930200
17.953000
17.961675
17.975725
17.987375
18.000500
18.017275
18.055775
18.077500
18.107525
18.137850
18.145150
18.164725
18.186700
18.208600
18.296250
18.315825
18.335125
18.357050
18.366075
18.375550
18.392575
18.445500
18.454300
18.474475
18.486775
18.501275
18.523525
18.551575
18.586000
18.620175
18.637725
18.700750
18.730800
18.897650
18.910675
18.918025
18.929175
18.970400
19.002075
19.081525
19.221200
19.232800
19.248375
19.265000
19.282725
19.307875
19.365175
19.390750
19.455225
19.603950
19.612450
19.620925
19.630525
19.645350
19.672900
19.685425
19.700225
19.897875
19.919050
19.941275
19.955350
19.972325
19.993425
20.006500
20.064050
20.233125
20.249000
20.264475
20.278375
20.287650
20.299875
20.318800
20.337975
20.379450
20.399875
20.419175
20.435375
20.594650
20.613550
20.628750
20.633475
20.646800
20.651800
20.657350
20.665000
20.673775
20.695000
20.739825
20.832850
20.897725
20.925875
20.933300
20.937700
20.941150
20.944950
20.951075
20.955900
20.967725
20.981425
21.009200
21.030975
21.078700
21.213225
21.226900
21.234475
21.240675
21.251225
21.258475
21.269400
21.285325
21.289625
21.303450
21.321500
21.328775
21.354550
21.374700
21.399250
21.443000
21.465475
21.532100
21.544600
21.553100
21.561675
21.573875
21.596925
21.641275
21.845775
21.865150
21.871000
21.875225
21.878675
21.884800
21.888375
21.891900
21.896125
21.899900
21.905050
21.922075
21.945050
21.973825
22.158925
22.172625
22.176925
22.181650
22.185825
22.192400
22.197450
22.221950
22.229525
22.249775
22.261275
22.279650
22.288700
22.422275
22.437225
22.446825
22.453600
22.491250
22.510675
22.521350
22.533175
22.543175
22.560875
22.581975
22.605700
22.618500
22.638200
22.663850
22.754975
22.810750
22.818050
22.825400
22.843925
22.854425
22.865300
22.878475
22.888725
22.902050
22.921625
22.936350
22.984650
22.997825
23.010675
23.023825
23.136200
23.176975
23.188575
23.196375
23.201900
23.206100
23.211475
23.215875
23.222650
23.246550
23.255250
23.298025
23.427850
23.477650
23.488050
23.496425
23.504075
23.510475
23.514350
23.542325
23.572475
23.601025
23.616275
23.622725
23.633075
23.638175
23.657150
23.706675
23.753475
23.769000
23.812400
23.827925
23.836425
23.840625
23.844075
23.848900
23.862875
23.867550
23.876225
23.891850
23.899750
23.921925
23.929300
23.958150
24.107825
24.160625
24.171525
24.179675
24.186450
24.191550
24.198250
24.206350
24.215725
24.238300
24.257550
24.288225
24.324325
24.396825
24.480600
24.496800
24.501675
24.506675
24.514725
24.534600
24.546500
24.572625
24.586750
24.647325
24.667200
24.697625
24.712175
24.727500
24.739225
24.758400
24.782550
24.807125
24.820050
24.836450
24.928175
24.993325
25.006975
25.017250
25.027975
25.035000
25.052325
25.059000
25.082525
25.145850
25.172200
25.290800
25.304825
25.310900
25.315500
25.321950
25.367200
25.380575
25.393400
25.406950
25.428600
25.445375
25.494475
25.511575
25.551825
25.592275
25.604200
25.612250
25.618250
25.628150
25.634675
25.642125
25.651850
25.713400
25.744000
25.802950
25.837525
25.874625
25.902200
25.911950
25.919225
25.926800
25.946850
25.958975
25.973700
25.984350
25.999525
26.006075
26.018225
26.040525
26.060725
26.076325
26.114625
26.185275
26.199150
26.211825
26.220175
26.227300
26.239750
26.253225
26.263375
26.279875
26.293675
26.311900
26.328225
26.351300
26.388700
26.437975
26.503125
26.545950
26.581725
26.614750
26.630875
26.642275
26.650825
26.657025
26.662575
26.728150
26.749650
26.828300
26.923350
26.944400
26.960150
26.981050
26.993700
27.035900
27.139700
27.190550
27.199750
27.208000
27.214275
27.225825
27.263125
27.282050
27.301075
27.340700
27.364975
27.380075
27.394525
27.426600
27.439450
27.468375
27.480875
27.494250
27.516775
27.531100
27.583550
27.676000
27.693975
27.700825
27.709000
27.722500
27.742450
27.757325
27.767225
27.778775
27.801700
27.989475
28.000250
28.008000
28.030800
28.051575
28.066825
28.125350
28.127875
28.143925
28.167250
28.170525
28.332100
28.349600
28.356725
28.367850
28.380400
28.388325
28.436250
28.543200
28.583100
28.591025
28.597100
28.602975
28.615275
28.632725
28.841200
28.859950
28.876350
28.911725
28.937650
28.962700
29.086525
29.103950
29.111900
29.120725
29.129475
29.137825
29.160400
29.204650
29.218575
29.228225
29.259275
29.278850
29.291800
29.327650
29.334050
29.544900
29.576500
29.589050
29.622950
29.640200
29.672350
29.699475
29.713700
29.770950
29.921850
29.933675
29.943475
