0.014375
0.043925
0.058150
0.078625
0.108225
0.126275
0.188000
0.209375
0.246400
0.267550
0.277150
0.291425
0.323900
0.340150
0.346550
0.353450
0.395175
0.449875
0.474675
0.481950
0.498800
0.538300
0.579200
0.601575
0.647900
0.675075
0.708375
0.723925
0.736175
0.750000
0.757075
0.785575
0.791000
0.829075
0.837150
0.868825
0.917050
0.929450
0.952225
0.965075
0.977200
0.988950
0.996675
1.025675
1.094225
1.102575
1.119175
1.142925
1.173625
1.182775
1.210100
1.224150
1.240500
1.246350
1.250650
1.258150
1.259850
1.263075
1.272125
1.354100
1.407750
1.433700
1.443125
1.485750
1.508000
1.522550
1.539700
1.575900
1.592975
1.634950
1.659125
1.663525
1.669000
1.677150
1.683150
1.706125
1.737500
1.756525
1.781500
1.853950
1.864075
1.910175
1.943900
1.953400
1.995775
2.050975
2.100150
2.111875
2.145750
2.159450
2.175025
2.185775
2.208575
2.252375
2.286400
2.299725
2.317100
2.331425
2.340700
2.375325
2.392275
2.442100
2.466225
2.486225
2.497325
2.516575
2.590900
2.604575
2.614600
2.634300
2.648925
2.667575
2.689175
2.729925
2.785700
2.818150
2.830150
2.846075
2.879225
2.888550
2.907375
2.932175
2.987525
3.018000
3.036500
3.048200
3.063400
3.075850
3.082150
3.100050
3.118525
3.135925
3.156100
3.168950
3.190725
3.209000
3.237575
3.245425
3.342200
3.352950
3.385700
3.396775
3.408350
3.441550
3.451950
3.457575
3.471850
3.490900
3.504900
3.523000
3.551650
3.564575
3.603325
3.642175
3.666425
3.681450
3.705800
3.722875
3.747125
3.772700
3.792525
3.808775
3.819575
3.829200
3.839300
3.845900
3.869350
3.925825
3.961250
3.972600
3.988575
4.052950
4.064350
4.131550
4.160475
4.184550
4.263575
4.295000
4.309150
4.420700
4.428125
4.462775
4.476525
4.486225
4.507725
4.548225
4.578825
4.623125
4.697075
4.724675
4.732775
4.747550
4.758500
4.768650
4.800350
4.852025
4.881725
4.911975
4.926900
4.943700
4.962600
4.965150
4.997500
5.033650
5.068500
5.087925
5.110700
5.118425
5.179500
5.200775
5.229825
5.241750
5.274775
5.316775
5.337425
5.366200
5.384500
5.414475
5.460850
5.495825
5.541225
5.572050
5.608725
5.620400
5.636325
5.666775
5.682875
5.750975
5.768675
5.782650
5.803525
5.863825
5.880950
5.899575
5.914550
5.930175
5.946325
5.994000
6.006600
6.044025
6.059350
6.090225
6.130750
6.165850
6.230450
6.250275
6.262850
6.284200
6.316050
6.325475
6.332300
6.342600
6.350750
6.359950
6.383000
6.388225
6.405525
6.455175
6.473950
6.501575
6.590475
6.629025
6.645300
6.685700
6.703125
6.743025
6.763975
6.786400
6.841500
6.876100
6.906875
6.921200
6.933025
6.956500
6.974725
6.989300
7.004000
7.015875
7.062625
7.111125
7.137925
7.141775
7.151075
7.161675
7.258625
7.287100
7.345625
7.364750
7.408325
7.459650
7.495975
7.521575
7.528400
7.543325
7.557175
7.596000
7.625400
7.657550
7.672175
7.694525
7.709400
7.726550
7.738425
7.753025
7.770950
7.792825
7.866350
7.899275
7.922400
7.942475
8.006625
8.026975
8.051100
8.071375
8.096775
8.190975
8.218425
8.266350
8.303675
8.328875
8.345425
8.374800
8.393850
8.433750
8.462525
8.492250
8.512875
8.555050
8.569500
8.585825
8.615825
8.638850
8.649900
8.675450
8.703075
8.731600
8.771325
8.804250
8.823000
8.892425
8.920800
8.943675
8.971500
9.021650
9.049650
9.071500
9.103850
9.123025
9.148325
9.188525
9.200950
9.218825
9.234625
9.248175
9.261475
9.277975
9.290725
9.314200
9.330250
9.357175
9.388275
9.414075
9.435300
9.540950
9.571500
9.587275
9.601400
9.628175
9.645650
9.659350
9.679625
9.698725
9.719375
9.764600
9.792150
9.823450
9.844200
9.879450
9.905175
9.923975
9.934250
9.941450
9.945250
9.963775
9.997050
10.023000
10.034225
10.049000
10.071500
10.104625
10.155400
10.204550
10.251200
10.274450
10.320350
10.373150
10.406500
10.445850
10.490625
10.542500
10.548175
10.551900
10.554525
10.556575
10.565250
10.581050
10.590850
10.602900
10.632750
10.649225
10.717450
10.735500
10.791975
10.818125
10.856850
10.889725
10.918100
10.963650
11.005625
11.035825
11.046775
11.056800
11.081025
11.118150
11.146225
11.161600
11.192150
11.257250
11.271500
11.310125
11.340825
11.346500
11.353700
11.359125
11.364700
11.373700
11.379875
11.400675
11.412500
11.443900
11.546550
11.581700
11.608800
11.623825
11.641425
11.664525
11.740575
11.746175
11.753700
11.760525
11.765375
11.779200
11.783325
11.795425
11.805175
11.869650
11.896725
11.915575
11.952875
11.992900
12.050675
12.110625
12.135400
12.161075
12.175700
12.187800
12.195800
12.213550
12.229000
12.237925
12.249150
12.286650
12.297600
12.322225
12.335200
12.349675
12.375175
12.411900
12.420275
12.429050
12.443625
12.457175
12.540050
12.558725
12.579200
12.627075
12.671275
12.687050
12.711125
12.762300
12.786150
12.817750
12.859275
12.902025
12.926325
12.941175
12.946925
12.951800
12.960750
12.966675
12.986425
12.994800
12.999450
13.055025
13.090350
13.109175
13.128550
13.172425
13.199375
13.231650
13.253125
13.269700
13.288475
13.349775
13.389625
13.428700
13.441100
13.461275
13.483600
13.522125
13.542425
13.554875
13.562950
13.565625
13.584950
13.631050
13.657300
13.672800
13.721250
13.753400
13.780000
13.813150
13.824975
13.880725
13.900850
13.916850
13.935975
13.991825
14.027125
14.050850
14.058525
14.099300
14.106950
14.152875
14.205225
14.237475
14.259150
14.298900
14.337225
14.354125
14.362125
14.373325
14.383950
14.393625
14.400550
14.432350
14.443800
14.509175
14.515400
14.528925
14.551875
14.576600
14.603000
14.631800
14.650650
14.663100
14.675475
14.696550
14.712075
14.735225
14.770625
14.790475
14.832250
14.851750
14.869300
14.871450
14.876175
14.881800
14.887200
14.896575
14.912800
14.947700
14.966675
14.977875
14.986850
15.007025
15.058950
15.109700
15.154500
15.196400
15.210650
15.241200
15.269650
15.347525
15.491150
15.511450
15.541750
15.564175
15.578200
15.598725
15.625150
15.653525
15.700800
15.728775
15.765000
15.789800
15.813025
15.823875
15.827100
15.837500
15.849750
15.858300
15.882075
15.895050
15.913275
15.944375
16.007450
16.077600
16.103700
16.158800
16.167100
16.183575
16.193525
16.203950
16.222675
16.241275
16.250575
16.264100
16.314125
16.372575
16.417125
16.500150
16.515625
16.533575
16.565225
16.587925
16.596525
16.629050
16.684525
16.718875
16.762625
16.798725
16.825750
16.846875
16.859500
16.888450
16.931475
16.946200
16.972550
16.993500
17.038675
17.050050
17.070425
17.131200
17.156475
17.178175
17.245675
17.264625
17.283325
17.313100
17.329425
17.355750
17.377700
17.498450
17.562550
17.586125
17.609050
17.630050
17.647650
17.677475
17.718025
17.757525
17.843300
17.864775
17.930525
17.958800
17.999075
18.037500
18.078250
18.114025
18.152075
18.170475
18.180800
18.197675
18.220025
18.239825
18.258375
18.271025
18.290150
18.315150
18.331250
18.372750
18.393200
18.417125
18.460125
18.468400
18.476875
18.497700
18.503900
18.520050
18.537075
18.557200
18.572750
18.581000
18.588075
18.612375
18.677625
18.727150
18.768225
18.799475
18.819625
18.823700
18.832725
18.835700
18.841325
18.847050
18.856125
18.890000
18.909350
18.940975
18.972500
18.997950
19.028250
19.048275
19.069475
19.117250
19.149800
19.176675
19.191500
19.202525
19.215300
19.227050
19.234925
19.243300
19.264575
19.271100
19.402775
19.473325
19.509950
19.532650
19.554275
19.585600
19.612075
19.636325
19.682425
19.693050
19.718150
19.755850
19.798325
19.818225
19.826775
19.833300
19.860175
19.866300
19.892925
19.971275
20.058275
20.120675
20.143025
20.155375
20.162625
20.178475
20.189050
20.225250
20.244600
20.271975
20.283075
20.300825
20.325175
20.335500
20.345575
20.362500
20.424050
20.438750
20.468550
20.479900
20.487775
20.496725
20.506700
20.510725
20.534825
20.545225
20.554950
20.637100
20.667425
20.740575
20.784975
20.789000
20.797100
20.808300
20.812800
20.818825
20.850500
20.894950
20.963975
21.004875
21.025725
21.057975
21.085025
21.090025
21.093525
21.095525
21.107750
21.140700
21.181025
21.212650
21.235100
21.249125
21.299100
21.308600
21.349350
21.395350
21.414075
21.438500
21.448600
21.493200
21.542450
21.561950
21.599875
21.629750
21.683900
21.716650
21.750350
21.752500
21.758400
21.809525
21.822525
21.828325
21.861300
21.868150
21.939225
21.951575
21.989650
22.037150
22.059500
22.087700
22.147900
22.188400
22.213875
22.236850
22.278925
22.299025
22.315325
22.331700
22.345050
22.375650
22.442500
22.484000
22.513325
22.540825
22.552775
22.575400
22.590925
22.616500
22.625100
22.648450
22.664025
22.678425
22.693325
22.720500
22.737850
22.753100
22.807775
22.839575
22.864550
22.869100
22.882300
22.884000
22.885850
22.899975
22.905125
22.908350
22.910500
22.986750
22.994050
23.027500
23.039900
23.144875
23.156500
23.183475
23.208300
23.266150
23.272925
23.285050
23.291900
23.297975
23.316975
23.319925
23.330100
23.341925
23.405125
23.467900
23.481325
23.513175
23.561350
23.604825
23.620000
23.637900
23.663000
23.681700
23.691425
23.703450
23.713100
23.728050
23.769350
23.817700
23.857200
23.869875
23.963400
23.978725
23.987850
23.999225
24.009650
24.020650
24.033125
24.046775
24.061200
24.071075
24.084525
24.097100
24.108100
24.142875
24.172425
24.197575
24.215225
24.248850
24.256250
24.263875
24.291300
24.316850
24.322275
24.337025
24.355325
24.373175
24.396850
24.430250
24.453450
24.467325
24.522825
24.548850
24.573825
24.615400
24.627300
24.654250
24.704375
24.721900
24.745700
24.763025
24.791750
24.835700
24.846150
24.869325
24.879925
24.897950
24.903675
24.919875
25.098200
25.146425
25.194600
25.221550
25.249775
25.267700
25.298775
25.302100
25.319775
25.367775
25.386425
25.419700
25.442050
25.488925
25.507925
25.545600
25.561500
25.575700
25.611925
25.618475
25.621600
25.624300
25.665100
25.667400
25.683400
25.704175
25.741250
25.752475
25.787825
25.801700
25.825150
25.836175
25.847050
25.903400
25.913600
25.920425
25.925600
25.928200
25.934150
25.936175
25.953200
26.028425
26.161000
26.173975
26.195200
26.220225
26.232600
26.359550
26.423250
26.452150
26.460425
26.485150
26.492100
26.511825
26.541625
26.623525
26.642725
26.663075
26.676400
26.705850
26.713525
26.729850
26.735550
26.753850
26.780400
26.800550
26.813000
26.837775
26.859875
26.885000
26.898525
26.911250
26.935375
26.961350
26.998025
27.027200
27.046025
27.065975
27.070975
27.075200
27.089625
27.140600
27.180775
27.205075
27.220325
27.227425
27.240350
27.284000
27.307175
27.329250
27.351350
27.354800
27.361450
27.376225
27.380800
27.388250
27.393275
27.401200
27.406675
27.411000
27.460675
27.471050
27.502350
27.588750
27.599275
27.615175
27.658200
27.695300
27.702550
27.712750
27.717100
27.753125
27.803350
27.833125
27.873500
27.983625
28.002725
28.035275
28.056050
28.075775
28.099225
28.157925
28.193000
28.204425
28.268225
28.280325
28.290175
28.305450
28.366075
28.373025
28.383500
28.401100
28.412675
28.452750
28.470425
28.516050
28.531025
28.563900
28.672050
28.719425
28.734800
28.746700
28.756950
28.770075
28.777125
28.788075
28.796550
28.806300
28.826550
28.872050
28.943025
28.958675
28.986600
28.998700
29.027100
29.040375
29.053075
29.077650
29.091350
29.118300
29.168225
29.194625
29.219925
29.238900
29.297000
29.311250
29.331650
29.347225
29.370575
29.380900
29.393825
29.398725
29.405350
29.412125
29.457900
29.462950
29.477150
29.492700
29.512925
29.524975
29.531575
29.557475
29.584325
29.592575
29.616100
29.629850
29.650500
29.662075
29.691175
29.728375
29.762150
29.783600
29.801725
29.861925
29.881900
29.903750
29.928675
29.970775
29.991425
