0.018425
0.062750
0.091150
0.114250
0.140150
0.214350
0.236075
0.261125
0.284300
0.321700
0.333525
0.373050
0.394175
0.426900
0.435150
0.455350
0.464175
0.498825
0.523000
0.585575
0.604075
0.613175
0.656125
0.679250
0.694775
0.706500
0.717650
0.729975
0.764325
0.856950
0.884650
0.906275
0.924875
0.973550
1.001950
1.071975
1.083950
1.145700
1.161025
1.179500
1.189825
1.231450
1.246525
1.262875
1.281825
1.293600
1.335200
1.347800
1.403950
1.414675
1.443350
1.476400
1.505225
1.523175
1.555650
1.579675
1.592600
1.641100
1.664600
1.679950
1.702725
1.724675
1.744550
1.768625
1.778825
1.785200
1.796850
1.828650
1.855975
1.876775
1.896475
1.909975
1.937075
1.975975
1.999525
2.018575
2.045025
2.057375
2.105725
2.128100
2.142200
2.154925
2.169950
2.187300
2.209025
2.239275
2.246675
2.259700
2.320450
2.366550
2.421850
2.431325
2.460450
2.550750
2.561525
2.593250
2.618875
2.639625
2.670775
2.679625
2.696450
2.706375
2.724050
2.758950
2.768850
2.789150
2.803500
2.835975
2.845200
2.898950
2.911850
2.930925
2.944900
2.959300
2.990125
3.009050
3.030725
3.066850
3.081425
3.134275
3.145625
3.172800
3.181825
3.190425
3.219525
3.241000
3.284200
3.291975
3.348000
3.360675
3.367775
3.442400
3.458700
3.484375
3.495575
3.525225
3.542500
3.583300
3.629225
3.645750
3.688850
3.696500
3.705200
3.714700
3.726425
3.738950
3.754600
3.762775
3.792350
3.833350
3.847900
3.860325
3.873025
3.881200
3.923700
3.941550
4.024225
4.038375
4.089900
4.117025
4.129375
4.189075
4.218825
4.233850
4.276050
4.291025
4.325600
4.335500
4.348200
4.390650
4.402300
4.430750
4.481725
4.515675
4.569375
4.603625
4.621350
4.659300
4.675450
4.690025
4.729750
4.768025
4.787025
4.807875
4.826300
4.864025
4.877375
4.923750
4.926425
4.937525
4.974250
5.024550
5.050975
5.062075
5.081750
5.115500
5.185300
5.226375
5.245775
5.291675
5.302575
5.326250
5.369325
5.381050
5.407575
5.422000
5.439600
5.470725
5.483825
5.498200
5.518475
5.543725
5.559475
5.577125
5.585500
5.621075
5.634125
5.648600
5.653550
5.659850
5.674375
5.688400
5.695825
5.705725
5.750925
5.766175
5.807150
5.816350
5.844425
5.879125
5.901975
5.911625
5.930325
5.935250
5.944500
5.975300
5.984750
6.010075
6.024375
6.065875
6.092650
6.114375
6.126575
6.242000
6.276725
6.346125
6.358650
6.373675
6.381850
6.399350
6.433600
6.446475
6.463375
6.511875
6.543375
6.585275
6.616500
6.632225
6.646475
6.693025
6.707600
6.744225
6.750225
6.768300
6.789925
6.798025
6.818650
6.855275
6.871625
6.873975
6.885525
6.898800
6.929350
6.943525
6.964825
6.991800
7.002425
7.073125
7.101125
7.127625
7.136800
7.164500
7.219500
7.270675
7.283825
7.323450
7.353725
7.379650
7.407975
7.435425
7.483300
7.539425
7.556775
7.576000
7.611750
7.619650
7.634350
7.647200
7.681125
7.713325
7.756125
7.774100
7.780975
7.793600
7.812950
7.824425
7.841225
7.877925
7.893575
7.932400
7.982700
7.998975
8.011250
8.036275
8.044125
8.091150
8.104125
8.150175
8.178650
8.190900
8.214200
8.265675
8.292475
8.307300
8.328825
8.347600
8.357875
8.377650
8.394575
8.422275
8.441775
8.457175
8.470000
8.482375
8.495800
8.524150
8.549600
8.557925
8.585800
8.627800
8.648625
8.667575
8.689800
8.786350
8.847825
8.909800
8.925475
8.936825
8.981625
9.041725
9.055200
9.111625
9.129525
9.145925
9.159475
9.175500
9.185800
9.231250
9.275750
9.305325
9.324500
9.357500
9.400200
9.413525
9.462850
9.473550
9.520150
9.534600
9.575400
9.661625
9.704150
9.715350
9.733875
9.765125
9.786800
9.802725
9.835175
9.847950
9.869450
9.884225
9.895525
9.968050
9.986450
10.046250
10.070250
10.092625
10.118750
10.136000
10.162950
10.260575
10.282975
10.296600
10.309125
10.327400
10.381975
10.405500
10.414350
10.440525
10.453650
10.490450
10.525475
10.568600
10.583025
10.604350
10.622375
10.634050
10.686400
10.698550
10.721550
10.731825
10.744250
10.775525
10.793250
10.810350
10.826675
10.845850
10.870025
10.893575
10.921350
10.951175
10.972775
11.111250
11.143525
11.215350
11.242650
11.265025
11.367825
11.374700
11.386275
11.413500
11.435000
11.449075
11.462675
11.487550
11.510650
11.523525
11.537075
11.568800
11.587700
11.613800
11.624200
11.675675
11.687425
11.699525
11.706475
11.723050
11.733525
11.748450
11.788975
11.807425
11.859775
11.895900
11.914625
11.949325
11.963100
11.980575
11.992675
12.026075
12.040800
12.054150
12.062275
12.094350
12.112150
12.136625
12.153450
12.171275
12.190250
12.210950
12.244650
12.282500
12.300825
12.352525
12.364050
12.393650
12.431175
12.462400
12.482450
12.531575
12.558250
12.566250
12.576250
12.605125
12.619575
12.631350
12.684125
12.744100
12.770975
12.797000
12.827875
12.840600
12.858900
12.875750
12.907600
12.933250
12.969700
12.992300
13.013550
13.048250
13.060125
13.072150
13.089075
13.110025
13.112900
13.180675
13.196625
13.207675
13.229675
13.241875
13.262200
13.316850
13.373125
13.395350
13.430525
13.446675
13.473575
13.536600
13.554175
13.597775
13.630325
13.649550
13.664100
13.682825
13.692025
13.711225
13.721025
13.741700
13.786375
13.811225
13.823025
13.841975
13.869825
13.881325
13.890700
13.909700
13.936775
13.958675
13.967900
13.988875
14.002700
14.068450
14.112750
14.148650
14.160350
14.198350
14.208550
14.217600
14.244750
14.260375
14.287600
14.304450
14.317150
14.331600
14.350625
14.365375
14.479200
14.490425
14.520300
14.528525
14.541775
14.581575
14.592550
14.604325
14.693725
14.713875
14.734950
14.767025
14.800625
14.832225
14.849250
14.881275
14.895350
14.910850
14.980850
14.999450
15.013325
15.022675
15.045850
15.069225
15.161000
15.201775
15.227600
15.279050
15.311250
15.347050
15.359425
15.371575
15.398075
15.420550
15.438575
15.475125
15.528025
15.587875
15.616250
15.652525
15.669175
15.686475
15.707750
15.724700
15.742150
15.772975
15.839250
15.857625
15.876475
15.903550
15.918450
15.968250
15.979400
15.990625
16.005000
16.023300
16.069950
16.082600
16.115150
16.130150
16.144850
16.200825
16.218375
16.240050
16.260425
16.277650
16.293175
16.314225
16.337775
16.352250
16.365775
16.395425
16.411100
16.443825
16.459000
16.484525
16.513650
16.528200
16.538800
16.563025
16.596925
16.614150
16.655550
16.672825
16.712125
16.736175
16.745950
16.754825
16.784175
16.828850
16.855100
16.880125
16.898300
16.917900
16.940175
16.979075
17.076325
17.105900
17.143900
17.187675
17.219850
17.231600
17.242550
17.295450
17.314225
17.350725
17.399275
17.426350
17.569075
17.651000
17.672850
17.694675
17.717975
17.729475
17.754625
17.765825
17.798750
17.812325
17.853525
17.879900
17.904600
17.983900
17.988975
17.991350
18.004850
18.027800
18.038100
18.069200
18.081200
18.094375
18.106875
18.178225
18.240200
18.307650
18.329275
18.340275
18.374875
18.402775
18.415850
18.441100
18.445125
18.476950
18.485650
18.517975
18.538400
18.632475
18.654825
18.675625
18.693425
18.701025
18.720700
18.743700
18.757425
18.778225
18.790225
18.811125
18.901150
18.912000
18.933000
18.955675
18.996650
19.015050
19.033825
19.043900
19.056975
19.128800
19.151750
19.173700
19.176450
19.198400
19.213675
19.232250
19.246350
19.256250
19.266050
19.287775
19.323075
19.332675
19.356175
19.380650
19.394700
19.435325
19.449050
19.492375
19.519325
19.537225
19.561050
19.582675
19.600375
19.622275
19.640525
19.674350
19.686875
19.694225
19.709500
19.728700
19.744050
19.751750
19.811450
19.827575
19.885575
19.907825
19.961100
19.990100
20.003575
20.020850
20.035550
20.093300
20.121575
20.177600
20.217025
20.274550
20.286250
20.304950
20.323075
20.338100
20.364600
20.378600
20.411225
20.432800
20.483100
20.517475
20.556450
20.562950
20.570250
20.580850
20.593725
20.615050
20.638650
20.659375
20.699825
20.706700
20.733150
20.753050
20.782025
20.806400
20.852875
20.858700
20.863325
20.883900
20.896675
20.906225
20.924475
20.945250
20.962300
20.983650
20.995725
21.010650
21.019525
21.026325
21.075500
21.096575
21.112325
21.123325
21.143525
21.175900
21.198350
21.206425
21.277925
21.309300
21.346150
21.375675
21.414150
21.436125
21.447150
21.499075
21.547300
21.560575
21.579300
21.634800
21.684325
21.709325
21.733325
21.748575
21.781700
21.798725
21.821250
21.852375
21.912425
21.964850
21.978000
21.993625
22.055375
22.069425
22.132300
22.153600
22.163900
22.191675
22.201350
22.206650
22.226750
22.239400
22.274125
22.301650
22.322800
22.342375
22.365550
22.380400
22.434450
22.467400
22.488775
22.506150
22.519425
22.531025
22.546250
22.555625
22.571850
22.668875
22.731450
22.743125
22.860625
22.900475
22.914400
23.023200
23.049425
23.062600
23.118200
23.134050
23.151575
23.189750
23.206375
23.258825
23.260300
23.296675
23.328450
23.385875
23.402425
23.424175
23.438600
23.454350
23.476600
23.483350
23.507425
23.525550
23.536750
23.541125
23.559050
23.571725
23.584475
23.600250
23.609775
23.631550
23.659625
23.672425
23.699600
23.722925
23.749425
23.778650
23.801000
23.815625
23.828650
23.867850
23.930950
23.945225
23.979500
24.010400
24.026675
24.038175
24.069825
24.097950
24.125000
24.145675
24.166225
24.204075
24.222275
24.243625
24.279125
24.310750
24.363750
24.397125
24.425500
24.446825
24.464975
24.516875
24.533475
24.547300
24.588500
24.604825
24.675325
24.706500
24.717250
24.760975
24.787225
24.833300
24.848500
24.872850
24.890450
24.933825
24.989825
25.005650
25.018800
25.032550
25.115575
25.130975
25.182950
25.231450
25.252350
25.261200
25.337100
25.384650
25.399475
25.412575
25.422625
25.454250
25.507350
25.528900
25.545200
25.573650
25.590900
25.615100
25.649000
25.665900
25.685125
25.730225
25.751300
25.773550
25.815000
25.834125
25.870475
25.915300
25.964975
26.006475
26.019125
26.042175
26.105250
26.122975
26.150300
26.174125
26.186900
26.193575
26.204275
26.269075
26.298125
26.314425
26.323775
26.366725
26.385875
26.398225
26.424650
26.436850
26.455550
26.519575
26.529100
26.568425
26.591850
26.602850
26.628775
26.640075
26.658400
26.670300
26.699625
26.711600
26.714475
26.750375
26.781825
26.805750
26.827075
26.839550
26.899475
26.951825
26.964300
26.980800
27.026450
27.062350
27.075975
27.095350
27.136900
27.151575
27.160850
27.182075
27.253625
27.270175
27.287775
27.359525
27.375900
27.392000
27.404825
27.408725
27.417125
27.443525
27.492975
27.579575
27.601900
27.624625
27.684900
27.776575
27.809375
27.834925
27.859425
27.891850
27.961325
27.976700
27.989150
28.041450
28.090725
28.100625
28.123475
28.154350
28.164450
28.179125
28.246675
28.258350
28.278075
28.338825
28.349450
28.359400
28.375925
28.399550
28.418225
28.435050
28.478000
28.479450
28.495825
28.507175
28.509850
28.541650
28.596600
28.607750
28.620625
28.655550
28.693625
28.708225
28.769175
28.785800
28.793950
28.817425
28.824350
28.841000
28.891000
28.901425
28.916975
28.938325
28.950125
28.961750
28.986350
29.028450
29.046100
29.063650
29.100775
29.160800
29.225500
29.284550
29.313775
29.343600
29.456750
29.477550
29.528075
29.545625
29.575200
29.600900
29.620975
29.718750
29.791275
29.804025
29.817000
29.862600
29.980575
29.988900
