0.026150
0.044700
0.057475
0.067900
0.082300
0.093225
0.105100
0.122250
0.134250
0.149650
0.170225
0.185500
0.199875
0.214075
0.226750
0.236275
0.244750
0.253925
0.262400
0.271375
0.279225
0.286175
0.293350
0.301675
0.309625
0.318275
0.330775
0.340325
0.351475
0.367600
0.380375
0.409100
0.426700
0.443425
0.463675
0.483625
0.514600
0.533500
0.557725
0.580625
0.616200
0.631450
0.642875
0.653800
0.680300
0.693450
0.706600
0.718700
0.735300
0.745600
0.756950
0.765825
0.785125
0.795625
0.804600
0.819925
0.830950
0.845225
0.862800
0.882925
0.899300
0.926775
0.946075
0.960200
0.972025
0.989225
1.002200
1.019125
1.034850
1.053875
1.072250
1.104250
1.123275
1.137850
1.156525
1.167375
1.179450
1.188275
1.197150
1.209375
1.222125
1.229700
1.240050
1.256250
1.273875
1.286775
1.307125
1.330575
1.362025
1.389525
1.405550
1.419700
1.448925
1.461950
1.469150
1.492500
1.512225
1.521625
1.532675
1.538875
1.551425
1.559250
1.567350
1.576775
1.582525
1.592675
1.601700
1.617800
1.645800
1.673625
1.717950
1.746400
1.771850
1.785975
1.799975
1.814750
1.828050
1.863650
1.882550
1.930875
1.947550
1.965775
1.989450
2.010500
2.036650
2.057000
2.076275
2.098675
2.115875
2.134000
2.149675
2.168625
2.185125
2.205200
2.254450
2.277400
2.294200
2.307375
2.329575
2.339550
2.353675
2.363125
2.371600
2.381775
2.391650
2.405050
2.412575
2.421725
2.450300
2.464225
2.472100
2.479575
2.493675
2.509100
2.516050
2.525175
2.537200
2.543475
2.552800
2.559900
2.571175
2.584525
2.598575
2.607450
2.629600
2.641600
2.659950
2.668250
2.690825
2.698600
2.705275
2.740750
2.758050
2.771875
2.791025
2.826575
2.844775
2.864025
2.879850
2.897475
2.913350
2.924575
2.937300
2.960675
2.967325
2.988125
2.994800
3.006150
3.015600
3.025000
3.034725
3.045925
3.054350
3.066525
3.088025
3.100550
3.111425
3.120750
3.135275
3.147750
3.157675
3.169950
3.178275
3.188125
3.200450
3.213625
3.228075
3.244850
3.270625
3.287725
3.304825
3.324475
3.344525
3.363300
3.381350
3.409300
3.429900
3.443725
3.452500
3.470950
3.479850
3.489800
3.497500
3.511125
3.525100
3.537625
3.547225
3.565500
3.592475
3.616025
3.624525
3.640825
3.658350
3.682000
3.693150
3.700275
3.708275
3.714125
3.721050
3.727450
3.735500
3.742725
3.748500
3.756075
3.763600
3.770675
3.776075
3.785100
3.792050
3.800100
3.810200
3.815775
3.822350
3.830075
3.836450
3.855225
3.867000
3.898450
3.948250
3.965600
3.985150
3.998925
4.018275
4.042100
4.057050
4.079950
4.110750
4.120600
4.131025
4.138700
4.153625
4.170950
4.178550
4.184000
4.190900
4.203100
4.216125
4.227475
4.234925
4.251500
4.263350
4.270300
4.275250
4.280350
4.288950
4.305075
4.310875
4.323650
4.329150
4.340925
4.347175
4.353400
4.374325
4.380850
4.388350
4.392750
4.405775
4.411475
4.420925
4.432150
4.440675
4.454675
4.460425
4.469100
4.483050
4.489400
4.496600
4.502875
4.510200
4.515800
4.521600
4.528900
4.537775
4.545600
4.553525
4.580575
4.587850
4.596250
4.605650
4.625125
4.636400
4.646700
4.663150
4.684275
4.696825
4.720675
4.736275
4.754100
4.763075
4.787025
4.803375
4.816075
4.826825
4.845400
4.855650
4.868725
4.880150
4.891875
4.909800
4.915725
4.926025
4.933875
4.943050
4.951150
4.960700
4.967250
4.975925
4.983575
4.991125
4.998075
5.007425
5.015625
5.021175
5.029475
5.036500
5.046100
5.056925
5.082700
5.094775
5.109000
5.124300
5.138425
5.150000
5.177625
5.190750
5.202125
5.209000
5.223675
5.234550
5.243900
5.249725
5.262750
5.272500
5.285300
5.301250
5.315500
5.327600
5.343475
5.366875
5.380825
5.393700
5.409050
5.428950
5.441425
5.459250
5.483350
5.507125
5.520600
5.533175
5.542475
5.559900
5.568000
5.575025
5.583975
5.593225
5.616400
5.630900
5.650125
5.662675
5.671900
5.685075
5.700050
5.712750
5.725350
5.737125
5.749125
5.759725
5.774025
5.788325
5.804475
5.824900
5.835025
5.844775
5.861525
5.872925
5.880800
5.890500
5.900400
5.909450
5.919025
5.929800
5.939875
5.952675
5.962725
5.973225
5.983925
6.006500
6.017850
6.037275
6.047975
6.061900
6.072175
6.082550
6.101125
6.112950
6.124450
6.131250
6.138550
6.145975
6.155150
6.166450
6.174975
6.189125
6.205625
6.212250
6.218825
6.226600
6.232650
6.240200
6.246425
6.252225
6.258075
6.265875
6.276700
6.285375
6.295875
6.306050
6.320275
6.333650
6.360175
6.383475
6.398600
6.414625
6.431200
6.449500
6.466000
6.482425
6.507350
6.516375
6.527275
6.535400
6.544350
6.553100
6.562850
6.573375
6.595675
6.606650
6.617975
6.624850
6.635775
6.649975
6.679025
6.690725
6.706625
6.728975
6.794300
6.807225
6.817325
6.832675
6.845750
6.854050
6.865925
6.874425
6.889050
6.894525
6.903525
6.911250
6.919275
6.926625
6.933575
6.949050
6.957050
6.973050
6.981175
6.992100
7.000025
7.010475
7.020900
7.027275
7.033150
7.046875
7.054550
7.067325
7.080125
7.096225
7.108600
7.117825
7.124000
7.132075
7.147150
7.157175
7.166625
7.172575
7.180725
7.197175
7.204575
7.229475
7.242225
7.267400
7.277225
7.291550
7.300325
7.310025
7.329000
7.347550
7.364100
7.372350
7.408375
7.423975
7.433100
7.442900
7.454525
7.466750
7.481775
7.493250
7.505850
7.523200
7.538325
7.546725
7.557900
7.570300
7.579975
7.590400
7.599100
7.611600
7.626425
7.650600
7.668775
7.679525
7.684950
7.691950
7.701250
7.710825
7.721225
7.756375
7.769125
7.784350
7.804125
7.813925
7.824925
7.841550
7.850000
7.861925
7.889500
7.903475
7.913025
7.926500
7.953100
7.960075
7.968750
7.976825
7.986700
7.995275
8.004650
8.012825
8.022375
8.033650
8.044975
8.064375
8.077300
8.089250
8.106125
8.120675
8.135450
8.149850
8.176925
8.193925
8.216300
8.247650
8.270950
8.277100
8.286250
8.305925
8.316700
8.324775
8.330950
8.337850
8.356725
8.367100
8.381425
8.392400
8.404000
8.421425
8.474675
8.491425
8.512775
8.531550
8.542950
8.558325
8.568525
8.575275
8.583375
8.589825
8.599125
8.607975
8.619275
8.628750
8.635550
8.678425
8.698025
8.717375
8.732375
8.753500
8.766900
8.784350
8.806300
8.836550
8.863800
8.876475
8.888475
8.897825
8.924550
8.942900
8.954725
8.977225
8.989525
9.006225
9.016000
9.024425
9.034225
9.042525
9.054325
9.063375
9.075925
9.086950
9.099275
9.113950
9.129300
9.145825
9.186650
9.207475
9.219575
9.225600
9.232725
9.239750
9.247050
9.256725
9.266800
9.278050
9.288000
9.297200
9.314650
9.332575
9.363650
9.386825
9.408300
9.425525
9.437750
9.449150
9.458850
9.468500
9.485100
9.498625
9.516000
9.529750
9.548450
9.560375
9.567500
9.597125
9.614725
9.623175
9.643200
9.654225
9.661475
9.686100
9.701375
9.707700
9.714925
9.727525
9.750525
9.756800
9.767250
9.777350
9.785250
9.795200
9.802750
9.808175
9.815975
9.832250
9.842050
9.853550
9.870075
9.878450
9.892600
9.902225
9.911600
9.918350
9.924525
9.931775
9.943125
9.956725
9.969225
9.979675
10.032550
10.050150
10.069425
10.093450
10.111175
10.130700
10.153575
10.161850
10.178225
10.204175
10.212750
10.226650
10.249500
10.258775
10.267925
10.277750
10.286325
10.298400
10.311500
10.323950
10.334175
10.342250
10.349575
10.354450
10.362550
10.369650
10.375250
10.381850
10.389300
10.396075
10.403350
10.416800
10.423475
10.430675
10.438300
10.449575
10.458900
10.470425
10.487775
10.500150
10.509825
10.520475
10.535225
10.549750
10.567775
10.576150
10.588200
10.599400
10.614500
10.625175
10.635825
10.649675
10.661550
10.676075
10.692925
10.703850
10.711575
10.723100
10.733775
10.745450
10.757375
10.766750
10.777125
10.785725
10.795750
10.801975
10.809700
10.846400
10.866275
10.884175
10.895725
10.910875
10.933100
10.946050
10.968125
10.998075
11.035675
11.054975
11.086650
11.100850
11.115550
11.122750
11.135525
11.145250
11.191100
11.223050
11.259250
11.290575
11.310250
11.326375
11.344225
11.360250
11.397625
11.413700
11.431700
11.440675
11.462700
11.468900
11.476050
11.499600
11.511725
11.523475
11.533175
11.548375
11.559100
11.593050
11.606375
11.622475
11.650525
11.658425
11.667950
11.677525
11.686250
11.696125
11.704100
11.713825
11.726550
11.739125
11.749450
11.758900
11.772775
11.785925
11.802175
11.818975
11.837450
11.849700
11.872350
11.882250
11.891150
11.914100
11.922050
11.938850
11.950000
11.964600
11.975100
11.991025
12.002825
12.011800
12.023450
12.038150
12.050750
12.063025
12.076100
12.092450
12.108000
12.125800
12.153075
12.158125
12.164850
12.187200
12.196275
12.203200
12.213950
12.224200
12.241150
12.260625
12.274775
12.280850
12.290875
12.315450
12.325750
12.338025
12.350775
12.394950
12.412000
12.430525
12.439575
12.449575
12.458375
12.473100
12.514175
12.522950
12.529875
12.541625
12.549925
12.557100
12.564475
12.569850
12.580075
12.588475
12.595275
12.600200
12.608600
12.613025
12.624825
12.633950
12.639100
12.649375
12.661550
12.672425
12.688900
12.698475
12.709350
12.721275
12.726850
12.736150
12.743425
12.753300
12.760125
12.769100
12.783325
12.791475
12.808025
12.814000
12.820300
12.828175
12.834975
12.841550
12.847375
12.854425
12.861450
12.869650
12.876475
12.886850
12.895425
12.910325
12.916750
12.938325
12.951675
12.981625
13.033500
13.050450
13.060775
13.076775
13.085925
13.108100
13.144850
13.156300
13.167275
13.178725
13.186850
13.196375
13.208950
13.222625
13.236850
13.264750
13.277125
13.285275
13.291750
13.301700
13.313400
13.322325
13.334625
13.354400
13.364375
13.377000
13.388175
13.413500
13.425200
13.441800
13.464700
13.496825
13.512350
13.522925
13.534525
13.547925
13.561675
13.574950
13.597575
13.612925
13.625750
13.642275
13.659350
13.677800
13.687375
13.695475
13.707700
13.715875
13.724300
13.732300
13.742050
13.751350
13.762300
13.775525
13.796175
13.814325
13.837175
13.853300
13.861900
13.874250
13.882750
13.896800
13.908425
13.923750
13.947250
13.961800
13.981325
13.991175
14.004125
14.015175
14.031050
14.057225
14.078300
14.094825
14.111600
14.120225
14.131775
14.144950
14.158050
14.170700
14.202500
14.238675
14.255700
14.265925
14.295100
14.316325
14.338450
14.360325
14.373950
14.414425
14.433550
14.439750
14.457000
14.465150
14.473400
14.485800
14.493875
14.500625
14.508300
14.524150
14.534425
14.552050
14.587000
14.605150
14.624950
14.640525
14.656100
14.679625
14.694750
14.712725
14.724750
14.742675
14.750900
14.763775
14.777800
14.789775
14.805750
14.818350
14.828150
14.836850
14.843925
14.874775
14.893475
14.919700
14.950225
14.961200
14.973825
15.007725
15.029575
15.055425
15.068000
15.093650
15.109775
15.121200
15.133625
15.143025
15.152200
15.165300
15.173175
15.182200
15.194025
15.201175
15.213750
15.228175
15.245650
15.258025
15.272150
15.286500
15.304175
15.321450
15.333375
15.344450
15.356000
15.362275
15.376750
15.383350
15.393100
15.406050
15.418625
15.430825
15.447550
15.462750
15.475700
15.490050
15.502075
15.518275
15.538375
15.555200
15.578175
15.625950
15.644725
15.658925
15.695500
15.703750
15.711400
15.718200
15.732175
15.740200
15.745725
15.752825
15.762575
15.788700
15.815425
15.827775
15.861550
15.876625
15.888950
15.904275
15.925050
15.942550
15.955075
15.970700
15.985150
15.999750
16.036350
16.062900
16.079850
16.092925
16.108550
16.124300
16.139125
16.158175
16.173275
16.209675
16.228875
16.242100
16.259875
16.284350
16.299550
16.309175
16.315450
16.326525
16.331700
16.343575
16.355325
16.363000
16.379125
16.414500
16.425750
16.438900
16.450075
16.461175
16.474825
16.494675
16.503850
16.513075
16.524600
16.534300
16.542025
16.555025
16.566325
16.576200
16.586525
16.594475
16.609025
16.620150
16.632400
16.640600
16.655425
16.666225
16.682175
16.693575
16.715575
16.726200
16.742350
16.750175
16.756200
16.763550
16.781575
16.790875
16.804250
16.817675
16.838925
16.861750
16.874625
16.891850
16.906425
16.932625
16.949400
16.970325
16.991875
17.006200
17.022500
17.039550
17.062675
17.083950
17.104350
17.123550
17.131275
17.144800
17.156175
17.177875
17.189375
17.203025
17.229825
17.243000
17.253050
17.273000
17.284600
17.298350
17.309825
17.320275
17.328950
17.339050
17.346350
17.355300
17.363500
17.375150
17.385325
17.397675
17.408550
17.427775
17.436825
17.445425
17.455650
17.464825
17.475000
17.482400
17.500200
17.507900
17.515900
17.523750
17.531775
17.538250
17.549350
17.557975
17.582875
17.591100
17.598225
17.618475
17.630425
17.646525
17.663125
17.676150
17.694100
17.714300
17.742850
17.756625
17.770500
17.797375
17.819700
17.840500
17.863100
17.877925
17.890600
17.902150
17.912475
17.923625
17.935725
17.946550
17.955900
17.968825
17.979125
17.990125
18.012775
18.028575
18.047450
18.058500
18.074875
18.095125
18.119150
18.137175
18.157675
18.181050
18.201050
18.226925
18.238650
18.245775
18.258950
18.270775
18.279025
18.288475
18.296675
18.306275
18.324500
18.333850
18.348950
18.361450
18.380300
18.391400
18.401950
18.413450
18.421600
18.431950
18.437800
18.446025
18.461100
18.480650
18.490150
18.498225
18.507925
18.521550
18.532050
18.544350
18.554100
18.572925
18.582875
18.592250
18.609025
18.623775
18.645375
18.664150
18.677800
18.689375
18.707750
18.722500
18.744150
18.760725
18.788400
18.800325
18.824550
18.843100
18.863500
18.877925
18.889675
18.902950
18.922475
18.947175
18.957075
18.974600
18.990250
19.033950
19.051925
19.084025
19.130300
19.152350
19.173500
19.187400
19.205025
19.225975
19.239525
19.250250
19.263525
19.276525
19.289475
19.300275
19.311300
19.319125
19.329150
19.344050
19.356525
19.369675
19.388475
19.410775
19.427450
19.444375
19.469500
19.501025
19.519000
19.539600
19.565650
19.593775
19.620725
19.639725
19.661550
19.676725
19.685000
19.699175
19.727300
19.740725
19.756025
19.764925
19.773325
19.790125
19.796425
19.802250
19.808650
19.825950
19.833700
19.842975
19.859950
19.867025
19.886375
19.894350
19.900925
19.911100
19.918750
19.926800
19.933000
19.941975
19.948125
19.955825
19.963275
19.973050
19.981375
19.987550
19.995050
20.004300
20.014200
20.024000
20.032275
20.040575
20.048425
20.057225
20.065650
20.077900
20.092350
20.099400
20.116625
20.130875
20.140575
20.152325
20.181100
20.202450
20.225325
20.247225
20.270300
20.285825
20.333350
20.359825
20.373625
20.398500
20.410725
20.420750
20.431400
20.441800
20.463525
20.472425
20.484000
20.500450
20.535950
20.561800
20.592450
20.614225
20.628675
20.638825
20.661275
20.677100
20.697650
20.722125
20.748300
20.764975
20.774600
20.782325
20.790325
20.798775
20.804625
20.810100
20.818125
20.824600
20.834350
20.845300
20.854475
20.864475
20.877925
20.897750
20.906550
20.915725
20.922900
20.935000
20.943450
20.952300
20.959300
20.968900
20.982125
20.990550
20.996875
21.003350
21.012100
21.020475
21.031600
21.043600
21.052900
21.062400
21.107050
21.116975
21.134900
21.149725
21.166950
21.186375
21.207850
21.228925
21.249925
21.261725
21.269525
21.277900
21.285650
21.292375
21.311300
21.319550
21.336000
21.346850
21.356875
21.369100
21.387875
21.399950
21.411825
21.424425
21.435600
21.447500
21.454250
21.464400
21.471400
21.478450
21.487125
21.495400
21.504375
21.522275
21.531525
21.544000
21.556475
21.565750
21.582025
21.619200
21.634275
21.657275
21.679700
21.716175
21.728625
21.754575
21.774950
21.795525
21.813750
21.825550
21.846075
21.854150
21.861750
21.871175
21.882225
21.891500
21.902700
21.911050
21.969200
21.985025
21.999975
22.016225
22.026800
22.038325
22.052675
22.067650
22.095125
22.109950
22.125750
22.146925
22.153500
22.161975
22.170925
22.182475
22.203250
22.214600
22.229775
22.240600
22.255850
22.277075
22.286425
22.297525
22.305400
22.315200
22.324650
22.332175
22.339350
22.349925
22.358700
22.367150
22.381975
22.392575
22.404900
22.423525
22.436550
22.450575
22.465400
22.495025
22.529975
22.550625
22.578175
22.617350
22.649675
22.666100
22.693025
22.709975
22.719650
22.726600
22.734700
22.742150
22.749300
22.756475
22.765750
22.777425
22.787450
22.796950
22.805025
22.816500
22.828400
22.839350
22.852725
22.861875
22.875775
22.894000
22.914950
22.939850
22.950550
22.962375
22.971450
22.982475
22.996425
23.013000
23.035200
23.056150
23.084850
23.109475
23.162975
23.188475
23.205500
23.220675
23.234100
23.248150
23.267525
23.294600
23.324750
23.332300
23.341300
23.350850
23.360450
23.376875
23.384300
23.392925
23.400950
23.409750
23.419400
23.427300
23.438200
23.448300
23.459450
23.471150
23.482000
23.494250
23.513750
23.529725
23.545450
23.557050
23.568525
23.587250
23.599750
23.614775
23.632850
23.663975
23.677100
23.687800
23.700575
23.711925
23.724400
23.738425
23.752050
23.763675
23.778250
23.784275
23.796700
23.811925
23.826125
23.839825
23.856700
23.874025
23.898150
23.920225
23.941800
23.962775
23.985750
23.998825
24.008125
24.021125
24.033325
24.041575
24.060550
24.070450
24.078500
24.088300
24.096925
24.112075
24.129325
24.149200
24.170975
24.187650
24.196975
24.210450
24.223025
24.236225
24.249375
24.264475
24.275625
24.292075
24.308525
24.323500
24.344525
24.366775
24.397050
24.433325
24.451450
24.461050
24.476100
24.485150
24.492325
24.499325
24.521350
24.529650
24.556175
24.565600
24.573175
24.581975
24.590825
24.620575
24.634175
24.652150
24.668400
24.707700
24.726225
24.738875
24.773625
24.787050
24.800800
24.829675
24.845575
24.855100
24.865825
24.875750
24.896675
24.908625
24.923150
24.950100
24.959500
24.976975
24.986250
25.001300
25.017725
25.031525
25.044025
25.056650
25.071725
25.107025
25.133575
25.155200
25.179750
25.191775
25.211725
25.229400
25.246525
25.257025
25.269475
25.281050
25.293625
25.303175
25.320375
25.325500
25.333025
25.339250
25.347775
25.353950
25.363225
25.370000
25.379875
25.391400
25.403200
25.417775
25.434925
25.455475
25.475125
25.508000
25.551250
25.580375
25.603900
25.655075
25.672750
25.687400
25.694975
25.719350
25.735375
25.749650
25.758050
25.764700
25.771400
25.781100
25.802700
25.834075
25.850025
25.863550
25.876950
25.889225
25.905050
25.916825
25.929500
25.942950
25.966475
25.976425
25.987925
25.998775
26.011075
26.028475
26.042550
26.058850
26.093350
26.110400
26.123475
26.137050
26.151475
26.164775
26.182275
26.199950
26.214375
26.242900
26.253100
26.267025
26.282850
26.293475
26.304925
26.314350
26.322250
26.334400
26.344850
26.356575
26.367325
26.376525
26.388225
26.396525
26.412075
26.430025
26.445600
26.460725
26.477975
26.491500
26.505225
26.519225
26.534025
26.547100
26.556925
26.570575
26.586975
26.600175
26.609950
26.620275
26.631600
26.645100
26.655650
26.663250
26.671175
26.698375
26.706400
26.715400
26.725800
26.733925
26.744275
26.755675
26.770150
26.785675
26.802475
26.822950
26.873000
26.891625
26.906425
26.922575
26.938425
26.962525
26.976900
27.013850
27.025725
27.037775
27.047825
27.056550
27.066125
27.075875
27.089150
27.097575
27.106100
27.111825
27.122200
27.131275
27.142000
27.148500
27.157000
27.163525
27.173750
27.181225
27.187875
27.200800
27.207275
27.215425
27.229775
27.237675
27.242100
27.251100
27.266875
27.275925
27.294150
27.303200
27.308975
27.320025
27.326950
27.333500
27.347875
27.353575
27.370400
27.387200
27.394700
27.401800
27.412250
27.421725
27.431525
27.438125
27.446550
27.459825
27.469125
27.478950
27.484750
27.491150
27.506225
27.515325
27.522600
27.528425
27.534325
27.543775
27.550700
27.557850
27.563975
27.574300
27.582075
27.588175
27.597700
27.615775
27.633650
27.661250
27.669325
27.678150
27.688550
27.701725
27.715075
27.727800
27.737900
27.761325
27.771925
27.782750
27.793100
27.805875
27.815450
27.822750
27.853025
27.862875
27.872550
27.884000
27.893600
27.901150
27.907225
27.915175
27.921150
27.926700
27.934300
27.952125
27.963425
27.972325
27.979350
27.987425
27.994025
28.003200
28.014275
28.024600
28.036950
28.051400
28.062125
28.093100
28.112325
28.140650
28.165875
28.180150
28.205125
28.228350
28.241375
28.255075
28.274375
28.281825
28.288525
28.306250
28.319650
28.329250
28.340750
28.355825
28.377500
28.394550
28.423050
28.437450
28.461000
28.473500
28.491850
28.505375
28.520975
28.535850
28.551275
28.568350
28.576050
28.584125
28.591350
28.607800
28.615250
28.632425
28.649725
28.667650
28.683125
28.695950
28.704775
28.714650
28.723100
28.734425
28.743425
28.752425
28.759000
28.768850
28.775675
28.785325
28.804825
28.815800
28.831800
28.838775
28.871500
28.880625
28.890375
28.897450
28.904600
28.911425
28.927725
28.935950
28.943425
28.949775
28.964300
28.974075
28.984550
28.991750
29.000975
29.007300
29.023750
29.032600
29.039325
29.059150
29.065525
29.079300
29.087550
29.118200
29.130000
29.142575
29.153225
29.166500
29.191800
29.202900
29.216250
29.227125
29.248125
29.271225
29.280175
29.287300
29.299950
29.308050
29.318925
29.326925
29.335550
29.346850
29.358775
29.367100
29.382525
29.396975
29.414050
29.432925
29.451200
29.506750
29.527575
29.547125
29.565825
29.575925
29.590750
29.600650
29.610475
29.646975
29.666275
29.689075
29.707050
29.719025
29.741150
29.755200
29.767150
29.787725
29.814650
29.829300
29.843500
29.866025
29.874500
29.891950
29.911600
29.919750
29.930800
29.940175
29.952875
29.964175
29.978375
29.987625
