0.215650
0.418575
0.602225
0.643900
0.831975
0.958025
1.533350
1.875150
1.894350
2.023825
2.305250
2.401925
2.530725
2.684125
2.685775
2.987775
2.997400
3.455175
3.680075
4.430075
4.565350
4.675850
5.548575
5.560275
5.823900
5.854700
5.867950
6.548900
6.757525
6.960825
6.967250
7.313600
7.473950
7.645450
7.963425
8.201600
8.411150
8.699275
8.790475
8.868475
8.895150
9.052800
9.403050
9.538675
10.034825
10.150250
10.209950
10.658725
10.728850
10.761650
10.777175
10.806675
10.862425
11.220975
11.963775
11.975500
12.286725
12.423050
12.523825
12.769850
13.480550
13.687175
13.719425
13.880825
13.963750
14.619325
14.717225
14.925525
14.944250
15.266500
15.306000
15.320500
15.644500
15.652250
16.107700
16.344525
16.452675
16.506200
17.061475
17.130125
17.216700
17.323150
17.430775
17.469325
17.618625
17.769675
17.951875
18.098525
18.332725
18.417750
18.443750
18.760600
18.797275
19.072025
19.212700
19.300925
19.739775
19.843225
19.935450
20.102975
20.122725
20.225500
20.289075
20.942200
20.972825
21.017125
21.500925
21.599125
21.758725
21.778225
22.016875
22.224075
22.461950
22.499975
22.726025
22.887525
22.935450
22.999350
23.176450
23.722875
23.755825
23.943200
24.157925
24.507700
25.151300
25.239575
25.695625
25.780725
25.828050
26.085075
26.156300
26.165125
26.229200
26.429000
26.602875
26.735050
26.895750
27.068975
27.198775
27.318375
27.703975
27.809675
27.896975
27.917225
28.095750
28.537950
28.689750
28.726250
29.158100
29.237800
29.682675
