0.006625
0.026525
0.042550
0.055450
0.067475
0.076500
0.124050
0.141275
0.158225
0.177000
0.193725
0.247050
0.262575
0.278075
0.290350
0.302150
0.329725
0.350725
0.382250
0.402800
0.419650
0.435025
0.450700
0.474675
0.498400
0.518200
0.544750
0.576500
0.600025
0.686875
0.733725
0.759700
0.772050
0.784650
0.801400
0.812875
0.831975
0.843925
0.861525
0.880950
0.900900
0.932850
0.947000
0.967050
0.983050
1.015225
1.032925
1.044975
1.059100
1.069775
1.079675
1.103950
1.116000
1.125675
1.139275
1.159825
1.176025
1.188525
1.202650
1.217725
1.234475
1.263625
1.276450
1.295225
1.318500
1.333500
1.366125
1.375800
1.387900
1.406750
1.426175
1.446275
1.456525
1.472500
1.504500
1.528225
1.576100
1.606250
1.626625
1.639225
1.656250
1.693675
1.709050
1.725100
1.809300
1.841575
1.860575
1.886925
1.928925
2.024150
2.082925
2.208350
2.234100
2.252325
2.264625
2.277200
2.296725
2.341725
2.380375
2.432500
2.504425
2.513575
2.522350
2.542600
2.555500
2.573800
2.608625
2.623300
2.644550
2.671975
2.728100
2.772200
2.840125
2.851325
2.872050
2.887850
2.905800
2.919075
2.932750
2.944625
2.956550
2.969200
2.995400
3.177425
3.194550
3.202825
3.228575
3.254950
3.271925
3.285375
3.300825
3.325075
3.498075
3.522350
3.536600
3.560550
3.574075
3.589500
3.618100
3.631900
3.648725
3.673325
3.689400
3.704475
3.730075
3.751700
3.772400
3.900150
3.959525
4.021475
4.059800
4.123200
4.124250
4.174375
4.237600
4.306250
4.355200
4.403075
4.446125
4.478050
4.503600
4.524200
4.545525
4.559125
4.575850
4.592225
4.605150
4.635000
4.651400
4.678350
4.712225
4.792725
4.831500
4.855675
4.930475
4.996825
5.025425
5.039875
5.048325
5.061325
5.074250
5.090725
5.105225
5.123425
5.140450
5.166100
5.175875
5.203800
5.221850
5.264475
5.356425
5.408975
5.466550
5.504125
5.529150
5.633125
5.725375
5.778675
5.810650
5.835475
5.853350
5.876725
5.889675
5.904525
5.942750
5.964500
5.978950
6.006750
6.039675
6.130625
6.142250
6.156775
6.172050
6.183750
6.200850
6.210850
6.224575
6.256600
6.274425
6.291225
6.356550
6.369975
6.379950
6.410650
6.439375
6.459675
6.475700
6.515675
6.538550
6.552475
6.577750
6.604475
6.638550
6.677975
6.777575
6.831925
6.851950
6.860375
6.871950
6.896500
6.913000
6.924725
6.943400
6.965100
6.986450
7.020400
7.039825
7.068600
7.116825
7.286200
7.318550
7.359875
7.376875
7.392325
7.406125
7.446025
7.470850
7.486675
7.514200
7.542275
7.564050
7.704025
7.763750
7.851025
7.862875
7.875200
7.889450
7.899025
7.910950
7.922100
7.939325
7.953525
7.980525
7.990100
8.004725
8.020150
8.031600
8.062975
8.094050
8.104500
8.120950
8.135975
8.146400
8.165025
8.177225
8.194975
8.244000
8.260875
8.287150
8.418425
8.493725
8.550050
8.576500
8.595075
8.621475
8.646825
8.666500
8.679775
8.694650
8.714000
8.728075
8.761600
8.837150
8.901375
8.936425
8.949725
8.959675
8.970050
8.981975
8.997450
9.009775
9.023500
9.036300
9.083750
9.092625
9.126600
9.143425
9.165450
9.178075
9.204700
9.219700
9.236125
9.490225
9.538450
9.575900
9.589700
9.604400
9.616400
9.631725
9.647575
9.664900
9.678175
9.693550
9.752375
9.781150
9.797600
9.823750
9.844625
9.863425
9.896300
9.924250
9.940525
9.984800
10.015550
10.058325
10.104050
10.146575
10.247175
10.296600
10.338225
10.363600
10.409275
10.446900
10.485600
10.505925
10.523775
10.538350
10.555600
10.575400
10.604475
10.676025
10.785550
10.849700
10.872250
10.882525
10.892225
10.900550
10.914550
10.929175
10.954550
10.974550
10.997250
11.047700
11.171525
11.181700
11.190775
11.200075
11.210250
11.243725
11.254025
11.267450
11.280225
11.290875
11.301550
11.318150
11.333675
11.347225
11.361800
11.374425
11.387375
11.402450
11.416175
11.430375
11.451575
11.463975
11.502750
11.518025
11.557650
11.581225
11.605000
11.618325
11.713350
11.753525
11.804475
11.838275
11.850950
11.861650
11.873250
11.874950
11.897775
11.909300
11.925100
11.938725
11.951200
11.967400
11.986275
12.004725
12.017900
12.036550
12.055925
12.074175
12.093675
12.123125
12.175425
12.222700
12.283075
12.322750
12.337325
12.350750
12.384400
12.402925
12.438800
12.450875
12.476025
12.499350
12.592500
12.621500
12.675275
12.712150
12.728750
12.734050
12.754650
12.785125
12.816350
12.851325
12.870725
12.907150
12.948225
13.085075
13.103375
13.113125
13.161150
13.180600
13.193300
13.208000
13.220025
13.235625
13.254175
13.268625
13.282975
13.301325
13.323450
13.369650
13.430100
13.501850
13.645575
13.654575
13.665625
13.709425
13.724775
13.739550
13.772925
13.784925
13.798725
13.812450
13.824375
13.842975
13.856450
13.866375
13.880800
13.890325
13.897625
13.908100
13.916750
13.946725
13.954050
13.965675
13.978900
13.993225
14.003450
14.025975
14.037650
14.056900
14.083700
14.114475
14.123900
14.140625
14.153075
14.166925
14.188350
14.203625
14.213500
14.226400
14.277100
14.292925
14.316000
14.338425
14.383250
14.397575
14.419075
14.431900
14.451475
14.471850
14.490900
14.502325
14.523150
14.536600
14.551550
14.580775
14.761000
14.829100
14.842475
14.857775
14.875150
14.887825
14.904050
14.921925
14.939025
15.001975
15.079825
15.117725
15.153975
15.165900
15.177325
15.189750
15.206050
15.227300
15.248400
15.287375
15.411450
15.422125
15.445700
15.461150
15.474900
15.487875
15.523150
15.542050
15.656900
15.681875
15.693725
15.704750
15.712375
15.750000
15.772950
15.796100
15.816025
15.836175
15.881450
15.906100
15.937625
16.031275
16.090825
16.109950
16.122050
16.142550
16.156775
16.177450
16.195575
16.227225
16.252600
16.279725
16.333425
16.432475
16.485800
16.506725
16.532050
16.556500
16.599700
16.652425
16.700900
16.748200
16.805750
16.836175
16.851500
16.876475
16.891550
16.908075
16.926825
16.952300
16.968175
16.993600
17.137350
17.170850
17.209375
17.219175
17.231575
17.246600
17.277025
17.291350
17.302500
17.320700
17.388250
17.407000
17.462600
17.482725
17.517725
17.538250
17.549500
17.566100
17.585850
17.601375
17.618725
17.647600
17.671500
17.696025
17.730050
17.942900
17.976075
18.005925
18.021800
18.039025
18.053000
18.064300
18.076000
18.086050
18.101200
18.118250
18.175150
18.204925
18.231050
18.245125
18.265875
18.286750
18.311800
18.336775
18.570775
18.586125
18.613975
18.636350
18.646625
18.660950
18.674725
18.690225
18.712375
18.726700
18.737750
18.768975
18.786075
18.795450
18.808075
18.821300
18.836400
18.858600
18.885725
18.904450
18.928325
18.996975
19.096400
19.194100
19.220925
19.247875
19.266050
19.291675
19.342125
19.353825
19.368100
19.382475
19.397700
19.411675
19.428650
19.446325
19.461950
19.480075
19.504025
19.544625
19.632025
19.713525
19.781625
19.803775
19.824675
19.853725
19.881075
19.896450
19.921250
19.932100
19.947600
19.961175
19.988375
20.013850
20.029975
20.048800
20.064275
20.145025
20.172675
20.245525
20.313200
20.326375
20.328475
20.336800
20.350125
20.367225
20.377900
20.401100
20.414725
20.431625
20.444825
20.493375
20.628500
20.637975
20.654550
20.674075
20.684725
20.697975
20.722625
20.739675
20.759750
20.773475
20.791025
20.807950
20.831825
20.851625
20.875000
20.913825
21.019250
21.138950
21.151400
21.165825
21.186450
21.197050
21.208075
21.256475
21.325525
21.351675
21.384125
21.401800
21.417375
21.431800
21.443375
21.471825
21.485275
21.498175
21.512175
21.525925
21.546900
21.565400
21.575150
21.640950
21.858100
21.889125
21.899925
21.912425
21.923675
21.938350
21.953225
21.967275
21.981350
21.996950
22.038700
22.067050
22.086175
22.109375
22.119800
22.142650
22.163475
22.190425
22.206225
22.231500
22.241100
22.254950
22.279300
22.292025
22.302800
22.328250
22.341200
22.359225
22.383925
22.393925
22.431950
22.451350
22.467400
22.495425
22.531300
22.607450
22.732550
22.750875
22.766425
22.778575
22.791375
22.802025
22.825400
22.849275
22.888300
22.918725
22.952775
23.068550
23.084025
23.095950
23.108525
23.113275
23.122700
23.140675
23.156400
23.171400
23.195350
23.213225
23.241325
23.260075
23.289300
23.367900
23.401650
23.514750
23.578650
23.646625
23.695725
23.708100
23.725550
23.739175
23.760200
23.775375
23.785850
23.807250
23.824050
23.836925
23.855525
23.872875
23.898225
23.911100
23.941425
23.968875
24.026575
24.080875
24.157275
24.191000
24.225150
24.252525
24.261500
24.275400
24.285700
24.295075
24.327325
24.345425
24.360325
24.381050
24.424300
24.439775
24.475125
24.552225
24.621250
24.742600
24.784425
24.808925
24.864725
24.879175
24.893425
24.927275
24.960825
24.974775
24.985825
25.002250
25.035300
25.045800
25.059800
25.075175
25.092600
25.100600
25.112300
25.128125
25.168775
25.187150
25.202050
25.222275
25.237475
25.291550
25.306850
25.336950
25.353125
25.368225
25.398025
25.431000
25.493925
25.546150
25.566925
25.597750
25.650200
25.678200
25.705100
25.717600
25.736225
25.748150
25.761100
25.776500
25.796350
25.824550
25.847650
25.867575
25.900250
25.940575
26.039850
26.108675
26.153075
26.170525
26.186700
26.200925
26.217775
26.251425
26.267325
26.281350
26.296975
26.311200
26.332325
26.352975
26.441550
26.502750
26.608900
26.621250
26.635575
26.648825
26.670175
26.686650
26.703175
26.723950
26.745125
26.766175
26.791100
26.814800
26.850775
26.883700
26.898775
26.910850
26.923125
26.959125
26.972925
26.985825
27.004225
27.016825
27.027050
27.039100
27.053800
27.067800
27.091300
27.102650
27.108600
27.124725
27.136200
27.143900
27.154025
27.169000
27.218150
27.252675
27.265600
27.279525
27.288750
27.307225
27.321225
27.331875
27.347825
27.363275
27.379375
27.392300
27.401825
27.413650
27.424900
27.437800
27.456050
27.473925
27.485425
27.516550
27.543500
27.568050
27.602425
27.614375
27.636375
27.649800
27.666550
27.676750
27.692025
27.707225
27.738750
27.778600
27.793275
27.813250
27.830150
27.844725
27.855375
27.868850
27.883175
27.893025
27.903850
27.925225
27.939775
27.952850
27.969925
27.992025
28.003075
28.015725
28.034025
28.049450
28.075675
28.089225
28.106550
28.124350
28.136125
28.154350
28.177350
28.193650
28.215650
28.223850
28.239250
28.263925
28.279925
28.293050
28.313750
28.368275
28.392250
28.402100
28.419125
28.453175
28.478025
28.524975
28.538375
28.557500
28.577575
28.621575
28.647675
28.673875
28.697275
28.712050
28.727225
28.786850
28.813975
28.861350
28.943200
28.967375
29.000125
29.032550
29.058225
29.092850
29.178650
29.210400
29.278450
29.323850
29.336575
29.353050
29.367000
29.380700
29.400050
29.413050
29.429750
29.450600
29.472750
29.485475
29.509600
29.541575
29.561550
29.575200
29.619725
29.633950
29.645575
29.670925
29.683150
29.698200
29.717325
29.739450
29.756375
29.767400
29.797425
29.828425
29.838975
29.869350
29.883000
29.891475
29.909900
29.926400
29.965475
29.984050
