0.028950
0.070875
0.119975
0.125450
0.150400
0.167475
0.170800
0.199025
0.224075
0.254500
0.316000
0.322525
0.330550
0.376425
0.412000
0.437325
0.518150
0.583350
0.649250
0.690725
0.709850
0.735200
0.767950
0.792075
0.905200
0.934350
1.031950
1.037675
1.070275
1.126250
1.165275
1.196100
1.212150
1.239200
1.282350
1.305600
1.329425
1.356550
1.378475
1.487650
1.571900
1.619375
1.670625
1.692900
1.828050
1.908000
1.956100
2.050625
2.091325
2.114900
2.176300
2.200150
2.238525
2.399225
2.515675
2.548200
2.569725
2.584775
2.616100
2.651200
2.659725
2.689800
2.711475
2.746300
2.842000
2.874125
2.913700
2.930500
2.940625
3.026050
3.053350
3.078100
3.097075
3.122875
3.174175
3.202775
3.279200
3.301650
3.356150
3.394000
3.412200
3.494600
3.521200
3.615400
3.637725
3.677400
3.771350
3.833950
3.901925
3.915225
3.969650
4.018625
4.049025
4.081150
4.156475
4.204650
4.302325
4.342000
4.449175
4.669825
4.681125
4.701550
4.755625
4.772475
4.826025
4.857100
4.929750
4.964175
5.072675
5.083125
5.097050
5.105750
5.117275
5.158825
5.209850
5.259675
5.331525
5.351625
5.419725
5.427500
5.446625
5.449175
5.499800
5.511150
5.534900
5.559175
5.589525
5.729900
5.775825
5.836825
5.910325
5.944800
5.960775
5.984300
6.006100
6.103775
6.114675
6.128450
6.147600
6.150200
6.226375
6.365500
6.406500
6.433600
6.593025
6.631375
6.651025
6.668050
6.756675
6.813725
6.890625
6.956200
6.986475
7.002050
7.018550
7.122700
7.160225
7.214775
7.237775
7.282325
7.320150
7.471600
7.549550
7.589475
7.617625
7.645400
7.788350
7.867225
7.995175
8.116500
8.123975
8.141300
8.237825
8.299900
8.375175
8.404700
8.449250
8.480525
8.530775
8.533500
8.539375
8.547575
8.614225
8.637225
8.683125
8.710525
8.744400
8.803450
8.836200
8.937075
8.945650
8.950900
9.011900
9.137775
9.178450
9.197050
9.254700
9.321775
9.414300
9.424925
9.463525
9.532075
9.554725
9.580150
9.653725
9.685875
9.791300
9.799150
9.826575
9.901075
10.002075
10.038100
10.047075
10.065050
10.069900
10.102950
10.138000
10.202900
10.227075
10.258950
10.293025
10.304800
10.325225
10.331775
10.397850
10.428025
10.532575
10.560175
10.602075
10.698050
10.710075
10.720900
10.768275
10.787425
10.963025
10.976025
10.986925
11.050875
11.225025
11.303475
11.331175
11.341875
11.345350
11.368350
11.390600
11.414850
11.430550
11.479450
11.521325
11.565300
11.582225
11.621375
11.744600
11.779825
11.824050
11.837300
11.847000
11.980500
12.004925
12.043400
12.069725
12.085850
12.111500
12.159675
12.190475
12.203800
12.208650
12.262500
12.283175
12.442300
12.482500
12.512250
12.521650
12.616575
12.634525
12.637975
12.654325
12.664600
12.773650
12.807600
12.834900
12.856050
12.961150
13.009675
13.037850
13.101450
13.231400
13.296950
13.394475
13.434675
13.531975
13.554850
13.578675
13.674900
13.688825
13.714575
13.723475
13.738925
13.754600
13.778500
13.804600
13.906450
14.105750
14.134225
14.147075
14.193125
14.201600
14.231350
14.293650
14.309400
14.344425
14.444200
14.521600
14.541850
14.565900
14.642850
14.671525
14.700875
14.723650
14.748375
14.784000
14.828425
14.854575
14.956225
15.051100
15.112050
15.152175
15.197675
15.220100
15.292175
15.327775
15.411800
15.439750
15.451825
15.499225
15.555475
15.624650
15.640350
15.664675
15.709750
15.744375
15.773650
15.852175
15.869700
15.889975
15.898575
15.912100
15.941150
15.978300
16.002075
16.025525
16.037350
16.077050
16.147425
16.356575
16.363925
16.373125
16.405375
16.419875
16.596225
16.630800
16.665050
16.750700
16.767650
16.781350
16.871350
16.943525
16.998825
17.042450
17.135050
17.196250
17.265650
17.355400
17.381775
17.441275
17.446100
17.515200
17.558850
17.591975
17.650950
17.704725
17.773150
17.806800
17.808625
17.838225
17.847625
17.869025
17.886325
17.923475
17.948775
17.970725
18.019175
18.104700
18.176475
18.194800
18.223875
18.266900
18.289350
18.371975
18.390850
18.432825
18.464500
18.476400
18.484075
18.524025
18.577425
18.631125
18.812700
18.830075
18.835900
18.875800
18.998350
19.091375
19.095925
19.099125
19.108750
19.156575
19.355900
19.379475
19.426275
19.438125
19.453450
19.624825
19.698775
19.752750
19.758750
19.861250
19.910075
20.014175
20.057450
20.085825
20.109875
20.122325
20.135100
20.234775
20.259300
20.276950
20.335100
20.410575
20.448150
20.461100
20.470200
20.575850
20.626175
20.748800
21.023900
21.035225
21.038500
21.127725
21.172325
21.262550
21.287475
21.425675
21.478625
21.512525
21.600400
21.619150
21.630975
21.696450
21.727450
21.777375
21.808775
21.845275
21.925700
21.932750
21.947675
21.983300
21.997000
22.014925
22.037400
22.067450
22.099500
22.145300
22.241950
22.250225
22.294150
22.306475
22.334200
22.356950
22.382525
22.416525
22.479525
22.555050
22.609600
22.655450
22.677900
22.699750
22.843900
22.888325
22.901250
22.929800
22.961000
23.048100
23.137025
23.147675
23.154725
23.158875
23.163600
23.186850
23.280225
23.316100
23.345775
23.439750
23.472600
23.502325
23.508100
23.550475
23.581875
23.602500
23.631850
23.731625
23.764750
23.829100
23.860100
23.871650
23.941550
23.983850
24.106175
24.145800
24.206750
24.231150
24.244475
24.264775
24.336200
24.371275
24.375450
24.436675
24.478475
24.508775
24.529550
24.541475
24.556975
24.570025
24.674850
24.690775
24.714275
24.775500
24.930825
24.947650
25.022500
25.059550
25.107225
25.116625
25.138800
25.189850
25.275975
25.329450
25.352675
25.413925
25.510375
25.566550
25.587850
25.630875
25.669950
25.740475
25.979650
26.068750
26.095350
26.112925
26.132000
26.157775
26.222725
26.245450
26.269625
26.383350
26.413300
26.492000
26.530475
26.546150
26.681575
26.712850
26.744500
26.765850
26.811125
26.834775
26.852950
26.945175
26.965400
26.991375
27.020100
27.049675
27.077425
27.116750
27.213925
27.247175
27.316500
27.342350
27.384075
27.467075
27.506075
27.572450
27.582800
27.591975
27.599000
27.786350
27.803275
27.831950
27.851375
27.865800
27.884025
27.921200
27.960850
28.024975
28.032550
28.047875
28.055025
28.290475
28.351950
28.355000
28.362700
28.366625
28.369975
28.380675
28.411475
28.452925
28.459675
28.501575
28.566400
28.628825
28.781725
28.812625
28.830650
28.841775
28.860975
28.929350
28.959300
28.967575
28.999400
29.032675
29.068025
29.087475
29.119250
29.269900
29.290875
29.316625
29.331675
29.336425
29.380000
29.390875
29.439225
29.517575
29.541350
29.544700
29.582175
29.619125
29.627325
29.688950
29.709775
29.729400
29.854450
29.887700
29.923475
29.966075
29.997975
