0.033250
0.054800
0.057125
0.091725
0.228050
0.341550
0.410400
0.490650
0.555750
0.562200
0.707950
0.766075
0.788650
0.810050
0.841825
0.846250
0.951575
1.010975
1.110950
1.148900
1.235925
1.280550
1.292700
1.304500
1.490950
1.511625
1.528725
1.580200
1.657950
1.673725
1.702300
1.707050
1.828450
1.855600
1.867025
1.910300
1.913025
1.957925
2.036175
2.109500
2.129050
2.172625
2.353525
2.389600
2.437925
2.489625
2.525600
2.547575
2.568650
2.588575
2.610550
2.631925
2.649650
2.745450
2.887625
2.927175
3.016350
3.060625
3.194350
3.236650
3.248575
3.350800
3.366250
3.393050
3.469025
3.478075
3.608400
3.613350
3.724925
3.755700
3.768575
3.802275
3.841675
3.896750
3.953850
4.060725
4.097350
4.295225
4.311225
4.314225
4.353375
4.373725
4.409250
4.540150
4.610175
4.699425
4.740475
4.776725
4.923875
5.000800
5.104750
5.139525
5.163275
5.227875
5.236850
5.251200
5.279075
5.299750
5.347275
5.416850
5.541000
5.583975
5.632900
5.637975
5.702500
5.750900
5.773975
5.800650
5.811800
5.861475
5.896375
5.901825
5.924350
6.068500
6.106100
6.140375
6.172175
6.195275
6.305875
6.344650
6.355375
6.398325
6.441450
6.492375
6.556850
6.622500
6.647075
6.692525
6.717450
6.787875
6.808275
6.862700
6.907400
6.995700
7.120750
7.138550
7.190425
7.288075
7.318400
7.384875
7.494000
7.536300
7.569250
7.619925
7.693175
7.737900
7.762875
7.800900
7.834600
7.956975
8.065125
8.123250
8.160725
8.182400
8.459350
8.614225
8.638650
8.706475
8.723000
8.732300
8.746225
8.771525
8.840475
8.865375
8.920500
8.979725
9.002450
9.068275
9.096900
9.106125
9.127100
9.171000
9.183225
9.238375
9.250375
9.259750
9.300300
9.353600
9.367450
9.385325
9.443375
9.585850
9.615275
9.629700
9.641700
9.669075
9.783525
9.809325
9.835550
9.874450
9.903375
9.984275
10.017075
10.030500
10.051275
10.124000
10.162475
10.198000
10.222000
10.234000
10.263250
10.293225
10.322575
10.349550
10.536400
10.545175
10.578050
10.585000
10.607825
10.647500
10.656375
10.678875
10.733025
10.790625
10.825875
10.862525
10.916150
10.955950
11.010500
11.113875
11.189725
11.311375
11.358000
11.409750
11.452450
11.479250
11.526325
11.548375
11.557575
11.567250
11.576025
11.601200
11.744350
11.813725
11.824150
11.856300
11.946025
11.995875
12.027725
12.131050
12.219525
12.344775
12.346900
12.402825
12.448650
12.626500
12.707300
12.763350
12.804275
12.836600
12.890050
12.907400
12.929625
12.954650
13.025000
13.060275
13.107200
13.137950
13.231975
13.270850
13.335375
13.352525
13.378050
13.407425
13.423125
13.437650
13.483550
13.528875
13.566550
13.650575
13.682200
13.753075
13.920050
13.928975
13.963925
13.991550
14.015525
14.033225
14.034550
14.066225
14.136450
14.186600
14.235450
14.302000
14.405475
14.490075
14.503450
14.602175
14.652325
14.672325
14.723600
14.779800
14.872675
14.921650
14.935025
14.958575
15.003750
15.031875
15.089000
15.195775
15.198450
15.284150
15.408475
15.470350
15.479825
15.509450
15.545825
15.579725
15.596025
15.654450
15.766975
15.820025
15.867875
15.884225
15.892575
15.904075
15.938450
16.001450
16.031650
16.087025
16.091250
16.109300
16.124350
16.149725
16.203600
16.208275
16.238675
16.281550
16.367475
16.369125
16.398975
16.425275
16.458625
16.516575
16.591975
16.635825
16.659850
16.688325
16.716000
16.748975
16.776150
16.793275
16.804500
16.833400
16.853975
16.860500
16.969825
17.032625
17.112500
17.211150
17.238425
17.240350
17.264800
17.289475
17.301925
17.337425
17.341925
17.410125
17.413375
17.423750
17.436375
17.471850
17.514475
17.516175
17.549325
17.567125
17.573925
17.584925
17.609525
17.629550
17.633225
17.662700
17.666225
17.709350
17.719775
17.738700
17.759325
17.783875
17.817000
17.838200
17.952125
17.983350
18.011900
18.068400
18.114850
18.138200
18.179400
18.224775
18.339975
18.362300
18.431800
18.444625
18.494500
18.502700
18.533525
18.573775
18.610250
18.648475
18.689225
18.722800
18.753600
18.784925
18.835925
18.898200
18.899125
18.972750
19.003800
19.042475
19.057325
19.116350
19.174575
19.188400
19.273075
19.492300
19.504200
19.537000
19.554400
19.582600
19.590125
19.622375
19.661300
19.700925
19.740425
20.016225
20.084400
20.104475
20.134175
20.234350
20.264500
20.275200
20.305875
20.523700
20.645975
20.814500
20.848350
21.132700
21.158775
21.192200
21.227575
21.229500
21.277375
21.291775
21.367325
21.571375
21.591225
21.727750
21.775625
21.810350
21.862150
21.900400
21.931450
22.036200
22.227700
22.294050
22.389775
22.409550
22.481875
22.536175
22.561200
22.744200
22.767050
22.823175
22.909100
23.010900
23.090950
23.226800
23.325125
23.374575
23.426650
23.518125
23.544975
23.582300
23.603175
23.620925
23.636475
23.652400
23.753375
23.774825
23.828950
23.877150
24.126600
24.151750
24.160225
24.184000
24.192550
24.281925
24.325900
24.381300
24.434450
24.534225
24.554900
24.559950
24.583750
24.606550
24.622775
24.692925
24.763775
24.818025
24.887475
24.925125
24.945375
24.968950
25.094800
25.200925
25.352850
25.380175
25.426300
25.448375
25.465050
25.640375
25.656600
25.681975
25.704750
25.769875
25.786225
25.823725
25.882125
25.912775
25.958450
26.009575
26.047975
26.080075
26.184475
26.218550
26.263125
26.281100
26.314550
26.342000
26.374075
26.399225
26.430950
26.496000
26.624775
26.656500
26.733775
26.802825
26.883025
26.910750
26.922425
26.941850
26.953875
26.975350
26.988475
27.019925
27.060625
27.085625
27.129925
27.177175
27.292675
27.485925
27.501225
27.526150
27.711675
27.854900
27.992825
28.199900
28.226400
28.268100
28.342025
28.479875
28.631900
28.666825
28.699000
28.717350
28.742325
28.772700
28.784775
28.807025
28.837975
28.893125
28.967625
28.983975
29.031750
29.132950
29.187550
29.194875
29.225425
29.242425
29.297150
29.408200
29.453225
29.623475
29.648575
29.781825
29.861100
29.878450
29.996150
