0.013075
0.029550
0.060250
0.078675
0.093650
0.106225
0.126025
0.136925
0.158025
0.168400
0.178650
0.195675
0.228425
0.246950
0.260625
0.291025
0.301025
0.317725
0.333925
0.350725
0.371300
0.386375
0.408075
0.430925
0.454550
0.474775
0.494875
0.519650
0.533475
0.554475
0.565825
0.607100
0.624950
0.643975
0.663700
0.677375
0.687200
0.698025
0.709725
0.722725
0.738250
0.747475
0.760075
0.768975
0.788550
0.800575
0.815425
0.832500
0.843775
0.852250
0.871925
0.880275
0.896350
0.924075
0.939100
0.955725
0.972425
0.977475
1.008900
1.032275
1.053000
1.087850
1.110200
1.122975
1.132900
1.152225
1.170850
1.188800
1.204500
1.225675
1.233275
1.247850
1.267175
1.296675
1.311100
1.330825
1.345275
1.375650
1.394950
1.416150
1.436200
1.455900
1.469475
1.486825
1.499325
1.513400
1.543325
1.554300
1.575925
1.587525
1.600475
1.614625
1.632725
1.646325
1.660400
1.669150
1.681325
1.701175
1.713000
1.720525
1.753750
1.786700
1.806100
1.827175
1.846750
1.859350
1.878250
1.893800
1.904525
1.912550
1.922200
1.934900
1.945175
1.965675
1.982450
1.998275
2.014875
2.019350
2.040775
2.052600
2.070625
2.094025
2.111700
2.125175
2.139400
2.165275
2.187950
2.204100
2.219000
2.232775
2.246375
2.257725
2.268100
2.287725
2.298425
2.310225
2.318325
2.331175
2.341025
2.357750
2.366350
2.390700
2.400650
2.418950
2.433975
2.449300
2.463900
2.486100
2.498075
2.523450
2.552800
2.586925
2.608725
2.636325
2.659475
2.673150
2.683150
2.709025
2.727650
2.745000
2.760700
2.774125
2.792200
2.819575
2.851625
2.859675
2.875075
2.890125
2.906225
2.928075
2.949375
2.967925
2.982325
2.998850
3.016150
3.037525
3.059475
3.074900
3.093050
3.131325
3.147375
3.166450
3.197325
3.218625
3.227650
3.242750
3.258150
3.269000
3.281450
3.300125
3.316625
3.351550
3.369250
3.383700
3.393100
3.406975
3.421100
3.442225
3.467500
3.504100
3.518400
3.548675
3.561450
3.611325
3.627125
3.649950
3.660425
3.687800
3.710275
3.725975
3.745775
3.765275
3.776450
3.798450
3.806100
3.824325
3.843650
3.851475
3.868750
3.886925
3.907925
3.928600
3.944350
3.957875
3.974850
4.009200
4.026175
4.043275
4.049250
4.059200
4.067350
4.108400
4.122200
4.141225
4.169325
4.182075
4.212400
4.230375
4.246400
4.257750
4.278650
4.301275
4.337025
4.352700
4.360300
4.379325
4.398225
4.417150
4.443250
4.455450
4.467325
4.477250
4.492650
4.506375
4.520150
4.539100
4.551050
4.564150
4.577025
4.590200
4.602775
4.620525
4.635375
4.651800
4.664450
4.704550
4.721950
4.748575
4.770825
4.787000
4.797375
4.814150
4.840225
4.862675
4.891150
4.919975
4.934075
4.953275
4.969875
4.986300
5.004425
5.024275
5.043125
5.053050
5.066500
5.077900
5.089450
5.103525
5.116250
5.127400
5.143350
5.157725
5.168875
5.180525
5.196200
5.214200
5.224450
5.258975
5.275975
5.294275
5.311650
5.329075
5.340525
5.356000
5.367075
5.381650
5.400550
5.433300
5.475250
5.490425
5.508200
5.522875
5.536225
5.546800
5.568025
5.587125
5.609275
5.622875
5.644825
5.662075
5.682375
5.705375
5.727550
5.757350
5.785400
5.822100
5.849125
5.866950
5.887650
5.903175
5.929150
5.940150
5.975550
5.991675
6.008875
6.025500
6.043600
6.056000
6.072475
6.087300
6.112350
6.132775
6.149875
6.161175
6.169075
6.181725
6.191325
6.202475
6.221825
6.244425
6.254650
6.278325
6.306875
6.326275
6.361925
6.379925
6.395175
6.446175
6.492250
6.517725
6.534050
6.557450
6.565100
6.586900
6.600500
6.621550
6.647900
6.668875
6.686925
6.704375
6.750925
6.776275
6.839575
6.858200
6.883550
6.901725
6.920225
6.928775
6.947300
6.959025
6.973600
6.990850
7.003950
7.016825
7.032750
7.047925
7.060900
7.078600
7.095950
7.115725
7.132650
7.148925
7.170375
7.182600
7.202700
7.219375
7.235200
7.259400
7.283850
7.308475
7.334575
7.356450
7.387025
7.425475
7.460150
7.479400
7.502850
7.518850
7.537750
7.563125
7.574650
7.592300
7.606800
7.626900
7.642150
7.668925
7.689175
7.701425
7.728425
7.758000
7.780225
7.797325
7.816400
7.837400
7.867550
7.910750
7.944400
7.966975
7.981350
7.994650
8.018600
8.037800
8.060825
8.073525
8.100800
8.121050
8.150150
8.168950
8.190250
8.247250
8.263500
8.286550
8.337875
8.358200
8.374175
8.410425
8.426425
8.439275
8.453975
8.472775
8.489600
8.508625
8.527550
8.540400
8.565475
8.582075
8.595750
8.618200
8.643575
8.661075
8.682625
8.700900
8.734900
8.770175
8.808025
8.833250
8.863925
8.889525
8.907175
8.918725
8.934525
8.950775
8.969075
8.978950
8.994925
9.031925
9.052150
9.070900
9.084825
9.102350
9.117150
9.135125
9.157275
9.165900
9.185900
9.203600
9.220600
9.238775
9.270550
9.292550
9.326200
9.347375
9.367625
9.383400
9.402725
9.422850
9.435425
9.450825
9.470350
9.488375
9.505775
9.522800
9.555000
9.578350
9.592025
9.632525
9.653900
9.679850
9.711300
9.721525
9.740675
9.756425
9.787875
9.814200
9.834650
9.850600
9.867475
9.875275
9.888050
9.905225
9.917400
9.928425
9.947175
9.958675
9.974775
9.987425
9.997825
10.034700
10.062525
10.109750
10.121050
10.134350
10.143150
10.163975
10.185475
10.197150
10.221600
10.245575
10.263825
10.282725
10.316850
10.337500
10.355150
10.367150
10.380000
10.395925
10.422175
10.438800
10.454600
10.470450
10.485775
10.494450
10.508525
10.542875
10.562825
10.591800
10.606850
10.627075
10.656650
10.676475
10.695800
10.725175
10.739850
10.760950
10.773300
10.810675
10.829250
10.843600
10.862925
10.874925
10.896175
10.919700
10.939150
10.953600
10.968575
10.988700
11.005950
11.030025
11.037425
11.081100
11.098375
11.109100
11.118100
11.128225
11.141375
11.156425
11.169125
11.215350
11.228700
11.240900
11.252750
11.267125
11.279000
11.288275
11.301900
11.313875
11.333350
11.367000
11.379925
11.393550
11.402950
11.420775
11.437875
11.454950
11.512675
11.525575
11.534950
11.554025
11.567400
11.579750
11.599325
11.615000
11.674150
11.692325
11.709725
11.747700
11.763250
11.776875
11.791975
11.810900
11.825550
11.841325
11.854800
11.881625
11.889650
11.911050
11.934700
11.950100
11.964675
11.984225
11.996325
12.015550
12.028775
12.046900
12.061525
12.080800
12.112325
12.125650
12.143775
12.158050
12.177475
12.188850
12.206600
12.224700
12.252200
12.264400
12.276000
12.297100
12.306075
12.317150
12.325925
12.344850
12.353150
12.363550
12.389800
12.403425
12.420175
12.443800
12.468875
12.481825
12.495975
12.508650
12.520275
12.538225
12.565450
12.578675
12.595725
12.612050
12.627525
12.642250
12.668275
12.717125
12.734225
12.747200
12.756775
12.774100
12.792500
12.809475
12.827850
12.849600
12.862650
12.880475
12.903175
12.920775
12.928925
12.947050
12.964925
12.981525
12.998525
13.020000
13.033350
13.045550
13.060075
13.078700
13.094525
13.111525
13.130525
13.157850
13.169125
13.190350
13.202800
13.215225
13.244200
13.258700
13.271325
13.286050
13.323200
13.362100
13.384375
13.402100
13.415375
13.433150
13.447925
13.464650
13.494175
13.514400
13.532675
13.549625
13.558525
13.576725
13.599175
13.620325
13.635525
13.652800
13.679100
13.689175
13.699975
13.720750
13.742725
13.764550
13.783200
13.798125
13.816475
13.833650
13.848650
13.874800
13.890800
13.904975
13.925675
13.938775
13.954025
13.962525
13.975325
13.994000
14.016800
14.034325
14.053750
14.066325
14.079925
14.100875
14.140925
14.158575
14.177300
14.199100
14.222425
14.244825
14.263275
14.281825
14.291750
14.309975
14.329350
14.346725
14.360200
14.375950
14.391900
14.406525
14.421050
14.444300
14.461975
14.482600
14.506275
14.527000
14.547725
14.573425
14.600800
14.625375
14.653675
14.687675
14.707775
14.720575
14.738225
14.755000
14.775075
14.789050
14.795700
14.820800
14.835200
14.858075
14.881225
14.908100
14.930050
14.971025
14.995575
15.021450
15.062525
15.087125
15.118850
15.133250
15.147025
15.172950
15.186100
15.200900
15.207025
15.225325
15.248875
15.265150
15.278475
15.301300
15.342275
15.368125
15.404650
15.426875
15.445450
15.457425
15.468925
15.480525
15.498275
15.515875
15.537450
15.560875
15.577775
15.596825
15.604850
15.632250
15.658300
15.678575
15.699050
15.710375
15.724625
15.743425
15.757225
15.778450
15.801000
15.820925
15.843950
15.864925
15.869925
15.940675
15.959300
15.985200
16.010350
16.026825
16.048650
16.055400
16.071550
16.080950
16.104850
16.118350
16.136300
16.160850
16.181525
16.200100
16.213575
16.235450
16.254875
16.273850
16.286850
16.306525
16.328125
16.338600
16.363350
16.381775
16.406800
16.442625
16.460100
16.477000
16.497050
16.521800
16.543975
16.562300
16.584875
16.593500
16.618600
16.631675
16.648625
16.664550
16.679550
16.697475
16.710150
16.743025
16.758500
16.781000
16.800150
16.822625
16.840275
16.863100
16.892775
16.916200
16.947300
16.981850
16.996025
17.009075
17.027375
17.040950
17.072525
17.082825
17.093400
17.118125
17.138875
17.155500
17.175425
17.199575
17.226475
17.249375
17.277000
17.324925
17.346375
17.371425
17.380700
17.396925
17.408600
17.425875
17.440350
17.454875
17.467100
17.478250
17.489750
17.508950
17.519725
17.537275
17.553875
17.590350
17.617125
17.650375
17.663650
17.686950
17.709025
17.728500
17.749150
17.783375
17.802200
17.820500
17.840900
17.854800
17.862675
17.880675
17.891350
17.918200
17.938525
17.955750
17.970400
17.986175
18.003575
18.023575
18.042150
18.056650
18.073425
18.089375
18.109925
18.155100
18.167700
18.178600
18.199225
18.217975
18.231050
18.245350
18.262075
18.280025
18.289800
18.307150
18.328625
18.360350
18.383375
18.402425
18.419425
18.434950
18.451800
18.475250
18.496700
18.507550
18.525075
18.542775
18.566025
18.583950
18.599625
18.610750
18.642950
18.662625
18.671125
18.682200
18.715750
18.745900
18.759150
18.789200
18.800050
18.840325
18.884425
18.919525
18.939300
18.954900
18.970925
18.996300
19.015300
19.035125
19.047975
19.062100
19.077600
19.087850
19.109250
19.139975
19.170725
19.186600
19.201950
19.228750
19.244350
19.273075
19.298025
19.316775
19.341300
19.389650
19.413900
19.433150
19.447900
19.480775
19.498575
19.523350
19.539650
19.558050
19.573375
19.601825
19.618350
19.626900
19.646850
19.667150
19.702300
19.712400
19.733200
19.752675
19.765500
19.788650
19.803825
19.842025
19.876525
19.889850
19.906625
19.926925
19.951325
19.972375
20.006800
20.034475
20.061825
20.096825
20.118350
20.155175
20.178250
20.216450
20.257175
20.287900
20.308400
20.332400
20.351100
20.366275
20.378350
20.391175
20.410700
20.434850
20.460550
20.478600
20.492925
20.509775
20.528950
20.538375
20.570875
20.599775
20.616200
20.648225
20.675525
20.705400
20.746650
20.785425
20.813500
20.836500
20.859075
20.877175
20.897350
20.914275
20.938525
20.960675
20.975850
20.983450
21.007875
21.030150
21.049450
21.069500
21.091575
21.104925
21.123100
21.147175
21.165400
21.226675
21.246100
21.268250
21.304050
21.339025
21.381675
21.423550
21.446700
21.476900
21.501425
21.518875
21.531900
21.551325
21.576550
21.596450
21.617900
21.645975
21.663375
21.682950
21.697125
21.710850
21.729175
21.743900
21.763300
21.780400
21.808400
21.827975
21.849275
21.876700
21.891525
21.904725
21.918525
21.936025
21.946600
21.965325
21.985825
22.003050
22.034600
22.056400
22.090125
22.106650
22.135475
22.155325
22.184375
22.212250
22.264225
22.284925
22.299725
22.317950
22.333750
22.349925
22.366125
22.380925
22.391375
22.415475
22.444325
22.472375
22.506775
22.548575
22.574225
22.600950
22.617525
22.627300
22.646275
22.659075
22.680600
22.695075
22.712500
22.736525
22.756275
22.777500
22.796775
22.814275
22.832700
22.851025
22.870625
22.892800
22.919450
22.949925
22.967350
22.983350
23.002675
23.027675
23.047425
23.067350
23.081225
23.093500
23.115500
23.133500
23.147975
23.161650
23.181200
23.203650
23.220225
23.249925
23.268800
23.306150
23.326525
23.347650
23.369400
23.387250
23.408850
23.446550
23.484625
23.539725
23.572600
23.600275
23.623600
23.643125
23.662050
23.686525
23.717925
23.745225
23.761675
23.785900
23.801025
23.818100
23.832775
23.847825
23.861175
23.881950
23.905500
23.918925
23.928900
23.944350
23.966925
23.980950
24.001325
24.026000
24.044350
24.088500
24.109550
24.125425
24.155525
24.176750
24.212375
24.237225
24.252150
24.272750
24.286700
24.304125
24.319125
24.342675
24.364575
24.383000
24.399200
24.413525
24.453700
24.460950
24.483300
24.494400
24.509750
24.524325
24.535725
24.556575
24.575450
24.591625
24.611550
24.631900
24.662425
24.691975
24.708175
24.731325
24.753000
24.786975
24.811350
24.832750
24.855175
24.872775
24.892450
24.913025
24.928850
24.945800
24.963600
24.984300
24.999000
25.020925
25.047950
25.077800
25.113600
25.138250
25.160325
25.208450
25.265075
25.290550
25.311375
25.333125
25.350875
25.369400
25.392500
25.408425
25.429075
25.448800
25.490500
25.541625
25.572300
25.593200
25.617275
25.633250
25.654075
25.675000
25.697400
25.709425
25.728750
25.741025
25.764950
25.790075
25.814275
25.835000
25.851400
25.868275
25.892850
25.906250
25.931775
25.959075
25.987750
26.017225
26.039500
26.078100
26.118200
26.145125
26.167050
26.189650
26.222925
26.267100
26.288600
26.302625
26.322125
26.364100
26.409100
26.438850
26.462625
26.484050
26.493375
26.517575
26.534425
26.544675
26.568700
26.590475
26.611025
26.625750
26.653150
26.670300
26.695225
26.707550
26.730425
26.752275
26.770625
26.796925
26.827050
26.846200
26.872700
26.909875
26.924650
26.954575
26.988400
27.009675
27.040425
27.132650
27.153425
27.180075
27.192675
27.205750
27.228625
27.251750
27.269350
27.286375
27.297050
27.310600
27.333225
27.349725
27.376175
27.400350
27.432100
27.470450
27.559350
27.574900
27.593050
27.606950
27.624075
27.645025
27.667050
27.691450
27.707375
27.722700
27.734700
27.761975
27.797625
27.811300
27.836425
27.857775
27.866150
27.884575
27.905275
27.925225
27.950550
27.983475
28.011975
28.041800
28.058750
28.084925
28.103250
28.144450
28.176225
28.192125
28.208875
28.227900
28.246850
28.260800
28.280750
28.305425
28.340450
28.357350
28.376200
28.395375
28.420950
28.440175
28.457275
28.483725
28.508250
28.534125
28.602800
28.627900
28.653600
28.673925
28.700650
28.717225
28.748625
28.769500
28.782425
28.794500
28.809725
28.827825
28.843225
28.852850
28.861075
28.878800
28.894975
28.910550
28.940900
28.958025
28.969250
28.982850
28.995500
29.012950
29.028650
29.045600
29.061750
29.084125
29.096150
29.126275
29.146625
29.167625
29.188025
29.212725
29.228175
29.250350
29.274425
29.301375
29.319550
29.333500
29.359200
29.378625
29.390000
29.395075
29.417150
29.440775
29.460525
29.474025
29.500125
29.521475
29.534800
29.558150
29.575600
29.598425
29.618400
29.660850
29.701750
29.728000
29.752275
29.769525
29.785200
29.797925
29.819350
29.844550
29.865375
29.892800
29.915550
29.936050
29.954225
29.976475
