0.017900
0.048625
0.077350
0.110525
0.146175
0.180525
0.210325
0.256725
0.287325
0.309900
0.326900
0.342000
0.372850
0.384550
0.396350
0.460075
0.486825
0.520025
0.549625
0.579500
0.614650
0.639725
0.762250
0.798775
0.839875
0.862550
0.898350
0.929650
1.006750
1.073250
1.134500
1.173500
1.224425
1.273000
1.328275
1.389000
1.462350
1.539750
1.577850
1.599975
1.678900
1.775075
1.808550
1.862200
1.948800
1.999775
2.029250
2.053600
2.081475
2.124125
2.194725
2.262050
2.331050
2.369300
2.422975
2.474675
2.514925
2.612350
2.639750
2.664225
2.687600
2.705100
2.712725
2.734450
2.769250
2.770900
2.784050
2.801825
2.815650
2.830500
2.849700
2.865425
2.876375
2.891600
2.910950
2.924575
2.940925
2.950225
2.971675
2.991700
3.021800
3.060325
3.080725
3.093875
3.137825
3.157525
3.197275
3.224125
3.264375
3.290050
3.318950
3.381450
3.411000
3.452775
3.490325
3.525100
3.557425
3.589850
3.624000
3.659950
3.686675
3.731650
3.751150
3.804200
3.887675
3.922625
3.937325
3.965100
3.985650
4.003075
4.057650
4.100325
4.133700
4.164900
4.192150
4.224100
4.237850
4.251525
4.273350
4.294950
4.316000
4.340000
4.360125
4.381225
4.405300
4.446575
4.485825
4.490900
4.557900
4.602600
4.662100
4.680375
4.697300
4.712725
4.754675
4.771600
4.783125
4.811125
4.824600
4.837150
4.848200
4.863425
4.889700
4.902175
4.917575
4.932700
4.951000
4.961275
4.964800
4.988425
5.002575
5.038250
5.067175
5.119700
5.150400
5.170975
5.196175
5.218975
5.224450
5.236950
5.254475
5.269550
5.309100
5.323175
5.333750
5.367425
5.389300
5.417375
5.453550
5.483475
5.497150
5.557825
5.587625
5.615900
5.651275
5.710025
5.735200
5.760525
5.788350
5.830075
5.859400
5.882500
5.909175
5.937950
5.955875
5.986800
6.032925
6.096550
6.102725
6.126000
6.154050
6.175975
6.222750
6.261075
6.286800
6.314275
6.360350
6.425750
6.476775
6.607825
6.655050
6.684700
6.705675
6.736000
6.755350
6.782325
6.819225
6.885775
6.977350
6.998650
7.031275
7.073000
7.117600
7.323600
7.346200
7.369975
7.407475
7.443625
7.474225
7.540375
7.576100
7.611000
7.676200
7.741400
7.768450
7.794450
7.817325
7.832775
7.869275
7.962075
8.009325
8.028700
8.059500
8.104675
8.134525
8.177775
8.223000
8.248800
8.309300
8.360925
8.403975
8.496275
8.548450
8.572475
8.594900
8.625800
8.648200
8.685275
8.717300
8.757825
8.805325
8.838625
8.873850
8.908800
8.940650
8.972525
9.027475
9.096750
9.136100
9.154350
9.176525
9.199600
9.228125
9.246775
9.277125
9.298200
9.327500
9.355100
9.393800
9.424400
9.475375
9.497875
9.516500
9.573700
9.611200
9.647125
9.672225
9.679200
9.689575
9.710750
9.736725
9.777325
9.827800
9.884725
9.911050
9.940125
9.978875
10.010650
10.048325
10.095000
10.137675
10.157975
10.206700
10.223425
10.285650
10.305925
10.350900
10.397700
10.434300
10.480250
10.537350
10.578375
10.626725
10.645425
10.672550
10.692000
10.714575
10.732550
10.748700
10.791225
10.817550
10.848525
10.871000
10.888900
11.016350
11.058375
11.090075
11.133875
11.182625
11.306525
11.344125
11.393850
11.438850
11.457000
11.478550
11.534775
11.576825
11.600725
11.642850
11.648300
11.675750
11.753675
11.772600
11.774000
11.853925
11.959325
12.009850
12.070100
12.135150
12.207625
12.241900
12.265625
12.314475
12.435525
12.498750
12.637950
12.707775
12.813675
12.936250
13.029225
13.049775
13.064950
13.140375
13.328650
13.358525
13.398350
13.447925
13.495675
13.681725
13.822975
13.871875
13.919950
13.970125
14.001100
14.047325
14.250350
14.289375
14.298975
14.348475
14.381675
14.420950
14.549475
14.647825
14.680625
14.715650
14.755775
14.801300
14.867200
14.922350
14.971175
15.027900
15.091675
15.158250
15.199575
15.219350
15.243850
15.323225
15.456400
15.506850
15.560550
15.607325
15.635850
15.700150
15.758300
15.860725
15.913600
15.921675
16.025725
16.036775
16.063400
16.071175
16.102725
16.143700
16.189500
16.210850
16.239850
16.270525
16.348700
16.390000
16.434700
16.478475
16.530475
16.575325
16.623775
16.669650
16.703850
16.776250
16.815900
16.836475
16.874550
16.941925
16.961750
16.993800
17.019750
17.100325
17.226300
17.290900
17.332800
17.369575
17.417725
17.447300
17.481950
17.542850
17.619625
17.667200
17.711650
17.762750
17.796475
17.896525
17.945575
17.971175
18.015800
18.084150
18.105525
18.129700
18.172475
18.193725
18.215650
18.260350
18.308200
18.373625
18.517300
18.668175
18.703250
18.788500
18.821975
18.828200
18.876750
18.934275
18.977775
19.019050
19.052625
19.086750
19.144675
19.250400
19.322850
19.506275
19.568150
19.577250
19.613450
19.664400
19.718750
19.833775
19.969200
20.011250
20.065225
20.111275
20.184700
20.262150
20.272325
20.292975
20.317575
20.355475
20.426100
20.541825
20.623500
20.661300
20.711025
20.723325
20.740725
20.772225
20.792075
20.795350
20.807250
20.859675
20.887950
20.918450
21.044200
21.120450
21.149925
21.207200
21.244225
21.289850
21.357375
21.455725
21.508750
21.536375
21.552100
21.566475
21.582600
21.600250
21.617525
21.637600
21.653800
21.691075
21.714175
21.753550
21.808650
21.872575
21.891525
21.926025
21.985750
22.065750
22.099100
22.130175
22.134375
22.153050
22.196525
22.216625
22.250875
22.340775
22.396600
22.443450
22.473675
22.509000
22.561300
22.602500
22.657450
22.682650
22.729725
22.788350
22.809250
22.831350
22.852650
22.873900
22.895200
22.967200
23.046225
23.057850
23.086700
23.105625
23.120375
23.142625
23.182300
23.224150
23.236825
23.259800
23.281575
23.294650
23.314200
23.326925
23.355675
23.378125
23.411050
23.432125
23.484525
23.525000
23.537775
23.554250
23.593100
23.609300
23.630925
23.655450
23.671350
23.682525
23.699475
23.726450
23.742575
23.758625
23.785700
23.808375
23.824250
23.845350
23.865900
23.885850
23.900875
23.914625
23.934900
23.965150
23.990775
24.020200
24.034900
24.049500
24.080875
24.109275
24.128975
24.145200
24.159975
24.177225
24.195775
24.210025
24.229100
24.269650
24.315925
24.341925
24.356550
24.414350
24.439550
24.473000
24.526025
24.583225
24.602525
24.625675
24.642425
24.664500
24.689900
24.709250
24.773700
24.813825
24.835175
24.856000
24.873275
24.900750
24.909850
24.925800
24.977300
24.987150
24.998000
25.028475
25.056300
25.085650
25.095750
25.105800
25.121325
25.136500
25.152800
25.169425
25.213100
25.233325
25.277175
25.291500
25.301350
25.320550
25.338375
25.353700
25.369875
25.384125
25.398625
25.426350
25.480100
25.498975
25.529225
25.577950
25.587400
25.596750
25.608325
25.617275
25.629675
25.649350
25.681225
25.692025
25.707925
25.717400
25.727650
25.737875
25.749500
25.776725
25.787750
25.812850
25.831175
25.840850
25.863250
25.880200
25.902450
25.917400
25.934800
25.970500
25.994550
26.024775
26.026325
26.094175
26.109050
26.131375
26.145225
26.161375
26.174075
26.188075
26.233875
26.249575
26.263500
26.281650
26.294825
26.302225
26.337000
26.353300
26.381300
26.425800
26.438625
26.451750
26.516575
26.534350
26.557100
26.598100
26.627675
26.655575
26.677625
26.692600
26.723850
26.734875
26.744925
26.754550
26.769500
26.812675
26.822325
26.836775
26.844900
26.854050
26.863425
26.875800
26.892550
26.928600
26.945725
26.992525
27.006100
27.018150
27.035225
27.060375
27.076800
27.098850
27.125250
27.136325
27.147550
27.161000
27.180400
27.203925
27.234125
27.308575
27.328225
27.357100
27.373425
27.390875
27.406000
27.423525
27.450800
27.468975
27.484775
27.510950
27.539650
27.560350
27.581525
27.657500
27.753275
27.761850
27.793125
27.820050
27.850775
27.873675
27.922100
27.951350
27.977075
27.992700
28.016925
28.029775
28.066650
28.092325
28.105950
28.126850
28.148800
28.158325
28.191175
28.231850
28.295050
28.324350
28.371175
28.398250
28.436925
28.466650
28.512275
28.589850
28.617025
28.619350
28.662525
28.703300
28.734225
28.780450
28.831775
28.876800
28.913150
28.968525
28.993225
29.035175
29.056625
29.081400
29.105850
29.121925
29.165275
29.224200
29.310075
29.381250
29.406475
29.425050
29.446975
29.485575
29.499900
29.515625
29.538100
29.567500
29.590725
29.606350
29.642925
29.679100
29.702550
29.724575
29.753750
29.779650
29.801325
29.827150
29.843675
29.849425
29.862025
29.868975
29.916625
29.927850
29.944925
29.957400
29.969025
29.986675
29.996950
