0.023000
0.059500
0.118350
0.206825
0.244350
0.340525
0.355300
0.376775
0.408700
0.498100
0.551450
0.629650
0.840950
0.923725
0.954900
1.040700
1.123525
1.153425
1.282400
1.335300
1.358350
1.398750
1.504250
1.535350
1.766525
1.859050
2.228475
2.287950
2.542175
2.649550
2.710250
2.822600
2.888225
2.946200
3.050550
3.150475
3.281500
3.311175
3.343250
3.374350
3.437850
3.496400
3.540600
3.634650
3.729850
3.805625
4.343400
4.386925
4.432575
4.501225
4.592075
4.641375
4.667525
4.698050
4.740975
4.865450
4.915925
4.980350
5.009800
5.031050
5.084850
5.125175
5.347675
5.388500
5.466450
5.619650
5.697450
5.861150
5.913275
6.168250
6.250425
6.336700
6.371875
6.581225
6.680350
6.713150
6.794350
6.849025
7.097475
7.253525
7.501725
7.529625
7.569350
7.619750
8.002800
8.100225
8.140125
8.177250
8.260775
8.321075
8.460775
8.579550
8.781550
8.853325
8.957775
9.135875
9.217875
9.523225
9.547375
9.583650
9.720675
9.762700
9.840475
9.881025
10.088975
10.284525
10.345250
10.375475
10.467700
10.524375
10.546050
10.674200
10.737775
10.906225
10.952125
11.001250
11.061875
11.148675
11.179175
11.210675
11.257225
11.340750
11.571450
11.605425
11.639075
11.683600
11.832825
11.898275
12.018950
12.082425
12.108625
12.156500
12.224450
12.267475
12.349525
12.556500
12.594850
12.704800
12.848875
12.910825
12.959875
13.036975
13.183250
13.220350
13.247925
13.358900
13.592050
13.649425
13.736975
13.845825
13.972175
14.006500
14.061650
14.119275
14.178075
14.206425
14.263550
14.378850
14.425025
14.476925
14.512950
14.560525
14.628250
14.913575
14.962825
15.012700
15.073225
15.180775
15.213200
15.237600
15.259575
15.326025
15.449675
15.487125
15.622075
15.685750
15.718100
15.777200
15.883100
15.986450
16.136775
16.188125
16.243000
16.275225
16.313775
16.530125
16.669900
16.777500
16.833375
16.852625
16.879875
16.913025
17.006125
17.228150
17.305375
17.411200
17.730775
17.767850
17.847925
17.895825
17.972975
18.172450
18.236475
18.304525
18.449075
18.576450
18.631975
18.670425
18.738925
18.769025
18.870625
18.992200
19.170175
19.228675
19.293175
19.335325
19.389575
19.663000
19.816350
20.049100
20.186275
20.229700
20.338500
20.465275
20.508200
20.613575
20.666000
20.863250
21.270075
21.296375
21.388050
21.440200
21.762900
21.947850
22.013250
22.092700
22.175975
22.288075
22.404725
22.525900
22.630300
22.671625
22.810150
22.880200
23.152175
23.239675
23.412125
23.453775
23.505925
23.804750
24.632600
24.717550
24.835275
24.890825
25.112225
25.184025
25.318775
25.880775
26.000150
26.264125
26.288425
26.505075
26.577800
27.071550
27.252650
27.634500
27.681375
27.714400
27.729875
27.777475
27.794950
27.827725
27.876650
28.009050
28.124650
28.196600
28.264825
28.389800
28.569100
28.767700
28.874600
29.004950
29.039150
29.167600
29.260600
29.292425
29.718250
29.810000
29.851025
29.965350
