0.240200
0.387150
0.739825
0.808575
0.912850
2.171300
2.327150
2.378675
2.522075
3.312600
3.405175
3.744075
3.755625
4.191450
4.546750
4.605450
4.646200
4.688700
5.504750
5.618325
5.638175
6.097850
6.419350
6.575900
6.852625
6.866675
7.250300
7.254250
8.070150
8.680950
8.731075
9.223250
9.604175
9.950950
10.971525
10.979450
11.268225
11.626425
12.205150
12.810100
12.872250
13.375600
13.427625
13.478650
13.576600
13.959050
13.989575
14.151575
15.016475
15.780025
16.248575
16.463700
16.700775
16.874775
16.910400
17.028650
17.166850
17.198400
17.733750
17.950825
17.999875
18.312100
18.330225
18.400600
18.505100
18.602500
18.622375
18.921900
19.074525
19.143400
19.310700
19.400325
20.017725
20.441275
20.526325
20.564000
21.169325
21.533500
21.623975
21.641750
21.764050
21.829750
22.009200
22.077250
22.191675
22.242225
22.895650
22.984525
23.729550
23.953150
23.985425
24.074700
24.120725
24.136050
24.427900
24.841400
24.968725
25.157875
25.513175
26.255325
26.261425
26.606300
26.622225
26.718800
27.009750
28.043525
28.159600
28.482675
29.088425
29.164450
29.256650
29.296625
