0.039825
0.155775
0.220650
0.327750
0.357850
0.383525
0.400875
0.456700
0.472325
0.511925
0.527825
0.544550
0.606925
0.657800
0.720575
0.793875
0.874575
0.946000
0.963875
0.996775
1.048375
1.151400
1.197675
1.214750
1.230175
1.242325
1.282850
1.309600
1.329650
1.364250
1.376850
1.451325
1.538200
1.599475
1.720175
1.753475
1.765975
1.793250
1.817525
1.876475
1.894575
1.906300
1.951925
1.963350
2.060625
2.152775
2.176000
2.226975
2.265125
2.354225
2.410750
2.553075
2.564825
2.628575
2.714625
2.767900
2.846875
2.881575
2.939500
2.957925
3.104725
3.131250
3.173850
3.289850
3.342125
3.396025
3.410975
3.507200
3.541000
3.572200
3.595150
3.618825
3.644750
3.665875
3.686200
3.748025
3.901025
3.905325
4.048350
4.084025
4.289000
4.304400
4.334875
4.363250
4.449275
4.460350
4.471600
4.528775
4.578725
4.677500
4.731500
4.844225
4.858150
4.905150
5.035400
5.051700
5.061550
5.123425
5.142750
5.202900
5.251425
5.301025
5.304325
5.330700
5.342675
5.387325
5.406900
5.434525
5.530975
5.660200
5.776150
5.782725
5.826275
5.848150
5.875125
5.979500
6.022275
6.135100
6.205750
6.253825
6.280225
6.298425
6.303925
6.326075
6.348600
6.391825
6.430700
6.490150
6.506875
6.538550
6.561900
6.589025
6.639425
6.660400
6.702700
6.919425
6.956900
6.968425
6.981225
7.025850
7.072275
7.132100
7.273300
7.344350
7.359950
7.376325
7.384450
7.397200
7.450225
7.467025
7.475125
7.491025
7.510775
7.587075
7.679350
7.716100
7.792600
7.814200
7.846300
7.898975
7.926550
7.949675
7.969275
7.987500
8.028950
8.103725
8.119125
8.151900
8.297600
8.338000
8.357975
8.456950
8.480625
8.618900
8.726225
8.755950
8.773700
8.787125
8.798500
8.813425
8.830325
8.909575
8.954700
8.969075
9.016325
9.030300
9.148050
9.182900
9.217350
9.236575
9.251675
9.366550
9.423625
9.543975
9.566325
9.579775
9.620200
9.668650
9.673700
9.711725
9.802300
9.817400
9.837475
9.894475
9.906900
10.011975
10.071125
10.171875
10.190325
10.245800
10.278150
10.316675
10.368775
10.496500
10.536275
10.615225
10.658600
10.692750
10.867850
10.876475
10.921825
11.004200
11.047625
11.063025
11.088900
11.157925
11.186325
11.226475
11.321925
11.501475
11.543050
11.647350
11.738600
11.757575
11.804800
11.807450
11.850475
11.925825
11.969475
11.985725
12.000000
12.019550
12.055200
12.176425
12.209600
12.237400
12.252550
12.273600
12.279050
12.299125
12.321225
12.365550
12.412875
12.505100
12.522450
12.550575
12.611275
12.702300
12.716025
12.794950
12.898900
12.958850
13.000800
13.071975
13.087375
13.096800
13.150025
13.169875
13.205325
13.243400
13.266575
13.300525
13.319075
13.343150
13.358350
13.445625
13.469675
13.497525
13.551925
13.620675
13.661825
13.761325
13.931950
13.972750
13.990650
14.002800
14.045125
14.180775
14.313825
14.329850
14.336975
14.379525
14.447100
14.469875
14.486450
14.534200
14.565025
14.624050
14.667950
14.730100
14.811650
14.913800
14.946900
14.988600
15.064775
15.074100
15.121425
15.139550
15.148525
15.213250
15.287625
15.534050
15.625825
15.629625
15.706300
15.719400
15.734650
15.751650
15.761900
15.826225
15.869275
15.895925
15.947800
15.994425
16.209400
16.257375
16.287375
16.313175
16.347975
16.367725
16.407075
16.442225
16.454975
16.469500
16.483450
16.597725
16.639000
16.656400
16.658725
16.669875
16.704000
16.713500
16.757800
16.799150
16.853800
16.910550
16.940425
16.979500
17.087250
17.174275
17.200625
17.221625
17.257275
17.304850
17.432500
17.499150
17.516300
17.558125
17.563950
17.655025
17.697125
17.721750
17.741625
17.747025
17.765025
17.783275
17.820575
17.851550
17.888500
17.944350
17.947000
17.986850
18.020575
18.039050
18.066425
18.081575
18.107100
18.124975
18.158725
18.439800
18.484900
18.531125
18.554550
18.629925
18.718650
18.786850
18.803175
18.829950
18.842600
18.920950
18.936825
19.003650
19.022800
19.045425
19.048150
19.063425
19.076750
19.095275
19.172875
19.188475
19.204275
19.261475
19.272525
19.293225
19.306975
19.519750
19.534300
19.550050
19.563675
19.594175
19.626250
19.659275
19.750450
19.793475
19.914575
19.964000
19.976000
19.986700
20.005450
20.038075
20.070150
20.147825
20.175600
20.179250
20.200000
20.221175
20.247775
20.260750
20.317975
20.352275
20.385350
20.419225
20.433225
20.477350
20.504875
20.520075
20.549700
20.552925
20.571250
20.619625
20.629225
20.632250
20.671650
20.717450
20.765350
20.790350
20.854975
20.888325
20.943100
21.042325
21.110925
21.123900
21.138200
21.230900
21.291575
21.305375
21.317575
21.345925
21.388800
21.406150
21.445675
21.483400
21.507925
21.544475
21.660450
21.675225
21.726750
21.774400
21.786025
21.800775
21.812100
21.902575
21.912325
21.928400
21.951225
21.967350
22.030600
22.097575
22.113750
22.185175
22.197750
22.219900
22.238125
22.269125
22.287625
22.328500
22.350000
22.363875
22.377750
22.394300
22.452400
22.516875
22.538025
22.589925
22.648725
22.659800
22.671050
22.693750
22.722425
22.725925
22.762525
22.781825
22.816000
22.848425
22.881725
22.920225
22.989150
23.028975
23.077775
23.112175
23.144850
23.162250
23.193650
23.217075
23.234150
23.292650
23.320450
23.339675
23.623675
23.637425
23.664025
23.692150
23.703625
23.714450
23.834075
23.977975
23.994250
24.003425
24.046475
24.066200
24.079525
24.092975
24.114075
24.207325
24.241975
24.247225
24.264525
24.278575
24.303575
24.341250
24.360050
24.395650
24.411150
24.425750
24.499225
24.571675
24.608875
24.646500
24.735350
24.780225
24.951475
25.079700
25.130075
25.138900
25.192000
25.204650
25.245100
25.295975
25.308700
25.327400
25.340950
25.398425
25.491350
25.523900
25.619575
25.696150
25.718500
25.879000
25.936650
25.952675
25.980025
26.014850
26.031050
26.051350
26.089800
26.096375
26.183950
26.199725
26.259675
26.276075
26.405800
26.444650
26.605375
26.674225
26.812725
26.971375
26.994600
27.005600
27.073700
27.175025
27.193325
27.323350
27.359825
27.396200
27.406350
27.421025
27.437800
27.494400
27.565625
27.603950
27.639450
27.648450
27.661525
27.676975
27.699525
27.781700
27.810575
27.829875
27.867500
27.933575
27.995800
28.023100
28.036500
28.062325
28.088650
28.162925
28.165275
28.207675
28.237550
28.243525
28.276925
28.333850
28.395850
28.414200
28.497750
28.597825
28.616450
28.649000
28.694900
28.801250
28.956000
29.038175
29.106225
29.121350
29.143925
29.182925
29.236300
29.267175
29.329700
29.355525
29.375800
29.392225
29.431875
29.487950
29.515675
29.620325
29.635325
29.668325
29.699525
29.730725
29.762350
29.792500
29.901775
