0.018025
0.047600
0.064950
0.101625
0.132400
0.212925
0.242400
0.271100
0.334950
0.398725
0.421975
0.469025
0.608700
0.680725
0.709325
0.842225
0.866050
0.881325
0.900900
0.938950
0.985300
1.001675
1.045400
1.083325
1.101350
1.184025
1.215150
1.241125
1.293500
1.339800
1.365250
1.381775
1.403575
1.439425
1.448025
1.477750
1.504250
1.545800
1.568300
1.659450
1.682875
1.701325
1.783650
1.838550
1.859550
1.891475
1.924150
1.951350
1.977350
1.994325
2.005500
2.032400
2.039675
2.246525
2.276750
2.339700
2.386500
2.449025
2.532575
2.557000
2.609575
2.630750
2.664125
2.687125
2.783125
2.808775
2.829975
2.863225
3.074550
3.096425
3.177175
3.212475
3.241075
3.269450
3.374325
3.395850
3.479575
3.594200
3.616400
3.647125
3.674800
3.693450
3.756225
3.771950
3.791825
3.798650
3.935650
3.957700
4.098725
4.116650
4.137725
4.151925
4.195125
4.269350
4.299350
4.331225
4.365725
4.382825
4.399650
4.416250
4.439475
4.487850
4.518950
4.550250
4.696800
4.712250
4.726325
4.743125
4.755225
4.866275
4.907400
5.009800
5.103375
5.173075
5.183275
5.197225
5.211600
5.288325
5.334400
5.357600
5.423150
5.486975
5.518300
5.555900
5.559800
5.716725
5.786450
5.811325
5.866925
5.924175
5.947600
6.030275
6.091550
6.126475
6.218375
6.287750
6.327900
6.355400
6.379850
6.405100
6.432350
6.539175
6.557225
6.603025
6.625275
6.673775
6.698500
6.713975
6.731125
6.759225
6.813025
6.855975
6.904250
6.917150
6.940925
7.017875
7.024150
7.064900
7.083725
7.142025
7.143825
7.153675
7.172100
7.255075
7.276700
7.285250
7.290150
7.317375
7.336675
7.450900
7.512150
7.537425
7.553275
7.597000
7.738425
7.773800
7.841025
7.866000
7.978250
8.041975
8.053775
8.064700
8.115550
8.126000
8.212325
8.232225
8.325250
8.339525
8.361750
8.406475
8.477800
8.572500
8.615075
8.693275
8.735625
8.758400
8.778850
8.829950
8.863775
8.873325
8.908975
8.934750
8.970250
8.991500
9.185275
9.257650
9.341325
9.367875
9.389975
9.415275
9.436525
9.487050
9.508475
9.555100
9.571150
9.612475
9.657550
9.705275
9.721175
9.741200
9.759450
9.779975
9.833025
9.931950
9.962425
9.990375
10.064175
10.072600
10.084000
10.122050
10.190550
10.210800
10.219100
10.462675
10.509200
10.535375
10.574750
10.641700
10.685125
10.794800
10.815975
10.907175
10.930125
11.034800
11.087700
11.123875
11.213225
11.276450
11.293350
11.310850
11.421725
11.468525
11.502850
11.543000
11.670875
11.763075
11.804800
11.828300
11.838450
11.855850
11.935675
11.954550
12.084075
12.175050
12.212850
12.228175
12.270525
12.289025
12.430525
12.450925
12.532600
12.697875
12.798550
12.925525
12.946325
12.961750
13.038350
13.084175
13.104050
13.167250
13.199600
13.205325
13.270400
13.333575
13.363850
13.499650
13.617775
13.635925
13.704100
13.728625
13.762000
13.782000
13.807750
13.856325
13.898550
13.931175
13.976975
13.990850
14.081875
14.121625
14.167775
14.274225
14.295200
14.329250
14.352925
14.395400
14.505800
14.594225
14.714575
14.726125
14.775450
14.830975
14.849975
14.871950
14.913775
14.943450
14.972625
15.052000
15.074750
15.092550
15.172575
15.253625
15.267950
15.291025
15.313450
15.335925
15.508075
15.556975
15.578700
15.593400
15.613900
15.673500
15.691275
15.767800
15.821075
15.844575
15.961875
16.008700
16.041800
16.066675
16.121450
16.248400
16.295750
16.392700
16.426625
16.440175
16.524775
16.616725
16.665275
16.682250
16.776150
16.883325
16.912000
16.939225
16.966500
17.024275
17.054550
17.095000
17.176350
17.205500
17.279725
17.294075
17.432375
17.479325
17.531025
17.639750
17.721100
17.766550
17.811475
17.850350
17.885050
17.913600
17.974375
18.008775
18.175625
18.220550
18.320025
18.353275
18.378100
18.413675
18.486875
18.537950
18.559925
18.577850
18.603725
18.627050
18.651100
18.704475
18.732075
18.754550
18.772975
18.846250
18.863425
18.987075
19.012000
19.038175
19.068050
19.088225
19.183650
19.198250
19.245650
19.274775
19.306575
19.325525
19.500750
19.543800
19.620275
19.848075
19.900750
19.947050
19.977350
19.980825
19.989150
20.063850
20.091100
20.122000
20.157975
20.195225
20.235000
20.253175
20.288475
20.363425
20.382900
20.419100
20.446725
20.476225
20.493775
20.509275
20.530325
20.578975
20.603200
20.840600
20.882125
20.923975
20.995975
21.015050
21.041625
21.095525
21.121625
21.139350
21.157725
21.180100
21.202600
21.227625
21.244125
21.323250
21.413250
21.454600
21.571475
21.576550
21.585575
21.592300
21.599850
21.707850
21.774375
21.794325
21.865500
21.909500
21.953425
21.970125
21.979200
21.983000
21.985875
21.997725
22.017400
22.079300
22.140625
22.298100
22.370425
22.402625
22.438575
22.497125
22.603275
22.688600
22.718550
22.741725
22.771700
22.828225
22.873075
22.890550
22.948900
22.979850
23.007050
23.032775
23.151550
23.167575
23.208300
23.220450
23.231925
23.258250
23.292125
23.358275
23.448050
23.472125
23.494500
23.507625
23.578700
23.595775
23.612375
23.696600
23.752275
23.775200
23.794650
23.852325
23.883625
23.914525
23.941000
23.979575
24.028925
24.100550
24.174900
24.210700
24.240900
24.280250
24.304550
24.317100
24.358775
24.371950
24.494900
24.548825
24.598575
24.633050
24.683125
24.696075
24.715775
24.723325
24.757875
24.776450
24.831600
24.836875
24.843475
24.896375
24.916725
24.960625
24.967000
25.097850
25.166025
25.185875
25.216725
25.245925
25.276550
25.289000
25.297825
25.325700
25.357075
25.409350
25.428075
25.460125
25.495050
25.542475
25.599250
25.660400
25.688000
25.803675
25.829400
25.849775
25.894500
25.912575
25.936725
25.977650
25.997575
26.018775
26.039675
26.077000
26.103550
26.127575
26.212425
26.255375
26.318675
26.425100
26.491375
26.564875
26.600650
26.661775
26.798225
26.824550
26.936950
26.953250
26.989250
27.083150
27.106075
27.132500
27.212325
27.285950
27.366425
27.424000
27.445350
27.514875
27.531125
27.559450
27.587575
27.611275
27.654625
27.683700
27.711300
27.743825
27.794900
27.825775
27.851475
27.882325
27.911750
27.952025
27.991700
28.061275
28.092800
28.204550
28.249250
28.279050
28.390425
28.409200
28.430700
28.447050
28.544850
28.614525
28.645400
28.682325
28.775850
28.798675
28.819300
28.865825
28.897250
28.924225
28.941750
28.964075
28.998650
29.025175
29.053325
29.095500
29.100625
29.145575
29.158175
29.166375
29.194050
29.256525
29.333975
29.501350
29.553000
29.606225
29.639275
29.668850
29.720050
29.755650
29.797500
29.818075
29.826675
29.855250
29.872625
29.888250
29.911975
29.929250
29.945250
29.965750
