0.183075
0.260350
0.514325
0.522350
0.554500
0.569175
0.751450
0.789575
0.800125
0.874525
0.950750
0.996925
1.063775
1.090725
1.122700
1.164825
1.167300
1.246725
1.269275
1.350925
1.586850
1.641775
1.649275
1.653775
1.720850
1.782800
1.794275
1.799025
1.843650
1.852850
2.211675
2.227325
2.229950
2.304975
2.497950
2.519750
2.524375
2.567875
2.672175
2.711250
2.730075
2.737975
2.820200
2.936525
2.960925
2.985025
3.036325
3.099900
3.128275
3.159450
3.171200
3.354875
3.415475
3.445250
3.489700
3.500025
3.544500
3.612950
3.678775
3.698900
3.702050
3.720450
3.797025
3.827225
3.877500
3.947700
3.999675
4.005625
4.020950
4.046550
4.081200
4.169600
4.181925
4.272100
4.297775
4.379425
4.389750
4.419275
4.484650
4.513625
4.530275
4.581775
4.811675
4.846450
4.915775
5.051925
5.116000
5.204150
5.208275
5.217725
5.226550
5.240775
5.246650
5.259125
5.394775
5.406200
5.434050
5.459300
5.689525
5.747500
5.834525
5.849275
6.013925
6.070950
6.102125
6.235875
6.266425
6.336500
6.389100
6.406925
6.413975
6.442675
6.491050
6.682600
6.684800
6.692275
6.695025
6.710500
6.798925
6.836650
6.931650
7.088675
7.091750
7.180400
7.242450
7.357550
7.420900
7.425350
7.488450
7.540525
7.594300
7.650175
7.652875
7.843650
7.884025
7.889000
7.929500
8.069750
8.095075
8.154500
8.274225
8.277775
8.380825
8.437275
8.439775
8.455025
8.515300
8.692475
8.792425
8.810375
8.902125
8.959250
9.026775
9.103700
9.121200
9.135725
9.165700
9.188625
9.216575
9.276125
9.504675
9.549500
9.566750
9.677425
9.710400
9.809325
9.835300
9.857325
9.863950
9.930700
10.100225
10.134150
10.252450
10.262375
10.281400
10.335875
10.364625
10.476250
10.481600
10.581125
10.661475
10.678425
10.702750
10.712625
10.827925
10.874175
10.956750
11.023625
11.041975
11.106150
11.165100
11.193575
11.252350
11.296175
11.317725
11.399925
11.449250
11.535275
11.640225
11.763425
11.837525
11.924600
12.005000
12.010900
12.021100
12.091975
12.149350
12.167025
12.262025
12.287750
12.402500
12.407700
12.472950
12.503000
12.547050
12.791825
12.831650
12.959525
12.965475
13.104275
13.232950
13.260000
13.336300
13.373925
13.520725
13.546375
13.603200
13.623900
13.665475
13.763625
13.784625
13.806350
13.898375
13.912625
14.114325
14.326500
14.552350
14.578025
14.644700
14.739200
14.931275
14.962900
15.117400
15.210825
15.215625
15.273650
15.323725
15.329075
15.431400
15.497250
15.631525
15.745225
15.848275
15.920550
16.069200
16.131900
16.150500
16.168450
16.174350
16.196950
16.236850
16.253050
16.419825
16.496700
16.545575
16.584600
16.604300
16.744975
16.948000
17.099650
17.173775
17.245550
17.280725
17.324075
17.327150
17.329575
17.407275
17.432075
17.442850
17.589025
17.615500
17.636950
17.820275
17.833225
17.850550
17.877900
17.965625
18.052800
18.133325
18.239600
18.374300
18.383225
18.428950
18.509125
18.541750
18.549925
18.704075
18.755075
18.794425
18.798650
18.800850
18.837050
18.927575
18.957475
18.972975
19.120675
19.125300
19.201425
19.207400
19.255425
19.262025
19.308425
19.312850
19.348900
19.374775
19.580050
19.593000
19.600750
19.613625
19.644900
19.722975
19.797425
19.817250
19.845700
19.960075
20.083975
20.144500
20.150225
20.239350
20.289800
20.367900
20.387125
20.417375
20.426975
20.491400
20.616225
20.673375
20.706375
20.767175
20.823050
20.828150
20.862225
20.972475
20.976525
21.240000
21.357500
21.433075
21.454000
21.528525
21.575050
21.599075
21.651275
21.830050
22.006375
22.029225
22.060975
22.095075
22.206050
22.209000
22.299050
22.304875
22.307475
22.449625
22.464650
22.500875
22.585075
22.612300
22.647400
22.652325
22.813775
22.847875
22.874675
22.922225
22.996000
23.032975
23.063975
23.107275
23.122925
23.210250
23.328525
23.343425
23.365175
23.425550
23.498125
23.501350
23.517525
23.522725
23.531150
23.654575
23.717400
23.780925
24.064650
24.174150
24.216325
24.292125
24.393600
24.406550
24.438650
24.442375
24.508950
24.562450
24.566450
24.587475
24.677150
24.827975
24.884075
24.966250
25.078925
25.128575
25.223025
25.227400
25.353300
25.389350
25.408750
25.571150
25.663875
25.680875
25.713125
25.733650
25.845275
25.856725
25.860900
25.931500
25.934825
25.973950
26.036225
26.107575
26.164650
26.174425
26.305950
26.371125
26.384025
26.459775
26.476975
26.610675
26.789550
26.827350
26.871875
26.895500
26.979225
26.986525
26.989600
27.000650
27.081250
27.158050
27.194175
27.264775
27.293225
27.393150
27.528200
27.572625
27.581950
27.672250
27.713700
27.738050
27.817200
27.845000
27.869025
27.964500
28.082175
28.097825
28.179925
28.241975
28.259350
28.294525
28.382075
28.452025
28.494625
28.516775
28.535550
28.597575
28.682825
28.691400
28.713275
28.832625
28.850500
28.964150
28.998300
29.017100
29.246050
29.273700
29.317175
29.395900
29.403825
29.501650
29.564275
29.639475
29.716950
29.755025
29.787350
29.836375
29.840575
