0.078825
0.129100
0.159675
0.176700
0.242775
0.402525
0.439050
0.456000
0.507575
0.555150
0.573550
0.583825
0.686825
1.261825
1.309075
1.335575
1.583550
1.611025
1.683550
1.717675
1.851800
2.068150
2.117600
2.180750
2.369125
2.538200
2.572025
2.654075
2.677475
2.871000
2.899700
2.934125
2.978150
3.133975
3.155950
3.169250
3.174975
3.193875
3.250300
3.324500
3.382100
3.506500
3.677825
3.794750
3.831225
3.851575
3.984250
4.020225
4.041500
4.064475
4.428775
4.521075
4.837000
4.868850
5.006700
5.027475
5.066550
5.110000
5.199825
5.257075
5.334900
5.355175
5.398300
5.416150
5.633850
5.675225
5.774500
5.907200
5.957475
6.129250
6.159425
6.245500
6.263800
6.290850
6.328750
6.363825
6.394475
6.478625
6.512175
6.778125
6.991275
7.124925
7.141250
7.158000
7.289200
7.380075
7.460825
7.544250
7.616200
7.700550
7.707525
8.121300
8.192600
8.291000
8.381875
8.414975
8.416475
8.471650
8.535850
8.641000
8.718350
8.815675
8.857625
8.887750
8.961225
9.000725
9.042875
9.136225
9.235875
9.252400
9.374850
9.399125
9.485225
9.492000
9.572400
9.678975
9.831825
9.848475
9.906025
10.120025
10.163775
10.189350
10.324500
10.379925
10.462225
10.614650
10.627375
10.977750
11.006200
11.292750
11.307800
11.515775
11.519225
11.543000
11.565850
11.634125
11.723500
11.993600
12.076550
12.084325
12.107300
12.264900
12.311575
12.352450
12.452600
12.463275
12.512900
12.546925
12.622450
12.721250
12.765425
12.801025
12.843900
12.870450
12.923425
12.936450
12.942050
12.993800
13.293925
13.395325
13.423650
13.509125
13.527000
13.733675
14.094200
14.127700
14.218450
14.330325
14.351450
14.429000
14.512750
14.543225
14.598725
14.652575
14.657425
14.668425
14.859650
14.872475
14.991950
15.044250
15.073400
15.097000
15.383150
15.445550
15.549425
15.678375
15.697300
15.979175
16.142075
16.178700
16.226900
16.265625
16.309850
16.343950
16.354275
16.364225
16.370650
16.434225
16.602975
16.877800
16.950350
17.022825
17.138550
17.141150
17.283675
17.457250
17.497750
17.550975
17.604550
17.616450
17.654000
17.881600
17.913050
17.939950
17.946900
18.013975
18.038625
18.053525
18.470600
18.506400
18.690525
18.694850
18.703725
18.719950
18.771650
18.782375
18.788650
18.837825
18.856125
18.920450
18.949675
19.036600
19.123725
19.177800
19.311775
19.378750
19.398575
19.443550
19.536200
19.610675
19.734975
19.749125
19.788625
19.845525
19.868850
19.970150
19.990200
20.306650
20.378675
20.586950
20.658200
20.782525
20.799650
20.891625
20.919925
21.040175
21.099250
21.180000
21.210025
21.251275
21.327325
21.367675
21.420800
21.449725
21.630650
21.646425
21.675650
21.782500
21.934225
21.977150
22.106175
22.147700
22.201575
22.206475
22.219875
22.355575
22.387050
22.410825
22.540775
22.574600
22.655175
22.703025
22.727325
22.764625
22.778925
22.924650
23.117150
23.148550
23.211050
23.241375
23.251200
23.421950
23.447175
23.462250
23.510700
23.512975
23.571075
23.585100
23.706325
23.750700
23.857500
23.912750
23.946550
24.202225
24.327575
24.373050
24.413850
24.510875
24.548625
24.566875
24.588275
24.638300
24.642275
24.679400
24.768225
24.802075
24.845425
24.870175
25.037375
25.081500
25.127200
25.303425
25.316275
25.504475
25.774525
25.950050
26.096075
26.186550
26.224425
26.256225
26.288275
26.320400
26.458375
26.465325
26.525125
26.708300
26.731100
26.779275
26.867025
27.000500
27.145925
27.274600
27.325375
27.343725
27.370075
27.398650
27.463175
27.579575
27.739200
27.844175
27.850350
27.859225
27.925375
28.011650
28.044250
28.376900
28.388525
28.460825
28.514225
28.652825
28.760425
28.781675
28.858600
28.898675
28.929600
29.125425
29.257350
29.338300
29.407275
29.465725
29.515000
29.600725
29.663400
29.699200
29.717100
29.847275
29.922250
29.962400
