0.115850
0.337450
0.718550
0.818475
1.048025
1.142325
1.274000
1.389125
1.580100
1.710675
1.818400
2.385175
2.510350
2.602950
2.689225
2.861975
3.048775
3.250925
3.338125
3.445700
3.630475
3.757125
3.984025
4.300900
4.548525
4.690600
4.780975
4.928675
5.157825
5.373825
5.518975
5.911275
6.480175
6.954125
7.156675
7.254800
7.471725
7.739550
7.811225
7.892925
7.965650
8.127750
8.221825
8.294275
8.365675
8.496300
8.675025
8.875175
8.966650
9.153000
9.296525
9.553675
9.725625
9.852000
10.086175
10.366800
10.436775
10.721100
10.811150
10.902275
11.097100
11.169400
11.462850
11.551300
11.682600
11.784300
12.139150
12.200250
12.310225
12.510675
12.588050
12.745425
12.914700
13.152225
13.282750
13.404600
13.508475
13.586650
13.771175
14.023250
14.183475
14.336375
14.425400
14.668625
14.875350
15.186125
15.329175
15.424925
15.527275
15.696400
15.795600
15.835525
15.896725
15.970425
16.030750
16.128525
16.385150
16.444750
16.644200
16.710725
17.007950
17.232900
17.578475
17.687250
18.025525
18.130800
18.265250
18.784600
18.869425
19.126375
19.257375
19.307050
19.472950
19.893650
20.086600
20.372975
20.836325
20.952450
21.010675
21.258900
21.310525
21.403950
21.510775
21.637975
21.730975
22.092525
22.237275
22.312450
22.614250
22.772975
22.801525
22.918075
23.091725
23.594725
23.762275
23.862950
24.027175
24.148525
24.266800
24.315475
24.826525
24.958800
25.020950
25.135400
25.735975
25.854675
25.994425
26.110550
26.375250
26.452425
26.682475
26.772425
27.042325
27.181175
27.295225
27.370950
27.534450
27.609975
27.963000
28.277400
28.377150
28.516975
28.695050
28.796700
28.872375
29.053150
29.145750
29.225425
29.273725
29.383850
29.681200
