0.026525
0.086625
0.196925
0.215075
0.263150
0.337925
0.354925
0.396675
0.438100
0.458600
0.481000
0.512050
0.539350
0.577225
0.591325
0.611425
0.714850
0.727325
0.803575
0.817675
0.843650
0.854150
0.883300
0.904325
0.971950
1.038350
1.117425
1.141725
1.158325
1.174775
1.270000
1.283025
1.378675
1.580800
1.653250
1.668475
1.834950
1.901400
1.969300
2.003500
2.031450
2.037925
2.068850
2.130275
2.153850
2.164000
2.337150
2.345375
2.370275
2.468425
2.512500
2.513350
2.520250
2.559425
2.645250
2.670325
2.766300
2.900325
3.005875
3.068650
3.083600
3.101250
3.102150
3.160650
3.193375
3.202500
3.241275
3.331150
3.344750
3.375800
3.457350
3.493475
3.512050
3.519650
3.580900
3.638150
3.732950
3.764875
3.774175
3.908450
3.951150
3.986400
4.024050
4.108550
4.143050
4.166700
4.184350
4.242825
4.292375
4.336100
4.347275
4.356075
4.398725
4.421250
4.438200
4.517100
4.572475
4.727300
4.777800
4.819725
4.890000
4.976900
4.978250
4.987675
5.058875
5.108375
5.142975
5.180250
5.217450
5.368500
5.380075
5.411425
5.459175
5.581375
5.724475
5.784125
5.803175
5.928650
5.956075
5.970900
6.015625
6.028525
6.055925
6.116100
6.121675
6.128725
6.146000
6.174350
6.203700
6.214900
6.244375
6.281575
6.309350
6.377550
6.399825
6.450075
6.502250
6.539400
6.654225
6.698300
6.719625
6.818175
6.830050
6.897025
6.987600
7.031450
7.046450
7.074725
7.089000
7.103600
7.104825
7.154800
7.169825
7.185900
7.201500
7.209600
7.278800
7.296850
7.318750
7.341100
7.376975
7.392675
7.593400
7.607350
7.634175
7.678775
7.742575
7.850400
7.909200
7.974575
7.989875
8.002275
8.142875
8.154025
8.167525
8.192775
8.252450
8.361225
8.409050
8.421200
8.632225
8.661475
8.710825
8.760125
8.775225
8.863425
8.883675
8.954100
8.999225
9.009900
9.026075
9.144025
9.166050
9.210350
9.245525
9.272225
9.317525
9.325925
9.414925
9.551800
9.584275
9.756825
9.870075
9.881975
9.901875
9.916225
10.000775
10.012750
10.072975
10.112800
10.135775
10.185350
10.200225
10.257800
10.278075
10.286375
10.308950
10.330925
10.378300
10.405475
10.515100
10.551725
10.566725
10.579450
10.580375
10.666125
10.693825
10.716400
10.740550
10.783400
10.808350
10.845650
10.881100
10.893800
10.921775
10.947100
11.011775
11.049025
11.082800
11.147400
11.166325
11.180700
11.217875
11.243850
11.318975
11.375025
11.397725
11.406600
11.518175
11.538850
11.633925
11.739725
11.751725
11.767300
11.791575
11.853175
11.895275
11.911525
11.951550
11.967700
11.993525
12.033750
12.046775
12.061150
12.073425
12.097775
12.179400
12.195350
12.207350
12.258575
12.277975
12.320700
12.336625
12.489225
12.519675
12.561625
12.641200
12.651500
12.706750
12.726775
12.742975
12.767625
12.781725
12.815450
12.841475
12.845750
12.854525
12.943250
13.025850
13.055150
13.090475
13.106375
13.168700
13.246975
13.278225
13.326350
13.356775
13.485375
13.519600
13.546475
13.551525
13.558375
13.575300
13.683875
13.693925
13.734150
13.749775
13.791900
13.807550
13.824875
13.843300
13.917800
13.940450
13.954000
13.997175
14.023350
14.073375
14.120700
14.138050
14.143875
14.149350
14.154575
14.288700
14.313450
14.326025
14.355750
14.401075
14.475225
14.486900
14.488650
14.530175
14.712500
14.721925
14.727575
14.783650
14.845025
14.861425
14.886625
14.938100
15.032400
15.156025
15.187250
15.210275
15.233450
15.242125
15.256550
15.377825
15.406525
15.432975
15.458775
15.497975
15.550475
15.556425
15.612500
15.631475
15.670025
15.778425
15.819250
15.834450
15.920125
16.052025
16.052900
16.081125
16.268300
16.299000
16.400500
16.408525
16.420450
16.479150
16.648000
16.744700
16.812525
16.816500
16.825850
16.850500
16.881500
16.906775
16.951325
16.986550
17.057075
17.090750
17.120025
17.194500
17.226650
17.246425
17.276250
17.292100
17.321550
17.434550
17.480100
17.517950
17.641875
17.671050
17.688125
17.702350
17.708700
17.726250
17.748400
17.842950
17.884800
17.919600
17.955025
18.009850
18.177825
18.190625
18.238750
18.283275
18.323325
18.427375
18.466125
18.474850
18.578325
18.588725
18.601250
18.630025
18.657800
18.677625
18.687700
18.716300
18.749850
18.815825
18.853825
18.909075
18.980375
19.096225
19.105500
19.271200
19.320000
19.430650
19.445425
19.454900
19.489475
19.508125
19.524275
19.548125
19.579250
19.626700
19.665200
19.745025
19.869750
19.934650
19.959625
19.981550
20.011025
20.068025
20.089775
20.116100
20.157475
20.162200
20.219675
20.250500
20.301125
20.377025
20.393975
20.437325
20.449050
20.497525
20.503875
20.508625
20.595200
20.647175
20.743875
20.765075
20.778725
20.983175
21.205175
21.229775
21.289250
21.382350
21.390325
21.445325
21.446900
21.504650
21.642925
21.658800
21.680750
21.697850
21.728000
21.749950
21.815575
21.888450
21.919225
21.948350
22.087550
22.117850
22.193575
22.204025
22.219650
22.244700
22.269750
22.291150
22.294500
22.361000
22.527775
22.542825
22.646100
22.829550
22.842100
22.879225
22.919650
22.955650
23.133625
23.216600
23.311225
23.407075
23.452100
23.465050
23.511750
23.522875
23.602325
23.611175
23.625800
23.645025
23.764775
23.867150
23.945025
24.006325
24.038325
24.053425
24.075225
24.092475
24.145025
24.159325
24.226675
24.305950
24.343775
24.375575
24.391825
24.419150
24.482075
24.508300
24.520775
24.572375
24.590200
24.621075
24.649150
24.661475
24.674150
24.788675
24.796500
24.821025
24.862975
24.875675
24.938550
25.062175
25.093225
25.145350
