0.005650
0.079950
0.229700
0.266250
0.308625
0.406975
0.520550
0.693925
0.711500
1.030050
1.104300
1.200150
1.305225
1.501150
1.584175
1.617025
1.636525
1.752750
1.841525
1.861425
2.079600
2.140700
2.460250
2.574550
2.801150
2.925500
2.950175
2.983025
3.043575
3.091800
3.545950
3.746375
3.867450
3.953000
4.064350
4.076625
4.472725
4.742325
4.876150
4.898875
4.909200
5.021500
5.059600
5.103675
5.156100
5.186300
5.200925
5.499250
5.544525
5.572000
5.601825
5.851125
5.912950
6.315150
6.367100
6.439200
7.338650
7.418550
7.430550
7.442425
7.501675
7.509900
7.513500
7.737375
7.896300
7.908525
7.988350
8.003025
8.075975
8.114850
8.232800
8.329425
8.457700
8.475800
8.505475
8.588750
8.626000
8.914550
8.993200
9.024050
9.074500
9.105575
9.397900
9.405975
9.479300
9.648150
9.910775
9.950625
9.975000
10.225450
10.267850
10.354225
10.396075
10.432875
10.631200
10.882325
10.907300
11.006875
11.036850
11.168375
11.318425
11.339550
11.428850
11.533475
11.565750
11.669875
11.691750
11.966500
11.983600
11.995900
12.016475
12.070025
12.387100
12.408600
12.418625
12.442850
12.467900
12.497975
12.529400
12.758800
12.988175
13.021700
13.035625
13.445850
13.456050
13.585225
13.606175
13.629575
13.760425
13.771675
13.914075
14.187450
14.343500
14.568050
14.679925
14.771675
15.392350
15.440025
15.471525
15.791425
15.822325
15.892650
16.210450
16.691550
16.710900
17.155000
17.190150
17.596450
17.732875
17.768800
17.795800
18.064125
18.309925
18.589800
19.487150
19.574250
19.720475
19.793700
20.119325
20.188900
20.244300
20.494575
20.558875
20.600425
20.609800
20.729875
20.787450
20.845350
21.019550
21.105000
21.202600
21.405525
21.714000
22.037200
22.543600
22.730525
22.767675
22.799450
23.013825
23.117625
23.199000
23.311425
23.335150
23.361500
23.369900
23.841075
24.349700
24.461675
24.466825
24.472350
24.801025
24.845375
24.900500
24.963325
25.194775
25.265025
25.968825
26.016375
26.106975
26.132350
26.169900
26.194850
26.780650
26.921025
26.937275
26.945975
26.987300
27.115625
27.139175
27.343975
27.438750
27.451925
27.746375
27.798050
27.831950
27.843075
27.851725
27.866250
28.055300
28.088600
28.522525
28.543925
28.648775
28.963625
29.040875
29.093400
29.170725
29.207775
29.512200
29.521075
29.596725
29.833100
29.932175
29.940525
