0.006500
0.013700
0.019725
0.027075
0.033700
0.043950
0.051825
0.058075
0.063450
0.068675
0.075900
0.083475
0.090100
0.097175
0.103200
0.110975
0.117275
0.124600
0.132400
0.138825
0.148625
0.160025
0.166400
0.180350
0.190325
0.203200
0.221600
0.236275
0.254750
0.283450
0.305500
0.323525
0.348450
0.371000
0.389650
0.417750
0.443250
0.452300
0.461475
0.472675
0.483100
0.489250
0.497500
0.506000
0.513750
0.520150
0.526350
0.537750
0.543150
0.549650
0.555850
0.562000
0.569400
0.573550
0.578875
0.588750
0.593975
0.603275
0.611700
0.623825
0.631825
0.637600
0.644375
0.660325
0.673075
0.689900
0.710250
0.732675
0.754950
0.787575
0.802575
0.834050
0.860300
0.885100
0.895700
0.905600
0.914450
0.926775
0.936925
0.952000
0.963900
0.975750
0.986275
1.003575
1.018950
1.030325
1.045625
1.061225
1.078950
1.094650
1.110525
1.121150
1.133050
1.144725
1.159625
1.167275
1.174750
1.184400
1.208725
1.228175
1.240800
1.250675
1.259500
1.267400
1.276200
1.283575
1.292100
1.301975
1.312950
1.321050
1.333625
1.339325
1.351025
1.359725
1.369725
1.377450
1.385975
1.396250
1.407200
1.417900
1.426075
1.439975
1.452175
1.469450
1.484825
1.498250
1.514700
1.539650
1.557875
1.573325
1.584475
1.597325
1.607225
1.617950
1.628200
1.641175
1.653550
1.668275
1.678525
1.687000
1.697250
1.703575
1.709950
1.718475
1.730600
1.743500
1.755075
1.785375
1.806425
1.820700
1.847575
1.882675
1.921600
1.957775
1.979925
1.993275
2.000925
2.018600
2.034925
2.040000
2.047875
2.054800
2.061125
2.070250
2.077500
2.088825
2.099850
2.132375
2.155000
2.170200
2.205225
2.234025
2.260300
2.294500
2.324775
2.351450
2.374850
2.396125
2.410850
2.418200
2.426475
2.434750
2.444200
2.450425
2.457225
2.465500
2.472050
2.478075
2.486150
2.491875
2.500425
2.504450
2.515625
2.522525
2.527825
2.532325
2.537475
2.543700
2.548200
2.553175
2.559800
2.566050
2.576850
2.583225
2.590125
2.596125
2.602325
2.607525
2.620625
2.625400
2.632325
2.638175
2.643950
2.651075
2.655525
2.661150
2.666750
2.670600
2.675300
2.681425
2.686025
2.691600
2.697425
2.707000
2.711600
2.717975
2.723700
2.730650
2.740450
2.745175
2.752475
2.759250
2.765600
2.768425
2.771675
2.778150
2.787350
2.793825
2.798700
2.804250
2.810250
2.816775
2.821875
2.827150
2.831875
2.837550
2.842225
2.847000
2.854750
2.860600
2.865625
2.873025
2.882275
2.890300
2.897000
2.904825
2.916550
2.933975
2.942950
2.952200
2.963150
2.974700
2.981575
2.991250
2.998250
3.008525
3.016125
3.027375
3.036775
3.046600
3.057375
3.066950
3.076325
3.086200
3.095025
3.105925
3.115700
3.124125
3.135300
3.141100
3.145675
3.152275
3.159125
3.166225
3.171900
3.176725
3.182575
3.188000
3.195600
3.205175
3.213725
3.221600
3.229200
3.234800
3.240650
3.247575
3.261625
3.270900
3.278575
3.285150
3.294550
3.302350
3.311175
3.319425
3.329050
3.340525
3.356075
3.365225
3.375050
3.381850
3.392975
3.406150
3.432100
3.441825
3.455175
3.466050
3.486425
3.494300
3.515050
3.531900
3.545925
3.561650
3.583750
3.593475
3.599350
3.607000
3.613450
3.623075
3.633625
3.645525
3.656000
3.673500
3.698425
3.720625
3.726150
3.743050
3.764075
3.787650
3.821475
3.838725
3.855750
3.869200
3.880375
3.892825
3.903925
3.911875
3.923100
3.933300
3.945375
3.954725
3.971200
3.984650
4.010125
4.032625
4.061875
4.084675
4.102100
4.131975
4.151075
4.163475
4.173200
4.182275
4.189950
4.201025
4.209500
4.217000
4.228950
4.238075
4.249600
4.274925
4.298500
4.328425
4.352400
4.387775
4.419400
4.461100
4.493325
4.507250
4.529400
4.541125
4.558900
4.567725
4.577400
4.584300
4.589950
4.599625
4.612700
4.629850
4.652800
4.682650
4.707475
4.754450
4.774075
4.804025
4.812450
4.822400
4.831025
4.836700
4.845750
4.852475
4.860050
4.865475
4.872975
4.878975
4.886000
4.895350
4.902850
4.932575
4.947525
4.981150
5.026175
5.054000
5.091875
5.114350
5.135675
5.173200
5.189950
5.225875
5.241125
5.252250
5.262800
5.281425
5.296800
5.316800
5.339550
5.366750
5.391875
5.417300
5.439875
5.463125
5.488850
5.506700
5.518125
5.527125
5.537900
5.549500
5.563925
5.577900
5.595250
5.599000
5.615400
5.643875
5.661000
5.681075
5.706250
5.732525
5.752300
5.787775
5.819650
5.866625
5.886625
5.899650
5.911625
5.920300
5.928825
5.933875
5.945350
5.960900
5.971350
5.978250
5.986850
5.995125
6.003550
6.014875
6.026050
6.058975
6.070950
6.079925
6.087275
6.097275
6.108600
6.118050
6.128200
6.138525
6.150875
6.162825
6.175900
6.186825
6.201375
6.213675
6.220900
6.243000
6.263000
6.302225
6.333425
6.364600
6.389425
6.416725
6.442700
6.473600
6.483925
6.497750
6.505050
6.510300
6.515375
6.521900
6.536025
6.545450
6.555000
6.564625
6.578550
6.588950
6.602050
6.615275
6.633150
6.713325
6.737225
6.750700
6.786425
6.803425
6.817050
6.829275
6.841950
6.855750
6.868600
6.880075
6.892950
6.913525
6.920975
6.930675
6.939500
6.945100
6.951825
6.958350
6.967725
6.972250
6.980575
6.986675
6.993550
7.000125
7.009725
7.015375
7.024800
7.032650
7.042725
7.062000
7.077425
7.094975
7.127675
7.151725
7.171025
7.195775
7.220025
7.239500
7.254575
7.267400
7.283225
7.293975
7.306225
7.316150
7.325500
7.344925
7.355575
7.366375
7.381225
7.394950
7.420450
7.444100
7.461550
7.481625
7.496150
7.518950
7.551125
7.566800
7.584275
7.597575
7.606850
7.615875
7.625425
7.632175
7.640900
7.647700
7.654525
7.661600
7.666750
7.675150
7.681475
7.686050
7.693500
7.699825
7.709250
7.718775
7.733500
7.750200
7.764150
7.785200
7.800925
7.814750
7.827675
7.840000
7.850600
7.866775
7.877875
7.887100
7.898575
7.907025
7.915575
7.925650
7.936500
7.950875
7.959350
7.969625
7.977750
7.994450
8.009700
8.023625
8.036700
8.054725
8.069150
8.089350
8.107825
8.125475
8.143375
8.161225
8.177475
8.197875
8.213275
8.228875
8.258750
8.285500
8.319025
8.332925
8.339350
8.348000
8.356500
8.363025
8.370800
8.379250
8.386300
8.393825
8.414650
8.423925
8.434500
8.446050
8.458800
8.467050
8.477525
8.492325
8.505400
8.530275
8.548250
8.556775
8.567125
8.576075
8.587000
8.595100
8.606675
8.618075
8.625650
8.633225
8.645850
8.662500
8.669400
8.679275
8.687075
8.699800
8.712775
8.722900
8.735525
8.747300
8.771350
8.784450
8.801525
8.819075
8.843175
8.858000
8.882700
8.899125
8.915325
8.934600
8.965175
8.981250
8.992600
9.007350
9.014125
9.026225
9.039100
9.049100
9.058225
9.069850
9.082425
9.098150
9.113750
9.130675
9.154675
9.177475
9.220425
9.238200
9.253875
9.273125
9.300625
9.315300
9.324800
9.335175
9.348100
9.360575
9.370075
9.379350
9.389925
9.399575
9.412150
9.420725
9.440625
9.451700
9.466550
9.484000
9.502325
9.518050
9.532900
9.553950
9.583775
9.602750
9.625200
9.647925
9.668775
9.688825
9.696650
9.705400
9.714025
9.755500
9.770000
9.779375
9.793925
9.806350
9.819800
9.831125
9.841625
9.856750
9.866150
9.878875
9.892050
9.902575
9.911175
9.921475
9.931100
9.937750
9.945025
9.953825
9.960900
9.966250
9.974375
9.982725
9.991975
9.999775
10.008925
10.022150
10.034225
10.044725
10.053875
10.067300
10.082800
10.097400
10.115875
10.141125
10.157000
10.175550
10.201725
10.214650
10.230925
10.261075
10.286375
10.292525
10.306825
10.314050
10.319575
10.325550
10.332450
10.340750
10.347200
10.356000
10.363100
10.371475
10.382050
10.394600
10.399525
10.407925
10.421475
10.430450
10.435350
10.441375
10.454850
10.460975
10.465975
10.473350
10.479075
10.487775
10.495125
10.515950
10.532525
10.549525
10.568800
10.584650
10.599725
10.623050
10.639300
10.661525
10.678100
10.691675
10.713925
10.728200
10.749900
10.762525
10.770900
10.776950
10.782000
10.786325
10.791375
10.797425
10.805125
10.814300
10.820450
10.829325
10.839150
10.849875
10.858200
10.871525
10.880350
10.888975
10.901025
10.916150
10.930375
10.940325
10.959675
10.971950
10.983100
10.999425
11.012825
11.030475
11.044525
11.063425
11.083250
11.106675
11.133450
11.164475
11.195625
11.210775
11.226900
11.241800
11.253725
11.279525
11.289225
11.300275
11.313825
11.326200
11.341900
11.366175
11.388900
11.419350
11.437275
11.448525
11.449875
11.464125
11.492225
11.504525
11.524900
11.532650
11.542750
11.550600
11.565250
11.583925
11.595250
11.611675
11.621600
11.631425
11.642800
11.655600
11.687675
11.698550
11.711150
11.719325
11.728150
11.739750
11.748900
11.760275
11.770825
11.784250
11.808225
11.827150
11.841350
11.860975
11.885100
11.912475
11.937525
11.953150
11.965950
11.980400
11.994600
12.006225
12.017000
12.032075
12.044850
12.064575
12.076750
12.098900
12.116125
12.158800
12.175275
12.223950
12.237475
12.252150
12.260625
12.268950
12.278025
12.288075
12.295950
12.301975
12.309150
12.321150
12.329100
12.337050
12.344825
12.355525
12.367625
12.373100
12.380675
12.391400
12.401575
12.416625
12.433150
12.451400
12.474675
12.506250
12.526475
12.549850
12.570125
12.588125
12.600925
12.614700
12.636475
12.648700
12.657075
12.665350
12.677500
12.690175
12.698950
12.710850
12.727775
12.745975
12.765500
12.791950
12.813600
12.833400
12.858875
12.889825
12.924575
12.940375
12.954225
12.982725
12.993825
13.005675
13.013800
13.028025
13.035875
13.044825
13.051275
13.062650
13.070575
13.076700
13.084550
13.093700
13.105750
13.118050
13.130275
13.146325
13.168050
13.190875
13.208625
13.221650
13.228075
13.234325
13.244450
13.250325
13.256700
13.266125
13.275975
13.287775
13.299175
13.308950
13.322725
13.333150
13.347650
13.361850
13.371925
13.383225
13.391700
13.413000
13.422050
13.430900
13.441450
13.449375
13.462300
13.472675
13.485825
13.498300
13.513100
13.524275
13.534425
13.547825
13.561975
13.576175
13.596450
13.611050
13.624575
13.653900
13.694850
13.719550
13.739325
13.757250
13.778600
13.805600
13.822325
13.837325
13.849950
13.866600
13.878100
13.887075
13.895500
13.907275
13.916725
13.927800
13.936925
13.950425
13.966900
13.987500
14.005975
14.032025
14.052375
14.069675
14.083000
14.098950
14.115275
14.129775
14.144900
14.155150
14.172325
14.187900
14.201725
14.219175
14.234925
14.266300
14.287050
14.300450
14.320525
14.330325
14.337750
14.348075
14.357100
14.375425
14.381975
14.388125
14.395200
14.403100
14.409075
14.415000
14.424200
14.431325
14.440725
14.450275
14.456000
14.460500
14.467975
14.474250
14.480025
14.486200
14.495050
14.501175
14.508300
14.514325
14.520725
14.526075
14.533300
14.543325
14.551375
14.558675
14.565625
14.571350
14.578850
14.584850
14.592000
14.599700
14.620100
14.636025
14.640775
14.647125
14.658600
14.665125
14.671275
14.691175
14.699025
14.708575
14.717500
14.724575
14.734025
14.743700
14.753050
14.758850
14.766550
14.777575
14.787475
14.801900
14.811450
14.821425
14.828650
14.835750
14.848775
14.866075
14.875925
14.893050
14.923750
14.945775
14.956025
14.972125
14.984825
14.995900
15.014750
15.025150
15.040275
15.054100
15.069500
15.080900
15.091325
15.096425
15.101975
15.108925
15.114500
15.120775
15.129975
15.149275
15.157850
15.164025
15.172675
15.182175
15.191200
15.200275
15.207375
15.220825
15.227150
15.234875
15.241675
15.249975
15.259250
15.269750
15.281150
15.299425
15.330075
15.339350
15.354325
15.371200
15.388325
15.404725
15.422250
15.439475
15.455900
15.471525
15.487575
15.508325
15.520425
15.528750
15.538225
15.549175
15.562500
15.577075
15.610950
15.626725
15.637200
15.652325
15.668425
15.679150
15.688550
15.696350
15.704250
15.712175
15.719300
15.727425
15.736425
15.742875
15.753750
15.765525
15.773775
15.795050
15.813975
15.865550
15.920975
15.950850
15.972850
15.994000
16.016650
16.025800
16.040625
16.058575
16.073900
16.086625
16.095600
16.108575
16.116425
16.122275
16.129575
16.134950
16.139100
16.151600
16.158250
16.164025
16.173925
16.184375
16.195650
16.208700
16.228050
16.240900
16.258400
16.280225
16.303525
16.316650
16.336900
16.359175
16.382425
16.395275
16.413925
16.435225
16.444075
16.453950
16.478750
16.488825
16.497025
16.504350
16.511750
16.520700
16.524675
16.532875
16.552075
16.556975
16.561575
16.566450
16.579300
16.587175
16.593175
16.602825
16.608375
16.615750
16.624025
16.637425
16.646450
16.657775
16.668650
16.683650
16.694150
16.705800
16.712275
16.719500
16.730000
16.740025
16.759325
16.774750
16.800700
16.812175
16.823500
16.839150
16.852925
16.858825
16.864925
16.873100
16.880125
16.886225
16.896175
16.903275
16.910225
16.917125
16.924075
16.933400
16.945000
16.958100
16.970500
16.987675
16.998725
17.015450
17.058500
17.077275
17.105350
17.129050
17.155225
17.174350
17.187900
17.201175
17.215025
17.227675
17.238025
17.248250
17.260825
17.270825
17.283650
17.292875
17.301250
17.307725
17.314975
17.325825
17.336225
17.345275
17.351175
17.362025
17.381875
17.406675
17.428425
17.444650
17.458525
17.469225
17.485450
17.500250
17.523025
17.535075
17.548475
17.568500
17.582375
17.593850
17.612100
17.649550
17.660325
17.697125
17.716975
17.728600
17.734850
17.743175
17.751125
17.758675
17.768625
17.776575
17.785975
17.798375
17.806325
17.814250
17.822275
17.832575
17.839850
17.850325
17.862700
17.886825
17.904250
17.926000
17.948525
17.965475
17.980175
17.997750
18.012350
18.031675
18.041800
18.051400
18.061950
18.075800
18.087450
18.097275
18.106650
18.113150
18.121925
18.128900
18.141375
18.155850
18.168025
18.181350
18.210250
18.227025
18.244575
18.261125
18.280600
18.299175
18.321875
18.354125
18.371250
18.398375
18.405250
18.420475
18.428775
18.439100
18.448575
18.458750
18.467275
18.478925
18.515300
18.530775
18.548350
18.577325
18.615950
18.633825
18.668150
18.694975
18.719850
18.740050
18.766275
18.787025
18.803125
18.812375
18.818175
18.828350
18.841425
18.857475
18.879075
18.894150
18.908425
18.923475
18.943050
18.967250
18.984500
18.999000
19.011925
19.025100
19.039575
19.053575
19.071150
19.081100
19.100175
19.137325
19.153125
19.188550
19.204650
19.221825
19.236850
19.247950
19.263475
19.275475
19.290450
19.302850
19.313825
19.321900
19.334875
19.347000
19.368200
19.382300
19.389075
19.400400
19.407550
19.422600
19.434950
19.451925
19.483800
19.496475
19.513875
19.537300
19.558900
19.576275
19.600025
19.621775
19.632700
19.641500
19.650025
19.658725
19.668475
19.677700
19.687100
19.699950
19.708525
19.718350
19.726950
19.732800
19.738375
19.743425
19.750475
19.755775
19.784925
19.796775
19.813975
19.828625
19.838250
19.861000
19.876325
19.892425
19.916500
19.938475
19.957975
19.974325
19.992200
20.002300
20.012000
20.021725
20.033100
20.042050
20.048450
20.058700
20.065725
20.073225
20.085075
20.092750
20.103275
20.112550
20.121150
20.129475
20.142350
20.150525
20.160450
20.173300
20.190300
20.206775
20.221100
20.238275
20.254575
20.272950
20.292425
20.323575
20.340400
20.356425
20.371000
20.385875
20.400175
20.411475
20.420900
20.427250
20.438875
20.449750
20.462300
20.472250
20.482200
20.492450
20.504325
20.514050
20.525875
20.536100
20.549850
20.562875
20.583250
20.598425
20.613450
20.632975
20.651700
20.672900
20.700550
20.734500
20.756550
20.795425
20.820375
20.852200
20.871700
20.881125
20.893025
20.904700
20.911775
20.919000
20.934850
20.957900
20.967625
20.976375
20.986675
21.000625
21.011325
21.027300
21.042475
21.065475
21.090125
21.115475
21.139375
21.163800
21.192875
21.205075
21.221675
21.231275
21.242250
21.253125
21.263400
21.275925
21.287550
21.305875
21.317650
21.333325
21.367250
21.379575
21.392725
21.407625
21.421475
21.435850
21.449000
21.459500
21.469550
21.480450
21.495675
21.510525
21.522500
21.535050
21.546925
21.556775
21.567575
21.576650
21.583775
21.594125
21.601775
21.612525
21.621825
21.634525
21.645575
21.654875
21.673175
21.684875
21.695300
21.704000
21.712800
21.719675
21.730400
21.745600
21.761100
21.776725
21.790650
21.813175
21.830450
21.855125
21.878550
21.901525
21.917125
21.929900
21.954275
21.967150
21.981500
21.986650
22.004775
22.012750
22.038100
22.046750
22.054700
22.062575
22.067875
22.073150
22.087850
22.094600
22.104725
22.122175
22.131875
22.144950
22.152025
22.158250
22.169250
22.195225
22.208725
22.220900
22.234250
22.245950
22.263425
22.277225
22.289350
22.305750
22.321025
22.338325
22.355900
22.380700
22.400700
22.422225
22.435775
22.447475
22.455975
22.463575
22.474125
22.481900
22.492425
22.499625
22.510050
22.517775
22.524750
22.537150
22.544375
22.552950
22.561075
22.568225
22.585250
22.593575
22.609650
22.618375
22.623825
22.629650
22.640425
22.652725
22.666250
22.684600
22.694925
22.730875
22.778600
22.804175
22.831100
22.852275
22.869300
22.882200
22.890600
22.898300
22.904075
22.909450
22.916025
22.920625
22.925750
22.933100
22.938050
22.943575
22.948450
22.953675
22.958900
22.965675
22.971450
22.976625
22.983175
22.990900
23.008775
23.017075
23.026500
23.037825
23.053775
23.063575
23.073625
23.079575
23.086950
23.095025
23.101100
23.109450
23.121100
23.134175
23.143525
23.151925
23.161100
23.174125
23.186825
23.197075
23.202300
23.213925
23.223850
23.233050
23.241800
23.256175
23.270925
23.282950
23.293125
23.303125
23.314675
23.326500
23.357850
23.375175
23.399500
23.418200
23.442150
23.457425
23.483000
23.497250
23.513625
23.535875
23.546100
23.555325
23.566350
23.573475
23.582750
23.589900
23.597475
23.607400
23.615775
23.624875
23.634700
23.647550
23.666675
23.680125
23.704700
23.720200
23.744450
23.760150
23.778400
23.800450
23.820625
23.848200
23.865575
23.886500
23.907800
23.919250
23.929800
23.938225
23.945050
23.953625
23.974525
23.984475
24.002025
24.008175
24.015275
24.023075
24.032200
24.041250
24.048975
24.058925
24.067200
24.078850
24.097150
24.117000
24.135400
24.153500
24.203250
24.231125
24.255925
24.277775
24.296325
24.315375
24.326375
24.339475
24.357200
24.372350
24.390975
24.403150
24.439600
24.458250
24.470125
24.486500
24.499475
24.510525
24.525275
24.536775
24.545875
24.560000
24.569150
24.578975
24.594100
24.606275
24.615675
24.623500
24.636825
24.647125
24.655250
24.663325
24.669200
24.675650
24.680875
24.686825
24.699225
24.713475
24.722725
24.733200
24.743675
24.752325
24.760050
24.777300
24.787125
24.799400
24.811175
24.820075
24.837375
24.850875
24.863175
24.889775
24.909550
24.924075
24.942875
24.962300
24.979725
25.002175
25.018925
25.047750
25.075850
25.094600
25.105875
25.110850
25.120325
25.135375
25.144450
25.153025
25.158875
25.164050
25.169675
25.175925
25.186200
25.200575
25.207075
25.216000
25.223475
25.232800
25.238200
25.245075
25.252750
25.259975
25.265575
25.275275
25.282000
25.292950
25.301500
25.308525
25.316750
25.325275
25.331975
25.337150
25.353100
25.361200
25.367525
25.373325
25.379900
25.387450
25.396525
25.402825
25.413350
25.421700
25.432850
25.442700
25.451100
25.465225
25.482900
25.497400
25.519875
25.534875
25.554625
25.566075
25.581325
25.589550
25.598375
25.614100
25.621075
25.630700
25.637825
25.638650
25.647450
25.657625
25.666100
25.672700
25.681375
25.693775
25.700725
25.707750
25.714350
25.721550
25.736000
25.744425
25.755475
25.774675
25.795625
25.822825
25.876775
25.889900
25.920900
25.948225
25.964425
25.980150
25.993450
26.002175
26.007175
26.011625
26.018000
26.022550
26.029875
26.037150
26.052250
26.061450
26.068725
26.078675
26.085425
26.107575
26.125250
26.137025
26.150175
26.159750
26.167850
26.183925
26.200925
26.214350
26.227950
26.246925
26.267350
26.294900
26.305150
26.320975
26.335525
26.346875
26.358650
26.373100
26.386850
26.402025
26.418175
26.431325
26.442325
26.452025
26.460000
26.472725
26.485800
26.503825
26.529425
26.551325
26.562125
26.576225
26.585975
26.597350
26.610375
26.625925
26.646875
26.658225
26.669275
26.682900
26.696875
26.710850
26.723775
26.736200
26.748350
26.759475
26.769050
26.778400
26.799725
26.810700
26.824775
26.838300
26.852250
26.865050
26.879650
26.890975
26.906200
26.918825
26.946600
26.969825
26.988600
27.006775
27.022750
27.046200
27.064625
27.085425
27.104625
27.128500
27.142125
27.152275
27.166575
27.178825
27.188450
27.196375
27.201550
27.211675
27.219875
27.226775
27.234975
27.243400
27.251950
27.266900
27.279025
27.306750
27.318575
27.319500
27.329375
27.345350
27.356550
27.366600
27.378975
27.389375
27.407800
27.419225
27.434075
27.470700
27.486175
27.498800
27.509050
27.517300
27.524575
27.533500
27.540200
27.547400
27.555825
27.560425
27.569950
27.576775
27.588750
27.596275
27.604700
27.612600
27.619100
27.624700
27.638400
27.653400
27.665225
27.671100
27.677750
27.682700
27.696975
27.702475
27.709450
27.716325
27.724925
27.735800
27.749825
27.762125
27.783575
27.798400
27.813150
27.830575
27.845200
27.871550
27.886225
27.902325
27.941350
27.959300
27.970775
27.996025
28.005625
28.013050
28.018975
28.026275
28.032925
28.037975
28.046700
28.057275
28.063525
28.077675
28.083150
28.088675
28.095150
28.106875
28.113200
28.119000
28.123650
28.128025
28.134725
28.140225
28.154150
28.161850
28.168475
28.175175
28.188125
28.196525
28.206575
28.216800
28.224300
28.248475
28.268025
28.287850
28.296900
28.309375
28.322450
28.336700
28.347250
28.356375
28.368325
28.385025
28.400650
28.415650
28.427700
28.441875
28.453800
28.469250
28.516875
28.531750
28.541325
28.554900
28.566925
28.575975
28.583475
28.589775
28.605550
28.611275
28.618650
28.625625
28.632500
28.640475
28.648400
28.654775
28.661350
28.670700
28.675800
28.684875
28.695775
28.702750
28.708950
28.717375
28.725475
28.731025
28.739275
28.748550
28.756525
28.763125
28.774850
28.782825
28.793250
28.801725
28.812675
28.822400
28.837450
28.856150
28.872500
28.895675
28.921000
28.941050
28.971025
28.998075
29.030025
29.056375
29.089700
29.111600
29.123250
29.136550
29.158675
29.171275
29.190025
29.207600
29.223600
29.246175
29.270025
29.280000
29.307275
29.344950
29.361725
29.381500
29.388025
29.393950
29.400775
29.409225
29.420525
29.427625
29.460175
29.468875
29.477425
29.483575
29.506050
29.515625
29.524400
29.532500
29.548325
29.554675
29.562700
29.574325
29.588850
29.598575
29.605650
29.612625
29.619225
29.626375
29.634225
29.648300
29.654825
29.659550
29.667375
29.673250
29.682100
29.688600
29.699950
29.707300
29.725125
29.753525
29.800700
29.816525
29.833100
29.860525
29.909225
29.919100
29.929825
29.937075
29.973325
29.979800
29.986650
