0.001150
0.012150
0.097075
0.119475
0.189075
0.351075
0.376425
0.417450
0.527025
0.796475
0.865725
0.871050
0.996350
1.100275
1.173100
1.309800
1.327750
1.358500
1.392875
1.466225
1.573925
1.585275
1.630875
1.670300
1.713600
1.800450
1.848725
1.879850
1.953425
1.974950
2.101300
2.253125
2.297050
2.307375
2.325375
2.385200
2.473250
2.483450
2.492225
2.526000
2.537475
2.632100
2.672900
2.870050
2.999600
3.034050
3.073050
3.222225
3.346050
3.445225
3.600475
3.620275
3.647650
3.713175
3.773050
3.793275
3.866950
3.952975
4.074125
4.154700
4.188200
4.201850
4.291750
4.297800
4.309175
4.527125
4.606950
4.636100
4.793625
4.874925
5.040625
5.229800
5.240050
5.362200
5.386575
5.446625
5.481450
5.487525
5.497900
5.508375
5.559400
5.591800
5.643225
5.704700
5.852375
5.873525
5.980300
6.047550
6.070200
6.131425
6.180375
6.198500
6.228775
6.262200
6.307000
6.325425
6.473300
6.506925
6.515450
6.566425
6.597650
6.655200
6.670225
6.788000
6.803425
6.820575
6.879700
6.901075
7.096400
7.114900
7.267475
7.364700
7.378075
7.433575
7.459225
7.698475
7.805325
7.853575
7.953350
7.985450
8.017600
8.117525
8.133775
8.137700
8.207200
8.359650
8.380225
8.439775
8.467975
8.525450
8.626050
8.637750
8.693850
8.747650
8.945750
8.957900
8.986900
9.007075
9.133025
9.167600
9.226100
9.259175
9.265250
9.284375
9.331825
9.391775
9.450250
9.460525
9.533425
9.539100
9.552800
9.622125
9.712300
9.783050
9.829325
9.929100
9.992150
10.005625
10.018675
10.098475
10.139275
10.156475
10.193650
10.273025
10.481975
10.539750
10.613150
10.643775
10.832275
10.837225
10.842700
10.848975
10.874525
11.036100
11.131600
11.141925
11.247625
11.264675
11.485275
11.554525
11.728350
11.884350
11.961850
11.989675
12.220775
12.242525
12.269125
12.392650
12.424475
12.472275
12.604400
12.613500
12.624650
12.665825
12.675950
12.691475
12.735775
12.924775
13.017075
13.068875
13.105675
13.165125
13.211275
13.341600
13.470925
13.668175
13.762625
13.816475
14.045050
14.158400
14.503525
14.551650
14.692925
14.836350
14.868825
15.013600
15.173125
15.321500
15.398075
15.436800
15.581200
15.589625
15.604825
15.740950
15.756175
15.775575
15.832100
15.905325
15.946650
16.072775
16.088575
16.109500
16.126400
16.152325
16.182100
16.201300
16.262225
16.387825
16.433575
16.505925
16.543750
16.595925
16.645700
16.856850
17.036725
17.076800
17.116725
17.182650
17.221725
17.230600
17.280150
17.306475
17.360100
17.496325
17.560900
17.584400
17.646750
17.673550
17.676575
17.768100
17.894300
18.042025
18.052350
18.093025
18.122550
18.134825
18.164475
18.250275
18.421450
18.429125
18.472650
18.493925
18.546900
18.592650
19.000400
19.012125
19.198350
19.236000
19.253825
19.358750
19.472025
19.487675
19.599450
19.723350
19.755275
19.793650
19.866500
19.891825
19.982925
20.019225
20.080975
20.199025
20.237875
20.373625
20.387100
20.471450
20.482950
20.692700
20.744450
20.761250
20.775150
20.927400
21.138825
21.162800
21.229750
21.352550
21.668300
21.752725
21.799550
21.838975
21.904850
22.017075
22.035350
22.597425
22.645775
22.777250
22.800400
22.920175
22.951575
22.981050
23.019800
23.038700
23.266175
23.290825
23.319100
23.352725
23.457200
23.536950
23.746625
23.892400
24.039775
24.082500
24.121600
24.139525
24.511600
24.646975
24.654525
24.725425
25.004875
25.008075
25.034350
25.051750
25.066525
25.091350
25.478950
25.544950
25.631050
25.781800
25.872500
25.889600
25.958075
25.980375
26.009000
26.037475
26.068600
26.142525
26.153850
26.200900
26.349200
26.396825
26.762425
26.911650
26.924275
26.980300
27.297950
27.318450
27.537225
27.593350
27.669200
27.721025
27.784775
27.861775
27.994825
28.184850
28.379750
28.418750
28.600775
28.663250
28.753425
28.799175
28.867475
29.070375
29.076875
29.223575
29.276650
29.388250
29.422975
29.446350
29.455450
29.678250
29.700250
29.833050
29.880150
29.906975
29.915825
29.922550
29.944000
