0.019000
0.035975
0.077900
0.095900
0.132125
0.251825
0.392400
0.426900
0.452850
0.581700
0.616600
0.726450
0.778975
0.802325
0.815175
0.831950
0.844400
0.882475
0.934225
0.960225
1.035825
1.045675
1.063850
1.132750
1.260625
1.274650
1.366375
1.393550
1.425800
1.468225
1.509975
1.533375
1.596825
1.653400
1.674150
1.777000
1.818375
1.851375
1.863575
1.880600
1.923000
1.933150
1.958150
2.059400
2.079275
2.161725
2.182825
2.214500
2.319050
2.381350
2.386275
2.563850
2.717625
2.758325
2.851375
2.941825
2.961525
3.100600
3.138025
3.169350
3.205475
3.239525
3.257325
3.351425
3.541725
3.577200
3.630525
3.653650
3.679475
3.732125
3.853550
3.886800
3.913350
3.942325
3.991575
4.035600
4.054925
4.080250
4.145400
4.216475
4.297500
4.318800
4.344625
4.366375
4.381850
4.413600
4.414750
4.415750
4.449875
4.467900
4.558725
4.641300
4.681925
4.760100
4.788050
4.802725
4.850875
4.883150
4.900550
4.920150
4.969825
4.990925
5.055400
5.142150
5.235025
5.236600
5.284900
5.376225
5.411875
5.436925
5.553950
5.621325
5.765450
5.812200
5.880650
5.894700
5.934650
5.949475
5.960825
5.971300
5.985525
6.051575
6.068400
6.088950
6.213575
6.304050
6.392100
6.436500
6.477825
6.524950
6.673650
6.712575
6.823575
6.865600
6.906725
6.924775
7.027400
7.136125
7.190525
7.266850
7.313225
7.371450
7.420850
7.474325
7.511175
7.533775
7.561900
7.579675
7.601450
7.620150
7.713475
7.740925
7.772050
7.815350
7.912200
7.961875
7.976175
8.008325
8.023375
8.024975
8.038075
8.071700
8.117400
8.276500
8.281650
8.310575
8.340050
8.429925
8.499075
8.500975
8.534375
8.599825
8.658675
8.745975
8.776075
8.848900
8.855750
8.867225
8.908900
8.922475
9.044225
9.065900
9.105800
9.195200
9.303450
9.330625
9.351425
9.404325
9.598975
9.611575
9.678375
9.690725
9.705850
9.744725
9.810800
9.875425
9.935050
10.001950
10.003725
10.061625
10.082600
10.235550
10.258450
10.299200
10.459475
10.493900
10.603600
10.723925
10.767425
10.827550
10.866475
10.905875
11.004725
11.107875
11.127200
11.144725
11.163475
11.195150
11.220725
11.364500
11.427050
11.451475
11.471025
11.604100
11.651550
11.676950
11.683800
11.853625
11.909875
11.940775
11.958025
12.089400
12.128500
12.243525
12.316675
12.371850
12.417750
12.501850
12.531375
12.555750
12.600000
12.618750
12.657900
12.709775
12.726850
12.751550
12.771600
12.789075
12.808375
12.830975
12.904775
12.997825
13.070225
13.274450
13.298350
13.335775
13.353550
13.554775
13.633000
13.655275
13.677700
13.761450
13.878025
14.046500
14.072125
14.117400
14.144450
14.233800
14.280925
14.324900
14.348025
14.370025
14.425925
14.485950
14.552750
14.574200
14.621800
14.725975
14.762000
14.796775
14.833400
14.913100
14.930125
14.976725
14.980900
15.160750
15.187800
15.241175
15.298250
15.331725
15.345000
15.524025
15.558275
15.692950
15.736675
15.796325
15.925200
15.977075
16.103375
16.146675
16.177925
16.188075
16.244225
16.280400
16.526800
16.555050
16.575125
16.675600
16.739400
16.817300
16.886125
16.930300
16.940450
16.958075
16.977525
16.988575
17.042925
17.083750
17.102850
17.117625
17.137750
17.238775
17.249650
17.267125
17.358425
17.408700
17.428250
17.478350
17.495925
17.504450
17.628350
17.645950
17.722875
17.770725
17.791750
17.829575
17.858125
17.918000
18.032225
18.075875
18.253200
18.263075
18.314825
18.354425
18.413325
18.456975
18.460550
18.483925
18.542125
18.605075
18.623175
18.625275
18.648125
18.669975
18.693475
18.764200
18.785200
18.831000
19.127950
19.224200
19.247700
19.287125
19.307100
19.324750
19.338100
19.376150
19.391925
19.421275
19.424025
19.499525
19.535350
19.553850
19.575050
19.578950
19.619025
19.640075
19.683025
19.764075
19.797975
19.816300
19.864350
19.882950
19.938225
20.020750
20.038400
20.061300
20.086650
20.125750
20.144075
20.232625
20.287450
20.356300
20.399800
20.412225
20.423975
20.451225
20.467300
20.486950
20.530500
20.569550
20.589200
20.614000
20.643750
20.696500
20.739775
20.750625
20.811325
20.849325
20.910400
20.949775
21.061400
21.204725
21.242400
21.254500
21.274325
21.290475
21.309075
21.338675
21.389875
21.435575
21.465150
21.493725
21.514500
21.546950
21.641525
21.694400
21.709400
21.720850
21.747225
22.024675
22.072925
22.159750
22.179775
22.223100
22.258325
22.288825
22.297100
22.304950
22.336675
22.432450
22.444725
22.620675
22.629075
22.643800
22.676100
22.691275
22.705350
22.727025
22.766375
23.175700
23.190175
23.212575
23.282825
23.291000
23.306825
23.374500
23.404675
23.625225
23.714425
23.730375
23.818975
23.855225
23.867225
23.893950
23.964750
23.981850
24.047000
24.108100
24.144300
24.178350
24.242175
24.315800
24.334775
24.348550
24.366900
24.439200
24.496825
24.694075
24.761025
24.763725
24.806975
24.833550
24.853475
24.875025
24.903325
24.951750
24.963025
24.983950
24.997275
25.092950
25.127575
25.162400
25.193525
25.214975
25.232275
25.368550
25.386875
25.585975
25.642850
25.681825
25.880075
25.916525
25.934400
25.945550
25.957325
25.973675
25.990975
26.020375
26.067525
26.108950
26.164675
26.208775
26.305450
26.368250
26.409250
26.524550
26.561550
26.598275
26.638125
26.695525
26.708175
26.718100
26.740950
26.797425
26.859600
27.021075
27.142875
27.202600
27.252825
27.331175
27.332725
27.444000
27.579550
27.912675
28.114225
28.168400
28.244925
28.272675
28.312025
28.327175
28.372150
28.401275
28.410250
28.430750
28.442025
28.673625
28.741600
28.819100
28.852375
28.986550
29.207500
29.223200
29.257775
29.278375
29.288450
29.319700
29.414400
29.470775
29.555500
29.561175
29.766625
29.857050
29.882650
29.900225
