0.307575
0.361625
0.888075
0.929400
0.956750
1.010850
1.162925
1.363825
1.454325
1.481275
1.721675
1.775650
1.968125
2.195750
2.439100
2.458900
2.561325
2.732550
2.821350
2.823700
2.921625
2.954650
3.011175
3.026400
3.168500
3.298200
3.392275
3.425100
3.449825
3.522775
3.546850
3.567425
3.597950
3.625850
4.345325
4.525750
4.610275
5.038250
5.154350
5.410025
5.572550
5.848150
5.910175
5.991875
6.045925
6.236325
6.516725
6.785025
6.813375
6.818475
6.857375
6.873250
6.960425
6.963800
7.492300
7.635500
7.717575
7.788825
7.844200
7.936625
8.253600
8.286350
8.295975
8.479200
8.576275
8.631625
8.763150
8.842350
8.900800
9.359550
9.748025
9.764800
9.839275
9.978450
9.989900
10.193600
10.205275
10.456025
10.978450
11.207850
11.586525
11.627025
11.775225
12.054850
12.085100
12.185325
12.284275
12.538000
12.594725
12.597550
12.667275
12.701725
12.762025
12.771075
13.509950
13.736100
13.867350
14.083000
14.135025
14.162975
14.395600
14.549800
14.723950
14.863925
14.938300
15.028400
15.139600
15.227475
15.466325
15.502475
15.887900
16.200350
16.233525
16.502350
16.548650
16.712100
16.990175
17.071150
17.429225
17.862075
18.099250
18.162850
18.403275
18.612475
18.631100
18.680300
19.103925
19.415900
19.604075
19.670950
19.764300
19.800650
19.934750
20.023450
20.038375
20.317175
20.333625
20.444200
20.604100
20.985000
21.018075
21.132100
21.445800
21.564225
22.195125
22.527800
22.669900
22.906350
23.771750
23.846025
24.258925
24.341325
24.504475
24.653725
24.668550
24.802175
25.047050
25.084675
25.441925
25.634825
25.686625
26.109625
26.356850
26.660150
26.677275
26.712050
26.760100
26.788550
26.981575
27.061225
27.399800
27.428600
27.720525
27.819775
27.833200
27.894225
28.226600
28.259575
28.296800
28.323225
28.758850
28.975400
29.013575
29.183125
29.185425
29.276750
29.321500
29.755775
29.782000
29.851150
29.939250
