0.018875
0.073800
0.209200
0.273950
0.371525
0.463875
0.532125
0.697225
0.762175
0.792575
0.815925
0.843025
0.857950
0.901775
0.918625
0.935325
0.949600
1.014250
1.118375
1.225475
1.247875
1.272550
1.376375
1.418800
1.502100
1.537925
1.608125
1.661950
1.698000
1.766175
1.808975
1.812025
1.845525
1.932775
2.056475
2.143800
2.271425
2.403100
2.435925
2.484925
2.567950
2.620250
2.656425
2.745600
2.840000
2.865350
2.980850
2.995275
3.074400
3.092250
3.229925
3.334700
3.429775
3.645100
3.677800
3.694200
3.768775
3.882250
3.959075
3.992725
4.078950
4.231600
4.252825
4.262725
4.324225
4.360200
4.465600
4.511925
4.582400
4.599725
4.630425
4.743225
4.894375
5.029000
5.064425
5.154125
5.182900
5.241775
5.276750
5.396500
5.437075
5.448175
5.487475
5.540300
5.557025
5.636125
5.654200
5.671800
5.752050
5.800825
5.827900
5.840900
5.874650
6.128300
6.180425
6.254275
6.273575
6.287975
6.321550
6.345625
6.444800
6.502950
6.526600
6.649700
6.709625
6.755525
6.837900
6.995675
7.019500
7.106325
7.156325
7.202600
7.460675
7.524775
7.562125
7.570450
7.603350
7.670900
7.726850
7.765850
7.795000
7.962725
7.993825
8.003875
8.088600
8.164200
8.214025
8.254150
8.272000
8.351975
8.431575
8.595175
8.616950
8.647575
8.754950
8.959200
9.003025
9.134225
9.265350
9.338075
9.387050
9.433200
9.524625
9.671850
9.751800
9.799550
9.877600
9.916500
10.004475
10.024300
10.043350
10.069475
10.119125
10.145075
10.187475
10.215400
10.236475
10.255475
10.271375
10.354350
10.501125
10.609750
10.637225
10.690575
10.784800
10.800425
10.828200
10.867175
11.009775
11.064200
11.093525
11.167225
11.242350
11.287300
11.313950
11.368750
11.406350
11.451325
11.506600
11.577225
11.595150
11.756350
11.787400
11.810175
11.856400
11.967125
12.059475
12.101750
12.174575
12.227875
12.288700
12.407750
12.490700
12.695950
12.714650
12.782725
12.940400
12.999450
13.028850
13.117975
13.141100
13.227450
13.282350
13.349100
13.498300
13.537775
13.550900
13.589775
13.642575
13.664125
13.740475
13.805675
13.839125
13.902950
13.999100
14.040325
14.112500
14.127475
14.168875
14.224200
14.253200
14.313175
14.375300
14.411225
14.438350
14.490525
14.562375
14.668650
14.780675
14.879525
14.914450
14.957725
14.983575
15.045100
15.119200
15.163675
15.252350
15.320300
15.420700
15.485775
15.579175
15.638950
15.653075
15.684725
15.709875
15.907800
15.923350
15.965575
16.031100
16.044775
16.060450
16.113475
16.127425
16.198350
16.247625
16.277850
16.467200
16.508575
16.532000
16.599450
16.623525
16.717950
16.728050
16.775650
16.883100
16.948100
17.005175
17.048525
17.060200
17.089350
17.151750
17.250600
17.275775
17.357700
17.401925
17.440300
17.500500
17.509375
17.622700
17.671025
17.763875
17.772100
17.943775
18.007875
18.128550
18.185125
18.217425
18.369500
18.431550
18.493800
18.533075
18.617400
18.648700
18.687275
18.689950
18.706475
18.726700
18.837100
18.976300
19.035550
19.155250
19.252100
19.298325
19.325800
19.403225
19.587575
19.606650
19.616150
19.663700
19.729650
19.824600
19.853575
19.915825
20.039725
20.083650
20.243900
20.346375
20.470050
20.569450
20.585950
20.616325
20.702825
20.768225
20.788850
20.808250
20.914575
20.947825
21.057900
21.099825
21.182150
21.212000
21.290075
21.394550
21.462325
21.517200
21.568700
21.588400
21.683075
21.816875
21.879350
21.961625
22.138100
22.245450
22.443650
22.514275
22.596900
22.643475
22.724625
22.773425
22.917825
22.954325
23.039550
23.092450
23.138675
23.229225
23.261550
23.365500
23.409025
23.458325
23.516900
23.628450
23.812800
23.918475
23.964025
23.976475
24.042150
24.074175
24.180750
24.283925
24.343575
24.378175
24.402900
24.541825
24.565925
24.587525
24.681925
24.861300
24.924925
24.939500
24.962975
25.012775
25.073450
25.168575
25.208025
25.252550
25.285800
25.340775
25.382650
25.461450
25.570800
25.643925
25.664925
25.837325
25.866175
25.870625
25.911675
26.024275
26.131550
26.154800
26.214575
26.247975
26.288550
26.335625
26.511750
26.618850
26.657325
26.707125
26.757275
26.814900
26.934725
26.985175
27.030200
27.244500
27.264850
27.356200
27.461375
27.504325
27.617075
27.672350
27.746800
27.841000
27.885050
27.976650
28.010000
28.176025
28.235025
28.290025
28.353500
28.449400
28.560775
28.612625
28.689550
28.783825
28.795875
28.814475
28.827700
28.908000
28.968175
28.994600
29.017100
29.148450
29.167125
29.195175
29.232600
29.302300
29.392300
29.393425
29.427725
29.490400
29.520575
29.734900
29.761825
29.782500
29.851850
29.878450
29.912050
29.998000
