0.113050
0.124825
0.133525
0.146600
0.151800
0.161325
0.181800
0.197350
0.219350
0.266625
0.397275
0.433050
0.499225
0.542375
0.689850
0.748100
0.798025
0.806575
0.860225
0.881425
0.918150
0.928325
0.955100
0.966350
0.977550
1.076800
1.088975
1.097125
1.113750
1.125950
1.133375
1.223825
1.395725
1.424575
1.449600
1.464650
1.476950
1.508800
1.559350
1.596375
1.607350
1.622375
1.647900
1.691425
1.704875
1.759250
1.793850
2.095250
2.130725
2.169500
2.180500
2.197575
2.205700
2.213550
2.253850
2.349500
2.379650
2.402125
2.438450
2.480075
2.545550
2.586000
2.658075
2.738125
2.784750
2.817650
2.856775
2.910000
2.953700
2.985025
3.001400
3.029700
3.041400
3.051450
3.129325
3.154550
3.240625
3.409900
3.432450
3.443525
3.462475
3.469500
3.479300
3.486400
3.507675
3.740425
3.763375
3.774775
3.799225
3.813675
3.829725
3.880375
3.973925
4.013825
4.020550
4.026375
4.034100
4.040050
4.054850
4.186250
4.311300
4.380525
4.460725
4.493200
4.508025
4.686775
4.713350
4.749625
4.773525
4.788650
4.826850
5.002675
5.014725
5.019425
5.023775
5.035950
5.051275
5.111600
5.147675
5.157775
5.255225
5.294525
5.307675
5.352525
5.405050
5.451875
5.479325
5.499300
5.506225
5.517225
5.590925
5.620300
5.641675
5.650225
5.660000
5.689625
5.757975
5.796725
5.821300
5.881525
5.932550
5.966750
5.975675
5.983600
5.993600
6.006725
6.031800
6.067300
6.087150
6.094325
6.389825
6.453950
6.473925
6.516800
6.535750
6.546550
6.583000
6.612925
6.626050
6.654150
6.666650
6.697600
6.737775
6.850200
6.928275
6.954975
6.999100
7.017325
7.026950
7.037825
7.081450
7.096250
7.201750
7.226725
7.389550
7.449325
7.472000
7.482925
7.491125
7.498750
7.506425
7.511575
7.527650
7.539300
7.582750
7.592600
7.618475
7.696750
7.709500
7.731975
7.982975
7.992775
8.001225
8.008000
8.017325
8.024550
8.033850
8.090350
8.109175
8.196925
8.211525
8.227300
8.322450
8.402650
8.430150
8.522175
8.592825
8.616000
8.638300
8.681325
8.694575
8.740525
8.763825
8.784800
9.030900
9.078525
9.102350
9.123650
9.207175
9.375550
9.389125
9.401200
9.408400
9.421375
9.430925
9.455000
9.526425
9.542450
9.561050
9.589975
9.610175
9.623825
9.658900
9.704600
9.794925
9.966775
9.993600
10.032175
10.057950
10.077600
10.127000
10.154675
10.352350
10.411525
10.438250
10.466650
10.492800
10.523975
10.575550
10.754425
10.818075
10.834450
10.890000
10.919500
10.967500
11.038725
11.124925
11.147850
11.180550
11.238425
11.296625
11.453900
11.476675
11.501300
11.512975
11.540325
11.545900
11.563400
11.581850
11.589575
11.601825
11.623075
11.708700
11.764475
11.978425
12.046575
12.064125
12.076300
12.092275
12.110125
12.165525
12.352550
12.395400
12.500800
12.512975
12.522650
12.534300
12.554475
12.572725
12.602325
12.616075
12.652025
12.675425
12.748525
12.776625
12.791550
12.810500
12.853275
12.876000
12.930800
12.974475
12.991550
13.021100
13.049950
13.105200
13.128750
13.145150
13.248250
13.274650
13.330300
13.430025
13.459575
13.565800
13.638525
13.657900
13.685750
13.697275
13.706200
13.749225
13.920625
13.949575
13.982125
14.007225
14.029800
14.063650
14.090500
14.112750
14.144125
14.166500
14.489800
14.521950
14.580550
14.594450
14.620125
14.677475
14.685325
14.735250
14.886700
14.961975
15.001775
15.034175
15.050075
15.067700
15.080225
15.092875
15.115600
15.154775
15.192150
15.254200
15.281000
15.303800
15.315000
15.350550
15.359625
15.369225
15.383000
15.394450
15.438350
15.483575
15.504475
15.530850
15.620775
15.671750
15.730675
15.770750
15.779125
15.786275
15.794350
15.799600
15.805625
15.813075
15.816850
15.826375
15.831650
15.848350
15.859325
15.868250
15.874900
15.888650
15.898150
15.922300
15.966300
15.985050
15.999725
16.014700
16.022600
16.031825
16.061950
16.103625
16.116900
16.127775
16.140275
16.149700
16.163875
16.191850
16.228300
16.257250
16.276275
16.284975
16.336750
16.386950
16.413750
16.420825
16.558925
16.585450
16.604700
16.679050
16.872375
16.908275
16.923150
16.944575
16.980825
17.101050
17.125875
17.276350
17.291600
17.305625
17.315550
17.324125
17.354325
17.366975
17.381050
17.424600
17.449075
17.495250
17.536025
17.603200
17.639450
17.769125
17.821850
17.842350
17.864575
17.891425
17.927525
17.942800
17.975075
17.991625
18.016300
18.056300
18.094150
18.250025
18.287100
18.294675
18.299450
18.333575
18.356000
18.604950
18.640900
18.674425
18.693850
18.730525
18.771150
18.918950
18.956375
18.973725
18.982850
19.028550
19.047125
19.131000
19.165650
19.228100
19.255800
19.273525
19.285325
19.293525
19.307325
19.309925
19.349950
19.398700
19.410725
19.425225
19.442700
19.461450
19.489550
19.519175
19.626475
19.717275
19.764825
19.783525
19.788000
19.807450
19.811050
19.828125
19.833475
19.842450
19.853825
19.881850
20.140525
20.161750
20.174350
20.184525
20.192725
20.207475
20.216300
20.220500
20.245400
20.255525
20.261000
20.275525
20.320150
20.354875
20.372800
20.394950
20.414775
20.659225
20.706850
20.729950
20.740600
20.760600
20.775625
20.790250
20.821350
20.851475
20.965625
21.011300
21.031300
21.057650
21.065875
21.086175
21.097000
21.112525
21.131750
21.407500
21.439625
21.476075
21.491800
21.502475
21.520075
21.526725
21.540750
21.547375
21.553025
21.575975
21.587050
21.617675
21.691750
21.751825
21.771400
21.840675
21.939875
21.985050
22.023100
22.045175
22.099725
22.123200
22.152775
22.187900
22.244200
22.280950
22.365775
22.451875
22.469200
22.502000
22.514500
22.523525
22.543125
22.555250
22.568075
22.579300
22.695825
22.736725
22.764825
22.799650
22.813450
22.826150
22.857050
22.880800
22.894850
22.965975
23.044975
23.158825
23.186075
23.213700
23.308900
23.331950
23.364700
23.380525
23.406700
23.459900
23.469275
23.478350
23.514125
23.537400
23.785500
23.799550
23.810650
23.816475
23.835325
23.884200
23.902125
23.925200
23.974175
24.044725
24.239550
24.264450
24.267125
24.278125
24.554875
24.583850
24.716300
24.747750
24.777075
24.790900
24.820675
24.838775
24.852750
25.211900
25.260300
25.270725
25.295025
25.303000
25.326425
25.336675
25.347000
25.355675
25.371925
25.401150
25.424275
25.474575
25.582225
25.625450
25.822250
25.848025
25.985400
26.029800
26.044750
26.080675
26.111775
26.133975
26.389000
26.457225
26.544400
26.612850
26.677575
26.719625
26.752825
26.908975
26.932900
26.973075
27.141375
27.175150
27.211450
27.251100
27.301100
27.320375
27.341675
27.372075
27.431225
27.489475
27.591225
27.604425
27.634000
27.675450
27.699650
27.710925
27.746950
27.829525
27.919750
27.929675
27.959150
28.029725
28.052075
28.068750
28.078725
28.084100
28.105000
28.110500
28.118800
28.123600
28.163000
28.200300
28.223275
28.265200
28.387325
28.419450
28.442025
28.456300
28.470725
28.511150
28.542850
28.581675
28.604900
28.661450
28.682000
28.696025
28.706725
28.719400
28.728025
28.749625
28.774600
28.835200
28.849600
28.867850
28.887225
28.923000
29.189825
29.218125
29.294975
29.334125
29.356975
29.386375
29.413325
29.628650
29.734425
29.792225
29.834375
29.851500
29.892200
29.907525
29.920350
29.963800
