0.010050
0.068675
0.109700
0.176575
0.376275
0.452450
0.482300
0.507100
0.518050
0.541200
0.551300
0.576200
0.654350
0.704625
0.928650
0.954825
1.025250
1.041775
1.069750
1.116825
1.137850
1.162700
1.172950
1.192150
1.274550
1.314225
1.333725
1.378900
1.410450
1.453925
1.474650
1.518825
1.549100
1.736450
1.771550
1.791775
1.839650
1.872375
1.895875
2.076775
2.099375
2.122675
2.140950
2.175450
2.193200
2.215850
2.235575
2.423250
2.465850
2.519950
2.535375
2.563825
2.593575
2.634175
2.663325
2.796900
2.817125
2.839275
2.874450
2.898550
2.923700
2.951975
2.972950
3.030375
3.130950
3.176450
3.217800
3.253775
3.278800
3.317800
3.358275
3.392125
3.439800
3.486100
3.513100
3.540025
3.570300
3.604925
3.683400
3.784325
3.837975
3.878100
3.911900
3.975050
4.023325
4.076325
4.094450
4.116450
4.146100
4.212675
4.266025
4.286025
4.310575
4.330275
4.357500
4.375600
4.393125
4.422000
4.440175
4.464000
4.494025
4.646150
4.668525
4.707450
4.743825
4.810325
4.886850
4.962900
5.008800
5.032075
5.058275
5.125725
5.183450
5.227975
5.266300
5.311650
5.385950
5.409025
5.439325
5.462025
5.481500
5.510075
5.530100
5.584650
5.655325
5.766250
5.804125
5.837275
5.884350
5.964250
6.002700
6.071700
6.152250
6.181450
6.238825
6.292075
6.335925
6.366925
6.381025
6.409325
6.440875
6.478975
6.517250
6.587650
6.659225
6.694275
6.720425
6.737425
6.762675
6.776000
6.787700
6.804325
6.875950
7.124000
7.170425
7.203825
7.246225
7.259225
7.282100
7.292900
7.309175
7.322625
7.339425
7.354875
7.373050
7.387775
7.402600
7.427775
7.568600
7.587000
7.610600
7.630425
7.651725
7.671225
7.684325
7.743400
7.777225
7.814725
7.945875
7.967400
7.987575
8.013950
8.035725
8.058925
8.076950
8.121725
8.183125
8.310000
8.370125
8.407500
8.471100
8.537125
8.581450
8.862150
8.911500
8.939375
8.959100
8.982775
9.012450
9.039650
9.086400
9.128625
9.217100
9.283875
9.321650
9.360100
9.401100
9.428425
9.456875
9.469375
9.492675
9.514875
9.545725
9.596775
9.724425
9.757675
9.801200
9.821900
9.834450
9.869300
9.911225
9.934050
9.963825
9.990025
10.019375
10.048425
10.145675
10.231100
10.349475
10.370475
10.393700
10.416775
10.431350
10.451825
10.491575
10.511350
10.531625
10.550800
10.632675
10.676200
10.710550
10.733750
10.755425
10.800500
10.831875
10.860150
10.897700
10.925350
11.006500
11.049075
11.093950
11.119500
11.137125
11.151775
11.167000
11.188625
11.229850
11.282075
11.344675
11.383375
11.412175
11.461125
11.479250
11.498900
11.511825
11.530800
11.558325
11.572275
11.598100
11.616875
11.633625
11.643975
11.663125
11.789850
11.929825
12.060500
12.135775
12.155825
12.183300
12.203850
12.220775
12.247175
12.262950
12.286175
12.318825
12.474050
12.502275
12.545175
12.579775
12.607300
12.661925
12.711500
12.738000
12.764050
12.855300
12.924775
12.957125
12.985975
13.016300
13.068375
13.101850
13.122600
13.158500
13.165600
13.178550
13.193625
13.219425
13.253925
13.268375
13.287025
13.307900
13.412100
13.450825
13.484625
13.698225
13.731850
13.748425
13.780350
13.790450
13.815175
13.838775
13.857475
13.868600
13.885800
13.900325
13.940150
14.059075
14.121925
14.146825
14.177950
14.229050
14.271350
14.361900
14.398350
14.463750
14.495475
14.534875
14.575450
14.652875
14.675600
14.756800
14.859275
14.894950
14.941725
14.978225
15.013250
15.055425
15.068275
15.098000
15.122825
15.153750
15.187700
15.206900
15.233775
15.269900
15.322525
15.412125
15.431975
15.446175
15.471750
15.495525
15.521500
15.550200
15.580050
15.597050
15.728575
15.769700
15.846600
15.886600
15.917125
15.936600
15.982400
16.269350
16.303925
16.331500
16.344675
16.352750
16.377200
16.397625
16.413725
16.421800
16.434475
16.477125
16.485925
16.515500
16.610475
16.657200
16.673950
16.720100
16.742500
16.758450
16.779275
16.796825
16.810925
16.827625
16.839900
16.858875
17.153575
17.229600
17.278875
17.298775
17.339250
17.369900
17.410750
17.430525
17.457850
17.480750
17.507850
17.562750
17.726575
17.956425
18.136625
18.228675
18.263375
18.284350
18.302375
18.329875
18.346775
18.371325
18.392875
18.408150
18.435650
18.459325
18.476925
18.492625
18.644275
18.732000
18.840400
18.903200
18.929650
18.943025
18.958625
18.973825
18.989250
19.007800
19.029400
19.042700
19.065175
19.082775
19.095500
19.264775
19.297850
19.348400
19.443600
19.472650
19.506575
19.518350
19.534225
19.566925
19.600925
19.623475
19.654775
19.695250
19.843700
19.880725
19.901600
19.950750
19.982450
20.019750
20.260450
20.303975
20.359950
20.389200
20.411025
20.438925
20.459575
20.485150
20.503625
20.514050
20.544700
20.578525
20.690800
20.716525
20.751575
20.788725
20.815450
20.845275
20.870500
20.933125
20.995225
21.015350
21.137075
21.223825
21.287700
21.325350
21.374750
21.636250
21.761125
21.792825
21.815950
21.867775
21.938925
22.044300
22.076325
22.149950
22.205550
22.262575
22.305225
22.332625
22.347550
22.413350
22.450475
22.490450
22.526400
22.703500
22.735125
22.756500
22.775150
22.795950
22.822275
22.851025
22.870375
22.897375
22.920750
22.943250
22.970100
23.072975
23.099600
23.123000
23.193975
23.232750
23.289450
23.318125
23.342300
23.385725
23.433550
23.459750
23.475300
23.492150
23.510000
23.525800
23.546675
23.580200
23.595300
23.623850
23.650075
24.082800
24.115775
24.139825
24.170375
24.191950
24.214975
24.234675
24.254425
24.266675
24.281950
24.290175
24.316950
24.331250
24.487225
24.527900
24.579825
24.614350
24.642600
24.668250
24.695125
24.722550
24.743925
24.755725
24.772525
24.875350
24.914325
25.007300
25.041475
25.091600
25.217625
25.238250
25.286250
25.328125
25.371800
25.424675
25.455575
25.512975
25.547200
25.623250
25.644725
25.663500
25.689975
25.722650
25.740600
25.856925
25.888525
25.914250
25.947850
25.976325
25.999800
26.031325
26.237050
26.259425
26.290600
26.338725
26.368725
26.399875
26.425400
26.442100
26.457950
26.507550
26.634825
26.657450
26.683525
26.704150
26.722350
26.736250
26.755675
26.772250
26.864475
26.986250
27.031950
27.067750
27.105925
27.152850
27.233450
27.292375
27.339200
27.374600
27.390525
27.411075
27.437450
27.453150
27.480050
27.497950
27.505825
27.511575
27.529000
27.555450
27.760950
27.821400
27.845025
27.868725
27.887475
27.908850
27.983000
28.124600
28.144475
28.181525
28.195175
28.212000
28.223425
28.246300
28.275750
28.290925
28.305100
28.317600
28.332725
28.516300
28.538000
28.558775
28.578575
28.606525
28.621025
28.643175
28.666025
28.688800
28.704950
28.886825
28.913950
28.939650
28.976850
29.021575
29.061975
29.084600
29.110100
29.131875
29.151300
29.186850
29.235800
29.381450
29.420675
29.466975
29.525350
29.538450
29.586175
29.617225
29.659625
29.679875
29.719875
29.744825
29.812200
29.865700
29.897400
