0.098725
0.120000
0.167550
0.210375
0.236200
0.286175
0.379700
0.492000
0.718825
0.790200
0.834800
0.987100
1.037600
1.091900
1.135600
1.261225
1.437775
1.450475
1.622775
1.687875
1.692875
1.761800
1.931075
1.946825
2.173975
2.364700
2.398025
2.488650
2.515575
2.542475
2.569750
2.601100
2.638150
3.160125
3.238450
3.351875
3.666750
3.686100
3.722075
3.841325
3.886450
4.171675
4.406550
4.625975
4.662375
5.083250
5.107075
5.305950
5.434900
5.522000
5.534900
5.559250
5.809525
6.068725
6.114675
6.124075
6.147625
6.210425
6.396600
6.429350
6.616500
6.763200
6.838575
7.072375
7.094350
7.277175
7.335450
7.372975
7.446550
7.566275
7.602275
7.675675
7.705575
7.722100
7.983000
8.015425
8.037850
8.163500
8.181750
8.194025
8.237825
8.275150
8.431525
8.533575
8.558400
8.567325
8.580075
8.613025
8.722650
8.776025
9.026425
9.337175
9.372900
9.424925
9.430450
9.444875
9.511400
9.656075
9.812100
9.867875
10.036625
10.065075
10.315700
10.328350
10.376075
10.389350
10.570850
10.720800
10.745700
10.768325
10.930575
10.968025
11.004875
11.092600
11.116875
11.216850
11.341875
11.360125
11.427875
11.479475
11.508850
11.594275
11.618300
11.668150
11.715050
11.842275
12.092775
12.190375
12.356525
12.498425
12.521650
12.638000
12.739225
12.806300
12.852275
12.882725
12.939700
12.973825
13.009675
13.039650
13.087950
13.122825
13.149500
13.392800
13.506625
13.532050
13.821950
13.958375
14.201625
14.309400
14.364800
14.438900
14.535875
14.576225
14.720650
14.775250
14.885575
14.903925
15.107725
15.295325
15.447625
15.584950
15.654400
15.723125
15.744350
15.900325
15.913375
15.941175
15.965675
16.005075
16.237975
16.328075
16.410950
16.415550
16.680300
16.708225
16.895150
16.998800
17.389525
17.441300
17.538425
17.650975
17.869075
18.004525
18.019225
18.176300
18.187250
18.199800
18.217100
18.354625
18.373325
18.390850
18.432875
18.459175
18.469525
18.523975
18.601075
18.722075
18.760225
18.830075
18.835900
18.966125
19.006100
19.091375
19.099125
19.317675
19.418925
19.453450
19.550650
19.590850
19.621300
19.763550
19.810625
20.005750
20.057475
20.109875
20.150575
20.310225
20.412500
20.649500
20.902725
21.072350
21.127700
21.155175
21.227825
21.265475
21.747525
21.767900
22.241950
22.334225
22.568400
22.573025
22.804225
22.849200
22.878800
23.020875
23.106125
23.391775
23.454650
23.510200
23.528150
23.774400
24.025475
24.051050
24.157275
24.198700
24.541500
24.598950
24.674825
24.713550
24.857425
24.894425
25.018850
25.061550
25.109150
25.147725
25.154150
25.276025
25.321200
25.432800
25.566550
25.567800
25.692475
25.863300
26.119950
26.301550
26.496050
26.546150
26.562325
26.686925
26.710050
26.748700
26.841050
26.854650
26.882100
27.106275
27.320425
27.342375
27.404175
27.502225
27.776175
27.865850
27.921250
28.004850
28.022500
28.030025
28.060325
28.162625
28.307225
28.355000
28.360325
28.366650
28.411525
28.452875
28.520525
28.708450
28.760100
28.775375
28.790700
28.967575
29.106625
29.126700
29.194200
29.224450
29.291025
29.336425
29.382275
29.399300
29.439200
29.465325
29.541300
29.709775
29.886725
29.939800
