0.004650
0.015800
0.027950
0.050175
0.065200
0.078250
0.099300
0.117750
0.133300
0.147675
0.161475
0.169850
0.182025
0.193675
0.206550
0.219225
0.230150
0.237525
0.248050
0.256350
0.263675
0.267550
0.271725
0.277200
0.281600
0.294475
0.303725
0.308275
0.316100
0.329150
0.336875
0.348525
0.359250
0.369875
0.386050
0.395850
0.406225
0.419300
0.428625
0.443825
0.452950
0.461550
0.470500
0.486650
0.497675
0.505800
0.517800
0.528625
0.539250
0.544150
0.549625
0.559500
0.564825
0.569225
0.576925
0.584275
0.592025
0.603375
0.613650
0.623900
0.633500
0.642325
0.650650
0.664725
0.672775
0.684375
0.691675
0.699600
0.708225
0.713075
0.721900
0.729500
0.735400
0.744475
0.751000
0.756800
0.761075
0.766425
0.771450
0.776275
0.780525
0.786700
0.793300
0.797950
0.804500
0.811700
0.827025
0.833550
0.849550
0.860850
0.874650
0.884425
0.896650
0.907625
0.920975
0.931375
0.939800
0.947775
0.959925
0.973425
0.982300
0.990650
1.005175
1.013925
1.020725
1.028800
1.034450
1.040800
1.052075
1.060150
1.067125
1.078200
1.088550
1.094925
1.101950
1.116275
1.122775
1.130900
1.137150
1.144350
1.151100
1.158500
1.163725
1.170475
1.175575
1.182350
1.192900
1.198525
1.209325
1.217725
1.227150
1.236600
1.248300
1.259550
1.267150
1.277325
1.282775
1.290650
1.300700
1.310950
1.326225
1.334150
1.341600
1.347600
1.352475
1.356650
1.360000
1.363175
1.366675
1.369500
1.372475
1.375750
1.378475
1.381150
1.388700
1.392650
1.398900
1.403050
1.407650
1.413175
1.419800
1.426325
1.432350
1.442750
1.450125
1.460350
1.465050
1.472075
1.480575
1.487025
1.493975
1.504150
1.514150
1.528250
1.536350
1.546400
1.556600
1.566200
1.574550
1.585050
1.596275
1.604975
1.613525
1.623475
1.631800
1.636950
1.646025
1.653875
1.665250
1.675250
1.687925
1.693825
1.697800
1.701700
1.705025
1.707525
1.710675
1.713800
1.717375
1.720625
1.723875
1.726975
1.729875
1.731850
1.734625
1.738500
1.740925
1.743375
1.746775
1.749825
1.753275
1.755475
1.759325
1.764600
1.769550
1.771950
1.774050
1.783575
1.794475
1.805500
1.810650
1.817425
1.824625
1.829750
1.833400
1.837350
1.842175
1.852675
1.858100
1.872200
1.878650
1.895225
1.904400
1.920175
1.931350
1.942175
1.960175
1.979975
1.992225
2.004050
2.018325
2.028925
2.038050
2.049075
2.053775
2.061050
2.066775
2.072025
2.076600
2.082075
2.088300
2.096900
2.102900
2.109725
2.112700
2.117225
2.124050
2.127550
2.135875
2.141625
2.146775
2.153625
2.159600
2.169275
2.174725
2.181150
2.188400
2.194525
2.204300
2.212125
2.217125
2.222875
2.227875
2.233925
2.240925
2.249900
2.260825
2.272000
2.278450
2.288075
2.295550
2.302400
2.315600
2.328925
2.336375
2.354250
2.364900
2.380925
2.393050
2.405150
2.420300
2.430875
2.442150
2.457875
2.471175
2.480575
2.490975
2.503625
2.513375
2.525950
2.534625
2.543600
2.548725
2.558850
2.566750
2.573925
2.584825
2.590800
2.598550
2.606250
2.610800
2.615525
2.625500
2.629400
2.632650
2.637300
2.647300
2.651625
2.655650
2.661775
2.668350
2.675200
2.681350
2.690975
2.699075
2.710650
2.721725
2.732525
2.746975
2.754525
2.764850
2.773150
2.781850
2.788250
2.799500
2.808500
2.819650
2.833450
2.843100
2.849125
2.861700
2.870850
2.878775
2.888250
2.898900
2.909325
2.922150
2.936900
2.943775
2.950050
2.956100
2.963825
2.968650
2.978625
2.983675
2.990050
2.996550
3.002050
3.008225
3.018325
3.025800
3.033600
3.041775
3.048325
3.056800
3.062875
3.073375
3.083075
3.092875
3.097975
3.109100
3.116375
3.125575
3.141675
3.149300
3.159875
3.171150
3.182175
3.191500
3.201400
3.208525
3.216825
3.227925
3.239100
3.244450
3.258250
3.272925
3.283900
3.293800
3.303225
3.314575
3.322525
3.329775
3.336900
3.346825
3.354575
3.364150
3.371950
3.378000
3.385975
3.390375
3.395350
3.401675
3.408575
3.413225
3.421300
3.427325
3.434550
3.440700
3.446250
3.453775
3.457650
3.469300
3.474950
3.477600
3.483750
3.490700
3.493950
3.503975
3.509750
3.513850
3.518350
3.525225
3.530650
3.537400
3.545150
3.550250
3.559825
3.567000
3.578350
3.586850
3.593650
3.605675
3.617450
3.629400
3.638300
3.647700
3.657550
3.665350
3.672450
3.682425
3.694300
3.706075
3.717925
3.724875
3.732600
3.736675
3.746250
3.752375
3.760650
3.766625
3.771900
3.776000
3.779800
3.785150
3.789500
3.794350
3.802425
3.806575
3.811900
3.820700
3.826850
3.832750
3.854175
3.865575
3.876275
3.886775
3.894450
3.904550
3.918950
3.930825
3.940525
3.951275
3.958600
3.967575
3.975600
3.980925
3.989050
3.994750
4.000400
4.007950
4.015000
4.021750
4.027325
4.039175
4.046525
4.054300
4.058775
4.065200
4.076875
4.086550
4.095750
4.104700
4.113475
4.121275
4.134525
4.144825
4.154300
4.161375
4.171925
4.179775
4.189975
4.198800
4.204500
4.212300
4.223025
4.229425
4.235700
4.241100
4.247525
4.252475
4.257275
4.263525
4.268350
4.275050
4.280400
4.286800
4.295000
4.299200
4.303650
4.311700
4.317300
4.324000
4.335600
4.341600
4.349450
4.357475
4.363075
4.370750
4.378150
4.386475
4.393375
4.401600
4.412800
4.419575
4.429225
4.438925
4.445600
4.454350
4.463450
4.470625
4.479875
4.486500
4.496650
4.507725
4.517425
4.522600
4.529600
4.539075
4.546350
4.553800
4.558400
4.566000
4.573775
4.579875
4.586450
4.591425
4.599900
4.603100
4.609250
4.613725
4.619500
4.622525
4.626600
4.631450
4.634250
4.643725
4.649875
4.654900
4.659275
4.663200
4.668250
4.672125
4.678100
4.681575
4.689275
4.696000
4.701625
4.705175
4.710325
4.715750
4.721325
4.727975
4.742450
4.751475
4.760275
4.765750
4.771800
4.776925
4.781025
4.785000
4.791950
4.801725
4.813275
4.821000
4.832550
4.841700
4.847150
4.854325
4.860200
4.869275
4.874525
4.883300
4.891675
4.898225
4.902375
4.910025
4.915200
4.920125
4.926025
4.931375
4.936100
4.946450
4.952600
4.958350
4.965200
4.971925
4.979450
4.985750
4.995625
5.008450
5.019775
5.029625
5.036700
5.046900
5.062000
5.070050
5.081825
5.096550
5.102625
5.109825
5.118625
5.132125
5.143375
5.154500
5.164275
5.171925
5.181500
5.194200
5.203975
5.209450
5.217200
5.221500
5.227675
5.232150
5.235775
5.240200
5.242950
5.248750
5.254300
5.269425
5.275600
5.291575
5.299000
5.310400
5.323775
5.331325
5.345075
5.352225
5.360200
5.372575
5.382225
5.396025
5.404175
5.417800
5.423600
5.434250
5.450100
5.464900
5.472375
5.485150
5.492700
5.501125
5.507725
5.513300
5.517475
5.523250
5.529825
5.537375
5.546525
5.551125
5.556975
5.563625
5.571700
5.577200
5.585125
5.592875
5.599600
5.606850
5.621875
5.629875
5.638850
5.648625
5.655725
5.664450
5.671100
5.676350
5.686275
5.697875
5.705275
5.717350
5.731550
5.743350
5.751100
5.758625
5.766625
5.775175
5.783300
5.787700
5.795250
5.800750
5.809175
5.814825
5.820300
5.824700
5.830500
5.837625
5.840800
5.846600
5.856950
5.867625
5.871300
5.876975
5.885550
5.893075
5.899125
5.908900
5.921100
5.926825
5.932850
5.941525
5.946300
5.952575
5.959600
5.964150
5.970150
5.977825
5.984700
5.995375
6.000875
6.006925
6.020725
6.026475
6.033775
6.041325
6.051950
6.058400
6.072525
6.080575
6.091325
6.103050
6.108900
6.114975
6.122775
6.130875
6.138250
6.143900
6.149200
6.154875
6.159275
6.166750
6.174125
6.181225
6.189275
6.194250
6.200275
6.203900
6.211525
6.222525
6.230350
6.239450
6.247600
6.258875
6.270575
6.278175
6.289375
6.295675
6.300725
6.307050
6.312725
6.317175
6.324125
6.328425
6.332425
6.340025
6.348875
6.354450
6.361675
6.366200
6.371500
6.378375
6.383650
6.390775
6.397650
6.403850
6.414750
6.421025
6.427150
6.434350
6.441225
6.447525
6.454475
6.460825
6.472525
6.482225
6.489225
6.498075
6.506800
6.526375
6.532125
6.545325
6.556575
6.568875
6.578325
6.592475
6.600725
6.615500
6.624075
6.634125
6.643800
6.650175
6.659475
6.666525
6.672300
6.680300
6.685925
6.691725
6.696725
6.704725
6.711850
6.718275
6.728125
6.733625
6.741425
6.752125
6.762275
6.770300
6.778025
6.791425
6.803425
6.812500
6.821250
6.830650
6.839600
6.850150
6.856925
6.863600
6.872775
6.883275
6.887150
6.892300
6.905925
6.909400
6.914850
6.920025
6.938875
6.950525
6.956900
6.964100
6.973675
6.983775
6.992625
7.000900
7.028800
7.034975
7.047000
7.062050
7.077175
7.090550
7.103825
7.113975
7.131775
7.140925
7.152550
7.163400
7.172800
7.184100
7.195450
7.205700
7.218325
7.228525
7.237400
7.243025
7.250525
7.256000
7.261850
7.266875
7.274600
7.281900
7.287300
7.293100
7.300175
7.307625
7.312825
7.319950
7.325900
7.333425
7.340500
7.345625
7.351325
7.359850
7.368225
7.384100
7.393775
7.408375
7.417000
7.424875
7.433800
7.446475
7.457475
7.465325
7.477000
7.488175
7.504400
7.513000
7.522050
7.531375
7.543325
7.550175
7.561950
7.570975
7.578725
7.583800
7.588875
7.593225
7.599200
7.605675
7.609475
7.612500
7.620975
7.631700
7.636600
7.640975
7.647575
7.652850
7.657375
7.669750
7.675250
7.681850
7.692975
7.704650
7.714275
7.719450
7.729950
7.747050
7.758850
7.769650
7.780600
7.793725
7.800450
7.820000
7.835250
7.844225
7.859300
7.866600
7.881025
7.891775
7.899650
7.912625
7.923400
7.936825
7.948125
7.961175
7.974625
7.982425
7.996125
8.008850
8.018600
8.027550
8.034725
8.041650
8.049850
8.054800
8.067375
8.074950
8.080800
8.085725
8.092650
8.099025
8.105550
8.113625
8.121775
8.126375
8.132550
8.151125
8.165175
8.176450
8.197475
8.207225
8.217900
8.232400
8.240775
8.252350
8.261975
8.277875
8.288775
8.297750
8.309300
8.320875
8.330925
8.341150
8.352450
8.361675
8.370425
8.377350
8.383100
8.388325
8.395325
8.399225
8.405050
8.415800
8.426650
8.431400
8.442950
8.450125
8.454025
8.459050
8.467250
8.471300
8.476350
8.481900
8.487925
8.493625
8.498375
8.503325
8.509950
8.514775
8.520375
8.527975
8.535925
8.542775
8.555950
8.565700
8.578375
8.586025
8.594475
8.612675
8.623100
8.635600
8.658150
8.666450
8.678775
8.692950
8.705650
8.715675
8.723900
8.736025
8.743500
8.755125
8.764050
8.775100
8.783550
8.794875
8.812825
8.822350
8.827375
8.833150
8.838325
8.846200
8.850775
8.856675
8.864525
8.873450
8.896125
8.903075
8.916300
8.926075
8.933550
8.943025
8.950925
8.963525
8.974625
8.988650
9.002400
9.009400
9.024525
9.032400
9.045700
9.056475
9.069250
9.081575
9.092925
9.115075
9.124575
9.136325
9.148000
9.160525
9.173075
9.182075
9.189225
9.201525
9.213100
9.219425
9.227900
9.235425
9.240575
9.247825
9.254575
9.260275
9.265850
9.274900
9.279800
9.289175
9.295200
9.305975
9.313525
9.320175
9.327925
9.341850
9.352100
9.364125
9.377525
9.389525
9.399600
9.408250
9.417575
9.436925
9.444000
9.456025
9.466900
9.475425
9.486675
9.499125
9.511200
9.519800
9.528800
9.537875
9.544250
9.551625
9.559625
9.566375
9.580300
9.591750
9.598725
9.608425
9.616125
9.625250
9.632725
9.640775
9.653625
9.660600
9.667675
9.675325
9.686600
9.706050
9.714250
9.723850
9.733325
9.741425
9.749025
9.757275
9.766325
9.780375
9.788350
9.793075
9.798600
9.809750
9.818225
9.828875
9.836950
9.844725
9.851650
9.862225
9.873025
9.882150
9.889925
9.901100
9.909075
9.915725
9.921800
9.931475
9.938375
9.948675
9.957425
9.966750
9.977825
9.987950
9.993650
10.005800
10.016900
10.030200
10.040475
10.052075
10.058825
10.069825
10.079925
10.100725
10.108100
10.117450
10.126675
10.134650
10.147275
10.155150
10.164800
10.175800
10.181475
10.188275
10.196950
10.202400
10.211275
10.219150
10.226350
10.235150
10.241750
10.250300
10.257350
10.264525
10.272325
10.278075
10.285650
10.294975
10.300850
10.306350
10.316250
10.326525
10.330700
10.337850
10.348800
10.360075
10.367050
10.377125
10.383525
10.393750
10.405225
10.415275
10.431900
10.441875
10.455225
10.462325
10.474400
10.485475
10.503025
10.512250
10.518275
10.524600
10.529725
10.534325
10.539575
10.547700
10.552150
10.559075
10.565150
10.578925
10.587350
10.594950
10.608825
10.621675
10.631150
10.639575
10.651675
10.663100
10.673200
10.679800
10.691100
10.699300
10.707425
10.718325
10.726075
10.731400
10.743850
10.750500
10.759225
10.765350
10.772400
10.777200
10.783075
10.788150
10.792450
10.796225
10.800800
10.804225
10.808975
10.812275
10.815025
10.818075
10.825025
10.831725
10.835200
10.844050
10.849200
10.852975
10.858525
10.867675
10.874500
10.881775
10.888450
10.895075
10.901200
10.909825
10.915700
10.922750
10.934775
10.943500
10.955650
10.964600
10.979525
10.987075
11.002175
11.009075
11.023500
11.035725
11.051850
11.058975
11.069650
11.078600
11.090225
11.096875
11.111100
11.122550
11.128725
11.138025
11.152450
11.160650
11.168800
11.174700
11.179625
11.184250
11.187925
11.192175
11.196225
11.199625
11.203950
11.207050
11.211275
11.215050
11.219400
11.229550
11.235800
11.241900
11.249675
11.253500
11.260450
11.264875
11.276350
11.287875
11.297150
11.309050
11.318500
11.330300
11.343325
11.349750
11.362475
11.375350
11.382525
11.395400
11.401750
11.413375
11.424075
11.434950
11.443450
11.451400
11.462550
11.474150
11.481475
11.492025
11.505500
11.511200
11.521725
11.527825
11.538250
11.544850
11.552550
11.563750
11.570025
11.576875
11.582050
11.587800
11.592650
11.597300
11.603650
11.610275
11.615975
11.624475
11.629850
11.635950
11.643800
11.652125
11.659975
11.674225
11.688725
11.694550
11.707525
11.715325
11.723325
11.729050
11.739350
11.749525
11.756825
11.764300
11.774450
11.781050
11.788250
11.797775
11.803400
11.814775
11.820125
11.832525
11.839800
11.847725
11.861550
11.878125
11.888325
11.898400
11.908200
11.917100
11.924925
11.928075
11.933525
11.937975
11.943775
11.949025
11.952050
11.958500
11.962450
11.967350
11.972000
11.976400
11.980175
11.985725
11.994875
12.009650
12.019450
12.033325
12.051150
12.062675
12.071200
12.079425
12.085450
12.097000
12.105075
12.117500
12.124875
12.135350
12.144750
12.155000
12.163700
12.172775
12.186600
12.199625
12.207125
12.217300
12.227975
12.236400
12.247675
12.257700
12.263500
12.274125
12.282950
12.289350
12.296700
12.300750
12.306650
12.312275
12.317175
12.322225
12.331225
12.334450
12.338975
12.341575
12.344950
12.347700
12.351150
12.357000
12.362075
12.366225
12.372850
12.379500
12.386225
12.390000
12.398450
12.412575
12.418550
12.429100
12.437375
12.446950
12.454475
12.459600
12.466925
12.475750
12.483625
12.490200
12.499475
12.506625
12.512625
12.517850
12.523475
12.527700
12.530775
12.536400
12.540200
12.543875
12.548850
12.553525
12.557325
12.560750
12.568925
12.574300
12.578900
12.582725
12.586525
12.593000
12.598200
12.615150
12.628775
12.639025
12.644775
12.655875
12.671600
12.679900
12.692375
12.703000
12.710925
12.721575
12.729200
12.733800
12.741925
12.749300
12.756025
12.764075
12.777425
12.788350
12.796800
12.807100
12.815375
12.826050
12.831550
12.834725
12.840375
12.842950
12.847275
12.850150
12.853100
12.862525
12.868000
12.872000
12.887225
12.892475
12.898275
12.906125
12.912075
12.918725
12.924400
12.930775
12.936725
12.942950
12.951800
12.960200
12.966375
12.975350
12.987600
13.002800
13.027775
13.039075
13.056375
13.068425
13.084250
13.098550
13.107000
13.114175
13.118625
13.124250
13.131125
13.135725
13.142375
13.149575
13.156350
13.164100
13.179175
13.188675
13.197325
13.204000
13.211125
13.219775
13.227950
13.234675
13.243100
13.252850
13.259625
13.272350
13.281925
13.288700
13.296075
13.305050
13.312900
13.326500
13.333725
13.343000
13.351400
13.364700
13.377075
13.386625
13.391525
13.407425
13.411325
13.417375
13.421850
13.426050
13.431350
13.436150
13.443025
13.446750
13.451425
13.457350
13.463875
13.470425
13.475950
13.485250
13.494975
13.504225
13.513825
13.519400
13.526300
13.531275
13.541050
13.550950
13.558025
13.566250
13.578100
13.586450
13.594525
13.602000
13.611675
13.626125
13.633025
13.646775
13.658700
13.670175
13.682225
13.695925
13.705075
13.717150
13.729775
13.743575
13.751175
13.757175
13.763950
13.775200
13.789000
13.800400
13.806625
13.815875
13.827000
13.839225
13.850225
13.858925
13.866725
13.877700
13.884525
13.895500
13.905150
13.913900
13.921650
13.932250
13.941425
13.950375
13.956800
13.963475
13.967100
13.969775
13.973425
13.976750
13.980525
13.988400
13.991125
13.996125
13.999000
14.006450
14.010350
14.014950
14.018775
14.022925
14.026200
14.031700
14.034500
14.038350
14.045300
14.056500
14.061100
14.067250
14.073075
14.080750
14.086925
14.098925
14.105200
14.115825
14.127425
14.136150
14.145975
14.152100
14.165800
14.174425
14.180975
14.189775
14.196450
14.202650
14.207700
14.214850
14.219300
14.229075
14.235275
14.244600
14.253400
14.261550
14.269250
14.278075
14.292550
14.299975
14.311225
14.317800
14.323450
14.330125
14.337650
14.355700
14.366600
14.379150
14.386225
14.394350
14.400950
14.408700
14.420375
14.431300
14.444725
14.458500
14.467525
14.474725
14.484950
14.496000
14.519225
14.531800
14.540325
14.551700
14.563000
14.579375
14.591350
14.603850
14.615325
14.626500
14.639550
14.647500
14.655000
14.673525
14.682025
14.691725
14.701550
14.710175
14.715375
14.720625
14.729125
14.734875
14.742450
14.749025
14.753350
14.758675
14.761850
14.766600
14.769425
14.773150
14.779150
14.783425
14.786550
14.790900
14.794775
14.798375
14.800925
14.814075
14.817950
14.821700
14.826250
14.830800
14.838125
14.842725
14.848600
14.856375
14.861750
14.866775
14.873950
14.885000
14.892525
14.909725
14.920275
14.932600
14.955775
14.965675
14.977550
14.985275
14.996600
15.005350
15.017275
15.028925
15.035550
15.041925
15.053825
15.066750
15.080300
15.089050
15.104850
15.116475
15.124900
15.138675
15.144825
15.150500
15.156025
15.159325
15.162575
15.167725
15.172600
15.175325
15.178400
15.186050
15.190000
15.194350
15.199750
15.203025
15.210025
15.219500
15.230725
15.235400
15.239025
15.245325
15.249900
15.257900
15.263975
15.283350
15.291825
15.305950
15.314225
15.322275
15.337150
15.353825
15.367500
15.388425
15.399425
15.415075
15.427575
15.445200
15.460125
15.473300
15.482500
15.492750
15.497700
15.506475
15.516425
15.529925
15.544525
15.551775
15.557225
15.564450
15.573600
15.584775
15.593525
15.604125
15.612350
15.620750
15.627100
15.632025
15.645425
15.650250
15.656800
15.662225
15.666550
15.669750
15.674300
15.678325
15.684375
15.688525
15.692325
15.696700
15.703225
15.708050
15.712725
15.719575
15.723425
15.730575
15.736225
15.741750
15.749225
15.757625
15.762900
15.770300
15.776225
15.786125
15.795725
15.811575
15.826250
15.837050
15.847525
15.863600
15.874775
15.889200
15.902050
15.914400
15.923900
15.930275
15.939775
15.950050
15.960125
15.969400
15.975425
15.982850
15.987750
15.993700
15.998375
16.005900
16.011075
16.016150
16.024500
16.031775
16.042775
16.049400
16.056600
16.065450
16.073725
16.080825
16.090125
16.099425
16.108700
16.119375
16.127375
16.141825
16.150875
16.164875
16.175850
16.182900
16.192950
16.199200
16.210500
16.218500
16.229925
16.237700
16.245675
16.251700
16.259975
16.265575
16.270500
16.275275
16.285275
16.289600
16.294250
16.297900
16.302100
16.307575
16.313175
16.316800
16.322725
16.329425
16.334775
16.344200
16.351750
16.360550
16.366725
16.378300
16.389125
16.398950
16.412675
16.431525
16.443225
16.455000
16.465775
16.478050
16.488325
16.503325
16.508425
16.520100
16.530900
16.542675
16.553775
16.564150
16.570725
16.578475
16.583975
16.593000
16.604100
16.611925
16.622725
16.631450
16.637500
16.643625
16.650775
16.657600
16.665000
16.672925
16.680925
16.686675
16.692675
16.699375
16.709075
16.717825
16.727700
16.737625
16.747250
16.763050
16.772250
16.781825
16.795025
16.801575
16.813150
16.836275
16.844225
16.850600
16.858875
16.864850
16.870325
16.876750
16.882175
16.887900
16.895125
16.902850
16.908650
16.912025
16.915675
16.919525
16.922100
16.931525
16.938500
16.940900
16.945450
16.948350
16.954075
16.957100
16.961475
16.967700
16.971950
16.975200
16.979325
16.982450
16.986225
16.989650
16.993175
16.997525
17.001125
17.004925
17.009725
17.014800
17.018350
17.021725
17.025300
17.028200
17.032150
17.035250
17.040175
17.047200
17.049600
17.055325
17.058100
17.061175
17.063775
17.070850
17.073650
17.077475
17.080325
17.082925
17.086675
17.089225
17.096500
17.103325
17.107000
17.111050
17.115875
17.122200
17.126800
17.131600
17.135475
17.140450
17.145800
17.152250
17.164000
17.169050
17.177625
17.185875
17.198950
17.206625
17.217225
17.236325
17.248000
17.258425
17.270250
17.288900
17.303025
17.315925
17.327575
17.339700
17.365000
17.374350
17.383600
17.389950
17.399675
17.411625
17.426450
17.435675
17.441550
17.453150
17.458450
17.463975
17.471550
17.475825
17.482950
17.488025
17.494450
17.499050
17.505000
17.511675
17.517250
17.524700
17.533025
17.541250
17.550575
17.557975
17.566075
17.576275
17.585025
17.593050
17.601475
17.607425
17.614350
17.619500
17.624950
17.630350
17.635525
17.641950
17.646750
17.651675
17.659975
17.666800
17.673200
17.679500
17.688075
17.703625
17.713050
17.720575
17.728250
17.738875
17.749900
17.758400
17.765900
17.774525
17.784550
17.791375
17.802400
17.813500
17.823825
17.833525
17.844900
17.853150
17.863475
17.876175
17.886375
17.897025
17.902900
17.919050
17.928950
17.936925
17.944275
17.948575
17.953850
17.965575
17.977225
17.980675
17.983900
17.987800
17.991625
17.998725
18.002125
18.007350
18.014700
18.019275
18.025875
18.031525
18.037575
18.045900
18.053875
18.063550
18.070000
18.076725
18.085875
18.094375
18.104425
18.113425
18.120700
18.134175
18.144275
18.155825
18.168900
18.180950
18.199225
18.209475
18.217750
18.227875
18.239100
18.244850
18.261275
18.268350
18.279175
18.290850
18.300175
18.310600
18.322375
18.329025
18.334500
18.349325
18.356075
18.365800
18.374750
18.383125
18.389600
18.397625
18.405225
18.413600
18.420950
18.429275
18.435250
18.441525
18.448975
18.456875
18.469450
18.477550
18.484225
18.491450
18.502925
18.512425
18.520700
18.527325
18.538900
18.547675
18.559400
18.574325
18.582700
18.591300
18.598575
18.607600
18.616550
18.626100
18.633900
18.643700
18.655025
18.663475
18.673175
18.682925
18.688125
18.695175
18.707275
18.714475
18.720200
18.725950
18.730475
18.734800
18.739150
18.742750
18.747025
18.751225
18.754700
18.757550
18.760275
18.763600
18.768400
18.770475
18.772725
18.776925
18.779550
18.781750
18.785175
18.791600
18.793500
18.795425
18.798375
18.801150
18.803775
18.807400
18.812375
18.817975
18.829650
18.839075
18.853400
18.866075
18.873475
18.883825
18.896000
18.903050
18.908400
18.913825
18.919275
18.924850
18.933700
18.937775
18.944800
18.951675
18.959050
18.967800
18.974675
18.980375
18.991125
18.997000
19.002100
19.013675
19.017500
19.031625
19.038825
19.049525
19.061750
19.068100
19.074025
19.079350
19.082425
19.098700
19.102025
19.105625
19.109275
19.114775
19.120350
19.126300
19.130600
19.134025
19.141275
19.144850
19.152125
19.157850
19.165025
19.178425
19.185600
19.194125
19.201100
19.208425
19.215375
19.222700
19.241050
19.255425
19.271775
19.282625
19.295150
19.308600
19.319700
19.333025
19.345825
19.356000
19.372875
19.386325
19.394775
19.408925
19.419950
19.430175
19.437200
19.446325
19.451950
19.464750
19.471625
19.479300
19.493725
19.500425
19.508600
19.517900
19.525575
19.534550
19.544150
19.551125
19.561750
19.577325
19.589925
19.601150
19.615975
19.628125
19.640050
19.652900
19.669600
19.681000
19.690975
19.706350
19.719050
19.729700
19.743200
19.756750
19.769175
19.777075
19.781200
19.789975
19.796925
19.802050
19.806075
19.811400
19.816825
19.826325
19.829325
19.833400
19.837500
19.841475
19.845375
19.848975
19.856225
19.868625
19.882500
19.894175
19.905975
19.918825
19.930175
19.942250
19.957800
19.966625
19.978400
19.986525
19.996625
20.004625
20.014900
20.023250
20.028425
20.055775
20.059800
20.063150
20.070775
20.074150
20.081125
20.085700
20.090875
20.098500
20.102825
20.108200
20.122775
20.131450
20.138375
20.150100
20.158700
20.177075
20.201500
20.213800
20.227825
20.243400
20.256975
20.265050
20.278375
20.285175
20.298325
20.316700
20.322025
20.333075
20.341400
20.351125
20.356850
20.363750
20.368100
20.373675
20.379250
20.382975
20.387725
20.390775
20.394075
20.401550
20.404300
20.407475
20.410125
20.412825
20.418750
20.421600
20.424800
20.427325
20.429675
20.433200
20.435250
20.437950
20.443700
20.450150
20.454550
20.472475
20.480125
20.484250
20.495025
20.512550
20.523600
20.560000
20.575450
20.594550
20.617525
20.642375
20.653375
20.664975
20.682800
20.690450
20.703150
20.717750
20.727000
20.733650
20.741150
20.746625
20.757150
20.767975
20.776575
20.784975
20.793000
20.804375
20.823500
20.834225
20.840600
20.850250
20.861500
20.869750
20.880975
20.892250
20.906075
20.913300
20.926650
20.942375
20.950800
20.963075
20.975950
20.990125
21.001400
21.019200
21.024700
21.034175
21.050950
21.056600
21.064250
21.070150
21.075650
21.081525
21.084925
21.091150
21.094950
21.102150
21.106875
21.114250
21.120000
21.131050
21.137175
21.144275
21.150575
21.155150
21.161825
21.167300
21.174875
21.180650
21.187975
21.196675
21.202450
21.210425
21.222200
21.230825
21.237850
21.244950
21.257850
21.265175
21.272450
21.278575
21.285900
21.292375
21.296800
21.307300
21.313275
21.318075
21.323400
21.330950
21.334350
21.338525
21.342650
21.346500
21.351050
21.354450
21.358450
21.363000
21.366350
21.370000
21.374450
21.377925
21.382525
21.386300
21.391025
21.397525
21.404675
21.411550
21.420275
21.427375
21.435500
21.442050
21.448425
21.454475
21.463900
21.475575
21.486925
21.494350
21.501075
21.513350
21.522400
21.532250
21.542900
21.557475
21.564700
21.576825
21.586225
21.594575
21.599975
21.607200
21.610475
21.614100
21.619675
21.622675
21.625750
21.628175
21.630625
21.633925
21.636925
21.642250
21.648700
21.653200
21.661350
21.668325
21.672450
21.676550
21.685425
21.700750
21.711525
21.720575
21.730575
21.740675
21.747125
21.753750
21.761525
21.773550
21.783725
21.791700
21.802100
21.819600
21.828550
21.839175
21.852625
21.859100
21.868100
21.879250
21.886950
21.896775
21.905425
21.915300
21.925625
21.934575
21.942200
21.949150
21.953900
21.958825
21.962925
21.970375
21.972475
21.976125
21.979575
21.984925
21.988700
21.993975
21.998950
22.004875
22.011100
22.015225
22.020500
22.024450
22.030950
22.034350
22.038075
22.042075
22.046825
22.057950
22.066075
22.077975
22.084650
22.094000
22.100225
22.108450
22.120175
22.132125
22.143425
22.156850
22.164575
22.178700
22.193325
22.206500
22.217525
22.224325
22.234075
22.242825
22.255600
22.263650
22.276025
22.291000
22.300725
22.308950
22.320200
22.327525
22.337075
22.342150
22.347400
22.351350
22.354825
22.357925
22.361250
22.364825
22.368225
22.374500
22.377525
22.382825
22.386450
22.391325
22.395825
22.399450
22.402925
22.407575
22.415475
22.418800
22.432600
22.436625
22.440600
22.446475
22.455600
22.462625
22.468975
22.476950
22.496025
22.508550
22.528675
22.535600
22.550550
22.564875
22.586275
22.595975
22.606500
22.614000
22.622425
22.630750
22.639525
22.643625
22.649475
22.660150
22.667475
22.679850
22.689625
22.700025
22.706625
22.717000
22.725900
22.737400
22.747400
22.762950
22.782325
22.798350
22.810500
22.822800
22.834850
22.843025
22.851625
22.857075
22.866775
22.875125
22.888050
22.897675
22.911625
22.923475
22.930725
22.935825
22.943125
22.948375
22.953450
22.958875
22.968575
22.973575
22.978900
22.984525
22.992725
22.996475
23.000575
23.004975
23.009325
23.016850
23.032425
23.035475
23.039775
23.044050
23.047750
23.051850
23.055775
23.058675
23.063575
23.066450
23.071350
23.077125
23.083275
23.088850
23.094350
23.099000
23.103625
23.108975
23.120500
23.128000
23.133500
23.139100
23.144300
23.157300
23.165000
23.171275
23.177600
23.184775
23.190550
23.194625
23.202675
23.208450
23.214750
23.218775
23.222825
23.226200
23.231100
23.235750
23.241725
23.246950
23.252075
23.261200
23.272500
23.286950
23.306350
23.317400
23.330425
23.342625
23.353125
23.361425
23.377350
23.388450
23.396275
23.400550
23.405750
23.409225
23.411975
23.416225
23.420225
23.426300
23.439250
23.446600
23.459175
23.477150
23.484175
23.495225
23.503575
23.515525
23.523050
23.533025
23.548500
23.556850
23.568200
23.576625
23.586350
23.594700
23.610525
23.626875
23.642000
23.651125
23.663400
23.671450
23.680325
23.692225
23.697200
23.702025
23.705750
23.709750
23.713325
23.716975
23.721800
23.725975
23.731450
23.735175
23.739600
23.749150
23.755400
23.764775
23.770075
23.774575
23.781975
23.788600
23.794875
23.803500
23.812825
23.828000
23.837500
23.845050
23.850625
23.859375
23.867575
23.880225
23.892425
23.902100
23.913525
23.925350
23.936075
23.953700
23.968275
23.984075
23.993625
24.007825
24.022425
24.030875
24.045700
24.052000
24.061525
24.068350
24.076925
24.085500
24.092850
24.098850
24.103950
24.110175
24.115375
24.122375
24.129350
24.137150
24.147375
24.156550
24.169225
24.179075
24.193700
24.207775
24.219750
24.233375
24.243875
24.254725
24.267125
24.278175
24.291575
24.307325
24.316050
24.332550
24.342475
24.348875
24.357825
24.367625
24.375375
24.380225
24.388775
24.394800
24.399775
24.403700
24.408300
24.412875
24.417075
24.420800
24.424675
24.427350
24.429875
24.433575
24.436325
24.440200
24.443275
24.450650
24.458200
24.464350
24.468025
24.471625
24.477275
24.480950
24.486750
24.492425
24.496075
24.503450
24.507475
24.515700
24.522750
24.529550
24.535800
24.543200
24.551175
24.558975
24.565850
24.577250
24.587625
24.593975
24.607125
24.615500
24.621125
24.627650
24.631200
24.635575
24.645250
24.651075
24.654250
24.659825
24.663925
24.673475
24.684075
24.693200
24.699075
24.709950
24.722050
24.731725
24.736400
24.747575
24.754600
24.764225
24.769100
24.776425
24.782300
24.785825
24.789825
24.799725
24.804075
24.812450
24.816625
24.825425
24.829500
24.833275
24.839900
24.844375
24.847925
24.855125
24.859500
24.868650
24.879300
24.887700
24.896050
24.902975
24.909675
24.920975
24.928400
24.937300
24.945600
24.952050
24.955675
24.962875
24.971925
24.978575
24.984300
24.992425
24.998475
25.008550
25.016975
25.026200
25.033075
25.039575
25.047225
25.054400
25.064600
25.072250
25.079150
25.085900
25.095400
25.102250
25.109675
25.116825
25.124525
25.134225
25.146450
25.158750
25.170550
25.188325
25.196000
25.212550
25.225550
25.231125
25.244475
25.254475
25.263200
25.271200
25.279350
25.288225
25.300425
25.311550
25.317750
25.327100
25.337000
25.342925
25.350500
25.359775
25.364900
25.371450
25.377250
25.381125
25.387650
25.391625
25.398950
25.405750
25.412775
25.427000
25.444150
25.448050
25.460175
25.464575
25.467875
25.473000
25.484225
25.489375
25.493800
25.508425
25.515800
25.521975
25.528625
25.539600
25.543150
25.550075
25.553075
25.556125
25.559450
25.569975
25.574175
25.576525
25.581800
25.585975
25.593150
25.597975
25.601700
25.609325
25.625075
25.656850
25.660775
25.666925
25.682425
25.702500
25.712200
25.726900
25.731600
25.735550
25.751825
25.757450
25.771275
25.778300
25.785050
25.790325
25.796125
25.803725
25.809775
25.818225
25.833825
25.844575
25.849000
25.878575
25.883075
25.887575
25.897675
25.902125
25.907875
25.914000
25.918650
25.930600
25.935275
25.945100
25.950375
25.958900
25.962475
25.967150
25.971100
25.983225
25.987475
25.993175
26.000900
26.005575
26.010125
26.014500
26.021075
26.025350
26.035300
26.039450
26.042875
26.046525
26.050600
26.066450
26.069375
26.074400
26.090100
26.096650
26.099600
26.104200
26.113125
26.124425
26.134250
26.138875
26.142275
26.145850
26.169875
26.175475
26.179725
26.183625
26.188750
26.196325
26.202025
26.205925
26.209900
26.219450
26.224475
26.237075
26.242275
26.251500
26.255650
26.260250
26.269350
26.280825
26.286900
26.294400
26.298525
26.303475
26.308950
26.314950
26.325225
26.328700
26.350650
26.362875
26.370850
26.374125
26.377650
26.387750
26.398900
26.405925
26.409050
26.412875
26.438725
26.442875
26.451575
26.465375
26.470800
26.478550
26.485200
26.492775
26.499675
26.515800
26.541050
26.550675
26.557625
26.563475
26.591425
26.622100
26.628750
26.634225
26.639800
26.646425
26.665950
26.672950
26.687450
26.695075
26.707450
26.716325
26.722575
26.740125
26.747650
26.764650
26.772550
26.779200
26.785700
26.799650
26.808275
26.820075
26.826900
26.839050
26.850875
26.862900
26.883100
26.888925
26.898700
26.904850
26.924500
26.931275
26.943075
26.953100
26.959850
26.967200
26.980850
26.996500
27.004150
27.009525
27.014125
27.021050
27.026025
27.034025
27.040850
27.048700
27.057550
27.064925
27.072675
27.082475
27.099025
27.127350
27.133575
27.142175
27.151075
27.176300
27.186675
27.205050
27.218350
27.236800
27.249225
27.261000
27.287650
27.302350
27.313725
27.324400
27.331225
27.337625
27.341450
27.345400
27.348800
27.352725
27.356475
27.366900
27.372100
27.377650
27.383875
27.390425
27.400775
27.407425
27.413950
27.429850
27.445125
27.451200
27.462300
27.470575
27.492175
27.498525
27.508950
27.536100
27.551500
27.571600
27.579700
27.589600
27.603150
27.617025
27.626325
27.636300
27.645675
27.654850
27.660600
27.666375
27.681600
27.692775
27.699325
27.706725
27.711875
27.718975
27.737300
27.752100
27.758400
27.769950
27.783175
27.789275
27.797475
27.810325
27.820975
27.827050
27.836950
27.850950
27.859475
27.867800
27.876125
27.883150
27.890500
27.898500
27.908875
27.927850
27.950300
27.968975
27.983350
27.992775
28.008075
28.021800
28.031925
28.039300
28.048600
28.055200
28.059250
28.062725
28.066025
28.070800
28.074625
28.084525
28.093050
28.096125
28.101800
28.106475
28.113300
28.148300
28.155975
28.162175
28.177000
28.180350
28.189950
28.195875
28.199425
28.203225
28.206125
28.209625
28.216825
28.221725
28.227475
28.247675
28.261725
28.273000
28.291700
28.311100
28.327950
28.343600
28.361150
28.372100
28.385000
28.398850
28.407475
28.419925
28.431475
28.442200
28.448000
28.452025
28.455550
28.467350
28.486025
28.490150
28.499875
28.505625
28.519050
28.525775
28.555200
28.563725
28.569875
28.580225
28.587325
28.596525
28.609350
28.622800
28.639775
28.659675
28.668275
28.674675
28.682975
28.688200
28.696250
28.700250
28.705250
28.710175
28.715725
28.719850
28.726100
28.732275
28.736475
28.745050
28.748975
28.756800
28.760425
28.765250
28.788725
28.792625
28.798550
28.813375
28.818775
28.822250
28.835675
28.839275
28.843300
28.867800
28.881725
28.891550
28.906050
28.918200
28.927025
28.941825
28.956250
28.974775
28.987075
29.000825
29.014625
29.046125
29.055925
29.066600
29.080250
29.094125
29.103200
29.111175
29.120600
29.136725
29.141950
29.148925
29.159250
29.167275
29.171650
29.175025
29.181700
29.185575
29.196575
29.217550
29.220425
29.227200
29.233275
29.241050
29.245250
29.255050
29.259050
29.269475
29.274500
29.280125
29.286150
29.323950
29.343200
29.349025
29.353375
29.362775
29.374175
29.380400
29.383825
29.395200
29.410125
29.415775
29.428625
29.434350
29.480200
29.495425
29.500175
29.503825
29.508150
29.524075
29.528975
29.536425
29.572875
29.591675
29.599875
29.606850
29.613650
29.627425
29.639150
29.647725
29.657125
29.668050
29.678800
29.685375
29.694525
29.702450
29.708525
29.722975
29.730525
29.741900
29.750200
29.755075
29.763125
29.769050
29.775100
29.779500
29.790725
29.794675
29.804400
29.807975
29.811725
29.818500
29.831625
29.847050
29.852900
29.857450
29.872750
29.879200
29.895650
29.906025
29.919950
29.936350
29.945950
29.958150
29.972300
29.991300
