0.122825
0.144075
0.202625
0.212050
0.233900
0.605325
0.648925
0.694625
1.086475
1.135075
1.149050
1.192650
1.213300
1.242050
1.536475
1.579100
1.615775
1.647950
1.711300
1.810325
2.112575
2.394500
2.837875
2.895800
3.192525
3.462950
3.524450
3.594750
3.650475
3.692200
3.712200
3.756825
4.045425
4.076975
4.100425
4.130600
4.176475
4.446825
4.514875
4.533825
4.585100
4.619175
4.829100
4.863600
4.913900
4.962650
4.984875
5.013150
5.284900
5.317900
5.339650
5.388750
5.559125
5.582175
5.620400
5.645775
5.720050
6.024275
6.096550
6.291850
6.355050
6.575375
6.615325
6.655575
6.736700
6.766500
6.921775
6.960000
7.013000
7.042125
7.063500
7.081950
7.111000
7.141450
7.341225
7.390575
7.421375
7.451200
7.468500
7.484625
7.686950
7.738300
8.044225
8.093450
8.765300
8.865750
9.259850
9.709950
11.297500
11.349025
11.886850
12.662875
12.835325
13.353850
13.733000
14.817650
15.763875
15.923775
17.364925
17.963550
18.035325
18.061575
18.400850
18.449125
18.513825
18.723850
18.791225
19.110425
19.955050
20.495725
21.055525
21.091300
21.130750
21.432375
22.122450
22.169200
23.055875
23.952775
24.831200
25.792000
28.094575
29.001025
29.203125
