0.007175
0.014950
0.025875
0.039950
0.060700
0.089050
0.116425
0.183875
0.216225
0.224600
0.228750
0.233525
0.239650
0.245325
0.249400
0.266700
0.272650
0.284650
0.291675
0.297975
0.340525
0.371400
0.421975
0.490950
0.532100
0.548500
0.556900
0.562325
0.566525
0.571425
0.576250
0.585225
0.592250
0.606950
0.636250
0.656450
0.701850
0.731025
0.760800
0.789825
0.845050
0.854925
0.863300
0.877675
0.891000
0.917575
0.923625
0.930975
0.953075
0.963100
0.972625
0.977450
0.993350
1.005350
1.011775
1.021325
1.027875
1.037550
1.049450
1.068500
1.094575
1.116525
1.136800
1.162150
1.192500
1.262250
1.326425
1.356575
1.387375
1.413950
1.451050
1.487600
1.525975
1.543575
1.555375
1.564600
1.583125
1.590175
1.595900
1.609125
1.626500
1.631575
1.649700
1.653925
1.677900
1.684350
1.689500
1.706025
1.713750
1.743675
1.752625
1.760425
1.782775
1.799850
1.816025
1.899150
1.951475
1.969700
1.984950
1.998025
2.005225
2.009200
2.015150
2.020300
2.024425
2.028125
2.032500
2.046450
2.088700
2.095225
2.107475
2.113325
2.129250
2.140450
2.161275
2.166275
2.171800
2.177425
2.184450
2.191725
2.199550
2.207275
2.215750
2.222275
2.234250
2.241025
2.247400
2.253350
2.264400
2.268925
2.274100
2.280800
2.288575
2.295775
2.302050
2.316425
2.335425
2.342025
2.349400
2.362250
2.373975
2.390975
2.407525
2.429900
2.511650
2.537000
2.560375
2.581300
2.606700
2.623300
2.638925
2.648900
2.660350
2.686625
2.702900
2.729000
2.767400
2.826475
2.856200
2.883700
2.917025
2.974500
3.004425
3.036100
3.071275
3.124650
3.165525
3.197400
3.216050
3.264000
3.295825
3.360450
3.378200
3.398650
3.431925
3.468000
3.565125
3.596475
3.634250
3.654100
3.665750
3.682800
3.690750
3.700350
3.707775
3.715850
3.731400
3.762825
3.795100
3.817025
3.850700
3.878800
3.888525
3.896375
3.903175
3.909000
3.930700
3.939225
3.947800
3.975650
3.986700
4.039975
4.050700
4.062125
4.073700
4.094650
4.113925
4.129925
4.150725
4.237175
4.270075
4.296950
4.310525
4.319200
4.324250
4.329725
4.334925
4.339775
4.343650
4.354525
4.360675
4.366775
4.381675
4.390750
4.399625
4.422125
4.434475
4.459750
4.502925
4.513300
4.535700
4.550900
4.563900
4.577800
4.593100
4.610375
4.627350
4.652375
4.706050
4.741075
4.771025
4.809725
4.862250
4.873900
4.879500
4.888650
4.894375
4.905600
4.909650
4.915600
4.920150
4.931425
4.945075
4.959050
4.995975
5.005425
5.015675
5.028025
5.037550
5.056050
5.073350
5.122550
5.150225
5.178950
5.210925
5.274950
5.306025
5.322375
5.331225
5.338125
5.355375
5.361200
5.365475
5.371600
5.387400
5.392150
5.398975
5.407300
5.429200
5.433825
5.446025
5.452350
5.459250
5.510025
5.516875
5.523500
5.529700
5.540625
5.546275
5.551300
5.567725
5.572675
5.576700
5.586475
5.591500
5.600100
5.608725
5.613700
5.637650
5.652850
5.663850
5.681350
5.686100
5.691700
5.709075
5.714200
5.719975
5.758925
5.774925
5.795350
5.847875
5.874450
5.892575
5.957425
5.985850
5.999275
6.019075
6.029650
6.053925
6.062050
6.072950
6.111125
6.135800
6.165525
6.195200
6.225775
6.255400
6.277400
6.318900
6.339700
6.369800
6.388625
6.405650
6.433325
6.456250
6.532250
6.561050
6.578775
6.614350
6.631500
6.680550
6.698375
6.711375
6.724050
6.731000
6.738475
6.748700
6.762100
6.782375
6.798750
6.848800
6.877825
6.892100
6.897500
6.908900
6.923250
6.929725
6.937600
6.944250
6.951900
6.957800
6.965625
6.979725
6.986350
6.992750
7.004975
7.016925
7.026050
7.037725
7.050625
7.060500
7.065650
7.080975
7.085625
7.089925
7.095175
7.120550
7.129675
7.136075
7.148825
7.154600
7.188450
7.193725
7.199500
7.205850
7.223125
7.229975
7.235925
7.242775
7.253625
7.265450
7.269525
7.276050
7.281375
7.286175
7.297550
7.301850
7.306625
7.312950
7.324600
7.336250
7.342900
7.350250
7.357000
7.369800
7.412750
7.431825
7.451950
7.472275
7.488150
7.509450
7.524725
7.543550
7.555350
7.558700
7.567275
7.571000
7.588550
7.594575
7.598300
7.603525
7.612675
7.617475
7.624350
7.629725
7.634125
7.640775
7.645975
7.653300
7.659175
7.671875
7.683700
7.690425
7.696250
7.703075
7.715825
7.727325
7.734100
7.753750
7.819175
7.830675
7.839400
7.850800
7.858450
7.875700
7.900625
7.909850
7.922475
7.962150
7.984025
7.999800
8.019650
8.057975
8.086225
8.100625
8.112175
8.118725
8.138900
8.145500
8.157050
8.177175
8.195825
8.202475
8.232375
8.267500
8.287950
8.324575
8.358625
8.385875
8.412925
8.471275
8.490850
8.503675
8.511725
8.521775
8.530550
8.538675
8.555250
8.592750
8.642975
8.715025
8.758025
8.773050
8.785625
8.799550
8.824475
8.841575
8.857100
8.867750
8.881700
8.896400
8.911600
8.926200
8.970650
8.992350
9.024225
9.045700
9.102100
9.119250
9.180600
9.194950
9.204625
9.220550
9.239075
9.246675
9.252925
9.259150
9.266225
9.274375
9.296600
9.306175
9.345000
9.353225
9.368100
9.376450
9.382075
9.389825
9.408475
9.425800
9.441325
9.462650
9.558250
9.593875
9.630925
9.655075
9.666625
9.671800
9.676800
9.681025
9.685275
9.690125
9.694475
9.703675
9.709800
9.715475
9.722250
9.735900
9.756225
9.773075
9.792100
9.816625
9.854000
9.880075
9.919525
9.960800
9.984100
9.997900
10.010875
10.020225
10.033950
10.055650
10.062725
10.078025
10.119450
10.132225
10.143750
10.153000
10.164050
10.174475
10.195175
10.209750
10.226450
10.237350
10.259200
10.281425
10.304600
10.320975
10.338750
10.363250
10.405925
10.432000
10.451400
10.466750
10.477875
10.486900
10.515400
10.529250
10.540825
10.554800
10.567825
10.583525
10.599375
10.619725
10.657950
10.684125
10.724600
10.748925
10.782825
10.794375
10.802150
10.807000
10.816875
10.821375
10.825550
10.831525
10.837500
10.844775
10.851100
10.858700
10.866900
10.879250
10.903275
10.929800
10.958800
10.982375
10.997600
11.025500
11.045275
11.063950
11.092450
11.118650
11.167725
11.192050
11.204925
11.223950
11.230775
11.237125
11.253225
11.268150
11.276450
11.296900
11.306075
11.312450
11.322600
11.333900
11.372300
11.386200
11.422500
11.470400
11.495925
11.517325
11.540400
11.577550
11.597075
11.606250
11.614475
11.621700
11.649850
11.655600
11.669725
11.693450
11.700375
11.716000
11.723175
11.739725
11.745650
11.753300
11.770550
11.787925
11.797000
11.807975
11.821150
11.863575
11.884950
11.950475
11.972300
11.997800
12.021300
12.046975
12.092150
12.109675
12.121100
12.133400
12.149375
12.154025
12.159950
12.165250
12.171725
12.175750
12.186950
12.205975
12.217425
12.229925
12.233950
12.238700
12.258525
12.270175
12.309825
12.336925
12.345050
12.353325
12.368350
12.376275
12.385150
12.391100
12.396400
12.403600
12.428350
12.433800
12.439675
12.445550
12.451500
12.458525
12.470975
12.477325
12.485875
12.502125
12.514500
12.526275
12.553650
12.564925
12.576725
12.617025
12.635875
12.681850
12.701725
12.758875
12.781250
12.812425
12.834750
12.850225
12.856200
12.862725
12.868350
12.887125
12.897425
12.902950
12.908425
12.920825
12.935075
12.944850
12.956375
12.973450
13.016550
13.040025
13.073450
13.101525
13.125725
13.148050
13.185725
13.206725
13.223125
13.234675
13.255475
13.264825
13.270975
13.289575
13.296275
13.305550
13.313475
13.340300
13.350900
13.360975
13.373750
13.386800
13.399475
13.432575
13.452325
13.510175
13.539650
13.565675
13.620050
13.625250
13.630300
13.634900
13.639775
13.644025
13.647850
13.652825
13.656950
13.670250
13.675700
13.680075
13.701375
13.711525
13.715925
13.732375
13.741725
13.765575
13.772525
13.788475
13.799300
13.805450
13.818375
13.823475
13.829400
13.841375
13.845975
13.856900
13.878175
13.893650
13.900275
13.936375
13.943200
13.973450
13.983800
14.009300
14.023250
14.128600
14.153750
14.177350
14.199500
14.212600
14.220825
14.227425
14.234125
14.240025
14.246150
14.253375
14.271250
14.314450
14.340850
14.367175
14.387425
14.420875
14.439700
14.467025
14.487150
14.511775
14.517900
14.523650
14.529200
14.535200
14.539900
14.545975
14.569875
14.575925
14.584025
14.605600
14.626325
14.651625
14.705800
14.734800
14.769600
14.794850
14.810000
14.822250
14.846075
14.863200
14.869850
14.875600
14.882525
14.891100
14.899025
14.909325
14.930050
14.938600
14.957925
15.061375
15.091375
15.122875
15.156425
15.171275
15.199275
15.208400
15.220375
15.232625
15.247275
15.262075
15.289225
15.313350
15.349600
15.368150
15.383750
15.403150
15.424250
15.433450
15.443000
15.457575
15.473000
15.487375
15.505750
15.515100
15.526675
15.545900
15.573375
15.600475
15.628075
15.648475
15.673725
15.683750
15.694225
15.719325
15.733100
15.746375
15.757700
15.767000
15.776650
15.791675
15.802850
15.810625
15.819850
15.829650
15.857625
15.873425
15.892550
15.918500
15.943250
15.967275
15.991850
16.044300
16.071925
16.102275
16.113025
16.124550
16.134975
16.146750
16.195550
16.212600
16.236250
16.255250
16.284575
16.330950
16.364900
16.370300
16.374450
16.390075
16.402150
16.426150
16.436975
16.445275
16.498800
16.516125
16.530775
16.549125
16.593075
16.624250
16.641225
16.679050
16.694950
16.712700
16.731725
16.751275
16.761950
16.773425
16.778950
16.784675
16.790975
16.800625
16.811900
16.831550
16.844525
16.911950
16.971750
16.986600
16.990925
16.996500
17.002325
17.006625
17.014925
17.019350
17.040075
17.044950
17.050300
17.058925
17.065500
17.071425
17.090500
17.097425
17.104525
17.114775
17.132800
17.173950
17.193225
17.213725
17.242775
17.270275
17.292200
17.315275
17.350375
17.373725
17.407575
17.432100
17.448975
17.457475
17.467125
17.476450
17.483950
17.492175
17.503300
17.511100
17.517750
17.541025
17.548925
17.558950
17.566175
17.571600
17.578025
17.597600
17.640475
17.646025
17.651900
17.659200
17.672450
17.683925
17.697050
17.714775
17.741075
17.770925
17.842050
17.931150
17.942225
17.948275
17.953625
17.958375
17.968725
17.975775
17.998700
18.005975
18.016675
18.033650
18.041875
18.048675
18.057000
18.063500
18.144050
18.168050
18.200200
18.223050
18.264900
18.297700
18.329800
18.362400
18.399125
18.413400
18.431675
18.437575
18.442225
18.446550
18.464825
18.470300
18.489125
18.495500
18.503400
18.511925
18.534975
18.547025
18.595075
18.620875
18.673975
18.721500
18.782050
18.803175
18.829175
18.858750
18.923425
18.964000
19.009125
19.029525
19.069675
19.083750
19.088700
19.094275
19.099300
19.104300
19.109350
19.113450
19.122675
19.131675
19.137000
19.192675
19.209350
19.231150
19.253500
19.273950
19.309700
19.347575
19.374100
19.443050
19.481275
19.523200
19.545600
19.566800
19.579650
19.590225
19.607975
19.616400
19.622625
19.629975
19.639450
19.645700
19.661525
19.670275
19.684500
19.709000
19.724125
19.739450
19.816600
19.833775
19.845300
19.857875
19.910500
19.933675
19.995750
20.026650
20.045850
20.090500
20.099450
20.106275
20.111600
20.116150
20.142875
20.149850
20.162000
20.173875
20.187975
20.195600
20.212825
20.226350
20.237625
20.255600
20.261550
20.268700
20.276425
20.283725
20.290350
20.297850
20.304725
20.340000
20.442575
20.465900
20.504575
20.527325
20.544475
20.559175
20.578975
20.592400
20.605475
20.616225
20.638975
20.679725
20.691625
20.702575
20.715400
20.724675
20.735300
20.741050
20.748325
20.753675
20.760075
20.774075
20.780500
20.788275
20.826250
20.858150
20.881825
20.907975
20.961175
20.977150
20.992100
21.008450
21.024300
21.040400
21.055150
21.082700
21.127925
21.139975
21.160800
21.173350
21.188875
21.197150
21.219325
21.225050
21.245600
21.259100
21.270925
21.282350
21.296650
21.302900
21.312375
21.320100
21.329225
21.346700
21.356500
21.365350
21.381025
21.395050
21.411925
21.444200
21.470650
21.483000
21.488100
21.493200
21.516100
21.520050
21.524525
21.529700
21.535300
21.539900
21.549600
21.567400
21.578425
21.584225
21.589125
21.594350
21.600325
21.638750
21.660700
21.665525
21.671175
21.696100
21.722075
21.731850
21.736725
21.742725
21.748000
21.752650
21.757550
21.770225
21.775950
21.782375
21.788575
21.793875
21.800750
21.805650
21.811525
21.824575
21.846800
21.852800
21.868350
21.878125
21.883850
21.890175
21.907000
21.915500
21.919750
21.924200
21.933625
21.939125
21.945650
21.960250
21.973775
21.985600
21.989950
21.994275
22.004350
22.013575
22.018250
22.023825
22.029650
22.043600
22.049075
22.052675
22.081750
22.092025
22.116275
22.120700
22.125650
22.131975
22.141600
22.151350
22.163775
22.169875
22.174525
22.184925
22.188700
22.202600
22.206575
22.215300
22.221075
22.225550
22.231750
22.236700
22.247450
22.252450
22.259100
22.263100
22.268375
22.273475
22.277450
22.282550
22.286275
22.290600
22.301100
22.308800
22.319500
22.323700
22.330600
22.336100
22.340175
22.349750
22.377250
22.383275
22.394925
22.407125
22.423050
22.433675
22.460100
22.474700
22.481475
22.486850
22.494750
22.504000
22.509400
22.515425
22.521475
22.528000
22.553175
22.579625
22.657975
22.687675
22.716250
22.734275
22.749950
22.765275
22.786000
22.818400
22.841975
22.852800
22.861800
22.875575
22.889825
22.907475
22.918300
22.944575
22.957800
22.967875
22.977975
22.991725
23.008075
23.028000
23.063450
23.118150
23.139025
23.167850
23.196400
23.212750
23.229850
23.250200
23.259075
23.264975
23.271225
23.280650
23.415525
23.443125
23.470375
23.515975
23.532875
23.560350
23.586625
23.634275
23.663825
23.701600
23.735775
23.777800
23.819425
23.855275
23.893250
23.913225
23.947675
23.975050
24.030750
24.066825
24.091625
24.114800
24.144925
24.166175
24.171450
24.176375
24.190225
24.197175
24.204300
24.211550
24.222800
24.232375
24.244225
24.274225
24.304725
24.342350
24.391450
24.426875
24.448225
24.468650
24.474375
24.486925
24.496750
24.500875
24.519875
24.524400
24.534725
24.539975
24.545475
24.551025
24.562275
24.569900
24.646700
24.736625
24.773200
24.813325
24.863300
24.882675
24.901900
24.912575
24.920925
24.925050
24.930175
24.940275
24.950225
24.955600
24.960950
24.966475
24.972025
24.976975
24.989750
25.000625
25.014950
25.021175
25.028600
25.038075
25.051300
25.069625
25.126500
25.170125
25.185575
25.196550
25.201750
25.205875
25.209825
25.214200
25.218575
25.222975
25.238675
25.250225
25.266900
25.277550
25.283025
25.287925
25.294300
25.300000
25.316375
25.321525
25.335025
25.342375
25.371700
25.376350
25.381600
25.386225
25.407225
25.412450
25.419125
25.423525
25.428650
25.438275
25.444625
25.449875
25.455025
25.460050
25.464400
25.469700
25.475900
25.481250
25.486550
25.498500
25.518050
25.542000
25.547425
25.566425
25.599275
25.609050
25.632100
25.652325
25.666575
25.673500
25.681725
25.687375
25.692825
25.697850
25.713000
25.717375
25.729125
25.734475
25.740275
25.757800
25.775125
25.781200
25.797000
25.805375
25.833400
25.870300
25.945925
26.025750
26.079050
26.097250
26.102700
26.106950
26.110650
26.114575
26.124900
26.129050
26.143675
26.149100
26.177075
26.190300
26.217225
26.238850
26.264650
26.296300
26.320050
26.340200
26.345125
26.349650
26.354925
26.363950
26.367825
26.381800
26.390900
26.401225
26.405950
26.410850
26.416475
26.433150
26.441575
26.452550
26.468775
26.499225
26.525275
26.652200
26.681000
26.721300
26.754450
26.765350
26.774050
26.785475
26.808200
26.827425
26.861200
26.867275
26.871075
26.875075
26.880600
26.885025
26.890775
26.911125
26.923325
26.949325
26.961200
26.966450
26.971300
26.998200
27.011525
27.032525
27.041425
27.049700
27.058425
27.069800
27.088400
27.107225
27.117200
27.123275
27.138050
27.143650
27.149475
27.161425
27.168500
27.175575
27.181375
27.195275
27.208850
27.218125
27.236150
27.242975
27.255175
27.272325
27.287775
27.294775
27.300600
27.312400
27.318500
27.337400
27.352225
27.357650
27.392525
27.403900
27.424475
27.512625
27.543675
27.563675
27.582525
27.593625
27.604925
27.608525
27.612300
27.622550
27.630675
27.653000
27.667425
27.690750
27.702200
27.713550
27.732900
27.745350
27.771550
27.823675
27.841375
27.934775
27.958050
27.985375
28.010350
28.031225
28.059275
28.093400
28.112100
28.123475
28.131325
28.154625
28.161750
28.192800
28.236325
28.265425
28.293475
28.347375
28.386375
28.413475
28.419550
28.432575
28.437325
28.442250
28.446050
28.459675
28.464450
28.481275
28.489575
28.498750
28.608550
28.638200
28.674650
28.721000
28.729400
28.734100
28.738050
28.747100
28.765575
28.770600
28.775050
28.785000
28.790525
28.801275
28.806575
28.812325
28.818525
28.823075
28.836225
28.852975
28.864525
28.893325
28.909800
28.930475
28.970150
28.992375
28.996925
29.006975
29.011350
29.015625
29.020450
29.026200
29.035000
29.040775
29.047025
29.052875
29.060825
29.066425
29.077725
29.089500
29.103200
29.115150
29.133775
29.149850
29.177150
29.184575
29.190300
29.212050
29.244400
29.272475
29.372875
29.464925
29.505750
29.523425
29.530450
29.539325
29.548550
29.552200
29.566100
29.574600
29.580850
29.615075
29.697325
29.762000
29.792050
29.815725
29.837925
29.843975
29.853675
29.866900
29.871675
29.875250
29.899675
29.904675
29.912025
29.918875
29.932000
29.947100
29.963050
