0.013900
0.044625
0.180875
0.193125
0.201075
0.208875
0.223075
0.228400
0.232725
0.238700
0.242725
0.246125
0.252650
0.260575
0.284400
0.302275
0.326650
0.348000
0.381375
0.430000
0.540625
0.547750
0.554925
0.558725
0.564200
0.567075
0.571375
0.574375
0.580850
0.586075
0.595125
0.601100
0.615850
0.621225
0.639500
0.655375
0.669975
0.690625
0.709025
0.730650
0.749550
0.783350
0.797950
0.915475
0.937950
0.961000
0.997050
1.036900
1.078800
1.105850
1.135125
1.142250
1.154250
1.163975
1.181825
1.193050
1.207975
1.218775
1.231775
1.249600
1.264850
1.286275
1.322925
1.344000
1.529325
1.543950
1.554150
1.561675
1.569175
1.577550
1.581875
1.588350
1.593550
1.618925
1.626700
1.647450
1.658175
1.676425
1.700000
1.723525
1.754225
1.783925
1.813625
1.838525
1.864650
1.876550
1.895025
1.908300
1.919500
1.933550
1.949650
1.961400
1.981800
1.998350
2.017725
2.030900
2.057225
2.095050
2.139800
2.187950
2.297425
2.317400
2.326300
2.334500
2.343575
2.347900
2.353425
2.361375
2.366600
2.372475
2.377000
2.383950
2.393025
2.399050
2.414450
2.422125
2.438400
2.453500
2.463850
2.476500
2.488725
2.510350
2.530150
2.547050
2.577150
2.614675
2.742025
2.764600
2.771925
2.777825
2.785900
2.791250
2.796450
2.800650
2.807325
2.813475
2.824175
2.834850
2.846975
2.860450
2.873825
2.884725
2.903650
2.919900
2.939950
2.970375
3.016950
3.042375
3.052800
3.067700
3.082025
3.091125
3.102575
3.114075
3.122300
3.134875
3.141350
3.149850
3.161450
3.174750
3.191625
3.212050
3.238000
3.258875
3.296925
3.327700
3.369125
3.401775
3.433600
3.453800
3.467825
3.478400
3.490925
3.500125
3.507050
3.515575
3.519500
3.531250
3.539925
3.552450
3.562650
3.570450
3.586825
3.607500
3.618900
3.658800
3.688550
3.750250
3.797150
3.811250
3.826975
3.837975
3.846000
3.851925
3.854850
3.862700
3.871200
3.879150
3.884750
3.900875
3.915175
3.923175
3.941675
3.950600
3.963400
3.975625
3.992525
4.030850
4.042900
4.054850
4.062675
4.071675
4.080850
4.093450
4.099675
4.113525
4.123350
4.137075
4.152150
4.163900
4.188000
4.208100
4.268800
4.317875
4.375275
4.386025
4.399375
4.411925
4.424175
4.433450
4.444775
4.450100
4.456050
4.462250
4.467775
4.474025
4.481075
4.488775
4.500825
4.509850
4.529050
4.544650
4.571250
4.615100
4.699125
4.732325
4.752775
4.769325
4.782550
4.794150
4.805800
4.817975
4.827125
4.835450
4.843225
4.852400
4.863600
4.872400
4.889275
4.907950
4.940800
4.966350
5.007200
5.044825
5.073225
5.096500
5.111075
5.120150
5.137025
5.152325
5.168750
5.182575
5.198050
5.210350
5.218050
5.223225
5.229650
5.245125
5.253050
5.269925
5.281500
5.302050
5.311875
5.323125
5.341025
5.368625
5.388775
5.412475
5.433625
5.450500
5.469300
5.490675
5.513450
5.527950
5.539075
5.553500
5.569100
5.581275
5.589575
5.595075
5.602350
5.611875
5.619950
5.633925
5.647075
5.658100
5.667875
5.679050
5.690975
5.701100
5.711975
5.723725
5.734825
5.744325
5.751600
5.760550
5.772625
5.784725
5.809500
5.819400
5.826300
5.839425
5.847050
5.855625
5.867575
5.879075
5.885900
5.897050
5.906475
5.915725
5.924600
5.935175
5.947000
5.955200
5.966200
5.985500
5.994575
6.012900
6.023650
6.044925
6.057100
6.079950
6.094750
6.103250
6.118275
6.132575
6.147550
6.162300
6.179675
6.189150
6.203225
6.218625
6.227725
6.238775
6.248875
6.263500
6.277925
6.293325
6.305775
6.324200
6.340425
6.350025
6.365500
6.384675
6.400325
6.417450
6.433550
6.450950
6.467475
6.479000
6.485650
6.493925
6.514325
6.531675
6.543050
6.554000
6.566175
6.582875
6.595050
6.613425
6.629075
6.655250
6.673650
6.693225
6.709125
6.731175
6.751850
6.770250
6.784100
6.793900
6.808900
6.821425
6.842650
6.849350
6.861075
6.869400
6.876150
6.881700
6.890025
6.897975
6.905325
6.921375
6.946525
6.956700
6.980700
6.993725
7.007725
7.023900
7.030925
7.038675
7.049725
7.058725
7.072575
7.088475
7.106700
7.120400
7.137275
7.154225
7.169775
7.181575
7.197975
7.214275
7.241550
7.257450
7.269950
7.278250
7.293125
7.305550
7.315550
7.321375
7.327650
7.338400
7.346600
7.360750
7.374700
7.388700
7.408525
7.424850
7.441550
7.464650
7.482225
7.504875
7.527675
7.546800
7.557225
7.569025
7.582625
7.602625
7.618875
7.631800
7.648575
7.668900
7.687325
7.706075
7.742625
7.762925
7.771850
7.779350
7.783850
7.789625
7.794525
7.802000
7.810425
7.823775
7.832275
7.837700
7.846075
7.852375
7.872875
7.882950
7.899800
7.914500
7.941450
7.986725
8.019775
8.056800
8.068850
8.096500
8.111125
8.125050
8.137325
8.146275
8.155500
8.167600
8.174000
8.182975
8.196475
8.205375
8.213725
8.226750
8.236875
8.248800
8.265900
8.279600
8.301675
8.338000
8.383450
8.430625
8.463575
8.476875
8.515150
8.539775
8.560600
8.572975
8.590000
8.599025
8.607650
8.614975
8.620550
8.634900
8.652325
8.686700
8.707225
8.727275
8.749200
8.770425
8.793000
8.808125
8.839225
8.857600
8.890225
8.912475
8.926425
8.948325
8.962825
8.979850
8.994275
9.010650
9.032875
9.061475
9.081475
9.129150
9.172975
9.196325
9.212500
9.227325
9.248775
9.262125
9.288350
9.309350
9.337000
9.353550
9.382625
9.403800
9.446825
9.468150
9.496850
9.521450
9.533650
9.549300
9.567575
9.584250
9.601175
9.610925
9.619050
9.630525
9.638650
9.646925
9.658900
9.666450
9.676550
9.684125
9.694575
9.704350
9.711825
9.726450
9.738725
9.756900
9.765225
9.783175
9.825800
9.841025
9.855350
9.866075
9.878725
9.891850
9.906475
9.917500
9.926525
9.947200
9.960800
9.975400
9.990800
10.007875
10.021875
10.033725
10.047325
10.061725
10.091650
10.103050
10.112500
10.121550
10.129700
10.139825
10.163425
10.176975
10.184325
10.194900
10.202175
10.212450
10.222375
10.231875
10.246175
10.259075
10.272475
10.285225
10.296700
10.306225
10.312025
10.325750
10.334950
10.344725
10.356675
10.373650
10.384675
10.395725
10.406700
10.412950
10.424325
10.436900
10.448325
10.457150
10.468050
10.482025
10.496075
10.508325
10.523075
10.531275
10.545500
10.564850
10.578575
10.600525
10.613950
10.630525
10.647750
10.671700
10.685900
10.704875
10.721225
10.751125
10.770475
10.789300
10.806475
10.832375
10.847400
10.866125
10.895925
10.918250
10.937575
10.959550
10.992025
11.017575
11.046525
11.064000
11.096925
11.110675
11.147375
11.182250
11.209025
11.227450
11.239000
11.246325
11.258875
11.264575
11.274425
11.283775
11.299575
11.307250
11.321275
11.329925
11.339125
11.365175
11.404300
11.419400
11.434100
11.446450
11.474350
11.489425
11.499975
11.540400
11.564925
11.586625
11.605275
11.617125
11.625625
11.637300
11.644925
11.654225
11.667400
11.680325
11.698125
11.711350
11.721275
11.731475
11.739500
11.760900
11.773450
11.789375
11.808225
11.822875
11.836750
11.851475
11.874075
11.890675
11.905275
11.915925
11.928425
11.945775
11.957200
11.972975
11.986150
11.996025
12.015225
12.022650
12.043750
12.059000
12.071975
12.088575
12.104400
12.122325
12.131850
12.143850
12.162300
12.175500
12.192100
12.203300
12.215925
12.232150
12.247575
12.257625
12.276075
12.291575
12.308325
12.325400
12.334325
12.348600
12.364325
12.373425
12.390800
12.411925
12.422700
12.442600
12.469950
12.509600
12.566300
12.617175
12.627100
12.633350
12.641900
12.649350
12.656050
12.665300
12.673400
12.683000
12.693975
12.703950
12.714750
12.724400
12.751425
12.758675
12.772800
12.781675
12.789850
12.800600
12.815850
12.842875
12.855475
12.869675
12.886250
12.900275
12.912250
12.923900
12.944600
12.954075
12.967075
13.026500
13.033625
13.046575
13.057400
13.068875
13.094950
13.121100
13.140575
13.154450
13.167575
13.188075
13.200500
13.215300
13.231375
13.249725
13.261500
13.275675
13.295525
13.313925
13.327525
13.348050
13.363650
13.378275
13.390450
13.402325
13.419050
13.433875
13.447900
13.465675
13.486975
13.504200
13.517900
13.530025
13.547250
13.557150
13.574425
13.589025
13.610550
13.623475
13.636775
13.663800
13.680175
13.696500
13.712075
13.726450
13.755100
13.776450
13.786175
13.810100
13.833400
13.846875
13.874550
13.901300
13.923550
13.942450
13.965500
14.000400
14.036100
14.067275
14.086000
14.105350
14.117250
14.132175
14.143025
14.158675
14.198775
14.237125
14.254075
14.276900
14.305600
14.323450
14.355500
14.380825
14.396975
14.414150
14.432125
14.454200
14.493700
14.509975
14.525575
14.534600
14.543075
14.550900
14.567600
14.580100
14.589150
14.599825
14.617025
14.646475
14.658225
14.672250
14.692250
14.706350
14.723575
14.734550
14.747300
14.758625
14.769175
14.788275
14.800575
14.812550
14.826775
14.843100
14.856700
14.869300
14.878325
14.894300
14.907400
14.921525
14.929975
14.941975
14.958400
14.976125
14.998600
15.011775
15.033050
15.046850
15.077450
15.086900
15.104250
15.125875
15.138725
15.152875
15.162450
15.176875
15.189300
15.200175
15.215900
15.234850
15.243800
15.256425
15.264675
15.276475
15.302800
15.317725
15.329175
15.340600
15.351775
15.361150
15.370925
15.382425
15.394425
15.408250
15.421025
15.434475
15.445050
15.471825
15.496475
15.516225
15.535300
15.561375
15.585200
15.601825
15.624900
15.649900
15.666275
15.685375
15.837750
15.851100
15.855525
15.858575
15.861000
15.869075
15.872900
15.876800
15.881175
15.898700
15.906825
15.912700
15.920775
15.963200
15.968875
15.980825
15.997250
16.015750
16.027575
16.047900
16.063250
16.077975
16.098175
16.115425
16.135875
16.165625
16.178550
16.201825
16.225175
16.246200
16.263300
16.281600
16.305650
16.322900
16.339375
16.352875
16.369025
16.383300
16.394850
16.405950
16.417225
16.432100
16.444000
16.457800
16.474950
16.489550
16.499300
16.514700
16.528450
16.539875
16.549450
16.563175
16.577750
16.591750
16.610850
16.623875
16.639375
16.661125
16.691350
16.718875
16.747350
16.766050
16.780975
16.801150
16.825475
16.859725
16.889825
16.913825
16.934425
17.014950
17.031325
17.055650
17.070750
17.093275
17.101750
17.111450
17.126375
17.152200
17.194275
17.232375
17.270925
17.313425
17.326750
17.340100
17.347900
17.354950
17.368250
17.386800
17.395575
17.406375
17.414050
17.423350
17.435725
17.448275
17.460925
17.480475
17.493350
17.506700
17.518750
17.533850
17.552225
17.570050
17.586475
17.600750
17.621175
17.638500
17.657200
17.678625
17.693175
17.713175
17.724650
17.735275
17.751775
17.765425
17.778150
17.788100
17.800825
17.809050
17.820600
17.831475
17.841950
17.859375
17.876250
17.887450
17.899550
17.911225
17.921875
17.932925
17.960725
17.972300
17.985225
17.995500
18.006900
18.027975
18.041475
18.057400
18.068975
18.082625
18.094550
18.110275
18.126125
18.141825
18.154375
18.169800
18.212825
18.231700
18.259000
18.281425
18.305250
18.326350
18.340225
18.355025
18.371975
18.392375
18.409525
18.423300
18.442700
18.455775
18.469900
18.480900
18.488300
18.501800
18.513125
18.524300
18.542925
18.561050
18.576550
18.589900
18.600350
18.609800
18.621325
18.654800
18.679250
18.694500
18.710250
18.739125
18.751025
18.768000
18.785400
18.802600
18.828325
18.840525
18.862100
18.876725
18.899900
18.916200
18.937500
18.957675
18.978375
18.988725
19.002100
19.018700
19.026500
19.058900
19.067450
19.078550
19.090000
19.099675
19.108750
19.119600
19.136750
19.151000
19.157950
19.165825
19.173950
19.188650
19.201600
19.213925
19.224075
19.242550
19.259100
19.279550
19.297275
19.316700
19.338075
19.364600
19.406800
19.446425
19.473125
19.487725
19.524725
19.548900
19.560325
19.581950
19.596925
19.621425
19.640075
19.669175
19.715225
19.784900
19.822900
19.852775
19.867750
19.883475
19.891550
19.902825
19.910650
19.919700
19.928225
19.937200
19.946425
19.954900
19.975275
19.987800
20.003975
20.020600
20.033500
20.044275
20.055800
20.071525
20.085075
20.099450
20.123650
20.135000
20.154475
20.175075
20.187175
20.226000
20.242425
20.254150
20.264775
20.278025
20.289950
20.307825
20.325400
20.343250
20.364025
20.382175
20.406975
20.418825
20.437600
20.462425
20.481950
20.495900
20.521300
20.537325
20.555750
20.568025
20.588900
20.599175
20.615100
20.639200
20.649850
20.660025
20.669750
20.679925
20.693150
20.705225
20.716675
20.739625
20.750950
20.760425
20.773825
20.787625
20.804875
20.822225
20.836875
20.860350
20.887050
20.920900
20.963000
21.007975
21.026175
21.043175
21.074675
21.090725
21.109375
21.128125
21.153725
21.172275
21.199175
21.262325
21.356725
21.377425
21.393100
21.404650
21.415300
21.431950
21.445975
21.453725
21.460200
21.467325
21.475475
21.485325
21.498900
21.519025
21.540425
21.558250
21.578700
21.593900
21.610250
21.626350
21.649150
21.665175
21.674175
21.689775
21.702025
21.722175
21.740950
21.755050
21.770525
21.782225
21.807125
21.819125
21.833350
21.852625
21.864475
21.882550
21.899575
21.931950
21.953525
21.968275
21.978450
21.993750
22.003950
22.014800
22.025125
22.035175
22.043975
22.057825
22.069675
22.077375
22.091325
22.110625
22.119400
22.131500
22.145175
22.154000
22.166050
22.179050
22.192725
22.206925
22.230875
22.245175
22.267975
22.294750
22.328675
22.352225
22.376800
22.393150
22.417550
22.462900
22.507175
22.527575
22.553650
22.571275
22.597850
22.612650
22.634450
22.651350
22.708200
22.748700
22.790150
22.820775
22.829700
22.838125
22.844775
22.852075
22.857325
22.867725
22.878200
22.889900
22.903925
22.922900
22.944500
22.963750
23.003425
23.071825
23.149400
23.165625
23.175700
23.188625
23.198175
23.208925
23.217175
23.227675
23.234275
23.248600
23.265225
23.280400
23.300450
23.312500
23.325275
23.347425
23.360375
23.379725
23.397925
23.421850
23.435175
23.449900
23.460975
23.474075
23.492350
23.503275
23.519050
23.537425
23.551875
23.569550
23.584125
23.594900
23.610150
23.641775
23.654050
23.663125
23.672025
23.691150
23.717025
23.734250
23.747875
23.759775
23.780000
23.801025
23.817550
23.833875
23.848550
23.865425
23.879725
23.894200
23.907125
23.919700
23.939200
23.956125
23.973925
23.992050
24.012125
24.035775
24.078925
24.102575
24.129175
24.146500
24.167350
24.188350
24.213200
24.239725
24.272125
24.290875
24.316375
24.341400
24.364975
24.382650
24.397950
24.407125
24.415375
24.426375
24.436000
24.452450
24.466750
24.490925
24.506825
24.527925
24.543200
24.564325
24.580050
24.597375
24.609225
24.627725
24.640450
24.650825
24.663825
24.673875
24.685400
24.697075
24.706825
24.718650
24.730275
24.748575
24.762650
24.776675
24.792775
24.817050
24.838925
24.905125
24.932100
24.947950
24.967825
24.980950
24.995650
25.024475
25.050075
25.079675
25.125150
25.180175
25.235975
25.270725
25.281925
25.295100
25.307700
25.321750
25.337250
25.350825
25.362675
25.383675
25.401800
25.421400
25.447175
25.461600
25.503925
25.557550
25.599800
25.630725
25.642250
25.655725
25.666225
25.680600
25.703325
25.719275
25.735550
25.764475
25.789900
25.809725
25.856900
25.887425
25.926200
25.962150
25.992950
26.014675
26.022875
26.029775
26.037825
26.045700
26.050850
26.058075
26.064750
26.074500
26.089575
26.102850
26.121225
26.136850
26.161150
26.181950
26.202550
26.224425
26.246950
26.254975
26.273000
26.282750
26.297825
26.315850
26.341750
26.354675
26.375350
26.388275
26.407900
26.434050
26.457575
26.483600
26.512925
26.546900
26.562925
26.582975
26.608950
26.632625
26.649750
26.665525
26.683675
26.705925
26.719600
26.732375
26.744750
26.754575
26.774475
26.799500
26.821225
26.839225
26.859525
26.885925
26.917000
26.954450
26.988300
27.032975
27.045050
27.061225
27.074050
27.082450
27.093875
27.108825
27.121250
27.134950
27.146175
27.164200
27.186425
27.204700
27.221725
27.235250
27.249400
27.271450
27.287875
27.303025
27.318225
27.330025
27.338575
27.345300
27.356825
27.365700
27.376100
27.386050
27.400800
27.416125
27.423975
27.440650
27.450450
27.465000
27.479525
27.494225
27.520725
27.547000
27.574325
27.618175
27.644075
27.666375
27.680125
27.692925
27.703900
27.731125
27.754400
27.797025
27.818800
27.837000
27.861325
27.882800
27.895600
27.908650
27.919575
27.928200
27.937125
27.948050
27.962625
27.987900
28.006275
28.038425
28.069150
28.096975
28.175625
28.214975
28.224750
28.237800
28.248500
28.254275
28.261975
28.268100
28.275375
28.282900
28.290400
28.301775
28.317000
28.332575
28.358275
28.381775
28.401100
28.429925
28.470800
28.494050
28.515100
28.534150
28.560775
28.583625
28.602250
28.616325
28.646075
28.677375
28.693875
28.708650
28.725850
28.752300
28.775575
28.805700
28.832850
28.858325
28.878975
28.902825
28.929325
28.958775
28.995800
29.023125
29.046450
29.077925
29.109975
29.137850
29.157050
29.177450
29.193525
29.203700
29.216125
29.232800
29.251450
29.264350
29.279025
29.286875
29.300925
29.313875
29.328475
29.338025
29.355325
29.382825
29.412550
29.438975
29.459850
29.483700
29.501725
29.534775
29.570125
29.636425
29.662050
29.672575
29.680925
29.690450
29.697650
29.710450
29.722450
29.738175
29.756950
29.774200
29.790275
29.805000
29.850850
29.877025
29.897800
29.952725
29.963100
29.976825
29.986625
29.997225
