0.007975
0.033350
0.053950
0.071250
0.090550
0.105225
0.122975
0.147375
0.169975
0.197100
0.231300
0.245250
0.266725
0.301825
0.379075
0.406925
0.450400
0.476525
0.502425
0.520925
0.553750
0.585000
0.601450
0.614725
0.632375
0.662150
0.688650
0.699000
0.713675
0.723325
0.738975
0.749775
0.773600
0.799075
0.816975
0.850125
0.884650
0.928675
0.957700
0.989050
1.036400
1.068000
1.099200
1.123025
1.153400
1.178650
1.201475
1.218500
1.244525
1.267325
1.281300
1.321125
1.343175
1.370025
1.390400
1.406900
1.420900
1.439200
1.453525
1.483975
1.500150
1.527575
1.553450
1.573825
1.617475
1.641475
1.667625
1.699300
1.729875
1.764025
1.791050
1.808300
1.840100
1.851625
1.872150
1.898575
1.917825
1.933600
1.953025
1.971375
1.989025
2.005500
2.027950
2.044575
2.064075
2.099075
2.109550
2.136025
2.159750
2.190125
2.239200
2.282050
2.323325
2.353475
2.379375
2.420025
2.443100
2.466450
2.485950
2.505800
2.530725
2.560825
2.583475
2.594825
2.608175
2.632625
2.649375
2.663550
2.680750
2.693600
2.710475
2.728375
2.748100
2.774575
2.790150
2.814250
2.836475
2.860775
2.888600
2.918125
2.976725
3.008050
3.035675
3.063300
3.087275
3.104550
3.135450
3.157700
3.194775
3.220700
3.253625
3.277450
3.319675
3.353775
3.380650
3.408375
3.434300
3.449675
3.466800
3.482550
3.494400
3.519175
3.540975
3.572350
3.594400
3.612300
3.626650
3.646125
3.661850
3.679250
3.691500
3.708350
3.732475
3.759275
3.774675
3.794850
3.818700
3.847300
3.877400
3.911150
3.933325
3.974875
4.002475
4.017350
4.072150
4.101450
4.136475
4.164275
4.194250
4.209800
4.228675
4.246050
4.264050
4.284350
4.307125
4.329900
4.352375
4.368775
4.390525
4.403925
4.431150
4.454825
4.476625
4.493250
4.506500
4.525475
4.534325
4.547225
4.565175
4.590500
4.616725
4.644900
4.667050
4.684425
4.732900
4.750600
4.795200
4.826500
4.849250
4.860850
4.883975
4.900125
4.928925
4.944325
4.974350
5.002775
5.024475
5.047300
5.069450
5.086250
5.105500
5.119250
5.133475
5.169300
5.196250
5.225725
5.241325
5.250300
5.261950
5.276875
5.287550
5.303375
5.327275
5.347750
5.365650
5.389875
5.411650
5.435475
5.468200
5.496525
5.546950
5.582300
5.628875
5.656050
5.680725
5.719650
5.752800
5.777875
5.800400
5.818950
5.852350
5.861650
5.873350
5.888775
5.901950
5.915950
5.948000
5.974925
5.987350
6.013850
6.046075
6.073375
6.108050
6.140050
6.175675
6.206525
6.272075
6.303300
6.347100
6.365450
6.385125
6.402250
6.432950
6.445075
6.470125
6.493150
6.520500
6.550175
6.581150
6.616775
6.638550
6.661200
6.699350
6.717750
6.766075
6.806050
6.841400
6.864800
6.884625
6.894825
6.917275
6.938275
6.973475
7.001375
7.024850
7.051950
7.073525
7.094375
7.116850
7.151625
7.184700
7.221250
7.250175
7.309450
7.339125
7.380525
7.388625
7.406375
7.424600
7.456000
7.470625
7.484175
7.501025
7.515125
7.530075
7.543825
7.554625
7.573375
7.604225
7.652000
7.693950
7.726475
7.749525
7.775225
7.807525
7.846425
7.864875
7.903375
7.925075
7.947500
7.960650
7.981125
7.995125
8.013400
8.031300
8.050300
8.073700
8.091175
8.109525
8.124825
8.142275
8.158400
8.183025
8.199675
8.213800
8.235175
8.246350
8.254300
8.264475
8.277025
8.296850
8.327950
8.356250
8.377625
8.411175
8.445875
8.478175
8.498250
8.534700
8.569275
8.609050
8.631025
8.654825
8.673525
8.694300
8.714975
8.735850
8.747725
8.766050
8.774350
8.788000
8.798075
8.818275
8.839450
8.855675
8.874750
8.884575
8.905700
8.919575
8.933300
8.947425
8.960875
8.977000
8.991625
9.003650
9.024250
9.038700
9.052200
9.060450
9.076825
9.088250
9.103450
9.117925
9.143375
9.156550
9.176550
9.214025
9.251775
9.287050
9.318550
9.339875
9.369225
9.398300
9.489450
9.516775
9.537100
9.554550
9.574475
9.588925
9.604975
9.632400
9.645225
9.664125
9.681700
9.693075
9.704725
9.719350
9.740525
9.749650
9.760800
9.769375
9.775550
9.781425
9.787700
9.808900
9.826650
9.837075
9.846900
9.858225
9.868400
9.883750
9.891400
9.899550
9.914675
9.921225
9.936775
9.957975
9.970950
9.989375
10.004650
10.022225
10.032725
10.056675
10.098050
10.120675
10.166600
10.198850
10.269175
10.308200
10.332000
10.376800
10.410225
10.440375
10.476875
10.523400
10.563500
10.602075
10.625625
10.645550
10.667100
10.684025
10.702375
10.712450
10.722675
10.729800
10.744525
10.759375
10.769450
10.778775
10.789425
10.810500
10.823350
10.838875
10.853600
10.872850
10.889025
10.903175
10.925300
10.942450
10.963500
10.982550
10.997725
11.016925
11.039275
11.071225
11.097950
11.119150
11.139950
11.159825
11.175900
11.195750
11.225825
11.269100
11.312800
11.348925
11.382350
11.431825
11.487775
11.528275
11.547300
11.566550
11.595525
11.610725
11.630225
11.647025
11.668625
11.690425
11.709775
11.736375
11.773650
11.784275
11.803150
11.819200
11.839350
11.863400
11.890500
11.902750
11.924200
11.960200
11.984025
12.014300
12.041500
12.067300
12.088100
12.119825
12.137125
12.165125
12.188825
12.221900
12.239325
12.268825
12.305775
12.330925
12.358125
12.408600
12.500725
12.527825
12.563425
12.604025
12.639425
12.670275
12.701350
12.735000
12.760850
12.791700
12.819000
12.838050
12.867950
12.912300
12.945800
12.978550
13.005075
13.025225
13.053200
13.076325
13.100825
13.128625
13.157650
13.180575
13.201700
13.227100
13.242600
13.268900
13.296550
13.331700
13.410825
13.440575
13.457725
13.486300
13.510775
13.532725
13.583400
13.640225
13.674775
13.708300
13.763625
13.816225
13.866725
13.899000
13.927725
13.954425
13.975675
13.989750
14.011275
14.052175
14.073875
14.115850
14.137675
14.168175
14.208825
14.239550
14.263975
14.295700
14.331175
14.358225
14.386775
14.413175
14.445825
14.477875
14.510700
14.568550
14.632100
14.675700
14.702850
14.729375
14.756925
14.782625
14.816550
14.847500
14.880550
14.907275
14.929225
14.950600
14.971175
14.994300
15.020050
15.053950
15.094850
15.121625
15.142600
15.169250
15.194175
15.217000
15.249275
15.274875
15.307625
15.343075
15.383275
15.426925
15.448075
15.467350
15.492550
15.544850
15.593950
15.626225
15.679150
15.736775
15.771100
15.800750
15.832475
15.859800
15.886900
15.912800
15.934375
15.955375
15.971975
15.991575
16.009825
16.030275
16.048450
16.077150
16.101050
16.113675
16.146300
16.184300
16.205225
16.222950
16.262375
16.296575
16.348650
16.392500
16.416275
16.444350
16.460375
16.514250
16.545950
16.592600
16.624150
16.651400
16.680800
16.699525
16.743050
16.766675
16.785050
16.802400
16.822175
16.847925
16.879950
16.911300
16.948475
16.969100
17.005600
17.043250
17.081150
17.110075
17.129000
17.170200
17.203825
17.233675
17.253625
17.278500
17.295950
17.320725
17.338325
17.366975
17.382025
17.401250
17.427150
17.462550
17.489075
17.578875
17.630400
17.669750
17.706675
17.737875
17.762625
17.795600
17.822900
17.853725
17.869425
17.898575
17.922375
17.943125
17.967350
17.992925
18.008925
18.040575
18.061475
18.086550
18.115850
18.143600
18.170450
18.247900
18.273100
18.311575
18.335375
18.361300
18.382500
18.408950
18.431300
18.469975
18.501550
18.533675
18.557900
18.577250
18.592500
18.627650
18.651825
18.674725
18.700550
18.729425
18.812625
18.839000
18.870000
18.908275
18.938600
18.963625
19.000800
19.032350
19.065450
19.088625
19.120450
19.159500
19.185875
19.209550
19.235200
19.260550
19.284600
19.327800
19.350900
19.375600
19.388650
19.403225
19.417450
19.432100
19.450575
19.466225
19.480950
19.503600
19.517700
19.534700
19.552525
19.565575
19.576750
19.592150
19.610000
19.632150
19.646350
19.666100
19.695300
19.712075
19.733100
19.772650
19.812800
19.837625
19.893275
19.928350
19.944025
19.963625
19.986600
20.010450
20.024000
20.039775
20.054550
20.067900
20.080900
20.088250
20.096600
20.112275
20.122725
20.134725
20.150725
20.163000
20.182975
20.200200
20.212550
20.229500
20.247425
20.270125
20.287225
20.317775
20.332450
20.361575
20.384950
20.407025
20.425700
20.446875
20.466225
20.480150
20.493725
20.505375
20.517600
20.532050
20.559000
20.576350
20.610300
20.625575
20.649600
20.669650
20.698100
20.720450
20.734750
20.751725
20.767900
20.775100
20.787250
20.800950
20.816000
20.826600
20.844025
20.870225
20.904225
20.931075
20.961850
21.004375
21.020100
21.062675
21.111000
21.164525
21.195875
21.224100
21.244800
21.269925
21.289275
21.322425
21.336825
21.360650
21.379100
21.400000
21.426475
21.443275
21.470100
21.490950
21.523850
21.549925
21.580275
21.607325
21.627100
21.663475
21.689625
21.706025
21.731625
21.749525
21.766800
21.782925
21.795350
21.807250
21.816400
21.833725
21.846575
21.858525
21.864750
21.882450
21.893575
21.902375
21.910400
21.924700
21.944325
21.967275
21.977025
21.991400
22.001625
22.011600
22.026300
22.040950
22.062700
22.084325
22.102050
22.124500
22.139725
22.157650
22.174025
22.189925
22.206000
22.238925
22.295250
22.355100
22.416625
22.443225
22.477575
22.503575
22.528600
22.579025
22.606825
22.667875
22.697425
22.744225
22.763700
22.776550
22.814925
22.873075
22.903700
22.926400
22.956300
22.979425
22.992200
23.016000
23.047700
23.078950
23.122050
23.172200
23.224700
23.296325
23.325350
23.350375
23.367950
23.398075
23.430000
23.462950
23.504750
23.536925
23.582275
23.619200
23.655650
23.699575
23.755200
23.806950
23.874925
23.902175
23.931700
23.963800
23.979150
24.000800
24.060650
24.088975
24.117975
24.149925
24.182975
24.222800
24.261825
24.290625
24.348425
24.407550
24.449150
24.475125
24.502125
24.515000
24.537225
24.559300
24.580825
24.626350
24.666625
24.721400
24.738375
24.818400
24.846000
24.863450
24.883200
24.903500
24.931425
24.951525
24.974475
25.002100
25.040575
25.072325
25.126750
25.150450
25.176075
25.198825
25.216350
25.254475
25.285450
25.320150
25.395650
25.439700
25.465250
25.488700
25.519200
25.541900
25.573600
25.614700
25.647700
25.687875
25.718700
25.743875
25.781250
25.855675
25.925050
25.965250
25.977475
25.996950
26.016375
26.035725
26.055900
26.081475
26.113375
26.132525
26.158975
26.188400
26.216650
26.254650
26.283475
26.315550
26.347050
26.395425
26.426625
26.458775
26.478575
26.496175
26.529375
26.571125
26.597350
26.618400
26.653550
26.695200
26.714150
26.733475
26.753775
26.773175
26.788475
26.806375
26.824300
26.846325
26.878275
26.907425
26.956450
26.981525
27.012150
27.044900
27.071275
27.096175
27.120200
27.150900
27.196350
27.242375
27.279250
27.294975
27.318400
27.336025
27.357525
27.373750
27.397275
27.418750
27.435825
27.453900
27.464475
27.491275
27.512025
27.536050
27.575400
27.603650
27.613125
27.632150
27.652900
27.669200
27.688775
27.710750
27.727500
27.741500
27.751700
27.774625
27.793625
27.807025
27.826800
27.848550
27.869400
27.879550
27.898025
27.918350
27.940450
27.957450
27.981200
28.016825
28.039200
28.053325
28.070300
28.088225
28.106600
28.143400
28.159500
28.179350
28.196650
28.219275
28.235775
28.248700
28.270250
28.284400
28.302950
28.327675
28.344150
28.355725
28.367450
28.376225
28.392400
28.410325
28.426800
28.437700
28.450650
28.477350
28.501800
28.518300
28.534500
28.552150
28.592275
28.614175
28.632100
28.659775
28.678075
28.714500
28.736250
28.757600
28.772400
28.790025
28.805525
28.817450
28.827075
28.832775
28.840600
28.848300
28.866775
28.891625
28.922750
28.947675
28.967300
29.011025
29.037900
29.057925
29.078625
29.101650
29.123325
29.145900
29.167900
29.185200
29.198325
29.211600
29.248525
29.267875
29.291300
29.317700
29.331575
29.348475
29.360875
29.384650
29.398025
29.410275
29.418400
29.431375
29.447000
29.460600
29.489750
29.501525
29.512600
29.524875
29.535000
29.549300
29.560300
29.571075
29.581250
29.601700
29.615100
29.632275
29.660575
29.686325
29.705075
29.723100
29.751075
29.795500
29.819200
29.847600
29.878775
29.894400
29.907675
29.932875
29.962925
29.975275
29.994625
