0.098000
0.172725
0.212550
0.229325
0.242500
0.300000
0.325000
0.477375
0.706450
1.087250
1.129025
1.140825
1.259100
1.298975
1.407850
1.450100
1.473225
2.041400
2.061325
2.244175
2.247775
2.470325
2.613200
2.645925
2.696025
2.748325
2.759875
2.828875
2.868550
3.084950
3.093175
3.126475
3.154775
3.172775
3.192875
3.222650
3.238475
3.252200
3.318675
3.391525
3.437525
3.464050
3.486650
3.505850
3.703075
3.760325
3.878425
3.942875
3.984275
4.008800
4.096100
4.136300
4.168825
4.172450
4.185100
4.575025
4.639075
4.866925
5.001475
5.025750
5.084425
5.130500
5.372325
5.514350
5.851325
6.024500
6.488950
6.546075
6.553775
6.573475
6.631300
6.648775
6.738700
6.824350
6.869000
6.919575
7.298600
7.333400
7.611850
8.250600
8.268050
9.055525
9.348300
9.427300
10.058325
10.099700
10.150275
10.163200
10.420175
10.477250
10.510350
10.759500
10.883975
10.899125
11.207350
11.285975
11.396800
11.503100
11.522100
11.543350
11.940350
12.270000
12.525100
12.701600
12.726150
12.983575
13.145675
13.266950
13.498050
13.710125
13.741950
13.865100
14.007300
14.968625
15.201425
15.459000
15.520725
15.848800
16.539950
16.603975
16.682075
16.797225
17.141925
17.153325
17.817775
17.829375
17.848000
17.940400
18.442900
19.173250
19.364425
19.494900
20.425950
20.774800
20.784050
20.811700
21.476050
21.693325
21.813550
22.238625
22.294625
22.563375
22.675800
22.757100
22.826625
22.875575
23.435375
23.460225
23.582750
23.654700
23.672775
23.840875
23.845600
24.242700
24.383400
24.440450
24.722050
24.911550
24.935300
24.977250
25.234325
25.419825
25.535350
25.639050
25.657400
26.074675
26.269225
26.288925
26.527325
26.625250
26.661525
26.699125
26.926550
27.434925
27.893525
28.001900
28.234675
28.251250
28.283825
28.306200
28.325900
28.510200
28.652700
28.678825
28.832075
29.353700
29.418775
29.442325
29.533650
29.664325
29.720700
29.794100
