0.022550
0.040850
0.062200
0.112375
0.130800
0.181975
0.215975
0.231075
0.260875
0.281450
0.297500
0.332575
0.417350
0.457050
0.485050
0.511500
0.534025
0.552300
0.574175
0.593625
0.618500
0.640675
0.659800
0.669425
0.711300
0.727750
0.763075
0.785600
0.821800
0.848600
0.886050
0.908925
0.947775
0.994225
1.016175
1.037300
1.070450
1.100675
1.132500
1.159100
1.189075
1.224000
1.251150
1.285350
1.309375
1.330525
1.363100
1.382825
1.404925
1.429800
1.455475
1.469350
1.493300
1.516775
1.547950
1.573600
1.599075
1.645475
1.692925
1.728400
1.763550
1.785700
1.804975
1.836125
1.861350
1.878050
1.909900
1.945525
1.959350
1.983900
2.007350
2.029900
2.046300
2.071550
2.085675
2.116475
2.147450
2.163700
2.173075
2.199850
2.221650
2.248125
2.267325
2.300050
2.318600
2.369125
2.403875
2.415575
2.435375
2.457075
2.477500
2.501175
2.531600
2.552775
2.567425
2.603475
2.637600
2.659600
2.702650
2.728575
2.751150
2.789450
2.845275
2.868575
2.891125
2.916875
2.949550
2.983025
3.038475
3.069175
3.095650
3.123050
3.140100
3.178275
3.209875
3.252575
3.273500
3.332350
3.352300
3.382200
3.405850
3.449550
3.479575
3.510925
3.552125
3.574550
3.589225
3.615425
3.635925
3.667150
3.691625
3.724100
3.766800
3.793350
3.812250
3.829600
3.847850
3.879000
3.903775
3.928625
3.958875
3.974000
4.014525
4.029300
4.045225
4.063800
4.084525
4.107325
4.129375
4.153950
4.176575
4.197650
4.214900
4.241700
4.270050
4.298400
4.322250
4.354375
4.370875
4.390300
4.413750
4.439875
4.459225
4.487600
4.514175
4.533875
4.557925
4.574975
4.613500
4.633150
4.651550
4.683300
4.710325
4.745050
4.766650
4.798125
4.836300
4.859075
4.877025
4.899325
4.912050
4.925650
4.942750
4.961350
4.990725
5.012975
5.038275
5.069475
5.088050
5.108550
5.127825
5.158575
5.192350
5.221625
5.241525
5.257625
5.281850
5.309150
5.337675
5.353100
5.372425
5.398225
5.411725
5.439225
5.458925
5.486000
5.519075
5.546750
5.569975
5.591400
5.617525
5.645200
5.657525
5.681275
5.706175
5.763975
5.801200
5.819275
5.837750
5.852225
5.878575
5.893825
5.906600
5.932600
5.960250
5.990275
6.008050
6.030950
6.052550
6.074900
6.108650
6.129375
6.177325
6.206675
6.221575
6.254125
6.272075
6.293775
6.352025
6.380250
6.417025
6.445925
6.482650
6.507250
6.527000
6.563150
6.594025
6.637400
6.663875
6.699625
6.732100
6.765975
6.779300
6.797650
6.822550
6.851275
6.876600
6.896575
6.930525
6.959925
6.973175
6.988275
7.009300
7.031400
7.046750
7.078000
7.099475
7.112650
7.129500
7.149750
7.167250
7.192275
7.211950
7.240775
7.264800
7.291825
7.320000
7.379325
7.406000
7.441825
7.473125
7.507750
7.532375
7.553650
7.598350
7.629275
7.689375
7.713550
7.737325
7.761175
7.780175
7.806900
7.847275
7.864575
7.881975
7.904375
7.938675
7.964550
8.006900
8.048175
8.085175
8.118675
8.140475
8.164400
8.190775
8.217700
8.233975
8.242200
8.268050
8.284575
8.302725
8.324750
8.359550
8.385575
8.410625
8.454450
8.491325
8.526075
8.545950
8.577825
8.599475
8.621775
8.642850
8.672625
8.702800
8.728200
8.760000
8.783425
8.814025
8.839050
8.865225
8.887425
8.909025
8.926625
8.950200
8.972125
8.998425
9.026600
9.048250
9.065025
9.088650
9.119025
9.136625
9.153575
9.175450
9.188675
9.216475
9.226525
9.252800
9.267775
9.291300
9.303250
9.322225
9.357300
9.365700
9.383500
9.409000
9.430950
9.448100
9.485950
9.528200
9.548725
9.562850
9.591800
9.605150
9.626925
9.647950
9.701975
9.723975
9.753600
9.784475
9.812375
9.837500
9.859725
9.888425
9.908925
9.938450
9.958425
9.996675
10.017400
10.043625
10.076775
10.100650
10.134150
10.156350
10.176475
10.192200
10.215600
10.239025
10.263450
10.288950
10.327700
10.352875
10.378050
10.395650
10.445050
10.479300
10.509650
10.538150
10.569125
10.586800
10.607550
10.624300
10.646150
10.673375
10.696600
10.734175
10.769375
10.787625
10.815375
10.840000
10.852800
10.869875
10.880300
10.928400
10.956375
10.984175
11.002450
11.031275
11.063575
11.096500
11.116200
11.150450
11.169475
11.186100
11.214000
11.236275
11.255550
11.268525
11.287800
11.316750
11.351625
11.397300
11.409025
11.429275
11.451250
11.475750
11.494525
11.510950
11.526175
11.573400
11.612725
11.645100
11.661800
11.673475
11.702400
11.735700
11.756600
11.830200
11.857375
11.885650
11.916850
11.961125
11.995400
12.027050
12.055350
12.084500
12.115550
12.158375
12.178675
12.210275
12.241700
12.265625
12.295700
12.343350
12.396225
12.434250
12.459500
12.489000
12.517925
12.544475
12.572475
12.613075
12.645950
12.674400
12.695600
12.724125
12.767125
12.786200
12.808100
12.837000
12.895200
12.927800
12.945575
12.964750
13.002625
13.027725
13.053275
13.086900
13.098100
13.133275
13.152075
13.176375
13.201400
13.259700
13.286200
13.298450
13.327475
13.356000
13.393100
13.417050
13.436050
13.463400
13.499575
13.540200
13.581225
13.615825
13.638225
13.664925
13.707275
13.725075
13.751550
13.776700
13.803450
13.843650
13.880050
13.922675
13.944150
13.964125
14.013100
14.051925
14.071000
14.095575
14.122000
14.148850
14.162975
14.188350
14.213350
14.252475
14.274700
14.300750
14.310650
14.325350
14.344450
14.373050
14.401925
14.419575
14.455125
14.470975
14.489150
14.519075
14.561175
14.575075
14.596575
14.610250
14.621325
14.639475
14.665675
14.677425
14.696925
14.712800
14.728525
14.750200
14.764725
14.790150
14.807850
14.832625
14.849250
14.870475
14.886325
14.916150
14.932025
14.952075
14.993200
15.015950
15.032850
15.058250
15.082075
15.099275
15.128025
15.158700
15.205400
15.229350
15.252475
15.278075
15.293875
15.322400
15.336850
15.367000
15.410850
15.428450
15.455325
15.498325
15.518750
15.547550
15.573850
15.608525
15.641225
15.661050
15.684925
15.711075
15.729300
15.746500
15.762300
15.800275
15.821350
15.844450
15.862200
15.886525
15.911225
15.928475
15.954475
15.977500
15.994125
16.011750
16.044450
16.063875
16.102575
16.128225
16.140900
16.175150
16.194850
16.237500
16.269575
16.332625
16.346125
16.362750
16.390650
16.419275
16.437175
16.457525
16.471925
16.493675
16.528975
16.556975
16.587400
16.636625
16.684425
16.708375
16.725100
16.754400
16.770725
16.794150
16.818400
16.849850
16.875125
16.900950
16.946675
16.973625
17.000350
17.034725
17.067450
17.087925
17.120275
17.151700
17.177325
17.244200
17.264300
17.283575
17.322000
17.346425
17.408925
17.432100
17.453200
17.481850
17.496725
17.521225
17.541775
17.572625
17.634575
17.667075
17.697625
17.733175
17.756675
17.777300
17.796275
17.828875
17.848275
17.863375
17.897850
17.915875
17.956400
17.986950
18.006575
18.039600
18.064750
18.093725
18.121550
18.150900
18.173350
18.188900
18.215850
18.249275
18.278650
18.320150
18.340625
18.364200
18.384450
18.414100
18.443475
18.460775
18.491625
18.506350
18.540825
18.560775
18.585725
18.614300
18.638175
18.663025
18.698650
18.717475
18.740175
18.783600
18.806900
18.838750
18.870350
18.896475
18.926700
18.965975
19.000100
19.046175
19.065450
19.088050
19.106250
19.127775
19.145475
19.161700
19.175525
19.186525
19.204050
19.232600
19.245650
19.283200
19.302000
19.348600
19.364450
19.381750
19.429900
19.456050
19.470200
19.483875
19.521775
19.538075
19.569250
19.581350
19.599875
19.615350
19.636325
19.658400
19.684925
19.709950
19.729875
19.746975
19.784475
19.803075
19.825275
19.854200
19.887150
19.909850
19.946000
19.984150
20.040800
20.063800
20.087075
20.114500
20.203900
20.231500
20.247125
20.264625
20.278850
20.301550
20.325975
20.342425
20.362175
20.374175
20.384850
20.428950
20.443100
20.466575
20.537000
20.552600
20.576150
20.605350
20.623150
20.641025
20.663675
20.693325
20.752925
20.778375
20.796050
20.849925
20.876700
20.902650
20.938800
20.999825
21.016450
21.045900
21.070850
21.091450
21.121825
21.148700
21.274125
21.308975
21.328800
21.368600
21.396350
21.420200
21.437925
21.449125
21.465750
21.491100
21.508600
21.547775
21.569375
21.616250
21.665525
21.704325
21.730350
21.758075
21.786775
21.830800
21.877050
21.913425
21.949900
21.970350
22.014800
22.031600
22.055550
22.083250
22.112900
22.126600
22.145225
22.189700
22.212550
22.238550
22.287550
22.326050
22.359300
22.416300
22.429175
22.451650
22.470875
22.497675
22.522600
22.546350
22.567175
22.591225
22.616775
22.629575
22.676925
22.697800
22.734650
22.761325
22.802375
22.846975
22.859625
22.867800
22.897500
22.908375
22.924425
22.945050
22.975125
23.010075
23.027350
23.049325
23.065025
23.083800
23.112675
23.129025
23.145550
23.161150
23.216750
23.241575
23.259650
23.290275
23.332050
23.360700
23.382650
23.395100
23.423075
23.441475
23.468325
23.504375
23.523550
23.547725
23.575650
23.605700
23.630075
23.657675
23.692975
23.715575
23.747450
23.759625
23.778125
23.794200
23.809700
23.830650
23.849725
23.859850
23.874175
23.897125
23.923675
23.944700
23.989650
24.014350
24.028550
24.051725
24.074300
24.095475
24.121525
24.147600
24.163000
24.186175
24.221675
24.237525
24.260250
24.278475
24.298925
24.313225
24.335525
24.347000
24.362825
24.383425
24.404775
24.436750
24.517250
24.535200
24.547400
24.562200
24.598325
24.622175
24.637175
24.659550
24.672200
24.686100
24.705900
24.723400
24.747175
24.761000
24.791975
24.821850
24.838850
24.862675
24.880875
24.902075
24.929425
24.947700
24.960075
24.976100
24.990775
25.003725
25.028375
25.043875
25.060450
25.078925
25.133325
25.158550
25.185300
25.200750
25.218750
25.241025
25.274100
25.300775
25.326275
25.347750
25.356275
25.399750
25.425425
25.441675
25.458550
25.475475
25.498275
25.522925
25.546325
25.566200
25.583450
25.597250
25.612850
25.630500
25.653000
25.665800
25.696375
25.710800
25.724475
25.733175
25.759725
25.790825
25.812800
25.840475
25.862900
25.892075
25.938525
26.013850
26.050350
26.093500
26.102225
26.125800
26.143825
26.155650
26.208950
26.225900
26.243775
26.267325
26.300800
26.323275
26.336775
26.371700
26.387900
26.420475
26.433575
26.454950
26.473525
26.489375
26.503725
26.520500
26.548850
26.574575
26.593575
26.634850
26.658550
26.681800
26.701500
26.739725
26.768075
26.790350
26.850175
26.889925
26.911525
26.983625
27.036850
27.048275
27.062150
27.072425
27.098100
27.111050
27.138625
27.167125
27.207075
27.250225
27.271200
27.320575
27.354675
27.377225
27.392150
27.405400
27.425925
27.455250
27.476050
27.508800
27.538050
27.562750
27.574275
27.595900
27.619150
27.636925
27.659175
27.670000
27.688400
27.719325
27.744575
27.770900
27.837900
27.878225
27.906025
27.929775
27.945950
27.965900
27.980325
27.994800
28.023325
28.057025
28.081125
28.097250
28.140375
28.157950
28.184325
28.198900
28.228725
28.263025
28.293425
28.326775
28.351150
28.418675
28.525575
28.559375
28.586950
28.608000
28.627725
28.646375
28.674425
28.683075
28.714225
28.740625
28.763450
28.814925
28.845500
28.874400
28.904900
28.931950
28.969625
29.007075
29.027975
29.053250
29.105225
29.131650
29.152725
29.229150
29.260250
29.286375
29.321375
29.339850
29.368800
29.389300
29.409200
29.426350
29.436775
29.460125
29.470975
29.497125
29.520400
29.534200
29.550025
29.565225
29.580250
29.599000
29.617175
29.628800
29.647400
29.671775
29.682750
29.695950
29.729075
29.750325
29.771075
29.816675
29.831550
29.844900
29.865525
29.883300
29.898075
29.914000
29.928575
29.959100
29.971050
29.983700
