0.275225
0.303550
0.424825
0.438750
0.482750
0.629900
0.672050
0.724475
0.744525
0.776875
1.029225
1.122100
1.584000
1.841825
2.047725
2.172800
2.452575
3.271875
4.005350
4.503250
4.773075
4.968150
5.044875
5.087350
5.157000
5.554300
6.287850
6.361850
6.723200
7.085525
7.100575
7.381800
7.437900
7.489800
7.845650
8.860050
9.610575
9.652275
9.754950
10.302925
10.455600
10.763250
10.863100
11.439225
11.788175
11.936275
12.567500
12.634475
12.769475
12.953300
12.995650
13.304875
13.341950
13.838750
13.982275
14.711275
14.775700
14.895600
15.050675
15.109225
15.164550
15.445275
15.915475
16.030125
16.377675
16.419475
16.524175
16.558425
16.926000
17.106925
17.321475
17.367175
17.643975
17.660575
17.683525
17.811800
17.966875
18.084925
18.093525
18.131150
18.172925
18.197525
18.354050
18.584750
18.615800
18.839000
19.328700
19.340025
19.355025
19.473175
19.485100
19.667250
19.893550
20.030400
20.089375
20.153675
20.262200
20.509300
20.556500
20.647025
21.229325
21.249550
21.285675
21.838625
22.115200
22.263675
22.939325
22.974375
23.059750
23.175100
23.271350
23.639550
23.690675
23.954425
24.038725
24.202975
24.260900
24.318575
24.345525
24.570450
25.084325
25.378575
25.387425
26.018925
26.884575
27.218375
27.272700
27.353175
27.418850
28.014075
28.321875
28.648975
28.837300
29.163800
29.453000
29.718050
29.886200
