0.460350
0.693775
1.178775
1.191275
1.214050
1.268450
1.297225
1.299950
1.860425
1.910725
1.945725
1.980275
2.149825
2.357075
2.383050
2.414975
2.417425
2.493900
2.532150
2.716200
3.151525
3.208175
3.222250
3.253675
3.657850
3.687925
3.716900
3.749650
3.793425
3.843100
3.853900
3.929425
4.001450
4.345300
4.364550
4.669625
4.918675
4.977050
4.991625
5.018800
5.058250
5.463275
5.523625
5.533825
5.536850
5.935800
6.156875
6.162100
6.315050
6.338675
6.685025
6.893375
6.921875
6.931600
6.954225
6.986800
7.226675
7.349825
7.990325
8.122925
8.140675
8.162600
8.170975
8.618000
8.633400
8.714600
8.761450
8.933950
9.016500
9.089425
9.105500
9.762325
9.806975
10.185250
10.193775
10.245400
10.313325
10.380300
10.484400
10.783350
10.871900
10.903400
10.922775
10.936725
11.118825
11.626275
11.692475
12.029225
12.177650
12.435950
12.895075
13.831175
13.838525
13.857375
13.872575
13.924275
13.934050
13.978600
14.255750
14.661250
14.693575
14.707825
15.026425
15.128800
15.193200
15.354700
15.428625
15.675050
15.777900
15.784600
15.863775
16.079725
16.299700
16.540725
16.690175
17.364825
17.423375
17.560525
17.617250
17.662325
17.828225
17.846225
18.049800
18.167025
18.302625
18.380900
18.498825
18.762025
18.772150
18.959975
18.965825
19.087300
19.510900
19.575575
19.584200
19.692400
19.720150
19.852400
19.924975
20.053525
20.254500
20.911950
21.046750
21.101475
21.109800
21.297350
21.352150
21.361100
21.392125
21.545550
21.763500
21.815425
22.107450
22.461600
22.507200
22.701200
23.230875
23.239175
23.856250
24.311075
24.565625
24.981500
25.039300
25.198850
25.281925
25.296825
25.356700
26.405225
26.666325
26.700750
26.732850
26.846025
27.032800
27.356850
28.556075
28.686575
28.725975
28.737625
29.009475
29.078850
29.539475
29.671875
29.798575
