0.003400
0.038925
0.045975
0.075525
0.089400
0.170100
0.191475
0.223300
0.240425
0.260425
0.299000
0.328775
0.359650
0.375125
0.386300
0.399100
0.448675
0.482800
0.538350
0.562675
0.576825
0.610400
0.631375
0.649750
0.679650
0.708700
0.728650
0.751550
0.779125
0.805075
0.834450
0.850350
0.900050
0.922325
0.949025
0.971550
0.992200
1.039925
1.086775
1.111175
1.207850
1.228075
1.244750
1.281625
1.303150
1.328775
1.351925
1.367450
1.382125
1.451775
1.470900
1.495650
1.546050
1.564975
1.591300
1.616500
1.658650
1.671550
1.776050
1.788925
1.803150
1.815850
1.957750
1.996975
2.012750
2.048575
2.060150
2.093950
2.137125
2.151025
2.164950
2.177075
2.200925
2.216075
2.251625
2.293575
2.332100
2.376450
2.404200
2.428200
2.445575
2.462325
2.483225
2.514675
2.535025
2.564050
2.592750
2.625075
2.647450
2.665475
2.676725
2.705475
2.735150
2.757675
2.773175
2.786625
2.804050
2.819250
2.865750
2.897800
2.939725
2.957625
2.993975
3.033550
3.048425
3.078375
3.117000
3.128700
3.139825
3.155850
3.204925
3.285225
3.325750
3.336925
3.389225
3.395825
3.416350
3.473925
3.492475
3.520000
3.565400
3.623250
3.638350
3.708025
3.755225
3.794525
3.812075
3.865200
3.882300
3.931725
3.944525
3.959600
3.967550
3.989250
4.013250
4.048175
4.060825
4.072125
4.092775
4.112600
4.130800
4.141875
4.162675
4.197075
4.210625
4.220800
4.241025
4.247600
4.256325
4.261825
4.369650
4.382575
4.474450
4.499375
4.560075
4.580550
4.595850
4.612225
4.628400
4.642225
4.706100
4.721850
4.737000
4.751275
4.771625
4.798275
4.823850
4.834675
4.839800
4.856350
4.862625
4.887525
5.046675
5.130750
5.148750
5.198550
5.224950
5.253825
5.277275
5.284350
5.311175
5.384900
5.387950
5.438100
5.483275
5.495325
5.500575
5.523575
5.527550
5.556250
5.594925
5.621100
5.660575
5.668100
5.708975
5.728150
5.751100
5.796300
5.813375
5.878325
5.980900
5.992975
6.038050
6.081750
6.122925
6.143400
6.206025
6.225575
6.253025
6.299075
6.387575
6.401550
6.448425
6.503925
6.563300
6.586475
6.605625
6.635275
6.648850
6.667200
6.718100
6.735675
6.751650
6.766800
6.783300
6.810075
6.841000
6.861525
6.885175
6.909650
6.944300
6.958900
7.001750
7.025675
7.058425
7.075675
7.095200
7.127225
7.156250
7.181625
7.200800
7.219600
7.258225
7.293625
7.316875
7.337550
7.359325
7.377200
7.404550
7.427925
7.522500
7.541700
7.558000
7.576175
7.595775
7.621700
7.639325
7.655000
7.674225
7.684250
7.703425
7.741925
7.766275
7.786925
7.804300
7.826375
7.845650
7.879125
7.906900
7.962225
7.981625
8.087075
8.101750
8.121625
8.140250
8.158475
8.178850
8.244300
8.263650
8.342125
8.363025
8.380800
8.417025
8.430725
8.444425
8.466025
8.483150
8.503175
8.522500
8.573800
8.595175
8.624550
8.649875
8.684925
8.721175
8.756175
8.773475
8.803200
8.829900
8.843600
8.861025
8.894375
8.906875
8.929500
8.992500
9.039150
9.060675
9.082150
9.100825
9.143125
9.160025
9.175400
9.191250
9.205650
9.227550
9.247325
9.269325
9.384575
9.427550
9.448925
9.480200
9.532300
9.608750
9.634900
9.701275
9.718600
9.744300
9.768550
9.806400
9.833750
9.863550
9.884175
9.917000
9.962150
9.981600
10.003575
10.031250
10.048200
10.067500
10.120950
10.151475
10.175525
10.195200
10.220850
10.269250
10.335750
10.362550
10.387600
10.431950
10.454250
10.478875
10.504500
10.578175
10.603400
10.630850
10.673475
10.694525
10.764500
10.829050
10.854900
10.915400
10.937625
10.977100
10.983600
10.992575
11.005525
11.032975
11.043400
11.052125
11.063725
11.110100
11.125900
11.135300
11.157450
11.221475
11.244975
11.270550
11.317775
11.338025
11.367725
11.402275
11.423175
11.442625
11.525375
11.649325
11.669850
11.694800
11.788125
11.825675
11.851650
11.869825
11.892500
11.948075
11.968725
12.017850
12.057975
12.079200
12.103600
12.132375
12.149375
12.171950
12.352000
12.367625
12.436575
12.474275
12.503450
12.519800
12.586575
12.597625
12.622600
12.647300
12.676675
12.696825
12.748600
12.770300
12.834350
12.885775
12.904175
12.992175
13.020500
13.050725
13.066825
13.111025
13.142550
13.171000
13.191475
13.254725
13.289750
13.319350
13.373700
13.401725
13.440850
13.457150
13.482950
13.511850
13.531525
13.558000
13.577300
13.599825
13.647825
13.719850
13.740875
13.765325
13.815475
13.832425
13.865100
13.885825
13.904950
13.959575
13.977400
13.992000
14.002725
14.010975
14.015000
14.081025
14.092975
14.106050
14.128175
14.151025
14.175650
14.187000
14.190400
14.195025
14.232475
14.281750
14.300450
14.307850
14.339625
14.413225
14.443075
14.462575
14.483675
14.491650
14.509400
14.537325
14.548100
14.556825
14.565075
14.575300
14.592950
14.630850
14.640325
14.647000
14.650475
14.700950
14.723975
14.733300
14.735150
14.758025
14.782175
14.797050
14.811000
14.825200
14.859050
14.868750
14.895125
14.914975
14.952925
14.990200
15.037675
15.065925
15.079625
15.091425
15.116600
15.134275
15.193275
15.214700
15.234100
15.294650
15.333325
15.374825
15.445225
15.480000
15.499875
15.524500
15.544325
15.559050
15.577700
15.595550
15.619075
15.652100
15.665300
15.675575
15.688450
15.705175
15.720150
15.730200
15.813775
15.826150
15.847150
15.883050
15.900175
15.931750
15.962675
15.981500
15.992325
16.009400
16.022800
16.066325
16.142625
16.158475
16.169375
16.197400
16.209725
16.227825
16.297150
16.326700
16.342000
16.357325
16.365200
16.379725
16.450625
16.484075
16.501975
16.546175
16.617500
16.638500
16.690050
16.763350
16.780550
16.796800
16.802825
16.819500
16.843875
16.875175
16.893425
16.922825
17.000200
17.053900
17.106375
17.161850
17.178950
17.187625
17.204275
17.216750
17.235275
17.250350
17.303275
17.324250
17.339200
17.355250
17.370125
17.379650
17.428650
17.443350
17.528325
17.556675
17.588600
17.632175
17.670350
17.717350
17.734875
17.758325
17.814375
17.866050
17.906000
17.921150
17.942750
17.979775
17.999425
18.009750
18.039350
18.120775
18.149525
18.170400
18.180900
18.191400
18.216850
18.242500
18.259975
18.272600
18.302050
18.316350
18.331225
18.351450
18.365375
18.401125
18.423875
18.449325
18.494625
18.513725
18.531975
18.547650
18.561350
18.626300
18.639825
18.660700
18.697750
18.714050
18.742600
18.758150
18.779425
18.801625
18.820050
18.842550
18.880500
18.906525
18.928350
18.943200
18.966850
18.991825
19.012625
19.027100
19.045400
19.122975
19.149525
19.163325
19.220125
19.262550
19.303700
19.323575
19.390050
19.414275
19.477350
19.497450
19.516025
19.535425
19.572850
19.601225
19.639300
19.664175
19.691550
19.713250
19.744675
19.778075
19.795250
19.835250
19.851550
19.863325
19.883075
19.916450
19.927225
19.937500
19.978375
20.012325
20.063825
20.083150
20.117850
20.132850
20.153625
20.194600
20.213125
20.233575
20.301325
20.376800
20.408425
20.426800
20.473325
20.484100
20.520850
20.529825
20.547750
20.605825
20.623575
20.634775
20.658425
20.675225
20.754400
20.771700
20.793675
20.826825
20.850625
20.873975
20.898850
20.914725
20.930175
20.963450
20.976375
21.068000
21.081925
21.097975
21.119200
21.137375
21.151500
21.170675
21.251775
21.269850
21.319950
21.338350
21.353325
21.364525
21.405950
21.421950
21.459875
21.532800
21.584200
21.597450
21.617850
21.639675
21.659200
21.678600
21.713825
21.738700
21.800100
21.819275
21.836525
21.853825
21.898250
21.931625
21.967350
22.005825
22.026425
22.095300
22.108200
22.126625
22.148075
22.165050
22.177500
22.206975
22.226400
22.251575
22.319700
22.349725
22.378825
22.396675
22.450575
22.487300
22.502300
22.539450
22.566150
22.587300
22.618800
22.636725
22.659225
22.683675
22.719175
22.733450
22.751575
22.768025
22.779700
22.796250
22.816350
22.831900
22.851200
22.865900
22.892975
22.913775
22.933025
22.951225
23.001275
23.068000
23.090850
23.102650
23.129125
23.203650
23.213600
23.222675
23.242300
23.255900
23.280650
23.335025
23.352000
23.368425
23.395200
23.457100
23.479800
23.493125
23.593950
23.606075
23.645325
23.664925
23.711775
23.734850
23.765675
23.781325
23.806450
23.836625
23.871050
23.901300
23.926200
23.942025
23.957450
23.977650
24.001075
24.050375
24.073850
24.095125
24.113125
24.133350
24.149475
24.189775
24.233025
24.245075
24.265150
24.315875
24.357750
24.386450
24.401025
24.420000
24.435850
24.453700
24.519850
24.538150
24.552425
24.572600
24.598400
24.679525
24.696225
24.718275
24.736250
24.755350
24.778750
24.812250
24.836275
24.881275
24.934000
24.959225
24.990475
25.012625
25.034100
25.056175
25.103625
25.125850
25.151975
25.179250
25.208775
25.232475
25.281775
25.300975
25.322150
25.398550
25.419825
25.437075
25.453625
25.482675
25.512675
25.611550
25.653125
25.739500
25.858550
25.872575
25.886500
25.947625
25.999550
26.021000
26.038625
26.057875
26.074425
26.105575
26.119900
26.140125
26.152600
26.169375
26.194900
26.214750
26.241850
26.285350
26.355100
26.401425
26.413025
26.460975
26.501675
26.528475
26.583700
26.599700
26.623075
26.643725
26.661075
26.709050
26.727125
26.740050
26.743550
26.765400
26.788550
26.842975
26.875550
26.932125
26.957000
26.975125
26.989600
27.026125
27.047450
27.063325
27.081175
27.095600
27.130925
27.151825
27.173125
27.191325
27.221350
27.236250
27.245800
27.290825
27.313175
27.327850
27.354500
27.392800
27.414375
27.432700
27.454475
27.470800
27.483525
27.505050
27.531000
27.543900
27.556775
27.573000
27.622850
27.699375
27.721525
27.742850
27.767825
27.784500
27.812150
27.833175
27.858900
27.880800
27.925600
27.945050
27.989900
28.017775
28.050500
28.099050
28.124075
28.145300
28.169425
28.189325
28.247025
28.286325
28.318950
28.329650
28.355625
28.374350
28.392425
28.416025
28.434075
28.500275
28.543825
28.565650
28.582425
28.604525
28.622625
28.640875
28.658850
28.670000
28.688325
28.717200
28.748200
28.769575
28.789225
28.814950
28.834875
28.857825
28.876025
28.924650
28.956275
28.972925
28.997375
29.025775
29.060150
29.095000
29.118525
29.151550
29.174800
29.197825
29.256325
29.272950
29.297475
29.341075
29.372000
29.388750
29.418125
29.443450
29.465850
29.475050
29.528575
29.550250
29.572550
29.605700
29.636450
29.657875
29.708550
29.737800
29.765350
29.791175
29.818950
29.845575
29.863050
29.888400
29.938125
29.956400
29.983800
