0.250300
0.336850
0.385725
0.421550
0.451900
0.616525
0.728450
0.913050
0.928175
0.953850
0.966850
1.070225
1.123575
1.164175
1.385325
1.876500
2.003325
2.072250
2.591000
2.691000
2.844200
2.881925
3.007300
3.094025
3.224225
3.454525
3.574575
3.578800
3.593750
3.742900
3.755500
3.772200
3.868975
3.912025
4.033300
4.102425
4.137800
4.279125
4.383825
4.657200
4.698350
4.802300
4.916850
4.973525
5.355725
5.367725
5.504600
5.885375
6.021900
6.030200
6.035625
6.214375
6.285075
6.331300
6.390625
6.443850
6.590250
6.625350
6.776225
6.936800
6.950300
7.045000
7.114925
7.238150
7.333700
7.369950
7.535625
7.666100
7.955225
7.974150
7.997325
8.018350
8.034025
8.046500
8.304000
8.480500
8.729675
8.776650
8.875200
8.966400
9.038575
9.054300
9.083350
9.177625
9.203100
9.305375
9.515200
9.540725
9.573725
9.668175
9.740400
9.862425
9.995950
10.009475
10.144375
10.210925
10.312075
10.477375
10.520525
10.651125
10.819225
10.954850
11.149000
11.247900
11.309100
11.351650
11.426025
11.446425
11.465600
11.588725
11.598350
11.645575
11.701500
11.713800
11.860425
11.906725
11.944000
11.950400
12.157325
12.162225
12.252275
12.267850
12.568100
12.619150
12.757175
13.079825
13.236025
13.392850
13.402525
13.540225
13.948725
14.374125
14.492800
14.781025
14.798350
15.230250
15.305225
15.351675
15.630175
15.760375
15.804925
15.914625
15.997075
16.055625
16.170825
16.236875
16.276700
16.476525
16.526775
16.584125
16.754425
16.876025
16.920475
17.164925
17.489575
17.520700
17.562450
17.807125
18.091850
18.161075
18.229875
18.323475
18.398025
18.445775
18.783050
18.843550
18.905950
18.994800
19.112200
19.482625
19.501225
19.530350
19.744425
19.770375
19.820100
19.829750
19.851525
19.871150
19.889750
19.900650
19.929750
20.025400
20.067575
20.072225
20.143900
20.214000
20.507250
20.787200
20.882350
20.975925
21.084375
21.089225
21.210075
21.224025
21.371450
21.654525
21.678000
21.716350
21.889075
22.139950
22.199600
22.326875
22.453600
23.039025
23.073975
23.103500
23.126700
23.211800
23.255125
23.334875
23.405350
23.528625
23.587025
23.629475
23.650575
23.670525
23.854725
24.039200
24.141200
24.214350
24.300150
24.339075
24.553075
24.570550
24.870575
25.147700
25.192450
25.269225
25.307250
25.405725
25.496825
25.975900
26.313575
26.334800
26.529400
26.845000
27.046900
27.202150
27.381650
27.447675
27.487650
27.510875
27.558450
27.684625
27.721150
27.778250
27.976800
28.109800
28.529025
29.062600
29.080075
29.389150
29.690125
29.713725
29.968975
