0.013525
0.036350
0.067500
0.092400
0.113775
0.142950
0.152275
0.170400
0.178800
0.194225
0.228250
0.254575
0.286600
0.305550
0.322725
0.344975
0.361600
0.374975
0.389000
0.404050
0.418150
0.426200
0.434925
0.444750
0.453075
0.468925
0.476250
0.485300
0.496250
0.506800
0.518975
0.544875
0.573800
0.599875
0.613300
0.637975
0.657150
0.679450
0.701375
0.723650
0.741100
0.756350
0.783025
0.825200
0.849425
0.897225
0.917800
0.939125
0.958600
0.964925
0.982425
0.995350
1.005475
1.022325
1.031900
1.039425
1.049775
1.061750
1.075025
1.090600
1.107175
1.124900
1.141775
1.167525
1.210725
1.231475
1.285050
1.307000
1.335000
1.366400
1.394275
1.452175
1.485800
1.509225
1.544875
1.571350
1.595800
1.640600
1.696600
1.708600
1.719300
1.742750
1.751850
1.769775
1.783575
1.793450
1.830225
1.847800
1.867925
1.899200
1.955100
1.980600
2.024075
2.049275
2.062075
2.076100
2.106750
2.133050
2.150550
2.173725
2.190300
2.213975
2.244275
2.287200
2.336800
2.397100
2.418625
2.437575
2.465825
2.495150
2.510875
2.570850
2.599375
2.640850
2.654475
2.697475
2.743700
2.780225
2.812400
2.896950
2.950825
2.979200
3.021550
3.050375
3.119425
3.172025
3.202050
3.223200
3.247000
3.267025
3.290200
3.301900
3.319700
3.341925
3.411225
3.456875
3.510150
3.623700
3.634050
3.650350
3.685600
3.748950
3.803900
3.840125
3.916975
3.974125
4.006825
4.023500
4.047325
4.111500
4.137325
4.165125
4.193725
4.262050
4.310250
4.360550
4.393650
4.451350
4.472500
4.567675
4.607400
4.705125
4.741175
4.773850
4.813550
4.838700
4.862050
4.883350
4.902225
4.927150
4.975075
5.018600
5.044600
5.082975
5.122325
5.167425
5.190250
5.216450
5.261750
5.298475
5.336125
5.389775
5.413775
5.485275
5.504025
5.515275
5.527475
5.545075
5.596425
5.620750
5.640650
5.674750
5.714325
5.733675
5.751725
5.761675
5.767425
5.771575
5.782575
5.796225
5.801375
5.812875
5.850650
5.889325
5.926825
5.961625
6.002700
6.020650
6.074925
6.085075
6.092975
6.108225
6.132700
6.163150
6.185750
6.213000
6.269525
6.296825
6.325025
6.359225
6.377850
6.416450
6.441425
6.458100
6.493150
6.512500
6.552975
6.606975
6.633175
6.646225
6.658550
6.664775
6.668825
6.673150
6.682400
6.689625
6.698975
6.709450
6.719525
6.731025
6.752750
6.798650
6.840000
6.867950
6.903725
6.929475
6.953850
6.965300
6.992700
7.018050
7.028100
7.041275
7.055450
7.088000
7.119500
7.128750
7.139150
7.169775
7.181375
7.200625
7.227925
7.251225
7.314850
7.406675
7.444975
7.455000
7.465125
7.502075
7.542800
7.587475
7.617700
7.639325
7.695125
7.741300
7.810800
7.837225
7.847700
7.859875
7.870675
7.882650
7.896625
7.925350
7.931550
7.952875
7.987275
8.004650
8.069750
8.139650
8.161950
8.226525
8.257875
8.297875
8.318750
8.337375
8.352050
8.369675
8.398050
8.417950
8.437600
8.453425
8.466875
8.490600
8.499050
8.507925
8.542900
8.577900
8.601225
8.660775
8.724125
8.773775
8.812425
8.839325
8.851075
8.870175
8.881875
8.911550
8.931700
8.952525
8.979775
9.015975
9.037125
9.070100
9.100300
9.188775
9.300100
9.350875
9.386500
9.431400
9.463550
9.486300
9.506400
9.519475
9.535625
9.547800
9.567800
9.587575
9.598025
9.618100
9.640000
9.731325
9.788250
9.829625
9.850250
9.912150
9.978200
10.016175
10.028750
10.052050
10.067950
10.074450
10.100625
10.113300
10.121075
10.188450
10.205675
10.227450
10.239725
10.259075
10.277050
10.302375
10.323500
10.352025
10.372375
10.382400
10.408325
10.446250
10.522200
10.574250
10.585150
10.596250
10.608925
10.637175
10.649200
10.664550
10.681500
10.702075
10.719400
10.736000
10.759175
10.786400
10.804050
10.869050
10.884975
10.906250
10.948725
10.981900
11.008100
11.024300
11.035350
11.045075
11.060100
11.069875
11.079375
11.089200
11.123300
11.136675
11.164000
11.182950
11.199450
11.212325
11.247950
11.263350
11.281000
11.289400
11.316900
11.361175
11.375575
11.397175
11.448875
11.501275
11.536400
11.587925
11.607850
11.643125
11.676750
11.730225
11.755925
11.784075
11.807350
11.876025
11.893300
11.906950
11.922550
11.978675
12.004075
12.038025
12.064700
12.164000
12.226325
12.282450
12.322650
12.390375
12.417550
12.453125
12.525100
12.580950
12.643175
12.660225
12.685100
12.696700
12.796925
12.830375
12.878450
12.935150
12.976775
13.005800
13.026000
13.047600
13.062375
13.088000
13.108025
13.274425
13.328800
13.366600
13.399400
13.594750
13.660150
13.710825
13.747375
13.779375
13.840650
13.993975
14.009000
14.030075
14.065950
14.089350
14.333100
14.349375
14.369125
14.386775
14.415175
14.499475
14.523375
14.579375
14.622700
14.655475
14.676500
14.708925
14.723950
14.738525
14.911225
14.984375
14.995750
15.004475
15.056425
15.089000
15.124600
15.190175
15.283900
15.362325
15.364550
15.366750
15.385800
15.511600
15.560325
15.574575
15.588450
15.610700
15.675675
15.688350
15.713850
15.745350
15.814200
15.839150
16.019600
16.046675
16.054225
16.063200
16.084950
16.105300
16.147900
16.263600
16.325550
16.374500
16.414400
16.476900
16.492800
16.513100
16.546275
16.582175
16.608700
16.695225
16.743275
16.761950
16.773425
16.827300
16.834900
16.848100
16.994175
17.047700
17.078075
17.092075
17.103850
17.114150
17.124875
17.136025
17.148175
17.163225
17.200100
17.210200
17.261300
17.385725
17.458650
17.473075
17.486050
17.499500
17.535700
17.548425
17.608250
17.624525
17.673975
17.699150
17.721025
17.753950
17.788025
17.969000
18.000150
18.012600
18.031500
18.052275
18.088200
18.110475
18.190225
18.209575
18.251075
18.265975
18.283800
18.309450
18.345125
18.365525
18.423825
18.450850
18.462550
18.500425
18.529875
18.560525
18.574825
18.596025
18.609375
18.627050
18.657200
18.681275
18.687475
18.719725
18.736325
18.798625
18.817450
18.853350
18.928750
18.962625
18.975775
18.984675
18.995575
19.007125
19.016225
19.023800
19.051425
19.073825
19.097750
19.175600
19.212050
19.256875
19.300725
19.335050
19.361550
19.387375
19.404250
19.419175
19.432650
19.446475
19.465125
19.477175
19.496925
19.514875
19.536925
19.561400
19.585550
19.602625
19.637125
19.661250
19.710125
19.752775
19.825750
19.858425
19.893700
19.949975
20.021575
20.039525
20.075500
20.095425
20.126000
20.165350
20.182800
20.249975
20.292825
20.329725
20.358325
20.391625
20.412850
20.449075
20.487050
20.520250
20.579900
20.628725
20.679200
20.707675
20.784750
20.845775
20.864600
20.930725
20.969825
21.014375
21.035050
21.044550
21.080400
21.113250
21.143225
21.222100
21.242775
21.262650
21.354225
21.410900
21.442000
21.477625
21.556100
21.586100
21.608800
21.630850
21.699125
21.747700
21.783475
21.821250
21.851375
21.927825
22.003000
22.023925
22.072650
22.101375
22.119200
22.141075
22.165550
22.188600
22.231100
22.237725
22.282750
22.300675
22.360800
22.387500
22.428800
22.475025
22.503225
22.530625
22.542225
22.556575
22.622900
22.687775
22.707950
22.736325
22.755700
22.771800
22.800675
22.825850
22.843250
22.868125
22.878250
22.987225
23.007250
23.032150
23.070400
23.106700
23.136450
23.147525
23.162325
23.172000
23.184575
23.197050
23.226050
23.231600
23.241925
23.269550
23.294775
23.330150
23.353375
23.390075
23.424900
23.438100
23.471150
23.532750
23.637000
23.691000
23.787450
23.826450
23.859200
23.879325
23.893825
23.921475
23.936975
23.980325
23.992850
23.998425
24.007100
24.028650
24.072675
24.105650
24.122000
24.134525
24.148475
24.183050
24.219850
24.266375
24.309900
24.385050
24.402350
24.434150
24.444575
24.459125
24.511400
24.552625
24.568925
24.667050
24.714650
24.740500
24.818575
24.849875
24.871875
24.901100
24.929500
24.964375
24.977850
25.009325
25.047800
25.065475
25.086575
25.104750
25.114850
25.138775
25.167275
25.232200
25.293925
25.317150
25.336800
25.360375
25.373100
25.424925
25.634350
25.671850
25.698750
25.736600
25.767400
25.802825
25.874175
25.886275
25.910250
25.954825
25.971200
25.986675
26.011450
26.025325
26.039650
26.053625
26.068275
26.083850
26.097900
26.132850
26.143275
26.153950
26.182275
26.206000
26.314975
26.340900
26.407300
26.441025
26.453075
26.510775
26.527925
26.574000
26.616400
26.631850
26.655625
26.691975
26.756200
26.787425
26.845625
26.868175
26.940875
26.951275
26.983250
26.998650
27.014125
27.037500
27.081100
27.097100
27.125725
27.156975
27.182400
27.203625
27.222800
27.236400
27.257650
27.285975
27.321975
27.329125
27.351975
27.362800
27.389600
27.400800
27.413500
27.423525
27.446750
27.459650
27.485425
27.494425
27.506925
27.552225
27.562875
27.576400
27.609800
27.636500
27.647975
27.658825
27.672125
27.683650
27.720225
27.758325
27.787900
27.811225
27.827675
27.869100
27.894125
27.912125
28.029750
28.049700
28.069950
28.081575
28.202725
28.273575
28.295325
28.350875
28.371550
28.416000
28.427200
28.459800
28.498600
28.550175
28.634400
28.656975
28.716600
28.795350
28.897825
28.910600
29.036350
29.052975
29.132650
29.148475
29.207200
29.329425
29.369950
29.436300
29.495800
29.553675
29.603575
29.627875
29.706425
29.730650
29.835650
29.870200
29.918425
29.977450
