0.139800
0.163050
0.180250
0.207825
0.230150
0.278450
0.368325
0.415975
0.429900
0.445000
0.469050
0.493450
0.510200
0.526650
0.552875
0.696475
0.721575
0.768575
0.781600
0.801475
0.873700
0.909550
0.912550
0.941425
0.960300
0.982975
0.999725
1.036075
1.068150
1.217250
1.243325
1.304825
1.387200
1.407300
1.422250
1.459725
1.558075
1.581400
1.618250
1.795950
1.925575
1.942725
1.954525
1.980425
2.021375
2.182775
2.257625
2.294200
2.368500
2.443775
2.482550
2.585975
2.682625
2.729200
2.748225
2.777625
2.810675
2.837650
2.879050
3.048200
3.127125
3.161050
3.190875
3.287975
3.340575
3.359775
3.386700
3.508875
3.525550
3.573375
3.629375
3.694975
3.759825
3.811450
4.032325
4.098375
4.164800
4.181450
4.213550
4.218200
4.237875
4.252600
4.274450
4.290975
4.315575
4.373775
4.534000
4.594350
4.655825
4.673600
4.738875
4.753525
4.809825
4.866875
4.993525
5.070425
5.087425
5.115250
5.161100
5.183775
5.197925
5.223975
5.302750
5.476875
5.542675
5.580425
5.709275
5.758075
5.773025
5.778575
5.791100
5.805925
5.832050
5.845000
5.883825
5.890375
5.912100
5.926775
5.957375
6.054300
6.117650
6.140250
6.154575
6.196950
6.209950
6.230225
6.253800
6.264900
6.300100
6.321250
6.354025
6.502450
6.552400
6.564775
6.615400
6.652500
6.665550
6.725925
6.739475
6.753300
6.795025
6.824350
6.858200
7.016000
7.050625
7.078525
7.101675
7.121050
7.138750
7.198150
7.220125
7.300500
7.445150
7.461075
7.468800
7.485150
7.540875
7.681750
7.704275
7.709550
7.721950
7.766400
7.783975
7.797950
7.847875
7.877025
7.893425
7.905850
7.912975
7.934000
7.951975
7.989050
8.001150
8.045825
8.103875
8.214975
8.223475
8.276225
8.300375
8.325750
8.350500
8.356450
8.386550
8.438850
8.446125
8.461825
8.506450
8.524100
8.543925
8.566400
8.582600
8.600450
8.673650
8.692000
8.707450
8.730600
8.748875
8.795950
8.802000
8.813600
8.924875
8.953725
9.004500
9.025000
9.040375
9.089750
9.117975
9.142300
9.147625
9.192825
9.223825
9.248575
9.334200
9.353475
9.383750
9.440875
9.458775
9.472325
9.501850
9.516600
9.521475
9.581425
9.606425
9.634450
9.647700
9.675550
9.733250
9.795525
9.892500
9.902750
9.913525
9.926025
9.938400
9.956875
9.970050
10.010275
10.055675
10.157675
10.173900
10.177100
10.196075
10.206175
10.212675
10.265850
10.286775
10.329725
10.354275
10.394175
10.407375
10.436425
10.455450
10.462400
10.501225
10.551875
10.595050
10.606700
10.716400
10.739100
10.748425
10.757925
10.804275
10.888000
10.901150
10.923800
10.973200
11.060100
11.074400
11.115125
11.138175
11.159350
11.167950
11.199825
11.201950
11.214825
11.231875
11.251400
11.332000
11.389650
11.524000
11.547475
11.561675
11.587775
11.603625
11.660600
11.684600
11.698475
11.710775
11.722425
11.788025
11.798800
11.828350
11.847600
11.866200
12.017525
12.036125
12.082550
12.123900
12.179175
12.196125
12.210350
12.218075
12.290250
12.344750
12.376825
12.397625
12.558050
12.570100
12.598025
12.673325
12.736575
12.750400
12.761050
12.781450
12.801825
12.888200
12.910675
12.941500
12.963125
12.972525
12.989575
13.029000
13.077600
13.222175
13.254175
13.270425
13.302900
13.340625
13.355000
13.371550
13.388425
13.396125
13.435650
13.463100
13.614175
13.661700
13.676875
13.688175
13.696200
13.736125
13.745925
13.784175
13.801925
13.818550
13.912650
14.011375
14.048350
14.065900
14.091475
14.120575
14.155825
14.174700
14.260975
14.305500
14.321650
14.416525
14.448100
14.457875
14.469700
14.500900
14.523000
14.537600
14.549725
14.592950
14.630775
14.671625
14.698625
14.785925
14.832750
14.859450
14.963825
14.972950
14.980000
14.988175
15.028600
15.142450
15.222175
15.239925
15.292000
15.307400
15.317275
15.335325
15.360275
15.531275
15.597125
15.637875
15.656450
15.680200
15.706925
15.737775
15.872475
15.925700
15.954625
15.976250
15.991875
16.002600
16.046025
16.086125
16.273800
16.296425
16.313950
16.331550
16.373475
16.388300
16.402875
16.444050
16.473925
16.533100
16.568450
16.576550
16.661900
16.826000
16.838400
16.862950
16.873775
16.904650
16.918925
16.962175
17.110675
17.155725
17.178775
17.219800
17.231650
17.263725
17.532500
17.580475
17.607600
17.620725
17.626750
17.642650
17.662300
17.683800
17.687475
17.731750
17.754100
17.806475
17.816800
17.835475
17.851400
17.871700
17.939950
17.948450
17.987125
18.009675
18.015675
18.078400
18.117100
18.170175
18.188775
18.348900
18.386950
18.396750
18.422050
18.488125
18.524325
18.594125
18.637200
18.655650
18.665150
18.679450
18.697025
18.709250
18.750150
18.764950
18.781400
18.795225
18.835950
18.951900
18.963875
18.981300
19.000400
19.024700
19.105425
19.119025
19.214275
19.223525
19.260450
19.278225
19.291625
19.352000
19.367500
19.404500
19.426800
19.446900
19.495400
19.515350
19.533175
19.680200
19.697850
19.731475
19.744375
19.790650
19.802750
19.955000
20.062600
20.069475
20.076500
20.115875
20.125225
20.149625
20.164325
20.317325
20.359675
20.400675
20.471075
20.535000
20.572050
20.652425
20.661200
20.691325
20.713175
20.724575
20.779425
20.832875
20.855900
20.896200
20.923625
20.998700
21.016375
21.028325
21.091700
21.150250
21.168500
21.189275
21.326550
21.372900
21.396825
21.421200
21.453750
21.493575
21.503825
21.548700
21.656800
21.719900
21.760800
21.775425
21.852700
21.865925
21.898575
21.913775
21.919250
21.922750
22.126700
22.137775
22.148400
22.162275
22.176500
22.258650
22.269325
22.316200
22.331800
22.381500
22.405725
22.518075
22.581225
22.602400
22.612925
22.623825
22.668525
22.696150
22.706725
22.730125
22.846850
22.876950
22.914700
22.962800
23.029700
23.046275
23.067125
23.080925
23.106325
23.160525
23.174725
23.190125
23.288925
23.305650
23.420250
23.471275
23.476000
23.499100
23.509500
23.533175
23.608675
23.645950
23.670100
23.772875
23.788575
23.815100
23.835650
23.871575
23.938275
23.993350
24.021275
24.067825
24.077200
24.086900
24.116450
24.169975
24.178200
24.215100
24.371825
24.397550
24.413525
24.436650
24.451975
24.467275
24.499925
24.509850
24.547600
24.553825
24.571050
24.586950
24.615650
24.798125
24.849350
24.958725
24.970450
24.991050
25.035425
25.070425
25.101650
25.157400
25.172675
25.214650
25.388700
25.416000
25.432025
25.467975
25.489675
25.499825
25.508475
25.547100
25.603900
25.623925
25.641975
25.660775
25.693375
25.720800
25.754150
25.787025
25.798700
25.849150
25.899900
26.089350
26.143175
26.198750
26.275575
26.313400
26.349400
26.362550
26.571325
26.615300
26.674925
26.681400
26.789000
26.801750
26.812025
26.846825
26.925350
27.010850
27.031800
27.073225
27.124400
27.136525
27.154450
27.183525
27.224475
27.251750
27.267700
27.282275
27.343550
27.377725
27.398625
27.414800
27.427250
27.525425
27.540900
27.567075
27.582650
27.586325
27.606300
27.641400
27.709925
27.771075
27.799425
27.832800
27.846500
27.864475
27.910900
27.925175
27.946575
27.975550
28.118650
28.152550
28.162850
28.212050
28.228150
28.360600
28.386500
28.399225
28.460200
28.471450
28.508975
28.556350
28.716350
28.819475
28.910325
28.925750
28.949700
28.963975
28.981625
29.028500
29.053725
29.067100
29.088300
29.112525
29.122375
29.224325
29.254800
29.307550
29.329425
29.458075
29.471625
29.629275
29.654750
29.674625
29.681975
29.716500
29.742075
29.762575
29.780975
29.800475
29.922275
