0.000075
0.036575
0.049975
0.071775
0.110025
0.440150
0.568375
0.846900
1.046700
1.114775
1.428350
1.468075
1.888625
2.000500
2.028025
2.076500
2.183225
2.255000
2.310400
2.744300
2.890375
2.937925
3.054950
3.166475
3.265875
3.338900
3.395525
3.495475
3.651075
3.822925
3.886050
3.914800
3.932825
4.151225
4.627850
4.684425
4.747150
4.811400
4.826750
4.987825
5.308900
5.561050
5.651925
5.713950
5.741700
5.781125
5.808125
5.824200
5.839800
5.851725
5.974100
6.309975
6.368450
6.393575
6.413050
6.456400
6.527825
6.544025
6.585100
6.635025
7.084250
7.200950
7.274150
7.426925
7.499125
7.610725
7.673200
7.686700
7.708025
8.333675
8.388350
8.431425
8.469800
8.509775
8.549500
8.918375
9.594475
10.024775
10.499325
10.566375
10.607325
10.676375
10.693950
10.815125
10.896250
11.072175
11.148650
11.307800
11.440250
11.973300
12.181100
12.311025
12.342800
12.493400
12.572950
12.625600
12.708800
12.873150
12.907475
12.950750
13.009825
13.067850
13.146725
13.250375
13.287075
13.395925
13.427975
13.478625
13.597825
13.644800
13.768075
13.799050
13.849950
13.916150
14.014750
14.109125
14.192800
14.380850
14.454800
14.629550
14.651925
15.080875
15.159475
15.196850
15.268650
15.317625
15.408875
15.960750
16.064775
16.119325
16.360275
16.568075
16.701525
16.871100
16.916125
16.994275
17.106150
17.128475
17.208075
17.314850
17.625375
17.744750
17.985275
18.055125
18.139475
18.151825
18.216050
18.250175
18.295150
18.452375
18.519175
18.577025
18.605050
18.730100
18.958475
19.012650
19.111500
19.212775
19.261375
19.285550
19.337725
19.586125
19.698600
19.968475
20.057100
20.083575
20.242725
20.257050
20.544500
20.722575
21.020450
21.198150
21.234325
21.270625
21.295925
21.436750
21.554825
22.486600
22.505650
22.524950
22.546350
22.561250
22.923275
22.977275
23.092775
23.160800
23.211875
23.236075
23.336325
23.375575
23.412175
23.521700
23.538225
23.562700
23.639150
23.732000
24.063875
24.188125
24.577925
24.646225
24.720825
24.738825
24.772100
24.837175
24.882925
24.906650
24.978575
24.983200
25.032225
25.097850
25.378575
25.389450
25.467500
25.493100
25.507875
26.085950
26.112150
26.125675
26.143000
26.162150
26.183325
26.214400
26.277200
26.924075
27.037525
27.112750
27.219250
27.598225
27.706975
27.754000
27.776875
28.295725
28.327275
28.402700
28.429950
28.533550
28.986875
29.115400
29.165700
29.340800
29.425325
29.490300
29.834975
29.993250
