0.016150
0.027725
0.036775
0.079450
0.121725
0.142325
0.176975
0.191825
0.202400
0.274775
0.303975
0.370700
0.386575
0.407350
0.433775
0.460150
0.469125
0.524250
0.554100
0.568075
0.610875
0.650850
0.671425
0.690850
0.722850
0.764300
0.781100
0.792675
0.835125
0.869975
0.880875
0.892950
0.916325
0.926475
0.984175
1.012850
1.052575
1.065950
1.077075
1.088825
1.175125
1.202050
1.240400
1.277500
1.302275
1.351900
1.366575
1.423125
1.444875
1.503750
1.532950
1.552375
1.632900
1.689350
1.728525
1.742025
1.754200
1.785675
1.804325
1.911250
1.935725
1.948350
1.985150
2.023925
2.037475
2.118850
2.143650
2.153700
2.182050
2.199100
2.223975
2.250100
2.268925
2.287625
2.348700
2.393675
2.452225
2.487025
2.544625
2.610550
2.636175
2.692400
2.706300
2.750800
2.820900
2.839000
2.848950
2.863175
2.877575
2.907975
2.921350
2.928600
2.949350
2.961400
2.994900
3.044925
3.119225
3.152825
3.168575
3.185250
3.208600
3.250200
3.261375
3.336750
3.371550
3.413300
3.437125
3.469725
3.490450
3.530825
3.557600
3.569050
3.607900
3.623425
3.633750
3.676625
3.688025
3.746000
3.769975
3.815025
3.869100
3.918350
3.994450
4.018300
4.029700
4.039325
4.060575
4.113225
4.150650
4.178000
4.199600
4.266825
4.284675
4.305650
4.360325
4.373700
4.392950
4.415000
4.428300
4.442350
4.452850
4.494450
4.502775
4.563275
4.582625
4.597600
4.614875
4.659675
4.685100
4.702575
4.734550
4.758400
4.775525
4.801075
4.816700
4.828850
4.909875
4.920475
4.996850
5.052050
5.124725
5.153325
5.168400
5.186450
5.204600
5.230275
5.241100
5.250475
5.267350
5.321625
5.362100
5.387125
5.433875
5.455125
5.463400
5.485300
5.599375
5.610400
5.624300
5.698425
5.727700
5.747600
5.762625
5.771450
5.802500
5.838475
5.879025
5.894250
5.908700
5.925250
5.955725
6.005125
6.023350
6.037175
6.111525
6.201225
6.225300
6.270200
6.317950
6.332825
6.371125
6.379800
6.403875
6.419200
6.435750
6.470850
6.489500
6.502075
6.537775
6.575675
6.590900
6.627200
6.648625
6.711500
6.722850
6.788275
6.807700
6.855975
6.872800
6.913775
6.949225
6.986950
7.008125
7.038625
7.057275
7.109550
7.129275
7.157950
7.205225
7.220675
7.263825
7.278600
7.287875
7.309075
7.323300
7.442300
7.521600
7.565750
7.598900
7.618650
7.659225
7.729100
7.938200
7.950850
7.990875
8.019900
8.080250
8.111925
8.160300
8.202975
8.217525
8.254375
8.271000
8.343725
8.357800
8.384150
8.407975
8.432550
8.457000
8.467250
8.478925
8.491575
8.516325
8.525650
8.536475
8.548400
8.587800
8.637600
8.735575
8.761050
8.792775
8.801550
8.809375
8.817825
8.840250
8.876375
8.906300
8.953500
8.976125
9.026375
9.084725
9.097450
9.141975
9.171550
9.182075
9.212075
9.232375
9.273350
9.307200
9.323750
9.368075
9.466675
9.520675
9.534550
9.584250
9.681600
9.698500
9.730000
9.734125
9.867675
9.877175
9.892500
9.904875
9.955350
9.969500
10.197000
10.224875
10.241225
10.251875
10.263500
10.283800
10.310600
10.324175
10.353175
10.398075
10.422750
10.489475
10.524150
10.554700
10.566725
10.594975
10.618725
10.625100
10.644475
10.656650
10.669800
10.680900
10.699275
10.765825
10.789475
10.903450
10.977200
11.019250
11.081125
11.108425
11.134375
11.139175
11.173775
11.208350
11.225675
11.263650
11.276125
11.289425
11.297975
11.360325
11.371325
11.414800
11.433375
11.500375
11.540800
11.565025
11.576675
11.584275
11.619600
11.657325
11.701575
11.770100
11.793325
11.807825
11.823325
11.839100
11.863275
11.893500
11.913025
11.956625
11.984175
12.018425
12.031625
12.065550
12.135525
12.217500
12.242275
12.252525
12.264675
12.274025
12.286450
12.322675
12.331850
12.370350
12.399600
12.406250
12.425850
12.448000
12.488300
12.526650
12.548200
12.566100
12.599100
12.736750
12.794850
12.806475
12.849625
12.861275
12.883750
12.914300
12.961900
13.070475
13.092450
13.110125
13.168500
13.180900
13.192600
13.208400
13.332225
13.370375
13.437500
13.455900
13.553425
13.561275
13.598250
13.665625
13.685775
13.749150
13.791425
13.814550
13.833925
13.842550
13.917950
13.939750
13.971900
14.007225
14.017650
14.056150
14.063775
14.072825
14.080025
14.105000
14.123450
14.170650
14.253075
14.307975
14.349300
14.357700
14.425025
14.454750
14.481300
14.493450
14.539525
14.550650
14.563600
14.576725
14.613525
14.782900
14.860450
14.879250
14.922000
14.954325
15.003875
15.039525
15.056500
15.206150
15.213500
15.276575
15.290025
15.327275
15.359900
15.388025
15.404825
15.451850
15.483650
15.500175
15.515250
15.528925
15.593725
15.604000
15.630550
15.639075
15.661700
15.675550
15.707025
15.722650
15.729525
15.748675
15.768275
15.823550
15.873250
15.910475
15.927800
15.976950
15.988800
16.007075
16.070300
16.081025
16.145600
16.155475
16.173675
16.185675
16.201225
16.241750
16.296950
16.311875
16.336950
16.345875
16.357100
16.405625
16.429650
16.468150
16.481350
16.513725
16.550800
16.579725
16.594750
16.606475
16.636350
16.717475
16.746450
16.786775
16.849275
16.898625
16.919975
16.934800
16.976600
17.039425
17.054650
17.089600
17.123750
17.136175
17.152825
17.164850
17.178700
17.235450
17.262875
17.302875
17.384775
17.413650
17.452750
17.469300
17.496050
17.506175
17.540425
17.556575
17.589850
17.599875
17.613275
17.687625
17.717325
17.738775
17.860725
17.876900
17.913800
17.939125
17.949650
17.968800
17.990700
18.001375
18.060575
18.078550
18.090425
18.111975
18.147750
18.160325
18.209625
18.235900
18.275050
18.297050
18.314050
18.325300
18.365325
18.442450
18.520900
18.543075
18.576725
18.590775
18.645575
18.652550
18.688900
18.716775
18.735050
18.758750
18.779475
18.802250
18.889400
18.909450
18.929350
18.962825
18.974700
19.028850
19.063375
19.080475
19.174175
19.192400
19.220150
19.243600
19.282300
19.313050
19.353850
19.364525
19.374775
19.433075
19.493950
19.553225
19.604775
19.613875
19.624100
19.641825
19.665925
19.704400
19.725275
19.748550
19.780050
19.803100
19.859450
19.867600
19.933125
19.966400
20.023100
20.043300
20.058925
20.093475
20.147200
20.169575
20.187650
20.212400
20.236900
20.266000
20.282475
20.293975
20.313475
20.344550
20.361350
20.376325
20.399600
20.433325
20.449400
20.486600
20.506000
20.538650
20.593025
20.605100
20.629775
20.672250
20.729000
20.787675
20.858125
20.927625
20.938150
20.954875
20.978000
20.986775
20.994075
21.006850
21.038200
21.093900
21.167300
21.183475
21.197675
21.232575
21.283575
21.290700
21.318675
21.358000
21.396750
21.408775
21.426650
21.482250
21.497525
21.516725
21.531800
21.554900
21.570325
21.641450
21.658875
21.700775
21.744025
21.774775
21.792725
21.802050
21.820600
21.830650
21.853350
21.866575
21.922725
22.018675
22.032350
22.044900
22.087950
22.100650
22.124225
22.147400
22.167925
22.181550
22.215725
22.267850
22.352600
22.365350
22.394900
22.417150
22.470750
22.481225
22.505700
22.524725
22.550525
22.572050
22.605325
22.653725
22.676350
22.698425
22.714475
22.740225
22.757275
22.772900
22.784325
22.797575
22.826725
22.838575
22.877650
22.899250
22.944025
22.984150
23.003550
23.031375
23.069500
23.095925
23.105575
23.133550
23.250375
23.313375
23.360325
23.399100
23.468750
23.485025
23.509275
23.519375
23.569525
23.599325
23.608000
23.613925
23.622850
23.632725
23.674825
23.736375
23.744650
23.757125
23.818675
23.844875
23.862475
23.892250
23.922175
24.003200
24.016600
24.079925
24.155750
24.178800
24.212050
24.230175
24.322025
24.353425
24.408050
24.421000
24.435875
24.454875
24.485650
24.514175
24.531700
24.551825
24.577050
24.587225
24.597050
24.629300
24.710950
24.725150
24.784525
24.858750
24.903700
24.918525
24.929150
24.942900
24.956425
25.152475
25.177750
25.189125
25.222975
25.284775
25.303875
25.315400
25.327450
25.334350
25.365250
25.468450
25.494575
25.502900
25.521625
25.536775
25.552475
25.623850
25.669300
25.717900
25.738000
25.801625
25.810925
25.858625
25.874475
25.894100
25.906125
25.936525
25.953900
25.966150
25.985875
26.016550
26.117950
26.185700
26.209450
26.230125
26.262825
26.287600
26.317750
26.350450
26.369025
26.432600
26.447275
26.463550
26.482850
26.520775
26.528425
26.548450
26.555600
26.565250
26.631275
26.733400
26.752875
26.773075
26.791675
26.813675
26.917425
26.930000
26.956500
27.026850
27.089900
27.146225
27.175750
27.187250
27.209325
27.264050
27.286775
27.297825
27.318400
27.354625
27.384975
27.414300
27.458700
27.475475
27.505000
27.517950
27.574550
27.591275
27.608950
27.650450
27.716450
27.739450
27.749000
27.764650
27.802950
27.832175
27.958700
27.974050
28.091075
28.155225
28.297925
28.309975
28.322575
28.372600
28.381175
28.391325
28.456975
28.472475
28.482125
28.497125
28.510100
28.606425
28.675150
28.735350
28.748725
28.773125
28.791500
28.871750
28.891050
28.909250
28.925850
28.945850
28.963000
28.991550
29.013125
29.105425
29.119825
29.132950
29.155600
29.184325
29.259425
29.282925
29.327975
29.416125
29.430300
29.448850
29.470975
29.544775
29.598850
29.622350
29.646875
29.728625
29.782900
29.823325
29.840800
29.876975
29.897500
29.913025
29.960150
29.999450
