0.232875
0.524675
0.671325
0.956025
1.034475
1.261225
1.276975
1.383050
1.505950
1.535850
1.762350
2.617350
3.232925
3.271075
3.463575
3.869950
4.008425
4.134450
4.307850
4.457450
4.491925
4.578400
4.599250
4.762500
5.231025
5.273675
5.464700
5.620800
5.659250
6.098050
6.235800
6.546600
6.560700
6.801850
7.023050
7.257400
7.279900
7.298875
7.453600
7.506025
7.683925
8.032675
8.252700
8.402150
9.078175
9.196775
9.247975
9.297975
9.401675
9.427825
9.594175
9.620275
10.037350
10.064300
10.097125
10.124150
10.662700
10.756100
10.825175
11.081475
11.443425
11.850725
12.054400
12.241275
12.284175
12.387050
12.839950
12.891975
13.096075
13.111525
13.135575
13.369200
13.675650
13.712150
13.870450
13.907375
14.370650
14.437075
14.493200
14.541350
14.566050
14.610125
14.669850
14.711875
14.807250
15.181250
15.230800
15.272800
15.342400
15.357075
15.369800
15.597200
16.006075
16.045575
16.079950
16.096925
16.348250
16.429400
16.561925
16.673525
17.119575
17.357300
17.391250
17.398375
17.511850
17.544150
17.692250
17.868375
17.950100
18.368225
18.459925
18.487275
18.660200
18.767575
18.818800
18.901350
18.993350
19.200025
19.607625
19.655975
19.753125
20.053200
20.169175
20.205550
20.296150
20.651325
20.883375
20.908000
21.016375
21.288450
21.291325
21.321675
21.379425
21.399525
21.403775
21.446200
21.633550
21.814925
22.037525
22.122075
22.202250
22.486900
22.501825
22.508475
22.546275
22.590075
22.592650
22.834375
22.862925
22.864675
22.898900
22.993400
23.271825
23.296850
23.514375
23.595325
23.635425
23.669675
23.798825
23.832425
23.912650
24.017975
24.138225
24.154225
24.270850
24.508575
24.580275
24.606475
24.688625
24.803750
24.936100
25.066300
25.302950
25.349725
25.574725
25.719375
26.114625
26.131675
26.161850
26.249550
26.589750
26.781600
26.802000
26.812275
26.869725
26.992125
27.155050
27.192175
27.238275
27.288325
27.642775
27.774600
27.906125
27.992225
28.006400
28.081950
28.102175
28.153250
28.183375
28.348325
28.628375
28.762600
28.793000
28.812625
28.837500
28.940775
28.968350
29.037650
29.062350
29.085175
29.201550
29.515975
29.624125
29.671725
29.694550
