0.341125
0.355675
0.357425
0.370175
0.402600
0.448700
0.536875
1.004400
1.034950
1.343975
1.817325
1.842675
1.952575
2.155250
2.340900
2.419150
2.680300
2.700550
2.814675
2.966775
2.980850
3.378075
3.384150
3.410250
3.435500
3.547250
3.652600
3.746450
3.879125
3.931350
3.986200
4.000425
4.294550
4.453700
4.961150
4.977425
5.055450
5.143525
5.155325
5.257875
5.348825
5.360125
5.423450
5.458450
5.491325
5.511875
5.518825
5.577200
5.585900
5.660575
5.684550
5.701450
5.832875
5.837550
5.847875
5.930800
5.940850
5.999525
6.015525
6.024300
6.102850
6.246125
6.297500
6.306325
6.373925
6.397025
6.444725
6.539875
6.580250
6.632875
6.682800
6.701875
6.765125
6.798325
6.807975
6.866425
6.875050
6.901125
6.910500
6.996000
7.030675
7.046975
7.095100
7.119825
7.128725
7.139000
7.167525
7.253650
7.364175
7.391425
7.402600
7.624825
7.681675
7.849550
7.876100
7.954150
7.966825
7.985275
7.993225
8.010625
8.022625
8.090325
8.123700
8.147025
8.161350
8.217375
8.242150
8.251300
8.271950
8.479925
8.495000
8.580800
8.644725
8.656150
8.692225
8.722850
8.848350
8.892775
8.926725
9.134425
9.191225
9.234125
9.321500
9.333400
9.355700
9.504350
9.506950
9.533450
9.681750
9.720750
9.944475
9.959600
9.981500
10.047025
10.057925
10.103175
10.214575
10.430925
10.445225
10.629625
10.717800
10.765300
10.860250
10.946550
10.995175
11.248550
11.291825
11.457975
11.473675
11.503675
11.509850
11.517050
11.570425
11.581625
11.723550
11.968150
12.002750
12.013325
12.030325
12.177525
12.186900
12.213825
12.224025
12.246200
12.258725
12.289925
12.305875
12.390000
12.404575
12.451100
12.459900
12.488450
12.695750
13.089275
13.120350
13.131225
13.143025
13.154075
13.163275
13.513700
13.531975
13.586075
13.729325
13.775875
13.936400
13.987450
14.147500
14.468725
14.495250
14.501100
14.506500
14.528900
14.557550
14.564400
14.620250
14.675050
14.738700
14.816050
14.842025
14.866500
15.010550
15.228525
15.243475
15.336875
15.512925
15.543700
15.551650
15.575525
15.631625
15.727275
15.745150
15.878175
15.922325
16.049775
16.080775
16.299875
16.306725
16.578825
16.595275
16.616875
16.633675
16.694750
16.783050
16.845800
16.880775
16.930950
17.093850
17.421100
17.451200
17.554625
17.575050
17.608250
17.622575
17.718950
17.743900
17.917850
17.979725
17.988450
18.041975
18.056750
18.270775
18.379125
18.440450
18.458200
18.473675
18.523200
18.539700
18.576500
18.604275
18.635825
18.783200
18.964350
19.042150
19.190900
19.224550
19.242925
19.254150
19.264550
19.276900
19.321775
19.457100
19.546625
19.562125
19.577275
19.865900
19.902900
19.925200
20.040475
20.094450
20.174075
20.222900
20.273300
20.333075
20.551525
20.597250
20.606600
20.624900
20.633675
20.735675
20.827575
21.005475
21.047875
21.104500
21.139975
21.260750
21.455125
21.491925
21.511700
21.523000
21.565750
21.691125
22.008325
22.020225
22.030350
22.044450
22.068500
22.081675
22.096175
22.142550
22.207775
22.405825
22.542075
22.645125
22.655125
22.716575
22.785075
23.037925
23.057050
23.082825
23.185825
23.327575
23.370375
23.469600
23.488675
23.496575
23.579775
23.588150
23.608925
23.628225
23.852650
23.883550
23.898100
23.910875
23.961300
23.990375
24.038025
24.314975
24.415675
24.541275
24.584350
24.669950
24.699150
24.734275
24.748350
24.835725
24.878700
24.961825
24.982500
25.084150
25.121825
25.134400
25.145375
25.321675
25.473375
25.502850
25.517025
25.645700
25.780000
25.992300
26.005675
26.063450
26.134975
26.268025
26.278475
26.290450
26.310250
26.389900
26.408150
26.475825
26.651150
26.702750
26.762975
26.786650
26.928600
27.011125
27.081825
27.276575
27.325325
27.362975
27.608525
27.619475
27.691650
27.775575
27.875250
27.883950
27.915925
27.925925
27.985675
28.033000
28.241800
28.257800
28.265775
28.302300
28.406750
28.416675
28.507125
28.543975
28.577775
28.727125
29.092700
29.157550
29.165700
29.245450
29.535625
29.567250
29.637925
29.874825
29.912900
29.931125
