0.003000
0.009925
0.029675
0.036400
0.042225
0.056900
0.070000
0.081800
0.096675
0.116375
0.137650
0.150325
0.157125
0.191125
0.197450
0.203425
0.210150
0.217125
0.222625
0.236325
0.250075
0.270575
0.277250
0.282975
0.288700
0.297250
0.309025
0.323400
0.329825
0.337275
0.343275
0.350575
0.371400
0.377375
0.383925
0.389950
0.403325
0.445500
0.456375
0.466300
0.479200
0.485825
0.530450
0.550025
0.556800
0.568675
0.574600
0.579975
0.586650
0.594400
0.601575
0.605500
0.614575
0.616650
0.627125
0.647025
0.653925
0.659300
0.681850
0.688950
0.694025
0.700750
0.719275
0.741875
0.748700
0.763175
0.768225
0.774975
0.781275
0.787275
0.794050
0.813325
0.821725
0.827325
0.848800
0.856900
0.864325
0.870125
0.877125
0.890125
0.895250
0.903275
0.910925
0.918150
0.923050
0.932025
0.938325
0.945250
0.952350
0.979550
1.000850
1.013700
1.019975
1.041425
1.054900
1.066850
1.081900
1.096850
1.103275
1.110575
1.116525
1.123425
1.130975
1.151050
1.171425
1.192550
1.199500
1.205875
1.211150
1.219425
1.228075
1.247975
1.255450
1.262250
1.269875
1.278000
1.284650
1.292375
1.298825
1.313125
1.322375
1.327725
1.334600
1.341900
1.364425
1.389275
1.408850
1.415475
1.430150
1.445300
1.450675
1.463900
1.477225
1.484175
1.491250
1.498825
1.505200
1.513450
1.525750
1.532025
1.560900
1.567600
1.583150
1.589700
1.603400
1.624400
1.635525
1.643225
1.664000
1.671550
1.687275
1.693650
1.700050
1.740975
1.774075
1.776150
1.797450
1.804600
1.809725
1.818900
1.856775
1.876525
1.883800
1.912900
1.917925
1.939575
1.951200
1.958725
1.964950
1.971375
1.977750
1.984000
2.001525
2.007850
2.026075
2.033475
2.038400
2.044850
2.060300
2.068700
2.074875
2.109325
2.115925
2.120250
2.122350
2.133425
2.139875
2.172675
2.180825
2.187225
2.194625
2.234875
2.255250
2.267950
2.273775
2.286850
2.293975
2.300675
2.307075
2.314125
2.322175
2.328075
2.343625
2.352275
2.372500
2.378700
2.398075
2.403900
2.409450
2.417800
2.425250
2.438825
2.452750
2.459625
2.466600
2.474175
2.486375
2.507975
2.513850
2.529075
2.551275
2.557425
2.578225
2.583700
2.592200
2.597725
2.610950
2.618075
2.625800
2.632375
2.640425
2.677625
2.683600
2.697950
2.705625
2.712400
2.760275
2.764950
2.778575
2.790025
2.796825
2.802175
2.808150
2.820400
2.826900
2.843775
2.849400
2.855350
2.866650
2.873550
2.878775
2.883125
2.891400
2.897925
2.904350
2.910100
2.922475
2.951975
2.958075
2.970075
2.975350
2.980775
2.981700
2.987900
2.993150
3.014475
3.020250
3.032900
3.039200
3.044550
3.051600
3.057825
3.064700
3.081475
3.103750
3.109450
3.116000
3.121625
3.152825
3.160575
3.166775
3.172000
3.176700
3.190925
3.204800
3.211175
3.217900
3.224575
3.237525
3.252325
3.269450
3.283150
3.294425
3.300725
3.306600
3.313450
3.319300
3.333175
3.338950
3.354250
3.360875
3.367675
3.380700
3.393550
3.438250
3.445975
3.452575
3.465500
3.479550
3.486675
3.498775
3.503175
3.515700
3.521975
3.529250
3.534625
3.554800
3.561950
3.576850
3.582075
3.587550
3.598925
3.607125
3.612700
3.618725
3.624250
3.637500
3.643000
3.649550
3.660325
3.666625
3.698550
3.717900
3.723375
3.742575
3.749050
3.766975
3.774525
3.795250
3.801750
3.807675
3.820950
3.827250
3.859025
3.866925
3.873250
3.886825
3.890100
3.893000
3.916050
3.927650
3.934925
3.940325
3.946575
3.959100
3.966900
3.973325
3.981200
3.996000
4.003475
4.023250
4.031525
4.038825
4.066875
4.073325
4.082650
4.106800
4.114325
4.120525
4.128075
4.136500
4.143775
4.151050
4.157650
4.181100
4.186450
4.201050
4.208025
4.216000
4.222875
4.231400
4.238350
4.246625
4.267000
4.272400
4.279300
4.286625
4.301450
4.307200
4.329950
4.350550
4.357000
4.363275
4.371100
4.377625
4.383975
4.392625
4.399975
4.406850
4.423775
4.443050
4.445625
4.457750
4.494975
4.503050
4.509400
4.518200
4.525250
4.539525
4.552675
4.574900
4.582650
4.589925
4.613150
4.620525
4.641975
4.679275
4.686775
4.699975
4.707275
4.714400
4.749900
4.767700
4.776350
4.799125
4.806600
4.822425
4.827750
4.850850
4.858250
4.865325
4.871725
4.895675
4.913250
4.945400
4.952925
4.981900
4.996800
5.004875
5.011125
5.038125
5.051800
5.059125
5.067300
5.080650
5.087000
5.095650
5.100875
5.113625
5.125900
5.128075
5.141000
5.147625
5.153875
5.159975
5.179250
5.185150
5.191575
5.212250
5.219575
5.233475
5.255975
5.260225
5.267200
5.292475
5.298700
5.311400
5.324800
5.331700
5.336800
5.342675
5.350025
5.370525
5.384625
5.390150
5.412300
5.420625
5.427850
5.436200
5.448350
5.457300
5.463275
5.471450
5.476350
5.503825
5.511425
5.519400
5.526050
5.532775
5.540025
5.556000
5.561600
5.565600
5.569925
5.576800
5.584100
5.605175
5.615200
5.628000
5.637225
5.650475
5.666400
5.673300
5.688125
5.700650
5.706925
5.722150
5.738675
5.746375
5.753650
5.761300
5.770675
5.793850
5.800725
5.808225
5.816675
5.832825
5.838950
5.847450
5.854175
5.905925
5.914225
5.920675
5.928675
5.937450
5.952600
5.976300
5.992600
6.006650
6.014850
6.029425
6.044250
6.050825
6.053075
6.058125
6.065425
6.080600
6.088225
6.095975
6.103500
6.111650
6.128400
6.135875
6.150725
6.166650
6.175350
6.190150
6.197900
6.205475
6.220975
6.229375
6.236575
6.243800
6.273175
6.282125
6.289425
6.297300
6.305900
6.314400
6.338450
6.345500
6.351150
6.357725
6.374275
6.382150
6.389600
6.405575
6.421225
6.436900
6.444500
6.457550
6.481400
6.489750
6.496900
6.503100
6.525025
6.535325
6.551550
6.567700
6.582800
6.590075
6.613125
6.635625
6.644650
6.666675
6.674100
6.680875
6.689450
6.695825
6.712500
6.722450
6.736450
6.750400
6.765075
6.773500
6.781750
6.797050
6.804650
6.811525
6.827200
6.833750
6.841575
6.863750
6.869825
6.878850
6.885375
6.893200
6.899375
6.905825
6.919625
6.927700
6.934950
6.942150
6.950000
6.965375
6.973375
6.981450
6.988950
6.997425
7.021550
7.030175
7.036700
7.052425
7.061275
7.068475
7.077625
7.085075
7.094400
7.103425
7.136025
7.143225
7.151725
7.157000
7.183250
7.190650
7.198050
7.205675
7.211750
7.217775
7.226800
7.232125
7.239675
7.247525
7.254150
7.262700
7.280925
7.288600
7.298275
7.307200
7.314600
7.323300
7.331175
7.339800
7.360350
7.366525
7.376850
7.384150
7.391125
7.400900
7.424825
7.431525
7.440150
7.447600
7.464775
7.473300
7.482300
7.505975
7.512700
7.528650
7.535825
7.544300
7.562025
7.595000
7.602225
7.612300
7.638450
7.645450
7.663125
7.678475
7.701250
7.733825
7.764350
7.773200
7.780475
7.804800
7.821025
7.829875
7.861575
7.886275
7.892775
7.934075
7.943700
7.959400
7.967600
7.984125
7.999050
8.006425
8.013800
8.023350
8.026300
8.044275
8.052825
8.060250
8.070200
8.075650
8.085300
8.093775
8.101375
8.126525
8.143275
8.149900
8.156375
8.167250
8.174925
8.183125
8.191700
8.207775
8.239975
8.247450
8.261600
8.269950
8.277000
8.286075
8.318050
8.326925
8.332950
8.341300
8.352100
8.360450
8.368000
8.382350
8.407900
8.416525
8.423575
8.431575
8.440175
8.449125
8.473975
8.489375
8.506125
8.515100
8.521675
8.532125
8.540450
8.555050
8.564675
8.582525
8.590975
8.600375
8.616975
8.636075
8.643400
8.652625
8.659950
8.668100
8.674325
8.683775
8.693950
8.702175
8.718050
8.734700
8.760725
8.784000
8.818100
8.826275
8.834575
8.844500
8.852150
8.867100
8.885550
8.913050
8.920325
8.927750
8.936600
8.945825
8.961900
8.970525
8.979650
8.986900
8.994725
9.003000
9.008900
9.018425
9.028200
9.038225
9.046725
9.055050
9.068400
9.077075
9.083950
9.091750
9.099975
9.107325
9.116975
9.124400
9.133400
9.143000
9.151425
9.159750
9.196325
9.203550
9.211125
9.239900
9.248800
9.257275
9.267325
9.274775
9.292100
9.308550
9.328800
9.337475
9.355075
9.370925
9.381050
9.387425
9.403350
9.409250
9.428200
9.435900
9.444600
9.451875
9.461850
9.469925
9.485000
9.501975
9.510100
9.516975
9.536000
9.586000
9.603275
9.610350
9.627600
9.635875
9.643550
9.665925
9.673975
9.681250
9.687425
9.695350
9.709850
9.718450
9.726800
9.734950
9.756400
9.764975
9.771200
9.786725
9.811375
9.818825
9.842075
9.851625
9.860075
9.891375
9.906925
9.923950
9.944750
9.973675
9.980050
9.987825
9.995975
10.001900
10.010900
10.018675
10.042375
10.049725
10.062975
10.074150
10.088850
10.096525
10.106075
10.129525
10.135600
10.143625
10.152775
10.160775
10.167025
10.197625
10.212425
10.221975
10.229725
10.238875
10.260950
10.268150
10.276600
10.292825
10.300400
10.318625
10.323525
10.334075
10.350375
10.364700
10.382475
10.395775
10.403050
10.411000
10.417475
10.432875
10.441850
10.450125
10.473325
10.490475
10.499550
10.508175
10.514400
10.522675
10.538275
10.545225
10.562175
10.578425
10.593550
10.602875
10.611700
10.618375
10.640525
10.655425
10.675875
10.690825
10.697300
10.705125
10.732825
10.739400
10.747325
10.763075
10.769850
10.776500
10.783775
10.789625
10.804425
10.818700
10.824700
10.836300
10.839250
10.842525
10.853775
10.860625
10.863875
10.867000
10.872500
10.887200
10.895225
10.908850
10.913900
10.927725
10.930375
10.934950
10.940025
10.946475
10.953050
10.965625
10.969400
10.977675
10.985425
10.992850
10.996325
11.005925
11.016700
11.021725
11.026075
11.036600
11.049225
11.056200
11.067175
11.074150
11.100225
11.106600
11.112150
11.124750
11.130675
11.137250
11.149850
11.157300
11.162925
11.181975
11.194175
11.206950
11.220600
11.225275
11.237500
11.244200
11.254775
11.261700
11.280500
11.286075
11.293050
11.298550
11.305325
11.318000
11.330075
11.336650
11.343000
11.355875
11.361475
11.374150
11.387575
11.392950
11.398200
11.410100
11.428575
11.464350
11.471700
11.478025
11.490375
11.495725
11.510400
11.518125
11.522500
11.531100
11.543125
11.567275
11.575250
11.582775
11.595575
11.609100
11.626775
11.647075
11.662075
11.680275
11.688300
11.695225
11.701900
11.707225
11.713850
11.751475
11.762450
11.770575
11.783500
11.795925
11.802025
11.808525
11.825925
11.832575
11.844450
11.851325
11.855250
11.886225
11.917225
11.949975
11.973150
11.982100
11.992550
12.013975
12.022950
12.048775
12.057050
12.059750
12.097825
12.150650
12.158775
12.184725
12.200375
12.210750
12.218925
12.229500
12.264975
12.274650
12.293200
12.301725
12.310800
12.317275
12.323750
12.332950
12.347775
12.357700
12.364800
12.373900
12.383450
12.393425
12.428700
12.465175
12.470100
12.491225
12.501400
12.510550
12.520475
12.528725
12.541525
12.550800
12.581250
12.592050
12.602125
12.621575
12.643150
12.654275
12.674325
12.686900
12.731800
12.755175
12.765300
12.790975
12.813350
12.822950
12.858900
12.880075
12.890675
12.899875
12.925225
12.947875
12.957750
12.969500
12.976675
13.000050
13.021450
13.032375
13.043225
13.064850
13.074300
13.083700
13.117450
13.150175
13.167725
13.177175
13.222750
13.231425
13.244600
13.262350
13.283975
13.304575
13.313825
13.320775
13.323150
13.344975
13.383400
13.406925
13.463050
13.474400
13.485225
13.496300
13.530475
13.549550
13.581500
13.592600
13.600800
13.621200
13.648325
13.669350
13.682600
13.706600
13.726425
13.745550
13.752675
13.763250
13.776075
13.798950
13.834275
13.886900
13.900550
13.914950
13.929425
13.943450
13.955825
13.968575
13.980325
13.994525
14.008800
14.018725
14.050600
14.062425
14.077175
14.087875
14.100800
14.113575
14.128175
14.140075
14.153750
14.165900
14.177575
14.191250
14.205225
14.255275
14.278175
14.292550
14.319325
14.357775
14.412600
14.422075
14.509475
14.524100
14.550675
14.567325
14.607950
14.624200
14.668375
14.709325
14.733775
14.781275
14.795000
14.808025
14.836350
14.852850
14.866325
14.904200
14.915475
14.942375
14.968150
14.995475
15.007350
15.018850
15.032525
15.057025
15.065625
15.077325
15.090250
15.117525
15.130025
15.156100
15.169250
15.181225
15.195350
15.211175
15.226075
15.249225
15.264425
15.280925
15.308625
15.333275
15.355225
15.368925
15.382575
15.394400
15.432850
15.456075
15.469800
15.482550
15.511400
15.550425
15.561525
15.597975
15.611000
15.647075
15.673250
15.696000
15.709900
15.733500
15.765425
15.788125
15.807825
15.832675
15.843025
15.852850
15.863075
15.883775
15.903950
15.935550
15.946250
15.969775
15.981075
16.003450
16.037650
16.071675
16.093250
16.114950
16.123825
16.135900
16.155850
16.168625
16.176675
16.185300
16.194500
16.214525
16.239000
16.266950
16.285425
16.293400
16.320050
16.329475
16.345075
16.359250
16.377575
16.385650
16.395325
16.401075
16.410475
16.418600
16.426450
16.435900
16.441175
16.450150
16.456850
16.487800
16.496100
16.505600
16.513325
16.525400
16.529450
16.536100
16.562875
16.570250
16.584675
16.601025
16.625650
16.633625
16.641425
16.668150
16.676100
16.705375
16.723125
16.760925
16.769300
16.779075
16.786200
16.794125
16.803000
16.810575
16.819375
16.829425
16.837475
16.846125
16.877325
16.893800
16.902825
16.934775
16.984800
17.042375
17.088450
17.106775
17.111825
17.122825
17.144600
17.153600
17.164100
17.174625
17.186825
17.198025
17.207425
17.229375
17.239750
17.262125
17.274225
17.284450
17.295100
17.345600
17.359325
17.363875
17.366700
17.370150
17.388925
17.400625
17.420025
17.430875
17.452475
17.464175
17.473950
17.484900
17.506975
17.523575
17.534100
17.545625
17.554150
17.564875
17.586875
17.594950
17.605750
17.616200
17.625625
17.637600
17.659050
17.683475
17.705800
17.718200
17.728125
17.740375
17.751675
17.761400
17.781375
17.792275
17.811850
17.820075
17.830700
17.839925
17.848000
17.861725
17.868400
17.877475
17.886975
17.908550
17.927200
17.935375
17.948150
17.966525
17.975575
17.995200
18.006325
18.026750
18.048375
18.068900
18.078700
18.094900
18.102900
18.113225
18.122175
18.131150
18.159225
18.167875
18.175825
18.183425
18.191850
18.208350
18.227475
18.234925
18.242025
18.246025
18.260025
18.269950
18.276775
18.286075
18.303875
18.320800
18.339525
18.357950
18.381500
18.409425
18.418075
18.429000
18.439375
18.465825
18.496000
18.506375
18.525750
18.556600
18.575375
18.587325
18.596075
18.626750
18.636450
18.645775
18.654650
18.667100
18.676825
18.684975
18.703600
18.714200
18.745575
18.755100
18.789550
18.804925
18.820700
18.830375
18.846325
18.853675
18.861025
18.868425
18.876175
18.912750
18.937175
18.944800
18.964950
18.975300
18.982825
18.990550
18.998125
19.013700
19.020850
19.027850
19.034450
19.048750
19.061125
19.063475
19.070350
19.085175
19.093325
19.115325
19.139175
19.153925
19.160400
19.177025
19.192450
19.197400
19.205450
19.220050
19.228700
19.243300
19.251000
19.257050
19.264900
19.272350
19.296500
19.304700
19.311350
19.319950
19.330550
19.334625
19.342800
19.357650
19.365100
19.372825
19.378000
19.385950
19.401575
19.409175
19.440100
19.452475
19.464750
19.489225
19.497500
19.505200
19.530850
19.538650
19.546175
19.570375
19.578825
19.586125
19.596450
19.614975
19.623625
19.649775
19.669000
19.684775
19.693000
19.719925
19.737775
19.746525
19.755700
19.764125
19.767425
19.773825
19.783925
19.809600
19.812950
19.831825
19.841625
19.850750
19.865725
19.925525
19.932625
19.942750
19.959125
19.966875
19.983725
19.991925
20.001000
20.018625
20.025050
20.028150
20.033800
20.041925
20.067775
20.074725
20.099050
20.106125
20.116325
20.135650
20.143375
20.152250
20.161075
20.170525
20.195600
20.203000
20.212625
20.228825
20.245025
20.269350
20.287425
20.302925
20.327375
20.335750
20.345550
20.362725
20.369375
20.396500
20.402600
20.406250
20.414925
20.437550
20.446225
20.451725
20.468150
20.476050
20.482950
20.496375
20.504675
20.520325
20.528325
20.553275
20.582175
20.605725
20.612550
20.621050
20.646200
20.652550
20.660000
20.668625
20.692900
20.714375
20.722400
20.730725
20.738125
20.754275
20.760150
20.776275
20.828450
20.837975
20.842400
20.859700
20.885125
20.893900
20.960375
20.979750
20.989575
21.015750
21.033600
21.056050
21.072800
21.080925
21.090900
21.105475
21.123275
21.154650
21.171225
21.188075
21.195750
21.203450
21.211950
21.221500
21.255925
21.264425
21.272675
21.297450
21.306750
21.313350
21.323225
21.332325
21.349025
21.366375
21.374950
21.383000
21.391675
21.408075
21.416750
21.425350
21.444600
21.452000
21.460775
21.484300
21.500075
21.509175
21.522725
21.537575
21.552500
21.560100
21.568225
21.576600
21.592950
21.616075
21.623775
21.631650
21.639425
21.646150
21.653225
21.661300
21.676375
21.686325
21.694900
21.710850
21.718225
21.759425
21.773450
21.781325
21.798400
21.815500
21.824450
21.842800
21.857250
21.865500
21.874900
21.919175
21.925850
21.935950
21.951925
21.965275
21.973975
21.980100
21.989450
21.998200
22.006125
22.013050
22.019950
22.029150
22.044800
22.062850
22.072525
22.081550
22.086625
22.091250
22.105775
22.123400
22.139000
22.163825
22.183225
22.191625
22.200225
22.206975
22.222450
22.261950
22.270050
22.278525
22.287700
22.320375
22.341875
22.343425
22.359950
22.377200
22.400600
22.411975
22.446800
22.464425
22.500100
22.508575
22.511600
22.531950
22.540425
22.561225
22.568700
22.576300
22.583800
22.608725
22.614050
22.630175
22.639400
22.644900
22.658425
22.672850
22.681300
22.687925
22.694650
22.701750
22.708875
22.731025
22.760400
22.768325
22.782275
22.794050
22.799625
22.806700
22.822600
22.829100
22.851950
22.857775
22.879925
22.886725
22.894650
22.918775
22.933450
22.948075
22.963750
22.971250
23.017300
23.061900
23.069550
23.077850
23.087150
23.095025
23.100425
23.110575
23.126500
23.134600
23.141475
23.151550
23.158425
23.167025
23.182550
23.190225
23.205900
23.215825
23.223575
23.242350
23.249725
23.256675
23.279975
23.286575
23.299400
23.316125
23.327675
23.347450
23.372125
23.389175
23.396675
23.419800
23.435925
23.459775
23.494275
23.502550
23.517950
23.534150
23.546800
23.556625
23.563900
23.571725
23.585600
23.617100
23.626175
23.641225
23.649175
23.672525
23.690500
23.697300
23.699750
23.706625
23.712675
23.728600
23.736550
23.745300
23.754825
23.762825
23.771400
23.788075
23.794675
23.801950
23.818050
23.826125
23.858025
23.875075
23.881375
23.888800
23.896575
23.905475
23.912250
23.920700
23.929975
23.936375
23.970675
23.985150
24.020775
24.028850
24.066500
24.074375
24.089175
24.096300
24.118050
24.140950
24.147625
24.164325
24.181925
24.191125
24.198850
24.213675
24.221475
24.239100
24.244475
24.255050
24.277750
24.286100
24.308350
24.316625
24.364125
24.378625
24.386950
24.394375
24.402675
24.410475
24.416275
24.442325
24.449125
24.463975
24.471350
24.480825
24.487425
24.496600
24.504300
24.526900
24.556150
24.569275
24.576725
24.585400
24.595975
24.602800
24.618925
24.635375
24.657450
24.666850
24.673400
24.682150
24.696575
24.697625
24.713125
24.719275
24.736450
24.750275
24.780375
24.796275
24.805975
24.813650
24.830275
24.837100
24.852075
24.873000
24.878650
24.886450
24.895075
24.898075
24.910725
24.918050
24.926825
24.933800
24.948575
24.955750
24.978950
24.985850
24.992750
25.011225
25.053650
25.062650
25.071225
25.079275
25.089625
25.105650
25.111800
25.136875
25.145725
25.154225
25.199575
25.241375
25.257050
25.265250
25.273500
25.289250
25.304400
25.319350
25.352600
25.377800
25.397175
25.405625
25.414850
25.424075
25.438050
25.458350
25.483100
25.489275
25.497650
25.506025
25.512975
25.535925
25.544150
25.561050
25.570050
25.571825
25.577000
25.593075
25.601325
25.618525
25.626875
25.641850
25.648375
25.657825
25.687500
25.695250
25.717200
25.739975
25.747750
25.750975
25.763625
25.786525
25.810175
25.840400
25.847400
25.856925
25.861700
25.869475
25.884200
25.890250
25.905900
25.914150
25.921025
25.928000
25.934900
25.950200
25.961825
25.969150
25.977800
25.984625
26.001125
26.007825
26.014725
26.020775
26.034425
26.048475
26.057000
26.062200
26.069725
26.092250
26.102825
26.109075
26.120375
26.130875
26.144350
26.157775
26.202950
26.210250
26.225650
26.234475
26.241450
26.247900
26.265150
26.272000
26.275050
26.280025
26.286000
26.307450
26.315025
26.323100
26.328500
26.341525
26.348550
26.364275
26.370575
26.376375
26.384225
26.399725
26.407100
26.414925
26.427500
26.433275
26.446625
26.453650
26.469175
26.488875
26.503650
26.510300
26.540825
26.548875
26.557500
26.564950
26.571550
26.577425
26.591600
26.599000
26.613975
26.620975
26.635725
26.642700
26.657700
26.680325
26.692950
26.708075
26.715500
26.732800
26.738275
26.740225
26.754425
26.760850
26.768600
26.775550
26.783900
26.790525
26.812100
26.826575
26.846500
26.855150
26.863550
26.870175
26.889200
26.895525
26.903600
26.926175
26.933700
26.955550
26.971400
26.977575
26.991700
27.006575
27.022000
27.030475
27.062875
27.069475
27.076550
27.108250
27.113450
27.122075
27.129825
27.136825
27.152225
27.159100
27.166625
27.192350
27.200625
27.208575
27.225500
27.243875
27.257975
27.265450
27.271950
27.286700
27.301200
27.310125
27.318950
27.325825
27.332300
27.340125
27.354250
27.369200
27.374375
27.382825
27.396400
27.403425
27.434150
27.441200
27.457700
27.465550
27.483175
27.490575
27.506300
27.513725
27.531275
27.538725
27.547275
27.563825
27.571700
27.588750
27.596275
27.623000
27.631125
27.670175
27.687100
27.700125
27.717575
27.726175
27.749875
27.757375
27.765250
27.782125
27.789475
27.797000
27.806575
27.813850
27.828250
27.836425
27.846175
27.853150
27.861800
27.878100
27.894250
27.903925
27.912975
27.936325
27.944150
27.961925
27.968300
27.977400
27.992950
28.008450
28.040700
28.047250
28.053900
28.071625
28.078750
28.104425
28.120850
28.146125
28.162325
28.186225
28.194375
28.203500
28.211200
28.238800
28.247650
28.255700
28.270925
28.276725
28.288275
28.303775
28.312825
28.358625
28.365950
28.373250
28.395975
28.400200
28.408125
28.431825
28.440325
28.455000
28.461425
28.468600
28.476700
28.483750
28.499000
28.508475
28.515325
28.538550
28.545400
28.560550
28.564375
28.572300
28.578850
28.587225
28.594600
28.600950
28.608325
28.615475
28.621425
28.627450
28.650025
28.657900
28.665625
28.672500
28.679650
28.686500
28.694700
28.702675
28.717900
28.723850
28.731775
28.739000
28.760775
28.781950
28.788900
28.796600
28.804025
28.811550
28.827075
28.833700
28.848550
28.861700
28.884250
28.891425
28.918575
28.933375
28.937900
28.941350
28.955200
28.967725
28.980050
28.987250
29.002800
29.011150
29.018400
29.034025
29.041200
29.070025
29.076550
29.113875
29.127275
29.141800
29.163400
29.186750
29.215100
29.222300
29.235150
29.242475
29.256950
29.270950
29.277300
29.284125
29.286025
29.292750
29.299025
29.327850
29.334675
29.377625
29.392550
29.397325
29.403825
29.410675
29.418150
29.425100
29.431250
29.438000
29.453100
29.458750
29.464725
29.472125
29.478975
29.486350
29.494100
29.501525
29.507850
29.515225
29.530175
29.552300
29.555950
29.563725
29.572050
29.585075
29.642325
29.656825
29.663675
29.669550
29.678175
29.691300
29.697125
29.711475
29.719775
29.733075
29.740675
29.745450
29.747050
29.765550
29.774300
29.816075
29.822100
29.860000
29.875175
29.881800
29.895450
29.903600
29.916525
29.943100
29.970200
29.977950
29.984850
29.991425
