0.041625
0.066200
0.076750
0.097225
0.217425
0.264000
0.318200
0.382600
0.408700
0.426025
0.442925
0.481550
0.619475
0.640400
0.651900
0.655700
0.712625
0.765975
0.774475
0.805200
0.827100
0.849450
0.972750
1.010750
1.034150
1.076350
1.131975
1.139950
1.161425
1.184375
1.207800
1.321625
1.467800
1.492575
1.510850
1.526950
1.632325
1.665850
1.686750
1.706400
1.714050
1.744300
1.835275
1.918125
2.006600
2.060500
2.073525
2.141350
2.153600
2.180075
2.213875
2.224150
2.233925
2.264525
2.296950
2.399325
2.421700
2.448000
2.461300
2.539450
2.549025
2.567525
2.584100
2.691800
2.710800
2.894000
2.913225
2.917300
2.991250
2.995475
3.019400
3.034525
3.063975
3.148900
3.231325
3.252875
3.262100
3.330550
3.412925
3.468275
3.607825
3.642450
3.673725
3.721375
3.761325
3.826825
3.866300
3.958325
3.959475
4.032950
4.097700
4.172950
4.241150
4.277650
4.321725
4.353725
4.605325
4.631675
4.760400
4.820150
4.850575
4.887850
4.947525
4.987125
5.003450
5.007925
5.197925
5.294700
5.355275
5.410625
5.430025
5.499300
5.550250
5.576000
5.596750
5.661600
5.692725
5.706750
5.740875
5.771525
5.810800
5.905900
5.930600
6.049950
6.142250
6.180400
6.248825
6.336975
6.369600
6.472175
6.517375
6.543250
6.593950
6.645525
6.681825
6.717425
6.763450
6.818975
6.849525
6.862325
6.876875
6.941225
6.993850
7.125400
7.178700
7.283600
7.331425
7.362050
7.389125
7.448375
7.520450
7.569200
7.631075
7.659975
7.726200
7.853075
7.918900
7.948475
7.989750
7.994625
8.070250
8.111875
8.124500
8.148150
8.173450
8.205075
8.233725
8.252650
8.268225
8.302075
8.350975
8.403650
8.468300
8.505800
8.538600
8.553025
8.590200
8.628100
8.720825
8.760300
8.777175
8.831875
8.860350
8.888600
8.909800
8.915075
8.935150
9.074550
9.103850
9.116075
9.153825
9.346000
9.359275
9.368300
9.405975
9.410075
9.471150
9.487200
9.525225
9.626750
9.640125
9.680575
9.717100
9.796750
9.867475
9.882200
9.886500
10.011900
10.049825
10.084000
10.141025
10.286525
10.346350
10.452600
10.469825
10.491350
10.627525
10.714350
10.752625
10.808175
10.820950
10.865550
10.890175
10.978925
11.020250
11.060800
11.086675
11.092600
11.097050
11.118150
11.154600
11.380475
11.390275
11.552100
11.584700
11.617225
11.642100
11.660850
11.668075
11.686050
11.873600
11.905500
11.954675
11.970125
11.976150
12.003925
12.069500
12.140325
12.202975
12.248475
12.307925
12.372275
12.378725
12.388675
12.407025
12.419475
12.633075
12.729525
12.822525
12.911400
13.082400
13.093050
13.238625
13.378875
13.483675
13.498425
13.525275
13.674350
13.709325
13.723025
13.751100
13.770675
13.796825
13.800975
13.840325
13.921050
14.033875
14.062100
14.240800
14.284500
14.291975
14.303450
14.311600
14.317875
14.334350
14.359550
14.366875
14.444350
14.496500
14.592250
14.604800
14.626500
14.635450
14.643225
14.889275
14.908650
14.998200
15.005275
15.132450
15.159675
15.195800
15.236350
15.284500
15.297675
15.317850
15.361200
15.372000
15.410175
15.430150
15.550600
15.565725
15.612650
15.724150
15.765275
15.787450
15.813250
15.830700
15.839875
15.858025
15.973750
16.037050
16.042700
16.155650
16.264675
16.324025
16.352175
16.405700
16.571300
16.609750
16.644350
16.730600
16.770100
16.892475
16.908675
16.931600
17.093125
17.148650
17.215000
17.293650
17.365875
17.391925
17.423650
17.443800
17.496375
17.503725
17.649950
17.763525
17.796300
17.800300
17.834075
17.844125
17.872550
17.916625
17.944750
17.949875
17.981350
18.017925
18.021550
18.074875
18.090925
18.098525
18.111500
18.118875
18.396500
18.440150
18.476025
18.513025
18.539475
18.555075
18.562600
18.671700
18.692125
18.704525
18.781700
18.827500
18.840450
18.851700
18.871700
18.978250
18.993250
19.047075
19.122500
19.145025
19.166475
19.199825
19.211425
19.262950
19.290775
19.352525
19.396550
19.598250
19.684325
19.734450
19.761900
19.847350
19.881625
20.129225
20.163100
20.212025
20.315100
20.341150
20.364275
20.392775
20.409450
20.434650
20.467875
20.515525
20.566450
20.572375
20.686125
20.703150
20.753900
20.827925
20.861575
20.923125
20.935300
20.972025
21.120275
21.149725
21.157325
21.317925
21.355700
21.432275
21.468000
21.485250
21.517025
21.537200
21.568700
21.574075
21.651750
21.666550
21.689100
21.715000
21.732700
21.744900
21.780775
22.056600
22.060450
22.094625
22.184550
22.318400
22.375000
22.408575
22.426700
22.457050
22.633225
22.667125
22.710775
22.774650
22.848275
22.922525
22.940825
22.970750
23.013900
23.015400
23.036025
23.166825
23.200425
23.228325
23.252350
23.293575
23.358825
23.387625
23.431800
23.557850
23.593400
23.603250
23.679125
23.729425
23.798950
23.922250
23.954750
23.965675
23.971125
24.086375
24.138275
24.183475
24.194400
24.211425
24.277550
24.305175
24.349100
24.530775
24.634650
24.675575
24.696600
24.743975
24.859775
24.910300
24.932600
24.958450
25.000200
25.025475
25.057050
25.133525
25.155950
25.162700
25.217325
25.230325
25.353525
25.384125
25.438725
25.451975
25.509125
25.545475
25.591325
25.635650
25.667450
25.684450
25.724875
25.912725
25.930500
25.981450
26.087550
26.124225
26.162475
26.209225
26.251975
26.366100
26.434275
26.480150
26.533725
26.555525
26.584125
26.655000
26.718425
26.814850
26.875625
26.905100
26.952425
26.967825
26.980975
26.999750
27.020825
27.051200
27.079700
27.127425
27.158800
27.350150
27.395300
27.432900
27.487350
27.524350
27.537575
27.544750
27.557550
27.573125
27.834275
27.915450
27.973650
28.004325
28.094775
28.133200
28.150725
28.202075
28.240400
28.288100
28.303200
28.468600
28.506750
28.520050
28.538425
28.660650
28.963175
29.014025
29.122225
29.183275
29.387575
29.497050
29.522300
29.567400
29.611100
29.674900
29.791150
29.811625
29.840500
29.870325
29.893325
29.980450
