0.110375
0.135075
0.160200
0.180325
0.215300
0.229825
0.245875
0.275150
0.314000
0.373725
0.396150
0.419400
0.436475
0.462200
0.502525
0.521875
0.540000
0.574050
0.590375
0.615800
0.633225
0.656875
0.671550
0.735250
0.761225
0.786600
0.844475
0.913050
0.976825
0.997225
1.027000
1.071375
1.110875
1.159875
1.232025
1.268400
1.383850
1.416825
1.464925
1.547125
1.640325
2.067050
2.274825
2.307300
2.336750
2.358325
2.379375
2.395300
2.425275
2.439550
2.452000
2.479825
2.499375
2.546700
2.572350
2.656925
2.811200
2.843675
2.857150
2.879975
2.914575
2.925975
2.959175
2.972825
2.991775
3.021500
3.041250
3.078075
3.099800
3.186200
3.223375
3.271325
3.317200
3.388875
3.468175
3.496050
3.546650
3.590500
3.662000
3.725425
3.879350
3.946075
4.018900
4.138050
4.451175
4.509950
4.530125
4.585450
4.860425
4.951250
5.008050
5.059650
5.102100
5.163925
5.195800
5.220900
5.247275
5.285200
5.306000
5.360250
5.395050
5.429675
5.490775
5.599425
5.669750
5.696625
5.727925
5.752850
5.781225
5.823250
5.860950
5.909150
5.986500
6.071925
6.123800
6.240775
6.303100
6.359675
6.424950
6.498600
6.540575
6.563900
6.602775
6.641325
6.714800
6.840725
6.916325
6.946500
6.976575
7.004475
7.028100
7.103625
7.166400
7.239775
7.376125
7.474775
7.516800
7.543000
7.599100
7.647825
7.737650
7.813225
7.865175
7.918250
7.958375
7.998350
8.083200
8.162750
8.278825
8.440250
8.485800
8.522075
8.587400
8.648875
8.763725
8.829025
8.877750
8.935625
9.027725
9.101525
9.137925
9.240525
9.294825
9.391525
9.468100
9.504350
9.558300
9.595600
9.629775
9.662925
9.691600
9.728650
9.750675
9.795425
9.835725
9.877675
9.959250
10.088550
10.153850
10.236925
10.269725
10.298575
10.333775
10.375175
10.407625
10.440375
10.478000
10.549375
10.586200
10.675300
10.721700
10.790850
10.877725
10.985025
11.076050
11.111475
11.165250
11.209700
11.295825
11.356650
11.447250
11.517150
11.654075
11.786250
11.881875
11.922300
11.937775
11.956525
11.967500
12.008400
12.029700
12.044875
12.068425
12.078950
12.105500
12.118750
12.129900
12.136525
12.149650
12.158900
12.204250
12.219225
12.232700
12.259275
12.276400
12.292850
12.313050
12.330900
12.345700
12.380575
12.399350
12.409950
12.424825
12.445700
12.461150
12.479900
12.504975
12.520575
12.539975
12.563675
12.587425
12.607200
12.640625
12.661900
12.678475
12.697575
12.718700
12.737225
12.756425
12.777150
12.806150
12.818725
12.856500
12.871125
12.897450
12.928400
12.966525
13.014325
13.107500
13.129850
13.149075
13.167200
13.188050
13.200200
13.211900
13.226950
13.261200
13.275775
13.293750
13.305750
13.318775
13.334000
13.363750
13.383100
13.405375
13.422150
13.477925
13.508025
13.539425
13.572650
13.611700
13.651500
13.683325
13.715175
13.764200
13.803150
13.842300
13.887975
13.929400
13.965650
14.012300
14.047125
14.127800
14.205375
14.243600
14.285025
14.344800
14.396975
14.515950
14.592525
14.645600
14.719500
14.850150
14.881100
14.922125
14.934275
14.948700
14.965225
14.976300
15.012975
15.027325
15.062000
15.072025
15.090650
15.140675
15.167750
15.188225
15.226175
15.278825
15.324500
15.343225
15.372925
15.392375
15.404775
15.435975
15.471775
15.500900
15.524050
15.540900
15.588350
15.610725
15.633275
15.644425
15.658875
15.677575
15.700425
15.746425
15.762700
15.775800
15.861975
15.920250
15.945300
15.957500
15.991175
16.020850
16.035175
16.079150
16.113275
16.162150
16.174725
16.279050
16.304400
16.388475
16.404525
16.420425
16.434925
16.474125
16.613700
16.630650
16.705875
16.774500
16.876150
16.900100
16.921075
16.945250
16.973025
17.089350
17.135175
17.176075
17.206125
17.236850
17.286450
17.335900
17.380850
17.395900
17.414525
17.453250
17.506975
17.585425
17.636100
17.686450
17.765375
17.805000
17.902000
18.066725
18.149275
18.176725
18.200300
18.231325
18.253800
18.279200
18.303000
18.330525
18.391475
18.428975
18.488225
18.562700
18.641500
18.724775
18.766900
18.809800
18.864275
18.965400
18.995100
19.017400
19.039225
19.073950
19.112200
19.171525
19.261975
19.297950
19.408800
19.455275
19.478075
19.581800
19.658325
19.770550
19.864250
19.939025
20.105525
20.159525
20.224450
20.549175
20.606900
20.648275
20.682050
20.710575
20.732800
20.758775
20.774925
20.794100
20.816300
20.843850
20.877150
20.896625
20.907225
20.927900
20.952175
20.977625
21.023300
21.061300
21.095275
21.147250
21.173725
21.223950
21.249500
21.270050
21.296075
21.314225
21.337225
21.381100
21.405075
21.506225
21.545450
21.597450
21.627300
21.661225
21.687925
21.732650
21.789050
21.864475
21.939925
22.063725
22.166400
22.241675
22.298850
22.355425
22.397925
22.446325
22.495400
22.562200
22.617600
22.654100
22.674325
22.698625
22.719425
22.746875
22.772425
22.797950
22.818350
22.839950
22.867700
22.907650
22.951550
22.987500
23.052950
23.098775
23.121775
23.155900
23.267525
23.384850
23.460950
23.628250
23.675450
23.744125
23.788750
23.849000
23.864825
23.885225
23.916450
23.931875
23.943800
23.959400
23.975000
23.994725
24.036600
24.046575
24.075750
24.134475
24.152950
24.178175
24.193125
24.252600
24.282225
24.324350
24.379525
24.406950
24.455300
24.508925
24.536925
24.553875
24.580475
24.604675
24.623700
24.644050
24.699275
24.721425
24.745275
24.789450
24.805900
24.834100
24.868500
24.888100
24.923675
24.957175
24.986775
25.010425
25.085500
25.136500
25.180900
25.239200
25.282850
25.332775
25.403325
25.448825
25.485925
25.553400
25.627750
25.668250
25.717075
25.813600
25.905450
26.062850
26.160175
26.311075
26.396600
26.581550
26.776400
26.879475
26.964575
27.045275
27.168550
27.340300
27.441500
27.483350
27.531200
27.573975
27.640150
27.702850
27.914650
27.986025
28.054675
28.083625
28.117150
28.137925
28.153250
28.164125
28.211600
28.234075
28.250075
28.277150
28.303525
28.330850
28.359475
28.397900
28.445400
28.490850
28.556425
28.619675
28.662450
28.699075
28.722800
28.762850
28.798275
28.865375
28.929950
29.070700
29.155775
29.201250
29.228050
29.298225
29.376725
29.401825
29.454700
29.536150
29.562525
29.610775
29.660025
29.785275
29.932475
