0.010425
0.050375
0.070850
0.118575
0.143275
0.182525
0.226650
0.271475
0.365300
0.406650
0.450275
0.468650
0.500250
0.532175
0.585275
0.668800
0.722875
0.769325
0.814825
0.866975
0.999900
1.045175
1.097600
1.119325
1.154550
1.185150
1.216900
1.313850
1.388725
1.405575
1.436375
1.490950
1.515900
1.557100
1.601300
1.707350
1.776800
1.800275
1.841675
1.878075
1.997650
2.045225
2.103450
2.135875
2.152675
2.174125
2.215400
2.245325
2.306075
2.342800
2.408150
2.490600
2.551000
2.601400
2.627400
2.649850
2.680450
2.704500
2.730225
2.787700
2.832775
2.884875
2.926025
2.971025
3.042675
3.075450
3.112125
3.144475
3.172175
3.193700
3.234925
3.262025
3.280475
3.316300
3.435300
3.471650
3.521625
3.564050
3.639000
3.679700
3.718250
3.737075
3.763500
3.796100
3.830775
3.855350
3.882925
3.942875
4.024675
4.040450
4.093175
4.116675
4.166600
4.186575
4.207575
4.225475
4.248725
4.343500
4.370825
4.396675
4.447700
4.509350
4.552500
4.640275
4.678700
4.698475
4.717875
4.742775
4.755750
4.775475
4.804950
4.833850
4.866225
4.891875
4.989450
5.044925
5.082850
5.109225
5.137500
5.160100
5.184800
5.200250
5.252925
5.282625
5.304125
5.339275
5.400975
5.451075
5.496700
5.567875
5.635850
5.657150
5.673000
5.703225
5.728250
5.759800
5.788500
5.812525
5.840300
5.880000
5.992625
6.085850
6.140275
6.175775
6.204500
6.221475
6.246950
6.278250
6.349900
6.398325
6.516875
6.620875
6.664725
6.716125
6.763150
6.868775
6.943300
6.983450
7.019000
7.044675
7.064050
7.091100
7.117175
7.156325
7.177425
7.201825
7.226875
7.265950
7.308675
7.383425
7.430000
7.496075
7.542650
7.561400
7.606650
7.632775
7.654725
7.683625
7.725775
7.783800
7.826525
7.884100
7.926950
7.974775
8.005700
8.033200
8.060275
8.095450
8.127125
8.172450
8.245000
8.286225
8.321325
8.336825
8.369050
8.406825
8.434125
8.461275
8.499150
8.581525
8.603750
8.650175
8.710600
8.744250
8.771150
8.796325
8.815325
8.838125
8.861625
8.878750
8.907425
8.935225
9.010475
9.051400
9.087800
9.145125
9.182100
9.212475
9.240125
9.294725
9.333325
9.376100
9.392700
9.460375
9.524650
9.557550
9.587550
9.669900
9.712000
9.763800
9.797825
9.842700
9.865075
9.901275
9.933500
10.011500
10.038375
10.069950
10.097775
10.141175
10.180200
10.260050
10.293525
10.327775
10.365750
10.416800
10.467925
10.500775
10.539400
10.559925
10.593875
10.621825
10.653975
10.686925
10.713650
10.746550
10.779250
10.810525
10.842025
10.870925
10.912050
10.977625
11.016275
11.042100
11.072500
11.104950
11.161925
11.189325
11.222950
11.262950
11.329500
11.363500
11.423500
11.454100
11.500200
11.549625
11.575925
11.639300
11.680600
11.720850
11.762575
11.803375
11.836875
11.866800
11.904750
11.973525
11.993950
12.033200
12.163850
12.188575
12.221850
12.262925
12.311150
12.361875
12.472675
12.510225
12.528950
12.558475
12.598800
12.676925
12.704800
12.749350
12.805125
12.834900
12.870950
12.901875
12.942500
12.981175
13.008600
13.049750
13.102550
13.138450
13.163650
13.238775
13.309050
13.337950
13.368425
13.396600
13.437375
13.503000
13.544075
13.622525
13.692950
13.731650
13.765200
13.808825
13.855275
13.980050
14.063350
14.093725
14.128700
14.158575
14.287550
14.329150
14.358350
14.387350
14.461225
14.488400
14.533450
14.594900
14.643650
14.672625
14.708375
14.741025
14.882400
14.912175
14.947150
14.972700
14.996700
15.056075
15.209025
15.238475
15.282150
15.320850
15.370575
15.438875
15.545200
15.579475
15.625700
15.670350
15.745775
15.818175
15.890050
15.919400
15.964700
16.000675
16.175200
16.210825
16.238075
16.475350
16.504600
16.552175
16.598125
16.771475
16.806600
16.831575
16.903600
16.984000
17.082200
17.116650
17.143725
17.228325
17.356200
17.391425
17.422000
17.451425
17.484425
17.573050
17.609525
17.680475
17.703125
17.716800
17.739025
17.780925
17.824325
17.864475
17.897500
18.016375
18.047475
18.100225
18.158850
18.216375
18.248025
18.331975
18.377025
18.431350
18.478700
18.513850
18.548050
18.588125
18.624675
18.703850
18.802875
18.864575
18.916975
18.969125
19.032075
19.064125
19.115700
19.174375
19.227500
19.254275
19.308225
19.372050
19.405275
19.448525
19.524950
19.584350
19.645600
19.712650
19.784975
19.840525
19.872925
19.921650
19.965825
20.022150
20.086700
20.186550
20.242600
20.293300
20.326950
20.393800
20.535075
20.590275
20.624775
20.673225
20.794350
20.837100
20.868850
20.911875
20.988075
21.061225
21.093400
21.125550
21.168250
21.328925
21.360025
21.486700
21.633500
21.679125
21.800125
21.926000
21.974725
22.094700
22.157650
22.190925
22.220825
22.265725
22.382450
22.464275
22.503725
22.544750
22.600875
22.662500
22.769675
22.806400
22.858825
22.905325
23.045575
23.116150
23.174850
23.225425
23.259550
23.339525
23.439700
23.499875
23.545150
23.630675
23.658125
23.700875
23.740600
23.773375
23.806350
23.833400
23.875600
23.920450
23.949150
23.997925
24.098650
24.178325
24.231100
24.301975
24.391575
24.504350
24.567775
24.694925
24.774050
24.799575
24.828900
24.873400
24.911200
24.956325
25.020075
25.069550
25.105075
25.126375
25.188625
25.294200
25.356750
25.403500
25.438675
25.474250
25.521400
25.558025
25.588850
25.660350
25.833775
25.934550
25.965950
25.994025
26.022450
26.092300
26.125425
26.177575
26.252775
26.306200
26.371650
26.396625
26.417675
26.434475
26.457950
26.486250
26.513775
26.669675
26.706525
26.737125
26.754800
26.786025
26.817800
26.847075
26.879775
26.972250
27.058850
27.096625
27.115700
27.140925
27.157700
27.179550
27.207675
27.229225
27.251075
27.278175
27.314850
27.384950
27.440775
27.487750
27.512650
27.531550
27.638850
27.733300
27.770900
27.801575
27.853100
27.872200
27.894900
27.935250
27.958200
27.997950
28.045625
28.128725
28.259850
28.348825
28.374025
28.398450
28.450375
28.595175
28.672750
28.699850
28.711025
28.733650
28.758325
28.781125
28.830375
28.865525
28.978350
29.115525
29.173050
29.202550
29.223275
29.287525
29.333125
29.507750
29.553900
29.597000
29.628025
29.663600
29.712150
29.778600
29.799275
29.826575
29.850925
29.875900
29.923050
