0.018100
0.031925
0.051900
0.102325
0.127575
0.143950
0.169100
0.200825
0.236650
0.268675
0.294275
0.332950
0.351700
0.367425
0.383650
0.397625
0.414125
0.429425
0.442450
0.459850
0.476475
0.495625
0.514750
0.555050
0.573800
0.586775
0.601475
0.644250
0.701650
0.758550
0.801025
0.830525
0.867850
0.889775
0.902750
0.920725
0.934975
0.950175
0.967550
1.010400
1.045775
1.067800
1.088175
1.105700
1.120875
1.139125
1.159000
1.176800
1.196350
1.223675
1.357300
1.397975
1.416700
1.439150
1.453200
1.470125
1.488575
1.506525
1.522150
1.560425
1.601800
1.623150
1.643550
1.655275
1.685575
1.710300
1.738900
1.785775
1.805850
1.830325
1.855500
1.878525
1.896150
1.913725
1.934075
1.971100
2.042675
2.111225
2.154925
2.183225
2.199375
2.217800
2.243700
2.257475
2.270175
2.292925
2.303000
2.315975
2.348775
2.380775
2.425500
2.442275
2.462600
2.484375
2.501875
2.522025
2.541775
2.561675
2.581925
2.605475
2.642125
2.664725
2.687775
2.719075
2.738150
2.750250
2.763600
2.778100
2.791900
2.804125
2.817325
2.832075
2.867075
2.882825
2.900250
2.921050
2.936150
2.948275
2.963400
2.977300
2.987175
3.001325
3.017450
3.034400
3.046200
3.060275
3.080850
3.099800
3.115550
3.131675
3.154025
3.181750
3.212200
3.240525
3.330875
3.377875
3.398500
3.435375
3.470050
3.485950
3.493675
3.505750
3.519975
3.534375
3.546850
3.563250
3.584150
3.601550
3.622750
3.643100
3.697700
3.725200
3.772175
3.809550
3.829450
3.862850
3.885650
3.906750
3.921225
3.951600
3.984375
4.017250
4.109775
4.141475
4.160175
4.175150
4.193500
4.208375
4.224600
4.237475
4.251175
4.269100
4.304625
4.329025
4.346250
4.386325
4.426150
4.506650
4.578000
4.607775
4.659000
4.725125
4.758750
4.787425
4.819350
4.838600
4.871675
4.901350
4.944550
5.039400
5.126450
5.157600
5.179175
5.215400
5.235875
5.256925
5.273350
5.292775
5.315275
5.334625
5.368175
5.435175
5.471000
5.508350
5.532775
5.568125
5.620950
5.841950
5.855400
5.868000
5.883575
5.898850
5.910875
5.922525
5.935500
5.948725
5.965675
5.990925
6.015825
6.036050
6.065900
6.107650
6.185675
6.258850
6.309975
6.341475
6.363250
6.387500
6.414175
6.444475
6.466525
6.488450
6.521175
6.575775
6.626025
6.667800
6.702850
6.723900
6.741850
6.761575
6.779825
6.818075
6.832575
6.850175
6.870450
6.905125
6.957225
6.995750
7.037225
7.092150
7.152050
7.173325
7.195275
7.216750
7.238175
7.256075
7.273050
7.286525
7.299350
7.314975
7.330900
7.356950
7.373175
7.388250
7.407150
7.430850
7.456900
7.481300
7.529275
7.573425
7.621100
7.652025
7.706575
7.730075
7.792300
7.807300
7.820875
7.846300
7.857375
7.870700
7.896325
7.907050
7.916975
7.931250
7.948775
7.964150
7.983475
8.003700
8.023525
8.046025
8.069175
8.095850
8.207725
8.241125
8.272825
8.299400
8.309275
8.322625
8.341925
8.382500
8.406575
8.431200
8.450650
8.477325
8.511300
8.591600
8.631050
8.656750
8.686450
8.711125
8.770075
8.792000
8.835750
8.864175
8.895125
8.928375
8.963700
8.996150
9.067125
9.129025
9.180600
9.234300
9.248775
9.281800
9.312575
9.329075
9.348125
9.383500
9.472100
9.531700
9.573600
9.586300
9.602775
9.619875
9.648900
9.666950
9.681675
9.696300
9.717425
9.733825
9.753175
9.776175
9.802225
9.822050
9.837625
9.863900
9.885600
9.918375
9.946700
9.968625
9.998850
10.106250
10.167850
10.215050
10.246400
10.266275
10.283525
10.319050
10.338650
10.352900
10.367650
10.385650
10.399425
10.425025
10.442500
10.464550
10.519450
10.566000
10.661525
10.695800
10.713325
10.733275
10.756525
10.794275
10.818175
10.842375
10.859225
10.884750
10.936575
10.963175
10.993225
11.016050
11.041500
11.065050
11.115400
11.209475
11.335150
11.353625
11.378475
11.395775
11.432575
11.462125
11.490775
11.522500
11.561525
11.644950
11.726725
11.791800
11.817525
11.849025
11.885725
11.901800
11.918325
11.933725
11.958300
11.974775
11.987825
12.001650
12.034425
12.047250
12.060250
12.087000
12.099425
12.130000
12.147050
12.159125
12.174625
12.193300
12.210900
12.226925
12.244500
12.263275
12.284500
12.308400
12.328600
12.359900
12.399575
12.443050
12.492550
12.533025
12.565825
12.590750
12.602325
12.613525
12.625050
12.640150
12.651775
12.675400
12.691600
12.713700
12.727450
12.738500
12.753250
12.765075
12.775825
12.789825
12.825850
12.844750
12.871200
12.924625
12.974375
13.042050
13.068425
13.091375
13.107100
13.124500
13.140050
13.160075
13.186275
13.227225
13.287450
13.314400
13.330975
13.358075
13.385700
13.404950
13.430250
13.477350
13.500200
13.516075
13.533575
13.566050
13.580775
13.595850
13.618025
13.636825
13.675325
13.726125
13.796525
13.866750
13.898925
13.919600
13.944625
13.971825
13.990800
14.021875
14.050950
14.112750
14.166400
14.203000
14.246525
14.285200
14.366150
14.519425
14.566925
14.615300
14.638725
14.662100
14.684500
14.705775
14.725525
14.752275
14.846400
14.901675
14.997300
15.044400
15.068525
15.092875
15.113700
15.149975
15.184350
15.234625
15.311525
15.354800
15.376275
15.400850
15.416475
15.439225
15.465300
15.496200
15.537225
15.562375
15.619550
15.667400
15.735475
15.823575
15.909050
15.921925
15.935550
15.953450
15.970225
15.994425
16.013425
16.030125
16.056600
16.078850
16.108700
16.144350
16.169925
16.188825
16.241100
16.286675
16.368950
16.462175
16.484400
16.503800
16.532350
16.558075
16.575425
16.595950
16.651475
16.677250
16.700100
16.739150
16.771050
16.839300
16.951500
16.965200
16.982125
16.991950
17.010775
17.029425
17.044100
17.056900
17.071125
17.094750
17.115700
17.136150
17.155725
17.276250
17.389225
17.434875
17.451150
17.466850
17.480850
17.495575
17.541725
17.555950
17.570325
17.583575
17.596275
17.611075
17.623000
17.641350
17.698975
17.759550
17.802175
17.891325
17.914575
17.929950
17.944425
17.959150
17.976825
17.993875
18.013225
18.041075
18.064700
18.085100
18.105650
18.124425
18.146450
18.182425
18.235200
18.312150
18.381825
18.408100
18.423750
18.434975
18.445650
18.459600
18.489575
18.537450
18.565600
18.577925
18.588950
18.604550
18.616625
18.636100
18.655900
18.669150
18.702800
18.774700
18.946550
18.966250
18.980350
18.996175
19.016575
19.030550
19.049525
19.065525
19.081475
19.096475
19.121075
19.145075
19.168600
19.219450
19.321675
19.402800
19.423875
19.445825
19.462650
19.477625
19.496675
19.516500
19.532400
19.568075
19.585750
19.611100
19.631575
19.660350
19.696075
19.742725
19.834050
19.899325
19.916125
19.930225
19.943650
19.960700
19.978550
19.997625
20.029550
20.051350
20.081000
20.100475
20.118200
20.136500
20.158750
20.182450
20.210475
20.244725
20.274425
20.305625
20.365025
20.499150
20.538475
20.575000
20.599375
20.625350
20.650300
20.670025
20.698575
20.801375
20.855100
20.888700
20.907075
20.928400
20.948425
20.961900
20.974475
20.988450
21.005375
21.026800
21.050275
21.075850
21.101950
21.165525
21.295650
21.356250
21.390875
21.425100
21.443200
21.461500
21.492750
21.506850
21.524500
21.553475
21.589525
21.612950
21.643975
21.718025
21.772025
21.862250
21.917725
21.928850
21.953775
21.990575
22.005200
22.028075
22.054825
22.081250
22.132900
22.185850
22.238175
22.263500
22.288375
22.308625
22.345600
22.368125
22.394250
22.424025
22.531000
22.600075
22.619300
22.653575
22.671550
22.687450
22.708700
22.739800
22.766025
22.803625
22.839300
22.866300
22.892250
22.924825
22.953450
22.979175
23.008750
23.038850
23.069225
23.101500
23.130650
23.163375
23.197450
23.257425
23.338675
23.389450
23.411250
23.426650
23.455775
23.498100
23.562700
23.666150
23.743000
23.773575
23.791700
23.820225
23.864625
23.873425
23.883375
23.896925
23.910800
23.925900
23.939725
23.954075
23.977025
23.994750
24.023250
24.076400
24.221900
24.263950
24.278600
24.294675
24.309675
24.333400
24.373050
24.413225
24.443875
24.475400
24.513925
24.541400
24.568475
24.585925
24.628775
24.655175
24.680200
24.698875
24.727725
24.743675
24.762875
24.778900
24.796300
24.817700
24.858200
24.888425
24.932400
25.027725
25.067175
25.108050
25.125025
25.204450
25.283800
25.319525
25.370100
25.475000
25.494125
25.520350
25.541575
25.560400
25.583325
25.598300
25.623975
25.652100
25.684350
25.724850
25.872200
25.895550
25.938975
25.962625
26.013650
26.042750
26.075250
26.133425
26.167500
26.207275
26.229125
26.248600
26.269000
26.285625
26.299900
26.313900
26.332375
26.354450
26.371650
26.383575
26.399650
26.414025
26.436925
26.462725
26.503175
26.641125
26.654275
26.668800
26.682675
26.707900
26.726050
26.738000
26.752725
26.769275
26.781975
26.793725
26.814925
26.831450
26.850925
26.873725
26.905900
26.923950
26.941825
26.971100
27.009750
27.062475
27.103725
27.154200
27.276550
27.341200
27.364075
27.382100
27.403300
27.424775
27.465700
27.498250
27.550850
27.653500
27.679075
27.696975
27.740850
27.770975
27.790025
27.805050
27.817125
27.830525
27.846950
27.860725
27.876775
27.895650
27.915350
27.965100
28.142525
28.172175
28.193550
28.209350
28.231400
28.250425
28.301350
28.335075
28.365425
28.444500
28.483150
28.542475
28.644375
28.681975
28.706050
28.784225
28.869975
28.925050
28.947050
28.963700
28.981250
28.997400
29.017050
29.034650
29.090000
29.138650
29.167875
29.179875
29.195175
29.210300
29.232075
29.260350
29.281475
29.305750
29.359375
29.376275
29.400600
29.435375
29.474100
29.502200
29.541825
29.605275
29.643375
29.681375
29.697275
29.726700
29.747350
29.762400
29.774250
29.791450
29.806800
29.818775
29.833525
29.848650
29.860325
29.876700
29.890050
29.907175
29.925825
29.952325
