0.390375
0.536125
0.702375
0.779475
0.913175
0.947075
1.038375
1.087200
1.092500
1.292025
1.515300
1.588300
1.635300
1.771400
1.894350
2.107750
2.263275
2.309175
2.383200
2.530875
2.654000
2.902525
2.959950
3.128500
3.642650
3.683100
3.828325
3.988400
4.161575
4.215075
4.411550
4.658525
4.750325
4.811000
5.171150
5.217850
5.293000
5.552075
5.684075
5.823875
5.882700
6.558250
6.636825
6.667750
6.850175
6.970825
7.153350
7.343275
7.363450
7.656125
7.803950
8.167000
8.673000
8.831900
8.957850
8.972875
9.019450
9.143400
9.268275
9.274175
9.340825
9.388775
9.963000
9.980925
10.201850
10.287125
10.378750
10.392950
10.611150
10.728700
10.777325
10.972550
11.020125
11.082350
11.382200
11.462250
11.647775
11.675425
12.286850
12.456000
12.523900
12.555300
12.765025
12.787275
13.146825
13.644450
13.743175
13.783875
13.813725
13.944950
14.351650
14.369375
14.619425
14.745975
15.306125
15.745600
15.953225
15.965925
16.107800
16.160425
16.439350
16.616925
16.655700
16.719450
17.037275
17.228200
17.356525
17.469500
17.519425
17.563350
17.640575
17.682275
17.724350
17.911425
17.923150
18.098575
18.131575
18.558175
18.584925
19.159525
19.591425
19.599350
19.753225
19.843075
19.926225
20.000950
20.323675
20.502050
20.684925
20.717150
20.826950
21.320175
22.183225
22.694400
22.884475
22.973000
23.399400
24.252250
24.368250
24.735700
25.264400
25.372975
25.406000
26.118400
26.156300
26.340550
27.416050
27.856625
27.882525
27.905325
27.947375
27.965875
28.093525
28.375375
28.497600
28.517375
28.548725
28.774450
28.855800
29.042675
29.158175
29.284350
29.344525
29.668525
29.770725
29.807700
29.831275
