0.000900
0.021550
0.039875
0.057875
0.085450
0.108300
0.155850
0.184800
0.200450
0.220675
0.238650
0.251900
0.273225
0.291300
0.313800
0.327725
0.346825
0.365225
0.383600
0.400900
0.413025
0.431825
0.447250
0.456700
0.480250
0.491300
0.511950
0.527875
0.544600
0.564525
0.588875
0.606975
0.630825
0.637975
0.657850
0.666625
0.678925
0.702350
0.720600
0.734700
0.750725
0.754450
0.779225
0.793950
0.829950
0.854800
0.874625
0.891500
0.904400
0.924425
0.944325
0.963875
0.996825
1.012925
1.028650
1.048475
1.069600
1.095975
1.113625
1.135250
1.151425
1.167300
1.181125
1.197675
1.214750
1.230200
1.242375
1.255000
1.265250
1.282900
1.295825
1.309650
1.329625
1.347450
1.364275
1.376875
1.398000
1.417775
1.435900
1.451375
1.469375
1.492650
1.508675
1.523900
1.538225
1.557650
1.569375
1.580525
1.599475
1.615550
1.631875
1.646875
1.665725
1.686575
1.705800
1.733175
1.753500
1.766025
1.793300
1.817500
1.850850
1.876500
1.894625
1.906375
1.925325
1.951925
1.974400
2.002250
2.016025
2.039975
2.060650
2.085700
2.112975
2.138750
2.154950
2.176025
2.191050
2.207525
2.227000
2.247175
2.265125
2.280325
2.311525
2.327275
2.354275
2.383275
2.410825
2.437725
2.470600
2.486150
2.498900
2.518450
2.529175
2.553075
2.564875
2.582975
2.599375
2.628575
2.647850
2.666900
2.683575
2.699350
2.714675
2.730475
2.752800
2.767950
2.793100
2.815375
2.846825
2.881600
2.902225
2.920025
2.939500
2.957950
2.986125
2.998450
3.014375
3.026950
3.046050
3.063025
3.073675
3.104775
3.131325
3.151300
3.173875
3.197750
3.214425
3.242950
3.265550
3.289875
3.308500
3.324375
3.342175
3.359975
3.386425
3.396050
3.411025
3.427700
3.442225
3.456200
3.468500
3.484475
3.507275
3.541100
3.572275
3.595200
3.618850
3.644775
3.665925
3.686175
3.708150
3.731525
3.748025
3.773850
3.801550
3.825475
3.845950
3.875800
3.905375
3.935975
3.959300
3.976475
4.005875
4.016200
4.033675
4.048400
4.065950
4.084000
4.110475
4.127550
4.160600
4.180300
4.205850
4.227575
4.289000
4.304425
4.317475
4.334900
4.349225
4.363300
4.377300
4.384325
4.414125
4.425625
4.438550
4.449250
4.460400
4.471600
4.490975
4.504300
4.514925
4.528800
4.578775
4.595150
4.615625
4.630775
4.638975
4.650925
4.661575
4.677500
4.696425
4.713525
4.731550
4.748225
4.766225
4.786900
4.809075
4.822450
4.844250
4.858175
4.874450
4.884500
4.893025
4.919400
4.936625
4.950900
4.969000
4.995650
5.013250
5.035400
5.051775
5.061575
5.098700
5.123475
5.142775
5.154125
5.179275
5.194850
5.215175
5.231850
5.251450
5.277350
5.304400
5.316675
5.330725
5.342650
5.354725
5.368875
5.380600
5.406900
5.417375
5.434525
5.460100
5.477925
5.493175
5.512300
5.531025
5.551650
5.586325
5.601600
5.623350
5.640525
5.660275
5.683200
5.702975
5.712775
5.720475
5.736275
5.754450
5.776150
5.782775
5.796000
5.812800
5.826325
5.848225
5.856825
5.875175
5.891625
5.911500
5.933600
5.953475
5.979550
6.003750
6.022325
6.036350
6.057200
6.073750
6.082150
6.103875
6.123625
6.135175
6.143075
6.162600
6.175525
6.192675
6.205775
6.242600
6.253850
6.280275
6.290925
6.304000
6.326125
6.348650
6.373475
6.391875
6.418225
6.430775
6.458400
6.479625
6.490175
6.506900
6.520900
6.538575
6.551950
6.561975
6.589075
6.604925
6.625675
6.639475
6.660475
6.690975
6.702700
6.741550
6.771275
6.800275
6.818875
6.833650
6.863625
6.883800
6.896775
6.910350
6.919475
6.942925
6.956925
6.968500
6.981275
6.993100
7.005350
7.025875
7.033200
7.056250
7.072300
7.091000
7.111850
7.132150
7.147725
7.161850
7.176225
7.194975
7.215875
7.233200
7.256675
7.273300
7.295825
7.316225
7.327875
7.344400
7.360050
7.376350
7.384400
7.397250
7.412075
7.434325
7.450325
7.467050
7.491025
7.510825
7.529700
7.568525
7.587125
7.608925
7.632100
7.663975
7.679350
7.697925
7.716150
7.741900
7.760900
7.778050
7.792600
7.801950
7.814275
7.836500
7.846375
7.857250
7.870900
7.884875
7.899025
7.915600
7.926575
7.949725
7.962600
7.987450
8.029000
8.067450
8.089675
8.103750
8.119125
8.151925
8.173950
8.188750
8.200425
8.222300
8.238450
8.251625
8.265675
8.279900
8.297625
8.316850
8.338025
8.358000
8.384950
8.408100
8.429375
8.456975
8.485700
8.509025
8.526100
8.552550
8.574150
8.584525
8.591550
8.600275
8.613525
8.618925
8.642325
8.673550
8.695125
8.709675
8.726275
8.737900
8.773675
8.787100
8.801525
8.813450
8.830400
8.853325
8.871125
8.890100
8.909625
8.941575
8.954675
8.969125
8.985225
9.016375
9.030325
9.039200
9.057900
9.068550
9.085350
9.100175
9.112400
9.129700
9.148100
9.164125
9.182975
9.200950
9.217400
9.236525
9.251750
9.261275
9.279300
9.293400
9.313375
9.335625
9.366600
9.387400
9.408650
9.423650
9.440500
9.461750
9.481425
9.499250
9.514525
9.531200
9.544050
9.566350
9.579800
9.593900
9.607500
9.620200
9.638375
9.657450
9.668650
9.690975
9.711775
9.730125
9.752350
9.775025
9.802300
9.817475
9.837475
9.851750
9.866775
9.906900
9.937250
9.970350
9.991975
10.012000
10.037400
10.049300
10.071150
10.089150
10.094025
10.115925
10.129300
10.146225
10.156975
10.171925
10.188700
10.203375
10.222600
10.234075
10.245825
10.260975
10.278175
10.296375
10.316725
10.343100
10.368825
10.384650
10.417325
10.443525
10.470550
10.496550
10.513975
10.536300
10.555550
10.582175
10.598025
10.615300
10.639500
10.658625
10.681900
10.692750
10.705150
10.721550
10.731275
10.743800
10.777200
10.797400
10.814075
10.833800
10.867875
10.876500
10.904500
10.921875
10.951625
10.970450
11.004250
11.031325
11.047625
11.063100
11.088950
11.119350
11.138550
11.157925
11.186300
11.212050
11.226550
11.238225
11.254600
11.266200
11.275150
11.289875
11.309800
11.321975
11.342925
11.361550
11.371200
11.389200
11.408425
11.430550
11.454425
11.477750
11.501525
11.524725
11.543100
11.566475
11.588925
11.600925
11.624850
11.647425
11.667100
11.678850
11.690975
11.703200
11.728200
11.738650
11.742150
11.763000
11.779375
11.795950
11.807475
11.825875
11.850525
11.868525
11.881700
11.904225
11.925850
11.948025
11.969550
11.985675
12.000000
12.019575
12.039325
12.055300
12.067775
12.102475
12.114300
12.128850
12.146700
12.176425
12.194425
12.204650
12.209675
12.227400
12.237375
12.252600
12.279075
12.299175
12.321300
12.330750
12.365575
12.378800
12.395725
12.412950
12.438875
12.475300
12.492225
12.505175
12.522500
12.528075
12.550600
12.577375
12.590400
12.611300
12.629525
12.639500
12.649425
12.661725
12.677675
12.683325
12.702350
12.716100
12.738125
12.752975
12.772875
12.794975
12.814050
12.831600
12.851600
12.870075
12.898950
12.928575
12.943150
12.958875
12.971300
12.983500
13.000850
13.013400
13.030750
13.042450
13.057150
13.087350
13.096825
13.103150
13.119600
13.130250
13.150025
13.169900
13.183575
13.205275
13.225850
13.243450
13.266650
13.282250
13.300575
13.319125
13.343175
13.358375
13.375325
13.398550
13.407200
13.445625
13.461350
13.469700
13.497600
13.512225
13.527175
13.542650
13.551950
13.565425
13.578075
13.606925
13.620725
13.635175
13.648800
13.661825
13.674525
13.692375
13.703725
13.716775
13.725150
13.746625
13.761400
13.802075
13.834875
13.858475
13.895175
13.911100
13.932000
13.948825
13.963325
13.972800
13.990700
14.004175
14.016300
14.033200
14.045175
14.059575
14.084400
14.099000
14.121475
14.137625
14.169600
14.180825
14.226425
14.255200
14.261500
14.283275
14.300125
14.313875
14.329875
14.337050
14.356525
14.379575
14.397525
14.409925
14.429600
14.447175
14.469900
14.486450
14.525425
14.534250
14.565050
14.601425
14.624025
14.649425
14.667975
14.681725
14.700025
14.715900
14.730125
14.746350
14.754525
14.766750
14.781650
14.793150
14.811700
14.830325
14.846750
14.858900
14.883300
14.898525
14.913875
14.934525
14.946900
14.988625
15.033425
15.064800
15.078250
15.103950
15.121500
15.139600
15.148575
15.170675
15.185875
15.199575
15.213275
15.225725
15.246650
15.260725
15.269425
15.287600
15.305650
15.322325
15.344375
15.355175
15.372775
15.386400
15.405925
15.432650
15.452025
15.481100
15.534125
15.561600
15.577500
15.605025
15.625850
15.646600
15.664475
15.679500
15.691825
15.704450
15.719400
15.734675
15.751625
15.761925
15.799725
15.824575
15.843775
15.869325
15.895975
15.925250
15.947825
15.963500
15.994425
16.012600
16.029075
16.044150
16.059300
16.075700
16.092950
16.109375
16.125375
16.147950
16.171475
16.191125
16.209400
16.227375
16.244450
16.257425
16.282825
16.297600
16.313225
16.327275
16.347950
16.367775
16.384725
16.407125
16.429975
16.455000
16.469525
16.483500
16.502525
16.517375
16.533900
16.557900
16.579075
16.597750
16.614275
16.632325
16.639025
16.658800
16.669900
16.684700
16.704025
16.713525
16.728425
16.743850
16.757775
16.772825
16.799175
16.815050
16.825325
16.841025
16.853750
16.869925
16.885275
16.910600
16.929850
16.958075
16.979550
17.007025
17.031250
17.053800
17.069150
17.087250
17.102975
17.112425
17.132825
17.141750
17.152875
17.174325
17.191600
17.200625
17.221700
17.236175
17.257325
17.276050
17.290175
17.304900
17.323425
17.344475
17.357175
17.378000
17.399975
17.417500
17.432475
17.455625
17.474375
17.499175
17.516325
17.536650
17.550400
17.563925
17.585975
17.599400
17.612200
17.624325
17.634375
17.648575
17.655075
17.671900
17.686675
17.697125
17.709650
17.721825
17.732975
17.747000
17.760975
17.783300
17.797000
17.807650
17.820625
17.833525
17.851600
17.871300
17.888500
17.902425
17.922625
17.947000
17.967575
17.986900
18.002200
18.020650
18.039050
18.052825
18.066500
18.081625
18.107125
18.125025
18.143850
18.158725
18.178925
18.203650
18.214150
18.228325
18.259025
18.273250
18.291325
18.311750
18.332425
18.345200
18.366750
18.393075
18.439825
18.456900
18.488975
18.506500
18.519950
18.531125
18.548375
18.561125
18.573725
18.630000
18.677425
18.698025
18.718725
18.739950
18.762325
18.786875
18.803200
18.820750
18.829975
18.842650
18.855100
18.869300
18.884525
18.901900
18.921000
18.936850
18.946075
18.970675
18.981775
18.991700
19.003700
19.022825
19.045450
19.063475
19.076750
19.094625
19.121775
19.137250
19.154225
19.167200
19.181475
19.188550
19.204325
19.229100
19.245425
19.261500
19.272525
19.293275
19.307050
19.327100
19.346500
19.358475
19.375275
19.387725
19.404575
19.425350
19.447025
19.480150
19.505125
19.519725
19.534325
19.550125
19.563725
19.594200
19.616300
19.626250
19.640525
19.659275
19.672900
19.688200
19.709900
19.731175
19.750450
19.777025
19.793525
19.831250
19.854575
19.885900
19.901800
19.914550
19.935350
19.943675
19.964075
19.975975
19.986750
19.996350
20.005450
20.038100
20.070200
20.083675
20.111875
20.131125
20.147850
20.164800
20.179275
20.200075
20.221225
20.247850
20.260800
20.285775
20.297700
20.318025
20.333375
20.352325
20.372175
20.385350
20.398300
20.419275
20.433250
20.451075
20.465050
20.477300
20.504950
20.520125
20.549750
20.571300
20.594250
20.604250
20.619650
20.632225
20.655700
20.671700
20.691275
20.707075
20.721425
20.738275
20.753775
20.765375
20.790400
20.809400
20.827475
20.833425
20.845200
20.864550
20.878625
20.888375
20.911875
20.929300
20.939725
20.955400
20.971125
20.994800
21.008050
21.024225
21.042375
21.057000
21.091850
21.110975
21.123950
21.138250
21.161650
21.230950
21.253475
21.265400
21.277525
21.291600
21.305425
21.317625
21.346000
21.357050
21.369975
21.388850
21.406175
21.427775
21.445675
21.468625
21.483450
21.495925
21.507975
21.526425
21.544500
21.569900
21.595525
21.624250
21.638775
21.660500
21.675225
21.690325
21.704025
21.726750
21.756425
21.774425
21.786075
21.800825
21.812075
21.826225
21.838225
21.873625
21.902575
21.912375
21.928450
21.951250
21.967400
21.981150
22.005850
22.033250
22.053175
22.075175
22.097625
22.113750
22.126500
22.140025
22.169950
22.185250
22.197800
22.209625
22.219900
22.238175
22.248600
22.269200
22.287650
22.306650
22.328625
22.350025
22.363950
22.377725
22.394325
22.412675
22.430550
22.452425
22.478575
22.499675
22.516900
22.538075
22.550600
22.568425
22.589975
22.606175
22.620025
22.633300
22.648750
22.659850
22.671100
22.693825
22.707250
22.722475
22.745850
22.762575
22.781875
22.797725
22.816100
22.836775
22.848400
22.881750
22.895975
22.915475
22.920175
22.947450
22.972350
22.989225
23.012950
23.029000
23.052325
23.077825
23.097175
23.112175
23.128200
23.144875
23.162275
23.178175
23.193725
23.200100
23.217100
23.234175
23.265900
23.273700
23.292625
23.307975
23.320475
23.339725
23.361750
23.389975
23.407350
23.425950
23.444225
23.466400
23.486225
23.507300
23.551700
23.566600
23.581825
23.607300
23.623725
23.638575
23.652725
23.664075
23.674425
23.692150
23.703575
23.714500
23.732950
23.738675
23.766700
23.784625
23.795625
23.828700
23.834125
23.874025
23.890800
23.913525
23.933475
23.953175
23.978025
24.003475
24.026150
24.046525
24.066250
24.079550
24.092975
24.102600
24.114075
24.136425
24.153325
24.162700
24.171350
24.207325
24.218525
24.228775
24.242000
24.264525
24.278650
24.292325
24.303575
24.324575
24.341275
24.360050
24.372525
24.395650
24.411225
24.425750
24.449175
24.466125
24.499175
24.545200
24.559325
24.571725
24.587325
24.608950
24.626175
24.646525
24.671700
24.685875
24.697600
24.720300
24.735425
24.745500
24.767200
24.780250
24.802950
24.825075
24.851075
24.864625
24.888850
24.907050
24.926125
24.951550
24.977775
25.018750
25.042300
25.059425
25.079675
25.100525
25.110800
25.130125
25.138900
25.160875
25.192025
25.204675
25.228775
25.245175
25.261775
25.277125
25.296050
25.308750
25.327450
25.348775
25.365475
25.384550
25.398425
25.419225
25.433475
25.459650
25.474325
25.491400
25.509025
25.523875
25.542050
25.566475
25.578850
25.603100
25.619600
25.639550
25.670325
25.696125
25.718525
25.727675
25.745275
25.782850
25.800925
25.848450
25.863850
25.879075
25.894825
25.904400
25.924200
25.936650
25.952675
25.968350
25.980075
26.000825
26.014900
26.031125
26.040625
26.051425
26.070700
26.089850
26.106675
26.121625
26.142225
26.154400
26.168750
26.184000
26.199800
26.220875
26.240050
26.259700
26.276075
26.293650
26.316500
26.349450
26.382725
26.405825
26.419625
26.432100
26.444650
26.454700
26.468725
26.489300
26.503575
26.523225
26.541550
26.555725
26.571925
26.588250
26.605425
26.616400
26.637800
26.650750
26.674275
26.699925
26.716575
26.737375
26.749000
26.780075
26.812700
26.870600
26.887700
26.904725
26.920675
26.933050
26.947175
26.959025
26.971425
26.982700
26.994650
27.005575
27.021825
27.030050
27.045825
27.058450
27.073725
27.088775
27.109400
27.122625
27.149775
27.157625
27.175100
27.193300
27.208475
27.230150
27.241075
27.251950
27.267975
27.291950
27.306075
27.323375
27.345375
27.359875
27.378950
27.396250
27.406325
27.421125
27.437875
27.460600
27.479000
27.522375
27.540575
27.565675
27.584675
27.594375
27.603975
27.628400
27.648500
27.661575
27.677000
27.699600
27.710550
27.727400
27.781750
27.796450
27.810650
27.829850
27.848800
27.867550
27.919750
27.933600
27.949375
27.958800
27.973250
27.995850
28.023150
28.036525
28.062325
28.073200
28.088700
28.101325
28.115925
28.125025
28.136350
28.152375
28.165300
28.180175
28.194925
28.224500
28.237575
28.243550
28.258075
28.276975
28.290225
28.307250
28.316500
28.333900
28.350900
28.362925
28.380625
28.395875
28.414175
28.426925
28.442075
28.457100
28.497775
28.515525
28.533250
28.549075
28.566175
28.588350
28.597900
28.616525
28.632525
28.649025
28.675275
28.694950
28.707375
28.733825
28.753175
28.767325
28.801250
28.826575
28.846475
28.873925
28.891400
28.910400
28.927600
28.940100
28.956025
28.969800
28.980150
29.007000
29.022400
29.038200
29.055975
29.070825
29.089000
29.106300
29.121375
29.126450
29.143925
29.154575
29.167225
29.182975
29.195950
29.207025
29.220500
29.236350
29.246950
29.263950
29.280075
29.293250
29.310625
29.329725
29.355525
29.375875
29.392275
29.407150
29.431925
29.461200
29.487975
29.509325
29.522475
29.541700
29.563575
29.582500
29.597400
29.603850
29.620350
29.635350
29.642900
29.656425
29.668350
29.682075
29.699575
29.720375
29.730775
29.745350
29.762375
29.792500
29.805500
29.833200
29.843775
29.861100
29.887900
29.901850
29.921450
29.946525
29.973450
