0.093750
0.204775
0.240750
0.258950
0.282425
0.473375
0.584875
0.668900
0.730775
0.771500
0.912575
0.948550
1.071450
1.183575
1.223550
1.270600
1.372700
1.522325
1.589100
1.906825
1.991925
2.022275
2.049150
2.103300
2.416425
2.494275
2.534825
2.584725
2.678950
2.707475
2.993650
3.079975
3.127300
3.167750
3.215150
3.283175
3.412400
3.448250
3.573150
3.804275
4.112550
4.277950
4.291125
4.391775
4.510000
4.567700
4.613075
4.663000
4.724725
4.766850
4.779575
5.042625
5.090425
5.292425
5.387300
5.461050
5.515000
5.586625
5.715975
5.841475
5.884925
6.034225
6.121000
6.168125
6.214050
6.242525
6.396075
6.538350
6.767100
6.895400
7.038675
7.135725
7.174125
7.176575
7.393775
7.473525
7.525000
7.664825
7.699575
7.729225
7.738050
7.801000
7.840050
7.867475
7.943650
7.995100
8.399775
8.459125
8.519050
8.599675
8.680025
8.705500
8.786525
9.186825
9.261200
9.427550
9.488375
9.744175
9.769950
9.853325
10.104850
10.306725
10.390400
10.414375
10.502100
10.783500
10.977025
11.073000
11.145225
11.231525
11.254000
11.277350
11.326725
11.636800
11.945525
11.999575
12.137325
12.197100
12.214825
12.266025
12.313400
12.351725
12.410625
12.511925
12.569175
12.641525
12.701925
12.709025
12.743000
12.829800
12.878625
12.994225
13.053075
13.135050
13.194375
13.279100
13.368425
13.394075
13.428150
13.479875
13.511475
13.795475
13.829575
13.885625
14.086975
14.158100
14.281825
14.312475
14.411925
14.487025
14.537275
14.800100
15.078575
15.120575
15.329475
15.420025
15.530050
15.658025
15.735775
15.887450
16.058000
16.130225
16.165800
16.262550
16.397525
16.515600
16.583300
16.632050
16.844300
16.881850
16.942150
17.003350
17.080700
17.190325
17.261450
17.332075
17.383400
17.530900
17.580325
17.614825
17.703425
17.824675
17.878325
17.901475
18.009825
18.094500
18.140675
18.190000
18.279900
18.327775
18.541100
18.695875
18.745900
18.802375
18.839600
18.872850
19.235900
19.291975
19.306975
19.334125
19.395550
19.421225
19.446400
19.540775
19.653900
19.705025
19.765100
19.891550
19.929325
