0.013250
0.031225
0.040325
0.053250
0.060425
0.072625
0.083900
0.092925
0.103075
0.108525
0.122575
0.137825
0.163750
0.170175
0.188200
0.210525
0.228625
0.242525
0.256850
0.274750
0.286400
0.303825
0.315725
0.330150
0.348700
0.363075
0.375900
0.384300
0.406800
0.427775
0.436450
0.451175
0.468825
0.480375
0.490075
0.503350
0.521575
0.529275
0.542750
0.560125
0.571175
0.595800
0.616725
0.628575
0.644850
0.654075
0.669025
0.685975
0.696050
0.712825
0.729350
0.753325
0.762850
0.779800
0.793575
0.813325
0.839250
0.857600
0.882200
0.910025
0.920925
0.933650
0.952925
0.971350
1.006825
1.019500
1.031875
1.052000
1.065675
1.078475
1.087150
1.099300
1.109625
1.132175
1.145575
1.159825
1.179525
1.193525
1.204775
1.223175
1.237850
1.254475
1.270725
1.288350
1.301450
1.314750
1.330700
1.338950
1.349625
1.359725
1.372575
1.393675
1.409750
1.425150
1.435875
1.454500
1.469675
1.486500
1.507425
1.523175
1.536325
1.551875
1.563375
1.578375
1.583250
1.596650
1.608750
1.630400
1.647625
1.676000
1.683650
1.707275
1.724100
1.744800
1.769850
1.789350
1.804650
1.818475
1.834075
1.852275
1.867575
1.877325
1.888125
1.903100
1.925425
1.935325
1.957325
1.974325
1.984350
1.996425
2.006425
2.021525
2.034650
2.048350
2.062025
2.076975
2.092825
2.108650
2.125350
2.138650
2.149700
2.165525
2.178550
2.192525
2.201975
2.211800
2.229425
2.245500
2.265875
2.276200
2.288900
2.308425
2.317750
2.331050
2.350600
2.364875
2.375500
2.386950
2.405075
2.415600
2.428875
2.440425
2.455675
2.469000
2.481950
2.499425
2.520950
2.539750
2.554925
2.564575
2.573800
2.586800
2.605950
2.623050
2.635675
2.648825
2.661650
2.677375
2.696925
2.713875
2.738050
2.756525
2.777700
2.795350
2.811875
2.828050
2.841900
2.857125
2.872200
2.882900
2.897475
2.910925
2.918425
2.928625
2.939150
2.952225
2.964850
2.978275
2.989750
3.003600
3.014925
3.030050
3.040025
3.056300
3.069025
3.076425
3.089350
3.100050
3.115075
3.126825
3.135950
3.157375
3.171075
3.185450
3.200350
3.213375
3.223550
3.237425
3.251875
3.263150
3.277575
3.288550
3.300175
3.310925
3.319400
3.337800
3.354950
3.367325
3.378250
3.392000
3.409200
3.413325
3.430650
3.443750
3.452700
3.465675
3.479725
3.490500
3.504825
3.517075
3.535875
3.548625
3.566100
3.580900
3.590825
3.608275
3.624375
3.633075
3.647325
3.673525
3.690475
3.721900
3.730825
3.746725
3.764000
3.785725
3.799325
3.818900
3.834025
3.848750
3.860725
3.878750
3.892675
3.908750
3.922725
3.938200
3.957525
3.966125
3.981600
3.995100
4.008325
4.025100
4.035750
4.045500
4.067750
4.081625
4.105650
4.117925
4.134125
4.153475
4.173350
4.191900
4.208300
4.227150
4.243500
4.263575
4.274050
4.289950
4.304200
4.331550
4.338600
4.358400
4.372325
4.386450
4.404925
4.425550
4.436525
4.454050
4.466700
4.481175
4.495225
4.515375
4.528175
4.538950
4.551925
4.560600
4.574475
4.588700
4.600300
4.614625
4.628925
4.637600
4.655025
4.679250
4.699250
4.722375
4.742125
4.772925
4.794300
4.808400
4.818750
4.828600
4.845125
4.854575
4.873775
4.881200
4.890175
4.912025
4.920825
4.936775
4.947325
4.954175
4.983275
4.993500
5.055750
5.064175
5.092375
5.130850
5.183875
5.247125
5.274200
5.287950
5.299200
5.320600
5.334925
5.346100
5.366725
5.372850
5.384525
5.391600
5.427825
5.437075
5.450400
5.466575
5.474425
5.488875
5.529900
5.601250
5.727600
5.757300
5.767825
5.799575
5.823125
5.830175
5.854250
5.902425
5.916775
5.928800
5.961650
5.971150
5.996850
6.022400
6.052500
6.067175
6.099925
6.106525
6.122100
6.134175
6.144450
6.154575
6.207825
6.216675
6.231325
6.242200
6.257100
6.269700
6.297850
6.306500
6.337150
6.358825
6.370825
6.389125
6.408325
6.426675
6.448250
6.464425
6.477325
6.492950
6.505050
6.524275
6.536150
6.577600
6.617850
6.627925
6.638150
6.665925
6.714325
6.722425
6.739175
6.753400
6.763600
6.800650
6.810400
6.832650
6.844950
6.866400
6.889750
6.905000
6.935775
6.959775
6.970125
6.995075
7.006525
7.014075
7.019675
7.031575
7.046650
7.057775
7.072650
7.081425
7.099200
7.110000
7.179925
7.195400
7.219800
7.244975
7.255675
7.283700
7.303275
7.350200
7.365700
7.400675
7.425950
7.455675
7.462275
7.485575
7.503875
7.517975
7.528925
7.538725
7.553925
7.577300
7.609775
7.653375
7.681525
7.695250
7.710075
7.720525
7.757700
7.766600
7.777350
7.792200
7.850850
7.861925
7.880275
7.891450
7.934950
7.975825
7.987425
8.013550
8.021275
8.032775
8.054825
8.065900
8.077650
8.113925
8.132500
8.156675
8.176725
8.187900
8.197925
8.223250
8.232050
8.240800
8.280050
8.292500
8.307025
8.316975
8.332950
8.345725
8.358675
8.372525
8.382375
8.392650
8.406500
8.435975
8.444850
8.481875
8.495375
8.506425
8.521450
8.536875
8.547875
8.556025
8.569475
8.583525
8.596700
8.607300
8.624775
8.641825
8.659475
8.675300
8.716300
8.729300
8.740375
8.756175
8.783450
8.795600
8.815050
8.833675
8.848775
8.867200
8.934800
8.954150
8.967125
8.981100
9.037300
9.058150
9.069475
9.078725
9.094775
9.102050
9.111350
9.122700
9.141525
9.151525
9.193800
9.206525
9.216575
9.229100
9.245725
9.257700
9.281400
9.291875
9.318350
9.332425
9.346475
9.380650
9.398675
9.464075
9.473075
9.486200
9.496975
9.512650
9.524775
9.531975
9.552575
9.588275
9.601925
9.612675
9.621100
9.646550
9.658150
9.690900
9.700375
9.717200
9.727550
9.740275
9.754875
9.764125
9.807200
9.819600
9.831925
9.844175
9.855450
9.879600
9.891400
9.902275
9.911075
9.920525
9.931350
9.940950
9.948625
9.962525
9.975225
9.999450
10.026350
10.074750
10.082100
10.099675
10.129400
10.146725
10.157675
10.172400
10.190925
10.225425
10.251450
10.282450
10.305275
10.324625
10.347200
10.358175
10.370200
10.401050
10.447150
10.464250
10.496150
10.529075
10.539950
10.556725
10.571450
10.591550
10.609025
10.619875
10.652175
10.680925
10.691450
10.703850
10.716850
10.729075
10.738700
10.750025
10.758775
10.769850
10.788475
10.793950
10.804275
10.827750
10.842175
10.854225
10.900625
10.916600
10.931900
10.946475
10.959550
10.995050
11.021850
11.077900
11.129850
11.149650
11.165150
11.198375
11.210775
11.232400
11.283975
11.296350
11.311425
11.325350
11.330750
11.341175
11.350175
11.361850
11.373225
11.397950
11.410550
11.430625
11.443875
11.455325
11.485400
11.507925
11.523250
11.540350
11.549075
11.555525
11.568700
11.580675
11.591275
11.603025
11.624550
11.636175
11.650800
11.661775
11.679175
11.699375
11.743825
11.756475
11.788975
11.811700
11.822950
11.842375
11.865625
11.898500
11.908500
11.915825
11.936175
11.944575
11.965325
11.979650
12.030950
12.037125
12.091200
12.103700
12.113850
12.141550
12.162825
12.175475
12.196075
12.220650
12.236975
12.269425
12.287200
12.306075
12.318000
12.335525
12.353675
12.366850
12.399750
12.441525
12.453450
12.469300
12.477975
12.505250
12.521050
12.543300
12.565475
12.588400
12.596675
12.607100
12.622100
12.644475
12.662675
12.669350
12.683950
12.695450
12.713825
12.721975
12.737900
12.751475
12.776575
12.799700
12.826425
12.890575
12.893700
12.900650
12.919375
12.929850
12.940050
12.961850
12.985225
13.005600
13.032800
13.050150
13.096675
13.113025
13.126075
13.133900
13.146125
13.155175
13.170050
13.180875
13.190200
13.201950
13.222025
13.233725
13.244750
13.257850
13.265475
13.281575
13.292075
13.301375
13.361400
13.383300
13.414825
13.426225
13.437900
13.452550
13.464500
13.489400
13.503300
13.526300
13.534575
13.555750
13.564050
13.576750
13.588275
13.618325
13.620325
13.640300
13.661375
13.669300
13.682175
13.700900
13.711875
13.725550
13.733975
13.742675
13.758225
13.771150
13.808450
13.820425
13.832475
13.848525
13.859775
13.872150
13.890225
13.897650
13.913625
13.924275
13.927875
13.935125
13.985825
13.993000
14.007125
14.019550
14.031675
14.039625
14.060025
14.075275
14.088375
14.094375
14.103925
14.117850
14.123225
14.134325
14.142675
14.167275
14.200500
14.210100
14.247675
14.258250
14.267800
14.279375
14.290775
14.309600
14.318125
14.331550
14.343150
14.357350
14.370625
14.378500
14.390800
14.399450
14.409525
14.430925
14.444150
14.454475
14.465075
14.475700
14.481525
14.487075
14.509100
14.519900
14.542950
14.573500
14.585025
14.598175
14.611400
14.618200
14.656550
14.688200
14.700750
14.711250
14.718050
14.740375
14.755550
14.765000
14.790775
14.803875
14.818175
14.830525
14.845150
14.859150
14.873550
14.882525
14.893200
14.939325
14.954650
14.987400
15.020500
15.031825
15.048875
15.061100
15.072450
15.083550
15.091675
15.122575
15.134100
15.171075
15.185675
15.201050
15.210550
15.247375
15.264475
15.270725
15.293575
15.308300
15.324900
15.334475
15.344525
15.356900
15.367575
15.379550
15.393850
15.399950
15.416675
15.425900
15.446350
15.459775
15.467975
15.473200
15.491175
15.505275
15.516175
15.525025
15.552175
15.560925
15.589400
15.607475
15.621150
15.680875
15.690400
15.701875
15.717100
15.739800
15.764500
15.775750
15.784025
15.796275
15.807275
15.827425
15.849950
15.859300
15.883050
15.917975
15.954125
15.979200
16.001700
16.009650
16.030900
16.039675
16.049775
16.058550
16.069825
16.089200
16.101250
16.112250
16.121775
16.139375
16.159075
16.171200
16.179275
16.191700
16.205175
16.225700
16.245375
16.271950
16.290550
16.310025
16.314725
16.340750
16.366575
16.384550
16.396600
16.416950
16.439600
16.469600
16.482675
16.486175
16.504675
16.527275
16.544100
16.554800
16.568000
16.577325
16.593300
16.602400
16.620975
16.666475
16.679150
16.691375
16.701625
16.769600
16.826375
16.839875
16.852225
16.863975
16.893650
16.903025
16.916050
16.930800
16.944500
16.960700
16.970425
16.983400
16.995275
17.036825
17.045100
17.064550
17.072525
17.087175
17.106800
17.128525
17.137375
17.158925
17.173200
17.181575
17.193550
17.207400
17.223550
17.238275
17.245950
17.257350
17.269975
17.285600
17.294350
17.302350
17.340900
17.350400
17.387850
17.401925
17.422825
17.437325
17.447950
17.462000
17.502300
17.517050
17.534050
17.548475
17.562500
17.588725
17.600850
17.612025
17.691625
17.757950
17.773850
17.805150
17.824975
17.843525
17.853025
17.898000
17.906500
17.922250
17.948500
17.966150
17.987575
18.002900
18.034675
18.050900
18.065400
18.081000
18.111275
18.123125
18.152825
18.193925
18.220675
18.237275
18.253900
18.275425
18.304500
18.327875
18.374600
18.383150
18.407575
18.416450
18.426250
18.458400
18.476675
18.492125
18.497575
18.519750
18.557925
18.572475
18.585500
18.597350
18.615850
18.622100
18.633925
18.646700
18.660700
18.725950
18.734075
18.744075
18.757075
18.769050
18.777625
18.793650
18.829150
18.877275
18.888150
18.894550
18.934875
18.953425
18.960975
18.982925
18.996000
19.024700
19.034525
19.083075
19.096625
19.140225
19.165000
19.217000
19.239125
19.261100
19.278425
19.288500
19.296875
19.308700
19.318025
19.341400
19.350825
19.361200
19.383200
19.398075
19.430150
19.513500
19.573675
19.581650
19.620325
19.646575
19.660975
19.691175
19.744775
19.771900
19.782575
19.794125
19.806125
19.821575
19.831500
19.872325
19.885000
19.905575
19.919950
19.937250
19.980925
19.988200
19.999200
20.008800
20.025325
20.043250
20.054075
20.102450
20.115350
20.133150
20.145075
20.154475
20.171600
20.181325
20.190850
20.203150
20.223425
20.231350
20.245500
20.277500
20.293725
20.301125
20.321650
20.326375
20.338450
20.358075
20.378725
20.389400
20.409825
20.426975
20.465825
20.476725
20.486450
20.506300
20.540250
20.552500
20.562450
20.583200
20.588550
20.601675
20.624050
20.633350
20.642375
20.654625
20.661950
20.687075
20.715500
20.729950
20.745400
20.757525
20.773625
20.785250
20.804400
20.815125
20.827100
20.863425
20.873750
20.905225
20.919500
20.931675
20.937775
20.944850
20.958600
20.980125
20.990725
21.013325
21.024775
21.037600
21.076100
21.086925
21.101350
21.110275
21.126425
21.139675
21.162050
21.190000
21.199025
21.211300
21.233375
21.246950
21.256725
21.279675
21.292150
21.327900
21.363950
21.374325
21.387850
21.398825
21.421325
21.435725
21.457150
21.469300
21.482475
21.495425
21.533775
21.547525
21.554800
21.567425
21.578425
21.594800
21.603925
21.624475
21.636075
21.649900
21.735300
21.745150
21.755225
21.767100
21.807725
21.821875
21.832350
21.843725
21.858750
21.872275
21.884075
21.924050
21.947875
21.958900
21.973400
21.984575
21.997325
22.012400
22.031375
22.044475
22.057975
22.071825
22.101400
22.112525
22.146150
22.156775
22.167750
22.182600
22.198625
22.212550
22.228900
22.246275
22.268150
22.281250
22.290225
22.315550
22.325150
22.351450
22.391475
22.405600
22.422600
22.434450
22.444925
22.450775
22.460700
22.480700
22.492025
22.528800
22.548300
22.557300
22.566150
22.583525
22.607350
22.617300
22.629625
22.647975
22.651675
22.661700
22.673600
22.686850
22.696225
22.702600
22.724450
22.736450
22.744825
22.768950
22.789450
22.803825
22.816175
22.831100
22.863825
22.871750
22.886575
22.899225
22.919150
22.931400
22.939275
22.961975
22.972125
22.979225
23.018550
23.034975
23.055250
23.067500
23.076125
23.090275
23.099950
23.108000
23.131000
23.141150
23.151575
23.167700
23.181275
23.196250
23.203050
23.217175
23.229550
23.241275
23.250225
23.261050
23.275575
23.301275
23.316925
23.338375
23.362600
23.373700
23.383350
23.406000
23.417325
23.442950
23.481475
23.503375
23.512500
23.523975
23.536325
23.547075
23.559950
23.568775
23.578725
23.605625
23.620125
23.630350
23.664300
23.689875
23.701300
23.713700
23.723675
23.742625
23.760625
23.780325
23.793600
23.806600
23.826875
23.849625
23.908275
23.918675
23.932400
24.003100
24.017125
24.033150
24.042975
24.052225
24.068075
24.090950
24.105425
24.117500
24.131800
24.139425
24.144275
24.159875
24.180350
24.190050
24.201750
24.218625
24.231600
24.242400
24.258125
24.269475
24.279225
24.289650
24.305725
24.318325
24.355725
24.369100
24.381625
24.392325
24.402225
24.413825
24.421725
24.441200
24.459375
24.477275
24.484025
24.497875
24.507750
24.516775
24.527275
24.551350
24.559975
24.570250
24.606100
24.631825
24.655275
24.668075
24.677875
24.686550
24.699375
24.726600
24.735425
24.748800
24.760500
24.770875
24.790275
24.802400
24.814325
24.839850
24.850000
24.872625
24.903325
24.910850
24.931525
24.942750
24.967500
24.980875
24.994550
25.011000
25.038250
25.048500
25.069850
25.081875
25.096375
25.110175
25.123650
25.135350
25.145300
25.150325
25.158225
25.169300
25.188325
25.196225
25.211700
25.238575
25.248725
25.260525
25.277875
25.293375
25.316700
25.327025
25.342325
25.375225
25.394775
25.406050
25.417025
25.436125
25.468975
25.486050
25.506050
25.540950
25.553850
25.570975
25.595575
25.608450
25.658800
25.671600
25.691075
25.704350
25.713775
25.736500
25.748125
25.757825
25.770225
25.787725
25.797125
25.811225
25.824525
25.844025
25.855600
25.867275
25.884625
25.892850
25.911175
25.938850
25.952925
25.969050
25.981550
25.996300
26.011375
26.025325
26.046300
26.060500
26.074925
26.093775
26.101150
26.129750
26.141700
26.153500
26.179850
26.202525
26.213750
26.228750
26.243475
26.288825
26.298900
26.312250
26.330825
26.374425
26.399250
26.412125
26.428375
26.437425
26.446100
26.454725
26.461850
26.479525
26.489200
26.501700
26.517025
26.525225
26.536050
26.546850
26.560375
26.572625
26.575650
26.590425
26.599200
26.614825
26.628400
26.638100
26.655275
26.665400
26.701100
26.739650
26.756775
26.771575
26.788625
26.800300
26.846900
26.858825
26.864750
26.880750
26.891050
26.908325
26.923475
26.928950
26.932700
26.944175
26.963875
26.976425
26.990425
26.998200
27.009975
27.038550
27.063925
27.087275
27.096725
27.109175
27.114125
27.152800
27.163125
27.177125
27.189100
27.198300
27.208675
27.229625
27.250925
27.265700
27.272075
27.287825
27.301650
27.309600
27.327125
27.364125
27.411500
27.426700
27.439350
27.445525
27.455275
27.476550
27.488800
27.499950
27.517100
27.555950
27.558100
27.565050
27.579300
27.589200
27.601400
27.625650
27.642050
27.652775
27.670400
27.685400
27.694200
27.708275
27.727075
27.738000
27.749625
27.759975
27.771775
27.783475
27.796625
27.807300
27.818775
27.831675
27.843775
27.857075
27.882800
27.912300
27.914025
27.924425
27.947750
27.964175
27.975050
27.987825
28.001700
28.016975
28.027900
28.041450
28.062850
28.076375
28.093650
28.152525
28.167725
28.183700
28.199225
28.215225
28.230575
28.250125
28.260325
28.271625
28.306025
28.310800
28.375650
28.393525
28.404625
28.416775
28.431400
28.456400
28.465075
28.496925
28.503850
28.518225
28.525400
28.536550
28.543850
28.553200
28.576700
28.603150
28.609825
28.621975
28.629300
28.639500
28.651050
28.663425
28.675700
28.684725
28.692600
28.702650
28.713400
28.724400
28.742850
28.756750
28.770575
28.784175
28.824300
28.836500
28.850850
28.862125
28.879900
28.888100
28.894375
28.906350
28.928975
28.942525
28.951750
28.963075
28.968600
28.979200
28.991750
28.999350
29.008725
29.015600
29.024950
29.033225
29.044775
29.056800
29.081575
29.115600
29.125975
29.137275
29.149325
29.171325
29.180850
29.192650
29.204475
29.214750
29.223475
29.230475
29.241950
29.252400
29.259450
29.275750
29.284850
29.304925
29.317425
29.339425
29.352125
29.361775
29.381625
29.396175
29.405975
29.416000
29.423625
29.433175
29.446500
29.460100
29.475000
29.493275
29.510575
29.527925
29.537700
29.554175
29.569600
29.589750
29.601675
29.614675
29.651525
29.661975
29.675550
29.685925
29.704100
29.716325
29.726375
29.743100
29.753675
29.763325
29.775175
29.786250
29.804475
29.812350
29.830050
29.841350
29.848125
29.873600
29.881175
29.890600
29.900850
29.924400
29.935675
29.945475
29.960375
29.969625
29.985050
29.992350
