0.008850
0.059550
0.091175
0.132950
0.156125
0.191800
0.208000
0.242025
0.256450
0.306650
0.356275
0.391650
0.411525
0.448425
0.476650
0.509350
0.567325
0.640625
0.668700
0.708275
0.730700
0.756875
0.866975
0.905525
0.951725
0.987050
1.013725
1.042525
1.078000
1.120750
1.158250
1.184625
1.245025
1.294250
1.400250
1.416925
1.435850
1.462825
1.478775
1.507275
1.536775
1.570650
1.594175
1.655625
1.760750
1.817050
1.861475
1.895600
2.021700
2.093125
2.142275
2.181400
2.205125
2.240775
2.273675
2.325000
2.343275
2.372625
2.412950
2.514925
2.592575
2.612175
2.638475
2.666475
2.693400
2.722850
2.748075
2.774050
2.805975
2.865925
2.912175
2.972075
3.039325
3.062825
3.089025
3.116725
3.142325
3.185175
3.226950
3.263125
3.282900
3.307500
3.367200
3.424300
3.484325
3.513775
3.543975
3.599625
3.652700
3.694925
3.744450
3.769050
3.813025
3.842750
3.901925
3.976250
4.015500
4.052050
4.106450
4.141550
4.167075
4.189075
4.214400
4.266550
4.315125
4.348500
4.386825
4.417100
4.431900
4.465525
4.492525
4.615800
4.660825
4.690250
4.728000
4.757175
4.783300
4.848325
4.892975
4.949850
4.966425
5.066425
5.095300
5.117050
5.157375
5.182525
5.266300
5.301650
5.328925
5.363175
5.397675
5.441950
5.498075
5.532700
5.559350
5.577875
5.627150
5.642825
5.716650
5.741000
5.768825
5.799950
5.829250
5.855100
5.922575
5.964375
6.032850
6.177575
6.204825
6.222225
6.240525
6.263075
6.354300
6.394300
6.449200
6.516850
6.560025
6.631425
6.689925
6.715350
6.748875
6.791725
6.832475
6.866650
6.905475
6.934775
6.970975
6.999075
7.029800
7.060400
7.097300
7.119000
7.148200
7.165875
7.184675
7.200100
7.220550
7.271100
7.307975
7.341275
7.461950
7.528225
7.579925
7.614375
7.642375
7.682675
7.716200
7.761225
7.812525
7.859500
7.888000
7.920875
7.968200
8.014650
8.047550
8.075450
8.104950
8.137900
8.157875
8.178625
8.206650
8.227900
8.257925
8.309900
8.330700
8.358350
8.379550
8.432475
8.463600
8.500200
8.549175
8.579550
8.627650
8.677850
8.732450
8.788775
8.843800
8.897350
8.945025
8.972375
9.002700
9.043625
9.080700
9.117875
9.168350
9.199100
9.238700
9.289700
9.342175
9.376750
9.425325
9.464400
9.557375
9.617425
9.672325
9.703675
9.743450
9.777575
9.851375
9.878950
9.919100
10.001900
10.037800
10.062950
10.106400
10.153225
10.232450
10.272150
10.345575
10.401450
10.447100
10.469525
10.558475
10.675575
10.738100
10.810900
10.856000
10.927825
10.958925
11.015000
11.080500
11.153825
11.196550
11.339650
11.371800
11.428775
11.501650
11.548525
11.598425
11.671175
11.740300
11.812750
11.928825
12.006650
12.104550
12.141325
12.243025
12.308025
12.460575
12.500575
12.546675
12.659300
12.703400
12.768500
12.817050
12.864750
12.944725
12.978625
13.019125
13.042975
13.080625
13.127625
13.209650
13.230675
13.310700
13.331650
13.387650
13.531475
13.580150
13.635750
13.667400
13.687550
13.740125
13.780450
13.818600
13.868725
13.905100
13.993075
14.052950
14.085500
14.114100
14.189550
14.204225
14.293150
14.337175
14.376225
14.396325
14.494450
14.514975
14.546000
14.591450
14.623075
14.664975
14.685950
14.733025
14.763475
14.795350
14.851850
14.884575
14.906975
14.966050
15.027825
15.111000
15.137775
15.191125
15.228675
15.260225
15.269900
15.284200
15.307200
15.345800
15.367350
15.429025
15.474850
15.526775
15.565725
15.576525
15.621575
15.660825
15.682850
15.706050
15.756700
15.795775
15.847200
15.880750
15.902850
15.911675
15.927300
16.027775
16.063300
16.135450
16.181350
16.204850
16.213075
16.229750
16.270600
16.296825
16.349475
16.477900
16.487200
16.547575
16.614550
16.637950
16.664850
16.701500
16.746525
16.798725
16.812025
16.821100
16.868225
16.904050
16.951375
16.980525
17.041875
17.129825
17.195825
17.234800
17.282225
17.331050
17.365475
17.387450
17.408425
17.424800
17.435175
17.495400
17.599900
17.666525
17.686775
17.705150
17.712150
17.757375
17.878250
17.901025
17.948325
17.992025
18.010550
18.020925
18.029600
18.042000
18.101200
18.115500
18.152225
18.200175
18.220175
18.243650
18.279375
18.343525
18.373525
18.450900
18.479350
18.531500
18.580425
18.606075
18.680600
18.746725
18.781200
18.809800
18.845175
18.908150
19.019500
19.065100
19.093825
19.111600
19.172275
19.217925
19.245875
19.276325
19.304375
19.486925
19.502350
19.527000
19.547650
19.556500
19.567500
19.620775
19.645600
19.703075
19.730125
19.755800
19.799175
19.828900
19.848100
19.872000
19.890400
19.924525
19.942300
20.017850
20.041100
20.060325
20.076425
20.098825
20.145475
20.255275
20.282275
20.321225
20.338300
20.421225
20.457550
20.497925
20.535475
20.567875
20.593050
20.608900
20.624425
20.682775
20.739350
20.763950
20.803825
20.816525
20.831675
20.843900
20.853850
20.862075
20.887425
21.031350
21.067450
21.082675
21.104375
21.115575
21.177900
21.208125
21.346700
21.367100
21.379050
21.391325
21.411775
21.453000
21.512050
21.540775
21.572325
21.593575
21.648475
21.667725
21.682225
21.728175
21.784700
21.807700
21.885900
21.921375
21.935925
22.010425
22.049250
22.088300
22.129150
22.163425
22.199725
22.208575
22.348900
22.370900
22.407750
22.428775
22.474075
22.490300
22.572000
22.617525
22.681800
22.722600
22.757975
22.789950
22.866775
22.918825
22.951000
22.970950
23.015450
23.087900
23.116025
23.138750
23.160425
23.188525
23.234525
23.280600
23.311675
23.339825
23.444125
23.516625
23.567675
23.620100
23.681925
23.728900
23.769825
23.845125
23.893000
23.916075
23.936550
23.960025
24.014825
24.099050
24.188525
24.206275
24.214875
24.230975
24.266550
24.375375
24.418200
24.502300
24.526675
24.551150
24.600600
24.629200
24.662400
24.749950
24.771775
24.835900
24.874825
24.920475
24.945225
24.992300
25.041975
25.088825
25.120600
25.165050
25.204900
25.252100
25.279525
25.368925
25.406400
25.440000
25.496925
25.545050
25.599875
25.639250
25.672925
25.719700
25.792625
25.861975
25.919700
25.975100
26.012900
26.063275
26.114575
26.154475
26.176175
26.243425
26.273275
26.324675
26.348050
26.385725
26.414675
26.481725
26.532725
26.571200
26.612675
26.657025
26.724250
26.757125
26.806925
26.838950
26.955500
26.996925
27.046250
27.107275
27.146475
27.190325
27.232875
27.277150
27.331725
27.377300
27.415125
27.480825
27.521825
27.537325
27.555000
27.586125
27.618900
27.642950
27.662375
27.693225
27.729150
27.755825
27.780675
27.826275
27.848875
27.876425
27.903150
27.955475
27.986125
28.052575
28.090375
28.147175
28.172225
28.262250
28.280250
28.310425
28.344775
28.365800
28.405075
28.430925
28.469275
28.597150
28.653025
28.675250
28.714850
28.780025
28.804975
28.838075
28.918175
28.952200
29.011250
29.072200
29.105650
29.147025
29.181250
29.198475
29.222200
29.253850
29.286200
29.334200
29.367625
29.397400
29.421625
29.440950
29.507325
29.533575
29.572550
29.593925
29.612800
29.635675
29.691975
29.733650
29.783700
29.802050
29.824100
29.837350
29.863800
29.892925
29.938200
29.995850
