0.837550
0.927650
1.179300
1.235750
1.299575
1.351025
1.856000
2.038250
2.089250
2.162175
2.198025
2.423450
2.668600
3.353575
3.462750
4.179425
4.247325
4.418150
4.644150
4.673350
4.837250
5.251025
5.368225
5.927750
6.062250
6.213075
6.442400
6.566325
6.636725
6.690975
6.780600
6.867475
7.359675
7.519750
7.578875
7.756775
7.921475
8.075700
8.304650
8.534350
8.562300
8.613350
8.657475
8.696025
8.748750
8.830200
9.942150
9.989475
10.072800
10.330550
10.462525
10.885375
11.166875
11.380550
12.072150
12.178925
12.338300
12.599825
12.675600
12.937500
13.319575
13.355675
13.841250
14.528850
14.781975
15.034250
15.191925
15.226950
16.170725
16.255975
16.928525
17.055850
17.274550
17.446400
17.498000
17.696525
18.213150
18.554250
18.731875
18.950175
19.445825
19.535525
19.580100
19.888475
20.307450
20.378425
20.561450
21.009500
21.201400
21.296225
22.425875
23.094800
25.296025
25.586800
26.499000
26.605800
27.149025
27.358075
27.465150
27.977550
28.282125
28.858200
29.136000
29.327200
29.724550
29.850700
