0.017500
0.218875
0.294375
0.335250
0.382225
0.417250
0.453275
0.486650
0.612675
0.669625
0.751250
0.820975
0.898375
0.925700
0.973900
0.993925
1.043950
1.137250
1.160025
1.198050
1.262200
1.314300
1.344175
1.403850
1.452475
1.631325
1.808375
1.868325
1.880800
1.942500
1.961875
2.043700
2.163300
2.197800
2.224875
2.315125
2.346250
2.373450
2.520675
2.577250
2.714900
2.825850
2.832950
2.840400
2.919050
3.060175
3.099125
3.182725
3.219250
3.277000
3.366475
3.413500
3.487500
3.518375
3.563800
3.691750
3.816650
3.928200
4.012250
4.023700
4.032800
4.153475
4.181975
4.211425
4.216275
4.221100
4.230825
4.257900
4.426850
4.472875
4.498325
4.610400
4.640250
4.656125
4.696725
4.835325
4.864275
4.880600
4.885875
4.889425
4.891800
4.902450
4.960450
4.976625
5.004175
5.062775
5.072700
5.129775
5.168025
5.180775
5.201100
5.247150
5.287775
5.327725
5.356275
5.368450
5.424200
5.434900
5.467450
5.551175
5.571750
5.619350
5.655300
5.685275
5.713600
5.735650
5.772550
5.797050
5.851875
5.867475
5.891225
5.905400
5.938450
5.970550
6.008850
6.048600
6.139225
6.173200
6.207725
6.234925
6.238875
6.245100
6.253375
6.316075
6.364075
6.377675
6.387275
6.442825
6.482225
6.515275
6.543450
6.562325
6.589600
6.671150
6.786500
6.889550
6.931925
6.959575
6.987150
7.016525
7.043350
7.054025
7.071875
7.079275
7.121100
7.166425
7.257725
7.460025
7.475075
7.531425
7.538825
7.552875
7.610500
7.737225
7.858800
7.900600
7.931450
8.009250
8.020600
8.034050
8.056300
8.082125
8.138975
8.155250
8.171375
8.180475
8.227675
8.243300
8.254800
8.275950
8.488075
8.587975
8.608350
8.615300
8.646725
8.654300
8.672400
8.700725
8.709350
8.774925
8.909950
8.954150
8.977525
8.984675
8.990775
9.027750
9.070275
9.105025
9.116025
9.133075
9.143625
9.170650
9.349075
9.437875
9.443725
9.566125
9.667650
9.945750
9.957000
9.962850
10.077275
10.125075
10.172800
10.269275
10.326325
10.351925
10.513250
10.562475
10.570550
10.593900
10.602700
10.619725
10.684750
10.843850
10.898350
10.914225
10.921050
11.195475
11.239000
11.263825
11.319825
11.330500
11.359225
11.422975
11.466775
11.558225
11.670225
11.782625
11.920575
11.947325
11.958250
11.985175
11.992125
12.093875
12.151975
12.251475
12.282675
12.300575
12.352725
12.378350
12.386350
12.477725
12.586500
12.736700
12.819075
12.830775
12.844100
12.863300
12.896400
12.913300
12.928725
12.987900
13.020950
13.048925
13.171325
13.256750
13.316650
13.372375
13.496700
13.534775
13.558325
13.592525
13.682675
13.694850
13.730025
13.738700
13.763650
13.767925
13.783975
13.797375
13.836150
13.982125
14.101725
14.160250
14.196700
14.211425
14.220775
14.350875
14.434775
14.478250
14.495575
14.503325
14.515525
14.524650
14.546325
14.589075
14.605325
14.619025
14.630300
14.649250
14.657075
14.684600
14.688525
14.700200
14.725550
14.769725
14.805150
15.000950
15.013925
15.046725
15.055400
15.063850
15.125475
15.136200
15.164675
15.175775
15.262900
15.326325
15.411375
15.416225
15.441325
15.482350
15.687350
15.742175
15.760525
15.822450
15.922725
16.004275
16.161850
16.169900
16.222150
16.231525
16.263875
16.267050
16.294000
16.564675
16.603450
16.699225
16.827175
16.960925
16.990525
17.015225
17.192900
17.289250
17.357575
17.487675
17.586975
17.723850
17.776700
17.854825
17.986150
18.100750
18.147150
18.679900
18.698075
18.711825
18.723875
18.772225
18.902925
19.019000
19.057275
19.116800
19.149775
19.190375
19.398475
19.450975
19.581300
19.640650
19.655250
19.660800
19.688875
19.707175
19.744625
19.803975
20.003750
20.010150
20.017875
20.125625
20.198600
20.242650
20.290900
20.316375
20.378050
20.387750
20.390100
20.411825
20.437425
20.548100
20.682725
20.689875
20.707775
20.726800
21.011100
21.088750
21.098700
21.141100
21.185850
21.224625
21.289525
21.438825
21.463325
21.537675
21.543875
21.695550
21.746425
21.861100
21.904650
21.935525
21.976225
22.039500
22.210200
22.277375
22.343350
22.354800
22.411050
22.644475
22.722750
22.774275
22.831325
22.834900
22.851850
22.888525
22.934875
22.960575
23.087200
23.360075
23.413325
23.454150
23.490025
23.560025
23.589075
23.804300
23.867800
23.885200
23.902850
23.974350
24.025350
24.044425
24.115050
24.215525
24.301750
24.371125
24.388000
24.473700
24.564150
24.780800
24.824950
24.883125
24.911075
24.917800
24.923325
24.935550
24.939425
25.184325
25.205350
25.220475
25.225400
25.236725
25.247675
25.265200
25.286800
25.315000
25.386400
25.505600
25.544425
25.663800
25.705475
25.801200
25.810700
25.817600
25.822225
25.828050
25.846350
25.848475
25.858250
25.870075
26.019700
26.066975
26.163725
26.215200
26.280350
26.286950
26.583300
26.597575
26.605600
26.631325
26.649050
26.677825
26.688500
26.859750
26.918350
27.033750
27.051350
27.066200
27.145800
27.168850
27.257650
27.371450
27.477500
27.532700
27.540150
27.548825
27.562575
27.571400
27.573750
27.579500
27.582100
27.588225
27.650825
27.707725
27.736425
27.811975
27.950975
27.997475
28.023325
28.109550
28.197575
28.241350
28.323625
28.373675
28.383700
28.407125
28.424700
28.501675
28.555350
28.606150
28.731250
28.801000
28.816375
28.876100
28.895825
28.912500
28.970700
28.976800
29.045850
29.223475
29.287100
29.344125
29.353675
29.537925
29.565400
29.604900
29.610925
29.617200
29.628375
29.654025
29.859275
