0.008675
0.047900
0.063650
0.120075
0.172625
0.209000
0.241075
0.260275
0.275075
0.292225
0.316650
0.326575
0.380950
0.403450
0.432350
0.449175
0.480650
0.524550
0.562700
0.594650
0.632075
0.655700
0.663925
0.681675
0.694150
0.716900
0.752975
0.779975
0.798525
0.828500
0.895175
0.925450
0.982875
1.027825
1.107900
1.168650
1.197900
1.233700
1.248250
1.264550
1.285625
1.308325
1.369825
1.425150
1.529275
1.550800
1.585525
1.593275
1.597475
1.614575
1.624825
1.644200
1.730125
1.750375
1.787525
1.818150
1.936075
1.964075
1.980000
2.021550
2.042350
2.065200
2.078925
2.098775
2.117500
2.141500
2.217300
2.258225
2.320750
2.386375
2.445550
2.504675
2.539000
2.558850
2.575675
2.636950
2.683425
2.696100
2.717025
2.730600
2.744225
2.810450
2.846600
2.872200
2.959825
2.985975
3.132150
3.145000
3.163800
3.176350
3.191850
3.236125
3.259650
3.285575
3.289625
3.297800
3.341325
3.410950
3.424475
3.436900
3.455775
3.555450
3.590750
3.611825
3.627500
3.642550
3.652375
3.670575
3.700125
3.725825
3.780575
3.827575
3.852075
3.865575
3.922675
3.968000
4.017000
4.035475
4.048525
4.070275
4.098000
4.128125
4.137750
4.147225
4.198600
4.209225
4.226775
4.274875
4.295175
4.320325
4.356625
4.432275
4.514075
4.566275
4.571625
4.610100
4.671025
4.732625
4.766850
4.791850
4.885175
4.939375
4.995800
5.039825
5.067775
5.083500
5.102625
5.123000
5.201325
5.215700
5.265200
5.360975
5.385225
5.395050
5.428425
5.450550
5.508325
5.573425
5.597550
5.609625
5.655350
5.676225
5.714075
5.727600
5.746250
5.804200
5.877625
5.908050
5.949225
6.017450
6.075125
6.109700
6.128550
6.222350
6.275650
6.307975
6.388225
6.437450
6.462550
6.477000
6.489250
6.524125
6.536575
6.557075
6.584475
6.639600
6.683925
6.696975
6.734000
6.770450
6.788275
6.836550
6.866100
6.902700
6.925750
6.950975
7.046075
7.084775
7.128175
7.162375
7.189600
7.214075
7.245525
7.269400
7.278925
7.307050
7.342225
7.424375
7.468900
7.510575
7.526175
7.571200
7.593000
7.615325
7.643825
7.667500
7.700425
7.714825
7.737325
7.776175
7.792050
7.817625
7.842300
7.870950
7.926675
8.005250
8.023400
8.041150
8.053950
8.073675
8.108275
8.125025
8.142725
8.171725
8.183725
8.214975
8.227875
8.237400
8.242175
8.268225
8.281025
8.338400
8.352750
8.389450
8.408225
8.428325
8.470675
8.490625
8.553275
8.600000
8.609225
8.659600
8.698350
8.752325
8.764975
8.779325
8.818725
8.918950
8.950025
9.003575
9.028725
9.058475
9.085550
9.122850
9.145050
9.198225
9.226575
9.255275
9.270500
9.279050
9.294900
9.319875
9.330875
9.343025
9.376275
9.396775
9.513025
9.534525
9.567100
9.615900
9.646975
9.671950
9.766600
9.809525
9.935625
9.953750
9.994000
10.028875
10.044525
10.105175
10.158375
10.175600
10.273450
10.301875
10.386650
10.432675
10.466050
10.486175
10.509275
10.539650
10.676100
10.739625
10.806975
10.832500
10.886725
10.910375
10.994600
11.016675
11.066800
11.104400
11.145300
11.162400
11.192975
11.204250
11.286800
11.303675
11.365475
11.410350
11.437275
11.484600
11.505300
11.525275
11.600025
11.650850
11.674375
11.690275
11.711150
11.828900
11.854675
11.862700
11.880350
11.899025
12.013750
12.039975
12.084525
12.111700
12.124350
12.161775
12.194050
12.249475
12.257700
12.309275
12.323225
12.391000
12.413025
12.428875
12.437250
12.453000
12.495100
12.521350
12.544800
12.565725
12.697350
12.724300
12.747425
12.769300
12.774700
12.793050
12.815425
12.832725
12.846025
12.861975
12.896000
12.942100
13.034450
13.053325
13.072350
13.102200
13.168575
13.179425
13.226175
13.238200
13.254650
13.289500
13.392550
13.413300
13.429300
13.450150
13.556925
13.590350
13.619575
13.683675
13.732500
13.758825
13.765700
13.874350
13.898025
13.955300
13.974200
14.011350
14.058800
14.067100
14.077150
14.108100
14.117975
14.132125
14.143125
14.197550
14.223725
14.248200
14.276075
14.298200
14.348525
14.426375
14.464675
14.481225
14.491725
14.509975
14.525675
14.538600
14.623175
14.642825
14.669350
14.798125
14.812850
14.835425
14.853125
14.930125
14.954800
14.988625
14.998875
15.014125
15.053125
15.086800
15.128125
15.156475
15.230275
15.268650
15.300400
15.312725
15.382525
15.399600
15.495075
15.510500
15.521475
15.539250
15.559900
15.610675
15.648300
15.716450
15.829000
15.888900
15.917600
15.936950
15.946725
15.961750
15.971925
15.995850
16.005425
16.122800
16.197675
16.215025
16.237575
16.257150
16.268500
16.307400
16.325900
16.351175
16.364525
16.385750
16.412975
16.426100
16.483875
16.499275
16.547875
16.571625
16.594475
16.613700
16.740800
16.772000
16.786875
16.801550
16.817400
16.829825
16.880275
16.914375
16.955950
16.977850
17.071000
17.089025
17.120075
17.171275
17.184350
17.202825
17.226950
17.278700
17.390975
17.410925
17.473250
17.581625
17.702500
17.737700
17.773475
17.824825
17.845500
17.868350
17.885075
17.921750
17.966325
18.073875
18.096250
18.107975
18.121375
18.147625
18.158425
18.164675
18.173350
18.200775
18.215075
18.236050
18.279500
18.292025
18.363400
18.380850
18.398925
18.429025
18.568250
18.577825
18.598925
18.624350
18.729325
18.750350
18.816850
18.857475
18.963025
18.973325
19.007550
19.058700
19.106325
19.147175
19.198675
19.216075
19.227600
19.271350
19.351200
19.362775
19.373650
19.390050
19.409450
19.484475
19.508700
19.604975
19.620475
19.651950
19.723500
19.771875
19.784375
19.800450
19.813150
19.869800
19.994175
20.033250
20.062675
20.080400
20.094150
20.111175
20.124825
20.168725
20.232475
20.249025
20.261025
20.273175
20.316950
20.405125
20.432450
20.468750
20.521150
20.567700
20.601725
20.613850
20.643550
20.668600
20.764500
20.840900
20.962250
21.005425
21.025800
21.042550
21.167950
21.195975
21.303825
21.338975
21.390975
21.403500
21.435825
21.490250
21.508600
21.536750
21.555100
21.571150
21.597375
21.641150
21.663525
21.709200
21.742100
21.778050
21.816525
21.825950
21.839050
21.861900
21.888325
21.906450
21.962400
22.093450
22.129050
22.173000
22.208900
22.226525
22.263925
22.274100
22.314600
22.381625
22.448100
22.488800
22.522700
22.621100
22.665400
22.700325
22.715575
22.748675
22.805825
22.887950
22.903975
22.921350
22.937225
22.968325
22.985675
23.016825
23.059125
23.102125
23.127900
23.137675
23.158400
23.170100
23.224900
23.277425
23.436900
23.461625
23.472550
23.483650
23.507400
23.721900
23.742100
23.759575
23.853800
23.871975
23.897725
23.923025
23.953600
23.989450
23.992800
24.012325
24.027850
24.046425
24.062625
24.073750
24.089250
24.136575
24.179825
24.218825
24.264550
24.330300
24.399550
24.439225
24.503950
24.571900
24.607350
24.627350
24.730450
24.747850
24.761075
24.772800
24.802525
24.831775
24.912150
24.936400
24.983375
25.030175
25.061225
25.222075
25.254750
25.287550
25.307725
25.333750
25.343725
25.477450
25.566450
25.629650
25.641350
25.665150
25.704500
25.728000
25.747250
25.753625
25.805425
25.828950
25.837075
25.851650
25.863450
25.884450
25.918725
25.934900
25.954775
26.018000
26.023425
26.136600
26.161625
26.198175
26.207400
26.223875
26.237825
26.269925
26.289950
26.315475
26.340450
26.361875
26.386300
26.456450
26.470650
26.487775
26.494325
26.512075
26.542325
26.555525
26.573500
26.604475
26.627300
26.641850
26.658475
26.682750
26.706075
26.717500
26.749175
26.770350
26.795075
26.843125
26.920950
26.970925
27.041275
27.233475
27.296575
27.305125
27.349975
27.366450
27.406125
27.463700
27.529850
27.585125
27.611550
27.680825
27.694775
27.709425
27.734625
27.748075
27.767150
27.782625
27.801500
27.812425
27.839800
27.861150
27.962600
27.997875
28.065400
28.092925
28.123175
28.143425
28.221950
28.246650
28.276475
28.303150
28.346250
28.380425
28.418075
28.457750
28.474850
28.493750
28.509975
28.523750
28.541825
28.584950
28.618475
28.700425
28.731175
28.777950
28.795875
28.833550
28.854875
28.866350
28.892900
29.014500
29.105050
29.131725
29.150850
29.180275
29.202225
29.242050
29.304000
29.320075
29.385125
29.517500
29.551125
29.618125
29.651075
29.679925
29.689600
29.701475
29.717175
29.736500
29.878700
29.925800
29.949625
29.971225
29.983175
