0.038600
0.561400
0.581625
0.615250
0.778100
1.073525
1.186100
1.337050
1.500900
1.682575
1.922875
2.005900
2.257900
2.276625
2.322475
2.381275
2.400350
2.521375
2.710650
2.717600
2.746800
2.750125
2.815800
3.045650
3.078925
3.168450
3.541725
3.630375
3.861100
3.871425
3.895900
3.942250
3.960900
4.031875
4.062325
4.065325
4.196825
4.225325
4.274800
4.378125
4.414725
4.610650
4.779925
4.846475
4.890625
4.900475
5.079875
5.390675
5.592675
5.793050
5.977425
6.011475
6.087075
6.175775
6.347325
6.581100
6.648900
6.794000
6.906650
7.015675
7.190475
7.194600
7.227825
7.308050
7.335625
7.382775
7.447700
7.657475
7.898700
8.033750
8.194000
8.242425
8.836325
8.848850
9.037175
9.125700
9.161025
9.394275
9.550150
9.570450
9.754900
9.836175
9.858575
10.120400
10.234000
10.369725
10.721700
10.756200
10.831000
10.929000
11.064350
11.280425
11.470850
11.522100
11.648250
11.699775
11.788625
12.089325
12.184000
12.579550
12.751425
12.817300
12.911425
12.940650
13.126925
13.336650
13.452375
13.676400
13.699225
13.820200
14.072075
14.120225
14.156850
14.198625
14.282500
14.404675
14.445925
14.555375
14.582500
14.640575
14.738775
14.764700
14.847975
14.963050
15.060325
15.081650
15.449550
15.522650
15.651525
15.892650
16.055150
16.227600
16.286850
16.526000
16.682500
16.827450
16.908425
16.930250
16.988525
17.384250
17.497500
17.534000
17.567350
17.653475
17.838125
17.891225
17.908775
18.087125
18.125175
18.191925
18.237850
18.253175
18.498700
18.547225
18.642750
18.822575
19.102775
19.179875
19.245000
19.287000
19.302375
19.307075
19.542150
19.561375
19.634225
19.881850
19.917050
19.977525
20.037075
20.093225
20.167225
20.384275
20.399800
20.443625
20.468725
20.587675
20.701650
20.817775
20.849250
21.094375
21.142800
21.246275
21.346050
21.382925
21.484450
21.539800
21.590975
21.879600
22.038775
22.092975
22.159725
22.260425
22.293250
22.468025
22.629075
22.649975
22.805175
22.889150
23.367825
23.419300
23.727200
23.871075
24.153325
24.204975
24.297700
24.534575
24.668825
24.763675
24.908275
24.962975
25.013950
25.042950
25.106850
25.162325
25.333300
25.368475
25.401175
25.533475
25.940550
26.003375
26.039425
26.085550
26.178075
26.295525
26.317950
26.386925
26.459100
26.485875
26.535825
26.613950
26.723150
26.789550
26.850700
27.149600
27.489325
27.639700
27.930225
27.939275
28.439325
28.673575
28.799275
28.882700
29.088750
29.099075
29.129850
29.150775
29.203075
29.234400
29.564225
29.589275
29.729175
29.782700
