0.904650
0.999325
1.265500
1.380650
1.811300
1.874150
2.200450
2.312325
3.003175
3.074775
3.347650
3.722575
4.268625
4.402475
4.610825
4.685025
5.007425
5.776950
6.044850
6.142700
6.484175
6.605450
6.826575
7.260750
7.353750
7.420175
7.928400
8.482275
8.523150
8.633575
8.739900
9.015275
9.287900
9.570725
9.739475
10.609250
10.954875
11.191100
11.411250
11.572575
11.700350
11.964125
12.181650
12.270350
12.577675
12.837875
13.177575
13.475775
13.526675
13.775950
13.896875
14.034800
14.122625
14.405350
14.478375
14.593575
14.803425
15.204750
15.456325
15.519325
15.793525
15.862500
16.361825
16.598125
16.843825
16.928550
17.017075
17.650350
17.958625
18.298475
18.400200
18.573850
18.683225
18.948625
19.180100
19.274725
19.587450
19.781475
20.330800
20.526825
20.917675
20.988150
21.081200
21.163100
21.337425
21.394875
21.888250
22.519525
22.995325
23.414025
24.125150
24.523100
24.623475
25.048600
25.251925
25.376225
25.502500
25.889925
25.968850
26.040850
26.308000
27.397675
27.596025
27.781900
28.031550
28.321375
28.456050
28.528450
29.016200
29.279900
29.435975
29.828825
