0.099775
0.130950
0.184850
0.261825
0.307875
0.328975
0.397625
0.439925
0.748075
0.764525
0.855600
0.877000
0.896175
0.915300
0.927250
0.979975
1.037175
1.111100
1.209025
1.253725
1.269700
1.305050
1.368425
1.449475
1.518425
1.573900
1.606575
1.704100
1.738575
1.779475
1.845275
1.861625
1.912525
1.943850
2.006275
2.057300
2.078925
2.096100
2.133075
2.176925
2.191900
2.217350
2.365600
2.431375
2.502525
2.588800
2.638950
2.725875
2.755800
2.825525
2.850975
2.872750
2.941775
3.022425
3.072000
3.208075
3.245525
3.306900
3.392800
3.410700
3.446925
3.561975
3.699225
3.734775
3.806800
3.847000
3.907875
4.034550
4.202725
4.282225
4.303325
4.428300
4.475525
4.499550
4.566125
4.606875
4.712025
4.731000
4.874450
4.922600
5.084325
5.137550
5.154175
5.180150
5.261075
5.390425
5.475600
5.523800
5.549075
5.575425
5.674350
5.869175
5.964600
6.012550
6.035775
6.060400
6.083050
6.129350
6.203350
6.323675
6.347125
6.386350
6.412300
6.421475
6.466125
6.656000
6.775100
6.786225
6.937825
6.954750
7.031600
7.048475
7.069950
7.113975
7.178025
7.355400
7.424150
7.509625
7.706600
7.759975
7.772225
7.820500
7.848225
7.959450
8.020900
8.097450
8.129875
8.210400
8.245475
8.305175
8.336775
8.392225
8.429075
8.440150
8.600250
8.628750
8.677375
8.700550
8.753150
8.953925
9.141875
9.197150
9.260250
9.270525
9.306625
9.360825
9.399650
9.738750
9.795300
9.871050
9.964375
10.047300
10.113400
10.366675
10.392750
10.413025
10.439900
10.455250
10.524375
10.546400
10.590675
10.633775
10.696150
10.736300
10.851100
10.866550
11.053975
11.121025
11.133625
11.155525
11.170950
11.200600
11.311650
11.372725
11.406525
11.472350
11.617800
11.690125
11.720925
11.930700
11.939650
11.959250
12.018375
12.036000
12.153725
12.179900
12.334300
12.379725
12.462900
12.475375
12.657175
12.682500
12.802350
12.813150
12.842600
12.863950
12.921100
12.975575
13.031550
13.091050
13.149625
13.188025
13.228300
13.345775
13.388350
13.490250
13.551050
13.564575
13.584750
13.661250
13.684800
13.741350
13.943725
13.950650
14.029450
14.066275
14.181100
14.237250
14.241750
14.347850
14.453125
14.576850
14.607675
14.632075
14.655475
14.756450
14.771100
14.802725
14.845600
15.043275
15.165800
15.310775
15.373125
15.410225
15.424200
15.522950
15.539175
15.577325
15.629425
15.728850
15.777600
15.816925
15.897250
15.925075
15.985675
16.026250
16.041350
16.150700
16.223300
16.248725
16.282875
16.457675
16.557475
16.694075
16.806525
16.846200
16.885200
16.951275
16.983275
17.033325
17.042225
17.116600
17.133375
17.201275
17.216225
17.297550
17.343325
17.479950
17.504425
17.580825
17.611225
17.661825
17.779250
17.885075
17.921075
17.942425
17.965325
17.981600
18.066275
18.096925
18.113475
18.165550
18.198800
18.245325
18.269550
18.299100
18.367550
18.441650
18.546700
18.547875
18.567725
18.738775
18.761100
18.792975
18.807025
18.819400
18.832975
18.970000
19.157875
19.171975
19.252775
19.395325
19.423100
19.444250
19.463100
19.492100
19.664700
19.800350
19.862900
19.867050
19.953225
20.055025
20.238525
20.265800
20.276650
20.290700
20.319475
20.395125
20.418150
20.466050
20.611375
20.626750
20.755875
20.857150
20.986650
21.086325
21.242225
21.268975
21.431750
21.491900
21.543575
21.682800
21.744200
21.840600
21.899775
21.919625
21.943425
21.969825
22.100150
22.123750
22.169475
22.299925
22.348475
22.384725
22.532100
22.546275
22.556400
22.610750
22.627550
22.661500
22.691900
22.737325
22.789375
22.832400
22.976000
22.994825
23.033900
23.123650
23.161550
23.233450
23.234875
23.381400
23.407500
23.445750
23.599725
23.688225
23.754925
23.810150
23.875025
23.876650
23.903700
24.025325
24.073300
24.077025
24.106025
24.178675
24.188775
24.235300
24.293500
24.486125
24.610275
24.614100
24.673350
24.730550
24.741550
24.813900
24.835975
24.869000
24.893425
24.924425
24.946800
25.006875
25.121925
25.189450
25.318850
25.357375
25.455450
25.480825
25.526200
25.539825
25.685400
25.697425
25.720700
25.924175
26.011475
26.102425
26.185400
26.278300
26.309800
26.334600
26.418225
26.589975
26.622800
26.646475
26.675075
26.916850
26.941225
26.957650
27.040875
27.066525
27.099250
27.143600
27.208725
27.230625
27.309750
27.327625
27.371375
27.489950
27.520000
27.583450
27.602875
27.617600
27.669150
27.683675
27.783675
27.839600
27.876250
27.893275
27.913225
27.927250
27.960750
28.008825
28.117850
28.133200
28.201400
28.221525
28.272550
28.304975
28.321950
28.337075
28.347425
28.389600
28.539100
28.567100
28.628925
28.669725
28.690275
28.909500
28.946975
29.040575
29.106275
29.132875
29.169650
29.247850
29.282100
29.319900
29.343725
29.383000
29.413250
29.433850
29.459975
29.511300
29.525400
29.544125
29.570275
29.594100
29.643925
29.697725
29.751500
29.897100
29.923350
29.978800
