0.125525
0.179025
0.227625
0.247775
0.265300
0.274450
0.293625
0.369675
0.472250
0.532400
0.573825
0.601900
0.643050
0.840325
0.927300
0.963950
0.988300
1.002550
1.022325
1.050950
1.079775
1.092900
1.114575
1.135375
1.152450
1.168100
1.184600
1.210700
1.221775
1.229900
1.234700
1.239925
1.246700
1.257350
1.260875
1.267150
1.278500
1.284150
1.292525
1.311225
1.316625
1.322900
1.330850
1.359100
1.372075
1.384650
1.416725
1.434050
1.448475
1.478350
1.497700
1.514550
1.714525
1.731825
1.741750
1.753375
1.759300
1.769725
1.779150
1.786775
1.795025
1.800600
1.807400
1.813350
1.823500
1.826900
1.842150
1.845750
1.850325
1.856850
1.865475
1.872575
1.886900
1.894850
1.903400
1.908575
1.917600
1.920725
1.933200
1.936150
1.949125
2.111700
2.201275
2.217075
2.231650
2.237600
2.244650
2.249700
2.254600
2.267225
2.274300
2.287025
2.306925
2.323450
2.334225
2.342400
2.346675
2.351475
2.358675
2.367475
2.374775
2.379100
2.384350
2.388500
2.392950
2.399000
2.407000
2.417125
2.423375
2.427000
2.432525
2.435150
2.442650
2.450825
2.497525
2.526125
2.576400
2.692450
2.746350
2.758125
2.771500
2.781900
2.794750
2.805600
2.826700
2.852900
2.881725
2.903650
2.919400
2.932600
2.970750
3.107325
3.123575
3.133475
3.142000
3.147650
3.211175
3.232100
3.267650
3.294325
3.309350
3.319575
3.332275
3.350175
3.360850
3.374425
3.385950
3.397875
3.405675
3.427125
3.526950
3.544925
3.576200
3.603600
3.640475
3.650225
3.662775
3.683250
3.706400
3.755125
3.807325
3.826050
3.910825
3.940200
3.995175
4.020450
4.060225
4.138625
4.160325
4.177650
4.197875
4.214650
4.230675
4.256150
4.356750
4.462600
4.523325
4.561125
4.577875
4.591675
4.610675
4.624875
4.647025
4.656600
4.673875
4.698500
4.836850
4.892250
4.945900
4.984250
4.996200
5.009750
5.021675
5.036625
5.061775
5.078425
5.096225
5.112850
5.128950
5.145150
5.342450
5.385325
5.413350
5.423400
5.437250
5.450025
5.462200
5.472500
5.484250
5.499175
5.510100
5.522675
5.532850
5.547250
5.559525
5.573100
5.593325
5.638700
5.660900
5.673425
5.689275
5.753525
5.843100
5.917400
5.961150
5.980050
5.989350
6.003350
6.021725
6.038575
6.053075
6.076875
6.329800
6.342875
6.366900
6.397750
6.436100
6.456500
6.474950
6.489600
6.508325
6.523200
6.544200
6.562775
6.577500
6.586725
6.598125
6.609050
6.629575
6.725525
6.766750
6.816375
6.832600
6.848175
6.855775
6.880400
6.894250
6.907700
6.917950
6.932500
6.943125
6.959025
6.980275
7.065900
7.117650
7.160625
7.180400
7.203475
7.219125
7.236125
7.254025
7.277075
7.316900
7.388000
7.501100
7.533000
7.540925
7.553600
7.567250
7.585650
7.612900
7.734750
7.751675
7.769100
7.786950
7.831075
7.977700
8.009300
8.042525
8.107725
8.128725
8.154100
8.172375
8.195550
8.208075
8.234500
8.490475
8.510050
8.531425
8.558300
8.572325
8.595375
8.639800
8.777425
8.823475
8.846200
8.868050
8.934075
8.971825
8.995225
9.017375
9.038275
9.056850
9.235875
9.271400
9.286000
9.304550
9.328050
9.351850
9.362125
9.395500
9.419000
9.444875
9.472475
9.495275
9.513250
9.534875
9.542350
9.552850
9.562025
9.572350
9.580475
9.588800
9.592800
9.600225
9.620375
9.635250
9.822975
9.878150
9.906350
9.922000
9.935400
9.948925
9.965875
9.980950
10.000550
10.015950
10.036150
10.053050
10.164850
10.212950
10.282825
10.370825
10.393425
10.410875
10.428650
10.441975
10.448550
10.455525
10.467150
10.482200
10.496475
10.695550
10.726400
10.751025
10.770475
10.783400
10.799275
10.817125
10.841475
10.857000
10.884125
10.898925
10.922650
11.041825
11.137400
11.159425
11.182375
11.194700
11.203025
11.231700
11.285550
11.303800
11.315875
11.337275
11.372775
11.415000
11.435625
11.450400
11.461725
11.470675
11.481925
11.493800
11.504875
11.519575
11.610875
11.668650
11.747400
11.782075
11.789550
11.802000
11.814250
11.848025
11.876800
11.934375
11.969450
12.010250
12.029300
12.166875
12.202450
12.231150
12.264600
12.283400
12.301600
12.325450
12.344675
12.382650
12.441275
12.508175
12.540200
12.603025
12.662125
12.782775
12.822175
12.892275
12.912825
12.937000
13.103525
13.167525
13.202125
13.271300
13.301550
13.318125
13.328250
13.339275
13.348850
13.362175
13.370525
13.543575
13.566350
13.582550
13.604850
13.770850
13.852875
13.885875
14.029025
14.049075
14.121975
14.347525
14.362825
14.372925
14.380950
14.398775
14.439825
14.611325
14.649225
14.694950
14.705350
14.717600
14.734575
14.754400
14.769650
14.883325
14.909300
14.937225
14.961375
15.119075
15.188975
15.203750
15.212525
15.231625
15.245100
15.257425
15.295250
15.310500
15.327425
15.340950
15.404700
15.483100
15.541900
15.572750
15.608375
15.623575
15.647075
15.662475
15.676250
15.690150
15.703250
15.753700
15.829525
15.881875
15.893425
15.904375
15.919075
15.948025
15.971400
16.006625
16.028325
16.110450
16.148175
16.239300
16.280575
16.300575
16.335725
16.363475
16.435650
16.471125
16.506625
16.529800
16.617350
16.721150
16.769225
16.797200
16.808900
16.823250
16.848200
16.873875
16.903600
16.932650
16.962600
16.991450
17.008200
17.025575
17.044925
17.133775
17.198350
17.215750
17.226975
17.239425
17.260450
17.282125
17.297425
17.326525
17.428375
17.448950
17.465475
17.498575
17.537300
17.580375
17.615900
17.643575
17.669425
17.687550
17.776850
17.798250
17.816000
17.836275
17.870925
17.887150
17.900550
17.909200
17.918275
17.927150
17.934900
17.943250
17.949575
17.955825
17.962500
17.969725
17.980850
17.988925
17.998750
18.007025
18.013175
18.022700
18.117725
18.209475
18.264850
18.277325
18.284100
18.290800
18.294775
18.300675
18.306650
18.312000
18.317150
18.321850
18.327525
18.333325
18.341100
18.346400
18.353150
18.358950
18.371225
18.377300
18.383100
18.399750
18.413200
18.462575
18.535275
18.609300
18.641025
18.691625
18.702175
18.706925
18.721100
18.723950
18.738925
18.743475
18.747825
18.751200
18.758775
18.768525
18.772650
18.778325
18.784200
18.791500
18.798800
18.822825
18.937875
19.006600
19.024525
19.047275
19.068300
19.082750
19.093425
19.103950
19.113275
19.130100
19.141675
19.154650
19.168900
19.180675
19.192375
19.227750
19.329025
19.380850
19.438725
19.462025
19.472450
19.482400
19.489175
19.504475
19.518975
19.536175
19.546275
19.561050
19.570200
19.578475
19.585750
19.591175
19.599875
19.604200
19.607950
19.612450
19.625475
19.644050
19.807375
19.828000
19.860050
19.885650
19.907300
19.919350
19.928800
19.938625
19.946750
19.959275
19.994425
20.065225
20.147750
20.176825
20.232125
20.241500
20.252175
20.260700
20.270800
20.290000
20.328000
20.373075
20.562775
20.588825
20.597200
20.599925
20.605925
20.612575
20.620575
20.629775
20.656400
20.797650
20.871500
20.945775
21.005900
21.031950
21.039375
21.050600
21.063325
21.081300
21.101550
21.115200
21.133925
21.151475
21.164175
21.176075
21.187100
21.196400
21.213200
21.420375
21.492600
21.521225
21.534850
21.543675
21.554275
21.562350
21.571925
21.588475
21.610425
21.631400
21.645025
21.656475
21.667225
21.677975
21.688850
21.706000
21.821275
21.985425
22.039675
22.077850
22.095450
22.111650
22.135450
22.153775
22.172150
22.187850
22.199125
22.211750
22.229400
22.247650
22.269775
22.322400
22.513825
22.634400
22.664950
22.692025
22.726500
22.746350
22.761850
22.777475
22.846550
23.059325
23.105925
23.234750
23.257950
23.275600
23.288900
23.307950
23.323775
23.499300
23.512675
23.520900
23.535325
23.564025
23.597775
23.776550
23.902975
23.958500
23.973925
24.005700
24.071150
24.102825
24.161350
24.185200
24.222800
24.238650
24.264775
24.300575
24.322950
24.331625
24.341600
24.356225
24.372425
24.422400
24.459525
24.479950
24.496550
24.526725
24.552425
24.564025
24.573225
24.588475
24.606275
24.626000
24.723425
24.736475
24.744650
24.752850
24.765025
24.776975
24.786450
24.797250
24.826175
24.924275
24.951350
24.977275
24.994425
25.003900
25.017700
25.026900
25.037675
25.052125
25.077400
25.100325
25.199200
25.242125
25.274850
25.318175
25.334600
25.345900
25.356025
25.373500
25.388725
25.425300
25.511175
25.554800
25.579175
25.608625
25.638450
25.657075
25.674475
25.697400
25.810825
25.832600
25.854125
25.887750
25.907600
25.952975
25.968225
25.978900
25.991000
26.000650
26.010750
26.049075
26.153725
26.180850
26.222800
26.267525
26.282875
26.300275
26.317125
26.335450
26.523750
26.581450
26.605425
26.617600
26.624200
26.635425
26.654675
26.729150
26.794800
26.835525
26.917325
26.929900
26.940575
26.952200
26.967700
26.989975
27.150100
27.266925
27.299450
27.311575
27.321825
27.333550
27.345925
27.406500
27.501675
27.586275
27.675750
27.709175
27.741050
27.779675
27.823150
27.845975
27.860725
27.869725
27.895550
27.918075
27.924675
27.934100
27.942475
27.957450
27.969850
27.987175
27.995850
28.002975
28.022050
28.102025
28.236950
28.318600
28.350125
28.386925
28.452875
28.532825
28.575000
28.665400
28.810500
28.931325
28.985675
28.995225
28.998600
29.010175
29.023425
29.041300
29.051225
29.059925
29.068250
29.077975
29.085300
29.097850
29.107075
29.117425
29.126200
29.139600
29.173650
29.187950
29.200075
29.208525
29.216700
29.224700
29.319900
29.386525
29.456050
29.510925
29.538600
29.565925
29.580600
29.591975
29.604375
29.613775
29.637675
29.661475
29.676975
29.697700
29.709150
29.719525
29.729550
29.740575
29.749425
29.758150
29.770400
29.812200
29.853325
29.888100
29.915650
