0.004125
0.081350
0.136250
0.147225
0.160125
0.212200
0.228625
0.253250
0.361350
0.388150
0.416125
0.458900
0.522625
0.612425
0.641075
0.657075
0.665925
0.695425
0.725100
0.766450
0.790600
0.819700
0.892925
0.915575
0.934675
0.957125
1.009700
1.039000
1.092500
1.098075
1.130500
1.177925
1.194450
1.195900
1.251225
1.274425
1.356475
1.365175
1.394925
1.528325
1.535250
1.607250
1.697250
1.726675
1.847100
1.934450
1.956925
1.968875
2.005375
2.093225
2.119450
2.176250
2.201075
2.247350
2.248725
2.269350
2.297850
2.306675
2.352575
2.418400
2.450650
2.499425
2.571900
2.592425
2.641825
2.668750
2.687875
2.701525
2.741825
2.746625
2.764775
2.800625
2.822225
2.863000
2.883350
2.887200
2.947900
2.994425
3.015625
3.026000
3.036125
3.043625
3.064750
3.095200
3.129150
3.225775
3.294350
3.335675
3.355050
3.369000
3.388200
3.425150
3.429325
3.503675
3.521225
3.542350
3.567450
3.588500
3.597150
3.603975
3.616125
3.663225
3.680275
3.702475
3.736175
3.750600
3.780450
3.801975
3.890000
3.935675
3.962775
3.987850
4.028500
4.163475
4.209725
4.237650
4.249200
4.267300
4.290375
4.386725
4.415175
4.434100
4.459200
4.476625
4.488575
4.521925
4.610925
4.664575
4.710800
4.773550
4.809825
4.828050
4.853275
4.873900
4.891125
4.913300
4.935800
4.980475
4.998825
5.031650
5.050225
5.179075
5.204450
5.232800
5.316025
5.367950
5.431575
5.455600
5.518725
5.536125
5.598000
5.643975
5.707225
5.730125
5.772075
5.814975
5.864850
5.883950
5.921275
5.934075
5.944700
5.976150
6.011075
6.055525
6.114125
6.185225
6.199250
6.219050
6.238050
6.286725
6.312225
6.422250
6.433350
6.461075
6.482475
6.508675
6.517700
6.558475
6.579100
6.708300
6.739525
6.761375
6.784925
6.821625
6.851575
6.874050
6.927350
7.033800
7.067425
7.112600
7.288250
7.321225
7.378050
7.385875
7.411400
7.461950
7.484850
7.514875
7.544475
7.571475
7.633450
7.686000
7.750750
7.790025
7.807025
7.843900
7.875725
7.883125
7.976825
8.005050
8.023975
8.044400
8.063850
8.086300
8.109800
8.128950
8.149050
8.188400
8.233850
8.254200
8.314225
8.341050
8.377575
8.384150
8.463800
8.652775
8.688375
8.715050
8.762000
8.781200
8.799725
8.864025
8.884225
8.953925
9.028150
9.126475
9.150850
9.167125
9.238850
9.263225
9.401575
9.475900
9.536450
9.565600
9.665275
9.696525
9.787700
9.803050
9.851075
9.870225
9.904475
9.930225
9.975500
10.022775
10.072475
10.093125
10.134825
10.187650
10.222000
10.253175
10.296950
10.329950
10.375575
10.415450
10.440350
10.460775
10.480175
10.499950
10.546025
10.564700
10.595975
10.621000
10.640250
10.676850
10.696800
10.716900
10.746750
10.766575
10.786175
10.836200
10.847850
10.858525
10.964075
11.039725
11.150350
11.167725
11.210925
11.302600
11.363900
11.429150
11.444500
11.481650
11.558400
11.586675
11.625675
11.655700
11.677400
11.693950
11.722950
11.759375
11.765675
11.776450
11.817325
11.853025
11.887475
11.959250
12.017425
12.054125
12.134725
12.150900
12.179150
12.200475
12.224200
12.261675
12.318325
12.343800
12.384650
12.509825
12.603975
12.761600
12.788825
12.799325
12.812025
12.863875
12.934175
12.956625
13.054200
13.057125
13.119650
13.263975
13.343450
13.389150
13.417475
13.447850
13.546125
13.562775
13.577150
13.601600
13.785150
13.834775
13.866425
13.883225
13.911600
13.926675
13.938675
13.979325
14.012375
14.035650
14.075050
14.106975
14.122825
14.146800
14.167900
14.292575
14.330375
14.364400
14.381600
14.411450
14.511550
14.535325
14.568725
14.601675
14.621500
14.639750
14.657175
14.676575
14.693425
14.719550
14.729950
14.755675
14.841575
14.874000
14.896000
14.962325
15.030300
15.052125
15.070750
15.111675
15.141575
15.157650
15.176475
15.204175
15.247850
15.249100
15.307300
15.365900
15.416700
15.430850
15.444950
15.600650
15.704400
15.750350
15.827700
15.863525
15.880950
15.906650
15.920300
15.932775
15.954225
15.998650
16.046525
16.083525
16.173875
16.220275
16.237200
16.281225
16.309750
16.321750
16.397375
16.414900
16.447800
16.524125
16.541800
16.564525
16.577200
16.607850
16.629375
16.680125
16.692675
16.753350
16.805150
16.846325
16.935300
17.003750
17.032450
17.055700
17.139500
17.150150
17.210875
17.297950
17.312475
17.342800
17.458575
17.471800
17.497925
17.511675
17.535125
17.567650
17.581200
17.601400
17.669450
17.689450
17.759500
17.816450
17.878075
17.952875
17.965025
17.977225
17.993650
18.007400
18.023500
18.052800
18.101150
18.141275
18.163500
18.225475
18.287675
18.308775
18.362200
18.375400
18.424800
18.439850
18.452975
18.464575
18.497400
18.530225
18.570225
18.604375
18.647550
18.678550
18.707250
18.765800
18.790925
18.805475
18.830525
18.847600
18.855250
18.861100
18.868425
18.884175
18.892000
18.918350
18.948500
18.989800
19.048725
19.133700
19.159750
19.180050
19.212775
19.292500
19.306750
19.388250
19.403750
19.416850
19.522175
19.537925
19.565100
19.582475
19.600500
19.619450
19.633800
19.681825
19.699725
19.704800
19.745300
19.782275
19.825725
19.839900
19.871675
19.880000
19.916850
19.945550
20.016575
20.032575
20.048850
20.070400
20.085100
20.119750
20.252875
20.283925
20.356400
20.440275
20.460825
20.482900
20.508675
20.560450
20.660025
20.700125
20.724250
20.769300
20.808775
20.828750
20.850800
20.887100
20.930050
20.968800
20.988475
21.008675
21.030300
21.076150
21.120050
21.158950
21.175175
21.197675
21.218875
21.233800
21.286400
21.337100
21.348575
21.378725
21.384600
21.404275
21.474525
21.500525
21.520225
21.619175
21.628025
21.648550
21.667950
21.685800
21.730025
21.791325
21.806075
21.826650
21.858875
21.877525
22.037900
22.067800
22.101275
22.145975
22.175475
22.218925
22.234800
22.255325
22.322025
22.332800
22.355575
22.412075
22.433800
22.520075
22.573575
22.604325
22.642150
22.658025
22.742450
22.780675
22.793425
22.826700
22.947400
22.970025
23.068600
23.094100
23.168525
23.186050
23.203475
23.295250
23.312325
23.352950
23.398900
23.411450
23.445875
23.535475
23.548975
23.560200
23.602650
23.649600
23.692400
23.728850
23.744550
23.755400
23.777275
23.819250
23.943750
23.990000
24.012725
24.033525
24.049950
24.096425
24.136975
24.165425
24.188175
24.258900
24.265350
24.297300
24.350750
24.366325
24.450675
24.473975
24.522250
24.545925
24.566700
24.639375
24.661375
24.685550
24.696125
24.733500
24.763300
24.802300
24.935100
24.984075
25.064575
25.094475
25.116325
25.176275
25.245950
25.260125
25.274650
25.373700
25.393525
25.409525
25.417775
25.441375
25.461875
25.656550
25.683400
25.738375
25.757375
25.783200
25.805350
25.818600
25.862675
25.872550
25.881850
25.912775
25.940300
25.975500
26.061275
26.123375
26.162050
26.183900
26.196850
26.289125
26.305075
26.327075
26.350025
26.370950
26.407325
26.458550
26.490500
26.516675
26.588450
26.705050
26.721275
26.790900
26.840800
26.886925
26.900775
26.990550
27.054375
27.123450
27.141250
27.159675
27.237825
27.259125
27.310900
27.339725
27.366150
27.413775
27.432125
27.465400
27.530100
27.574875
27.661600
27.684525
27.701525
27.791425
27.879625
27.893925
27.953975
28.009450
28.018600
28.025375
28.248225
28.263950
28.305650
28.328375
28.377425
28.431475
28.462725
28.508300
28.540350
28.591500
28.683700
28.699275
28.806375
28.823450
28.840800
28.856000
28.874525
28.893350
28.952775
28.964575
28.979400
29.011650
29.033275
29.055950
29.077575
29.101450
29.139025
29.154325
29.163150
29.207800
29.219850
29.249475
29.438925
29.459400
29.472925
29.485950
29.535725
29.561675
29.589175
29.604075
29.668475
29.685850
29.790725
29.893550
29.913275
29.935700
29.969175
29.988600
