0.003325
0.145650
0.225375
0.386725
0.854050
1.120225
1.147350
1.383100
1.483150
1.805725
1.981975
2.143425
2.272125
2.295850
2.496750
2.559750
3.100400
3.238025
3.409200
3.640325
3.688575
3.775925
3.876550
4.210850
4.464000
4.598600
4.709425
4.785775
4.881525
4.925475
5.056275
5.196775
5.264250
5.476500
5.518100
5.554600
5.676075
6.013800
6.227525
6.592050
6.650050
6.733625
6.845875
6.893875
7.740950
7.835600
8.064675
8.123650
8.251450
8.447250
8.494550
8.514650
8.565500
8.629450
8.796700
9.024525
9.343450
9.364275
9.627775
9.740625
9.863825
10.101525
10.217175
10.677275
10.976350
11.171925
11.234675
11.353075
11.618125
11.653150
11.965125
12.142250
12.154075
12.255275
12.393475
12.566550
12.606175
12.796900
12.905300
13.048975
13.400575
13.457875
13.589725
14.102700
14.345200
15.443750
15.561175
15.729375
16.214375
16.369950
16.743500
17.092050
17.104375
17.146625
17.379500
17.601425
17.881150
18.358825
18.393475
18.460075
18.879350
19.517975
19.811425
19.968050
20.350925
20.638525
20.753700
20.928250
20.989825
21.260575
21.711375
22.020325
22.083550
22.581475
22.700750
22.742575
23.016550
23.867175
24.025950
24.193875
24.277700
24.279375
24.490225
24.587350
24.629550
24.760850
24.770950
25.192575
25.219150
25.398100
25.494025
25.529475
25.594325
25.726625
26.092450
26.564400
26.583300
26.860350
26.938350
27.241800
27.499500
27.918875
28.203500
28.417725
28.793075
28.997750
29.089300
29.165725
29.215450
29.248075
