0.013450
0.060425
0.073350
0.084750
0.094825
0.122200
0.135500
0.151950
0.185325
0.204525
0.220525
0.244700
0.273200
0.292925
0.303525
0.316725
0.330275
0.357150
0.373125
0.451150
0.473725
0.496175
0.539625
0.560775
0.618875
0.638675
0.652475
0.671975
0.686875
0.735000
0.752125
0.769650
0.780800
0.792050
0.802450
0.812025
0.904600
0.922325
0.937725
0.965525
0.978350
1.053225
1.067100
1.083450
1.100650
1.120875
1.177800
1.187775
1.239075
1.248325
1.256025
1.266775
1.303950
1.354700
1.392025
1.402875
1.439575
1.448100
1.464150
1.501275
1.508400
1.553925
1.578700
1.603525
1.617925
1.688150
1.704075
1.723975
1.741100
1.817500
1.823000
1.853375
1.871675
1.898725
1.906950
1.958075
2.008475
2.022150
2.038875
2.055100
2.087000
2.102500
2.142450
2.158875
2.192725
2.212300
2.225275
2.279175
2.304800
2.313825
2.329725
2.336025
2.384825
2.398800
2.416325
2.437725
2.499975
2.519725
2.541050
2.563075
2.570900
2.605425
2.632375
2.654500
2.668225
2.676400
2.696450
2.704575
2.723100
2.732400
2.754550
2.769850
2.788675
2.805050
2.848200
2.862375
2.879525
2.914325
2.931200
3.014425
3.036900
3.043400
3.053600
3.067650
3.137150
3.180875
3.248625
3.287275
3.301350
3.315550
3.364275
3.396525
3.445900
3.503075
3.577025
3.637650
3.652025
3.669800
3.681250
3.703050
3.720025
3.721100
3.730600
3.759200
3.771200
3.798000
3.803375
3.824400
3.845450
3.851225
3.940500
4.003300
4.033100
4.078775
4.106150
4.175375
4.195725
4.257350
4.267175
4.290675
4.354775
4.366675
4.511950
4.586375
4.593125
4.614100
4.627975
4.643750
4.660650
4.789250
4.808625
4.850925
4.862325
4.878250
4.974375
4.981050
5.019075
5.024425
5.034075
5.082950
5.111275
5.141775
5.153350
5.220000
5.242050
5.266625
5.309025
5.348625
5.366175
5.382700
5.461275
5.514325
5.541250
5.556800
5.578550
5.592825
5.614550
5.638150
5.644450
5.669725
5.692625
5.706300
5.775725
5.790450
5.804475
5.861950
5.879725
5.915125
5.966925
6.025925
6.058325
6.072500
6.142000
6.196875
6.211975
6.238400
6.246125
6.254800
6.262850
6.301950
6.371300
6.501800
6.524850
6.535650
6.541275
6.568250
6.590700
6.628550
6.709150
6.737850
6.784000
6.819550
6.830275
6.840750
6.856800
6.887550
6.919375
6.962075
6.980750
7.001650
7.068250
7.126825
7.161850
7.166800
7.253225
7.259600
7.282300
7.288250
7.306800
7.319525
7.353950
7.372825
7.379625
7.432900
7.506875
7.541525
7.607575
7.623000
7.686175
7.710300
7.746025
7.764775
7.801775
7.815550
7.826800
7.836850
7.848100
7.974475
8.007550
8.036575
8.047125
8.061475
8.075525
8.154200
8.212650
8.225325
8.245900
8.263500
8.326325
8.336425
8.444475
8.508000
8.521100
8.567900
8.582050
8.589275
8.604150
8.633375
8.664750
8.676950
8.686800
8.731650
8.805100
8.822125
8.838975
8.915975
8.965625
8.991150
9.029150
9.043450
9.052900
9.064300
9.088275
9.122050
9.137750
9.207850
9.245825
9.414400
9.439475
9.482100
9.565600
9.593600
9.634000
9.662575
9.683425
9.715125
9.718700
9.736825
9.754375
9.812575
9.867975
9.898575
9.965700
9.989750
10.005850
10.056125
10.071650
10.084950
10.129300
10.154500
10.196250
10.283100
10.345700
10.376125
10.418425
10.428875
10.443975
10.478675
10.517050
10.559100
10.614150
10.628625
10.670850
10.719425
10.741050
10.803775
10.865725
10.951600
10.964975
10.995550
11.019850
11.171900
11.183750
11.209750
11.235250
11.318350
11.359350
11.583200
11.591375
11.637825
11.676525
11.696850
11.716675
11.774550
11.827950
11.831000
11.868575
11.898850
11.912575
11.953725
11.972825
12.047675
12.101275
12.118575
12.135975
12.166250
12.182025
12.207700
12.355650
12.376275
12.378775
12.400650
12.407250
12.427300
12.437225
12.467775
12.685550
12.697675
12.705650
12.715400
12.734375
12.828675
12.845475
12.895150
12.934500
12.947850
12.968700
12.979525
12.991300
13.001600
13.010950
13.076325
13.102950
13.155400
13.257050
13.279725
13.298725
13.309500
13.330850
13.363925
13.372825
13.406675
13.443325
13.454350
13.519650
13.533100
13.578325
13.619150
13.653700
13.669450
13.716425
13.733725
13.745875
13.770625
13.784875
13.854875
13.861700
13.876475
13.883100
13.914675
13.924575
13.932225
13.976375
14.006950
14.063675
14.078875
14.105375
14.167750
14.184750
14.201200
14.337475
14.410500
14.440575
14.501000
14.507725
14.515950
14.531175
14.540875
14.553000
14.658575
14.701550
14.718825
14.753550
14.790150
14.810725
14.840075
14.856575
14.868050
14.909500
14.926250
14.940900
14.977275
15.008650
15.038600
15.067950
15.080950
15.104300
15.123125
15.174075
15.194125
15.240525
15.288100
15.303275
15.314800
15.343725
15.366350
15.373575
15.380950
15.393500
15.402475
15.413175
15.419975
15.445300
15.603125
15.619925
15.692700
15.709825
15.731800
15.741875
15.759675
15.779075
15.786700
15.807850
15.813450
15.868225
15.891975
15.940475
15.966400
15.977275
16.006600
16.051575
16.129100
16.167200
16.188075
16.238350
16.252875
16.302100
16.315400
16.326900
16.335100
16.360250
16.371150
16.427850
16.442650
16.451750
16.482900
16.484625
16.498250
16.556000
16.565700
16.574675
16.594075
16.620325
16.651075
16.673550
16.690525
16.698825
16.707575
16.715700
16.721975
16.751950
16.764825
16.771450
16.813150
16.845825
16.913875
16.948000
16.995200
17.007675
17.022075
17.038225
17.072325
17.087050
17.104025
17.114200
17.122800
17.138000
17.145200
17.157900
17.176450
17.184425
17.192050
17.205000
17.213775
17.231200
17.263675
17.289950
17.331800
17.337500
17.350150
17.365825
17.381175
17.389175
17.396775
17.460925
17.515200
17.521300
17.532550
17.538400
17.555475
17.569550
17.576625
17.583275
17.596400
17.648450
17.684950
17.712275
17.727000
17.770050
17.800150
17.849425
17.858200
17.876750
17.941750
17.980775
18.042425
18.084350
18.116425
18.134300
18.164650
18.227050
18.237450
18.262700
18.275225
18.288425
18.313100
18.335950
18.379175
18.387400
18.402350
18.408300
18.415600
18.430925
18.448925
18.467975
18.494900
18.502625
18.524700
18.551175
18.561025
18.579075
18.591075
18.600300
18.619350
18.628600
18.645350
18.666575
18.678650
18.706975
18.719525
18.754050
18.805800
18.818950
18.862975
18.883925
18.894600
18.901875
18.908475
18.931250
18.947025
18.961600
18.971150
19.005525
19.046950
19.072175
19.105400
19.120275
19.156700
19.176000
19.233650
19.253900
19.262475
19.272275
19.286650
19.313075
19.355450
19.395750
19.417900
19.431850
19.445350
19.480300
19.516600
19.531500
19.549500
19.616375
19.654250
19.663025
19.679850
19.691475
19.713975
19.760675
19.826775
19.872675
19.891000
19.915425
19.946825
19.982025
20.047000
20.095850
20.121450
20.141525
20.153625
20.192950
20.219725
20.230200
20.362725
20.407800
20.416350
20.423350
20.430200
20.471000
20.477825
20.516375
20.530875
20.545950
20.562725
20.594850
20.609600
20.624725
20.698250
20.727150
20.768125
20.775250
20.781250
20.797375
20.809675
20.837350
20.842025
20.876225
20.883200
20.889975
20.931225
20.957875
20.994200
21.002950
21.043200
21.063750
21.086650
21.131300
21.145425
21.182100
21.214050
21.255475
21.270600
21.290525
21.330025
21.339250
21.368400
21.382475
21.397325
21.427675
21.443250
21.451525
21.458525
21.480350
21.521150
21.531700
21.595900
21.609225
21.673450
21.695025
21.733725
21.764350
21.805675
21.823250
21.848625
21.862325
21.868025
21.873575
21.887650
21.904550
21.916300
21.942850
22.019700
22.032825
22.064950
22.081775
22.108100
22.153125
22.199300
22.239950
22.254925
22.354650
22.371500
22.388100
22.396150
22.435275
22.470550
22.497450
22.511175
22.535000
22.579675
22.601900
22.629950
22.709325
22.728350
22.740675
22.762800
22.770725
22.795475
22.810775
22.817675
22.826300
22.834825
22.862575
22.925875
22.962500
22.981650
22.987000
23.009725
23.048225
23.062800
23.077325
23.091875
23.110950
23.146300
23.206250
23.272425
23.296175
23.310850
23.357600
23.362150
23.433025
23.439825
23.447300
23.464625
23.478750
23.530700
23.554250
23.564975
23.582125
23.590575
23.614275
23.635400
23.646950
23.683725
23.697950
23.716325
23.758400
23.819325
23.845925
23.862900
23.913275
23.946225
23.999700
24.044400
24.068800
24.075100
24.082050
24.101250
24.109400
24.138650
24.172000
24.218700
24.228600
24.289225
24.315575
24.326875
24.374550
24.389125
24.450725
24.460875
24.507000
24.521375
24.525975
24.530350
24.535750
24.541350
24.547675
24.639675
24.649625
24.658250
24.677200
24.701925
24.726825
24.736625
24.749350
24.797775
24.811800
24.824625
24.857525
24.890000
24.901700
24.912450
24.935750
24.979050
24.992875
24.999900
25.014225
25.059000
25.073100
25.113675
25.126500
25.140150
25.189050
25.204350
25.214525
25.230900
25.288675
25.294825
25.302525
25.328450
25.341275
25.385625
25.392275
25.400100
25.456350
25.470000
25.514725
25.531250
25.585050
25.599000
25.653100
25.666050
25.699325
25.742050
25.758375
25.766100
25.781775
25.822125
25.834025
25.872325
25.879800
25.893050
25.915250
25.951200
25.958650
25.970975
25.982175
26.022175
26.033050
26.078475
26.089150
26.099750
26.119800
26.271025
26.312075
26.333625
26.362875
26.419750
26.473500
26.518525
26.531225
26.559650
26.634575
26.647650
26.740125
26.770200
26.783225
26.817800
26.841025
26.863250
26.874000
26.896925
26.922275
26.934700
26.946875
26.959325
26.970875
26.994175
27.002100
27.016875
27.068025
27.081575
27.101425
27.147575
27.153650
27.155350
27.176025
27.272150
27.283350
27.353600
27.419025
27.480000
27.496100
27.501700
27.518625
27.525275
27.541025
27.590250
27.596975
27.604025
27.644075
27.664975
27.697100
27.720225
27.733500
27.751050
27.777875
27.852000
27.895300
27.957875
28.025325
28.063675
28.077375
28.109325
28.123025
28.136900
28.198625
28.243750
28.264550
28.286375
28.292750
28.310550
28.315325
28.388350
28.402375
28.432225
28.445600
28.459575
28.477700
28.542975
28.556300
28.584575
28.621000
28.688575
28.694125
28.718275
28.847600
29.001975
29.111200
29.118625
29.124700
29.165650
29.189800
29.212475
29.244600
29.281600
29.289275
29.330700
29.380300
29.409500
29.417425
29.447000
29.452675
29.467625
29.525425
29.556050
29.564900
29.632275
29.652300
29.663450
29.715275
29.733825
29.849925
29.913200
29.924700
29.959250
29.994700
29.998350
