0.003400
0.055100
0.117875
0.236600
0.391875
0.576025
0.640850
0.790750
0.847550
0.903625
1.163525
1.388775
1.551750
1.623175
1.718400
1.938175
2.014500
2.136550
2.190250
2.260550
2.346975
2.646650
2.825225
2.962525
3.063975
3.120425
3.195700
3.266750
3.557225
4.091250
4.204500
4.254500
4.577400
4.858600
4.932800
4.994675
5.477950
5.525950
5.626100
5.775975
5.858300
6.057050
6.134250
6.171925
6.202300
6.265400
6.327800
6.508150
6.698300
6.806000
6.914775
7.058625
7.182900
7.327150
7.442375
7.653525
7.812000
7.892000
7.992450
8.075825
8.234950
8.297600
8.459500
8.505525
8.788575
9.294375
9.461400
9.565825
9.624375
9.816450
9.853350
9.982875
10.181275
10.314075
10.431700
10.852025
10.904175
10.983525
11.069475
11.122025
11.237275
11.391850
11.510000
11.593550
11.627575
11.766425
11.801300
11.920975
12.133600
12.225350
12.335275
12.358925
12.472700
12.732100
12.823675
12.855900
13.228525
13.337750
13.405975
13.492475
13.511775
13.722600
13.755200
13.779675
13.790300
13.946950
14.543625
14.626725
14.856825
14.931500
14.954275
15.049550
15.204225
15.220050
15.360075
15.580300
15.722600
15.808350
16.111125
16.255650
16.292850
16.333825
16.698950
16.769025
16.821025
17.098525
17.505125
17.610250
17.707650
17.789550
17.851825
17.882375
17.939925
18.034125
18.080475
18.121025
18.180575
18.403575
18.492025
18.513075
18.548150
18.607100
18.828600
18.906025
19.134900
19.232150
19.302200
19.381875
19.639500
19.722350
20.061075
20.218325
20.267050
20.470425
20.705750
20.875300
20.919075
21.001450
21.055375
21.076775
21.123775
21.292375
21.473650
21.657975
22.093100
22.133125
22.257700
22.425425
22.480975
22.619775
22.826925
22.958225
22.977450
23.032325
23.063975
23.235925
23.277800
23.334400
23.434050
23.573650
23.662450
24.109125
24.168075
24.211825
24.636550
24.723050
24.921275
25.103875
25.135425
25.402725
25.587150
25.624700
25.772175
26.215200
26.393600
26.592125
26.676250
26.960175
27.021000
27.222625
27.322600
27.385625
27.507075
27.666450
27.856350
28.011500
28.169000
28.424875
28.491475
28.568875
29.197200
29.316500
29.342450
29.944125
29.975950
