0.029025
0.032825
0.101500
0.165925
0.353950
0.441850
0.727575
0.809050
0.928475
1.514825
1.540650
1.595600
1.682625
1.834225
2.211250
2.306350
2.359600
2.481650
2.488600
2.670975
2.697775
2.788850
2.866250
3.199475
3.271975
3.453725
3.485700
3.602775
3.641100
3.899900
3.958150
4.096025
4.138500
4.223275
4.682350
5.059950
5.076050
5.368175
5.710425
5.795925
6.101950
6.209075
6.227225
6.286700
6.470300
6.536000
6.560950
6.699350
6.890375
6.999600
7.231150
7.317650
7.324600
7.375675
7.852325
7.934050
8.034525
8.052075
8.083050
8.209100
8.359900
8.436475
8.487350
8.916600
8.958950
9.065575
9.101500
9.239125
9.363725
9.454525
9.664625
9.682025
9.771925
10.193425
10.433800
10.663525
10.752625
10.801625
10.814525
11.055975
11.478775
11.524600
11.558400
11.742400
11.771550
11.816200
12.004525
12.151325
12.465100
12.510425
12.723175
12.921675
12.981875
13.177150
13.330250
13.705550
13.746700
14.283000
14.374850
14.462300
14.533125
15.637475
16.115100
16.161375
16.239300
16.261425
17.370825
17.731300
18.013900
18.169275
18.389825
18.522025
18.592675
18.744300
18.843325
18.972650
19.031900
19.374975
20.027000
20.287875
20.337475
20.654225
20.944375
20.989500
21.086525
21.105300
21.314050
21.814375
21.827900
22.514975
22.611325
22.640700
22.694525
22.747500
22.787050
22.828650
23.146700
23.186725
23.282475
23.326850
23.462950
23.504475
24.015875
24.092475
24.337975
24.554575
24.591875
24.714975
24.856975
24.981350
25.473200
25.497500
25.507950
25.556200
25.730950
25.879950
26.047900
26.171525
26.510900
26.534325
27.073175
27.213250
27.307225
27.464975
27.559800
27.648975
27.748975
27.785725
27.893825
28.179750
28.217625
28.350500
28.444650
28.491025
28.559600
28.605875
28.891025
29.058100
29.131575
29.425975
29.603325
29.660450
29.695500
29.736250
29.954850
