0.011100
0.183025
0.310400
0.365225
0.392550
0.445275
0.725825
0.748900
1.025125
1.078650
1.089350
1.153075
1.216675
1.294150
1.318250
1.371075
1.484075
1.608650
1.688925
1.914350
2.013375
2.065150
2.153200
2.213925
2.315925
2.787450
2.817700
2.861425
2.966375
3.395225
3.624525
3.689750
3.785375
3.893300
3.994375
4.078425
4.249350
4.262900
4.446150
4.561450
4.712325
5.566425
5.592350
5.657325
5.837550
6.026975
6.070225
6.110575
6.120425
6.139300
6.185775
6.302350
6.447800
6.458100
6.471875
6.501200
6.819400
6.857575
6.860775
6.903550
7.038650
7.104825
7.200650
7.258050
7.856750
7.934675
7.978950
8.047200
8.248225
8.369225
8.426600
8.745650
8.833675
8.863000
8.908650
9.037500
9.069525
9.124500
9.137475
9.147250
9.459325
9.576225
9.906725
10.081300
10.173325
10.203525
10.242250
10.809925
11.138675
11.216975
11.233600
11.325225
11.336250
11.338650
11.344825
11.436275
11.816850
11.910950
12.081300
12.155225
12.343725
12.552475
12.640725
12.700425
12.742750
12.835600
13.062475
13.115350
13.226675
13.355375
13.571075
13.607700
13.907350
13.953550
14.079450
14.098825
14.134050
14.187750
14.323400
14.652225
14.714775
14.935500
14.970050
15.432625
15.434025
15.728900
15.966175
16.121975
16.131150
16.139550
16.628150
16.701550
17.019575
17.042925
17.085850
17.451625
17.798400
17.875250
17.934475
18.134950
18.477425
18.594575
18.616650
18.784500
19.418800
19.549875
19.666475
19.734100
19.802300
19.866925
19.900975
19.952200
20.067975
20.157100
20.245850
20.370900
20.436575
20.592600
20.678750
20.721400
20.976550
21.014825
21.229025
21.280725
21.311525
21.429000
21.680350
21.919475
21.928075
22.031775
22.192375
22.205375
22.238475
22.534100
22.726125
22.734900
22.952725
23.027400
23.031225
23.127150
23.681875
23.690200
23.742200
23.806050
24.204175
24.256975
24.285050
24.883125
25.113850
25.171450
25.294375
25.360600
25.382025
25.417775
25.507925
25.524300
25.717400
25.827850
26.025375
26.108450
26.303150
26.391525
26.631375
26.645800
27.009975
27.185825
27.213350
27.243150
27.401225
27.409350
27.557225
27.654850
27.663900
27.733725
27.897300
27.945525
27.954225
28.078325
28.544275
28.996475
29.008050
29.642550
29.653475
29.659575
29.763950
29.906350
29.940450
