0.019425
0.041850
0.056450
0.148525
0.196800
0.211725
0.237000
0.336900
0.344550
0.377900
0.391650
0.401850
0.424625
0.433775
0.518625
0.558625
0.581225
0.689625
0.699800
0.753425
0.779775
0.793375
0.832300
0.894000
0.934475
0.971725
1.077400
1.121125
1.140150
1.165850
1.218900
1.294200
1.334675
1.369200
1.455525
1.465375
1.480425
1.486800
1.587000
1.612275
1.685525
1.777100
1.805025
1.840525
1.852325
1.986925
2.075950
2.149550
2.166950
2.181450
2.192000
2.207425
2.210275
2.224600
2.248600
2.277275
2.405700
2.443175
2.508300
2.535175
2.568725
2.580575
2.597175
2.636675
2.665750
2.696100
2.731325
2.760625
2.774850
2.791850
2.799550
2.864600
2.919275
2.942175
3.028825
3.080775
3.135350
3.159575
3.179950
3.218625
3.402100
3.478475
3.582750
3.612500
3.640700
3.679675
3.714350
3.812675
3.971300
4.007250
4.023425
4.069950
4.098725
4.134800
4.199750
4.261100
4.300575
4.364475
4.411250
4.435450
4.469950
4.515775
4.538025
4.556975
4.569675
4.651975
4.682150
4.694500
4.721025
4.729675
4.742775
4.768425
4.810200
4.829775
4.880400
4.919525
4.958850
5.035250
5.117175
5.155225
5.178500
5.202350
5.216025
5.305675
5.357800
5.409450
5.452625
5.515250
5.549200
5.652475
5.665900
5.670775
5.701275
5.820675
5.849525
5.891725
5.916150
5.961450
5.978850
6.044925
6.073150
6.096000
6.118225
6.203125
6.219400
6.230350
6.289500
6.318900
6.356200
6.449525
6.473150
6.619050
6.629525
6.639975
6.668675
6.990725
7.013500
7.025800
7.043475
7.149225
7.170450
7.242000
7.299625
7.410250
7.431350
7.454075
7.643950
7.667375
7.686850
7.759625
7.865875
7.882375
7.922250
8.011000
8.093375
8.120050
8.141325
8.252275
8.266500
8.278775
8.299850
8.335325
8.350750
8.378500
8.401125
8.496225
8.625450
8.658050
8.675350
8.692850
8.816825
8.899875
8.935550
8.955150
8.990425
9.108275
9.134325
9.192750
9.270500
9.304925
9.339600
9.391175
9.521675
9.662375
9.717800
9.762025
9.783400
9.848475
9.883000
9.910375
9.931525
10.093925
10.127450
10.151050
10.216000
10.242350
10.265575
10.337925
10.393100
10.433400
10.444425
10.461100
10.515150
10.551050
10.753875
10.813400
10.892950
10.909850
10.948500
10.956325
11.015850
11.121900
11.216725
11.248450
11.300550
11.406600
11.460375
11.751750
11.761800
11.795850
11.835300
11.928850
12.072350
12.166600
12.187525
12.288475
12.301050
12.318425
12.326150
12.372425
12.482050
12.533900
12.601025
12.659450
12.784650
12.815125
12.828500
12.850775
12.872425
12.909200
12.922500
12.952025
13.145825
13.184300
13.198675
13.246400
13.391375
13.507000
13.581125
13.660975
13.693450
13.738725
13.752650
13.825225
13.937325
13.951650
14.027900
14.055050
14.080850
14.151550
14.184125
14.255775
14.307850
14.395650
14.484400
14.505625
14.530025
14.678500
14.700750
14.719450
14.734175
14.769800
14.838900
14.855400
14.885200
14.929000
14.948350
14.978325
15.016425
15.040525
15.060550
15.129550
15.254300
15.309425
15.353850
15.443075
15.457800
15.469300
15.535150
15.576000
15.613950
15.631575
15.696000
15.741700
15.749100
15.836125
15.860950
15.885050
15.905775
15.930375
15.952325
16.025925
16.043625
16.128200
16.137125
16.151950
16.185225
16.257825
16.274075
16.438750
16.501550
16.560075
16.613450
16.654025
16.670625
16.681500
16.718275
16.773925
16.800850
16.845650
16.864350
16.949225
16.970700
17.034650
17.055600
17.097825
17.114250
17.149050
17.179100
17.214750
17.276200
17.295175
17.317650
17.382800
17.428950
17.437350
17.449125
17.473600
17.484775
17.501800
17.663325
17.729775
17.785850
17.808575
17.852575
17.893625
17.961475
18.038575
18.047825
18.117650
18.122225
18.203575
18.261475
18.280150
18.298425
18.306575
18.331500
18.367050
18.376800
18.414975
18.515025
18.642975
18.703175
18.719175
18.733350
18.745675
18.777925
18.794925
18.892600
18.990875
19.012375
19.080825
19.193375
19.258375
19.272775
19.384500
19.402425
19.469150
19.532900
19.554300
19.598875
19.660425
19.673000
19.727875
19.739525
19.757150
19.864325
19.901975
19.922275
19.966950
20.028325
20.040775
20.111050
20.127775
20.134300
20.253075
20.400650
20.420675
20.459975
20.509825
20.602550
20.678975
20.965525
20.973425
20.994175
21.002900
21.125025
21.188500
21.210175
21.305600
21.412375
21.433325
21.472600
21.501450
21.522550
21.576900
21.657925
21.674625
21.688300
21.742875
21.751600
21.799575
21.851075
21.865025
21.936150
22.005850
22.042075
22.097625
22.165400
22.202125
22.216125
22.360975
22.443375
22.456325
22.475275
22.483425
22.527450
22.627550
22.720250
22.762725
22.781425
22.784975
22.870025
22.887600
23.086125
23.149950
23.196675
23.367350
23.434475
23.446850
23.478200
23.497175
23.556525
23.575575
23.665225
23.684550
23.703500
23.733975
23.804550
24.038875
24.058975
24.073450
24.102225
24.172700
24.197450
24.260275
24.338225
24.352050
24.646400
24.764000
24.778700
24.921750
25.027275
25.052200
25.092850
25.185275
25.248300
25.271475
25.308075
25.381925
25.520450
25.605075
25.700300
25.711225
25.743825
25.772300
25.794975
26.155350
26.217725
26.254425
26.293175
26.364375
26.376050
26.409250
26.423950
26.517650
26.580650
26.626025
26.643425
26.681350
26.718150
26.753450
26.793075
26.805050
26.841025
26.974275
26.987875
27.086650
27.129375
27.170925
27.188250
27.201700
27.364700
27.509675
27.523625
27.534275
27.543025
27.563700
27.649850
27.686775
27.707850
27.728300
27.807850
27.839750
27.871600
27.910175
27.954950
28.022675
28.051075
28.074450
28.087425
28.105450
28.238275
28.393000
28.464650
28.496775
28.765575
28.808975
28.880875
28.922525
28.938825
28.954825
29.080575
29.122875
29.149400
29.171750
29.345200
29.359375
29.372825
29.395250
29.489150
29.528225
29.539825
29.634150
29.693625
29.753600
29.789450
29.798950
29.866525
29.879525
29.892800
29.923225
29.936800
29.954250
29.984950
