0.119200
0.159150
0.201100
0.233450
0.250025
0.272175
0.338600
0.408175
0.451275
0.469325
0.487375
0.499625
0.536100
0.608550
0.616675
0.794725
0.865650
0.892425
0.935550
0.991500
1.006150
1.037000
1.056975
1.110225
1.223125
1.358750
1.467550
1.481875
1.509875
1.515050
1.715225
1.778825
1.810425
1.846850
1.853575
1.907400
2.003150
2.065925
2.135525
2.149000
2.209675
2.256225
2.280325
2.325775
2.336450
2.390500
2.474275
2.787375
2.876775
2.918925
3.090725
3.125550
3.161700
3.222875
3.243150
3.304850
3.325100
3.370350
3.432650
3.729950
3.752575
3.772725
4.009700
4.173850
4.293850
4.320450
4.349800
4.648275
4.685775
4.745200
4.821075
5.047025
5.084125
5.151475
5.217525
5.229675
5.527400
5.661800
5.724075
5.790075
5.825300
6.025150
6.093275
6.134075
6.174200
6.259875
6.476500
6.570300
6.590050
6.637150
6.654375
6.740625
6.966350
6.992650
7.056625
7.082550
7.104325
7.202250
7.223625
7.299025
7.327025
7.355025
7.397300
7.411300
7.577850
7.624200
7.672750
7.724875
7.778975
7.888425
8.042550
8.075850
8.148075
8.227275
8.294250
8.325150
8.473575
8.556400
8.617700
8.630525
8.724800
8.733900
8.773825
8.783450
8.999875
9.060000
9.097375
9.138475
9.258375
9.370875
9.421700
9.467750
9.662000
9.719700
9.765475
9.793375
9.858600
9.913100
9.949250
10.006700
10.026475
10.067900
10.077775
10.081675
10.163400
10.257150
10.300125
10.334325
10.361875
10.380150
10.444475
10.527575
10.564825
10.671300
10.711050
10.776875
10.861150
10.891625
10.916725
10.981850
11.065425
11.105700
11.312475
11.363100
11.407425
11.438300
11.482775
11.523550
11.952125
11.961075
12.114950
12.174800
12.200700
12.246125
12.326850
12.379625
12.412425
12.454475
12.501500
12.572625
12.628975
12.667825
12.698150
12.758400
12.778450
12.802275
12.837725
12.843925
12.896150
12.970050
13.003175
13.035600
13.105000
13.138625
13.200225
13.206125
13.233450
13.261625
13.319300
13.387775
13.403575
13.463550
13.474950
13.501675
13.622575
13.646150
13.685350
13.837175
13.913875
13.936800
14.053975
14.068750
14.089850
14.094050
14.134475
14.156375
14.286525
14.320125
14.359975
14.378375
14.590225
14.649300
14.703350
14.869400
14.939300
14.982725
15.173500
15.219900
15.285400
15.373375
15.495750
15.500450
15.650725
15.712625
15.761475
15.790725
15.824575
15.833950
15.875050
15.888050
15.926775
15.968225
16.034125
16.081100
16.118050
16.123050
16.157875
16.199200
16.313225
16.473250
16.512950
16.575650
16.624750
16.689850
16.915850
16.950600
17.070300
17.105475
17.340775
17.423150
17.582800
17.666975
17.676050
17.708725
17.930450
18.021425
18.085575
18.210675
18.217625
18.241075
18.266275
18.372275
18.394925
18.440400
18.479875
18.527550
18.546950
18.629675
18.668975
18.677250
18.686925
18.935250
18.976200
19.032725
19.081400
19.121800
19.218025
19.265275
19.278125
19.384275
19.441525
19.511625
19.587250
19.608750
19.689700
19.727225
19.841400
19.994825
20.042600
20.087950
20.146575
20.187825
20.257075
20.283125
20.304400
20.443000
20.515275
20.545750
20.621025
20.660275
20.702100
20.789575
20.871625
20.916325
20.941350
20.974075
21.060100
21.161025
21.187800
21.197475
21.229225
21.316325
21.331075
21.392725
21.397500
21.474725
21.558225
21.678375
21.717600
21.761350
21.797625
21.876625
21.920425
21.957625
22.127550
22.149875
22.194325
22.213450
22.267725
22.365925
22.415175
22.470900
22.561450
22.596825
22.635000
22.730825
22.778825
22.819925
22.855425
22.922475
22.968050
23.013625
23.060875
23.144000
23.167100
23.210250
23.378425
23.487400
23.527825
23.551825
23.615625
23.627850
23.646250
23.678600
23.769425
23.812700
23.904800
23.931550
23.948750
23.990825
24.009600
24.061725
24.078150
24.106950
24.124150
24.313925
24.386550
24.396025
24.413650
24.486675
24.519700
24.574800
24.619850
24.627100
24.691800
24.835500
24.925375
25.018525
25.063250
25.101600
25.188200
25.218625
25.221350
25.545550
25.600375
25.869025
26.001975
26.062725
26.179875
26.210125
26.297950
26.343750
26.449700
26.469650
26.537625
26.748975
26.823775
26.834775
26.886750
26.900950
26.970100
26.990225
27.058725
27.111275
27.131350
27.161400
27.186950
27.233100
27.376175
27.429125
27.444800
27.474725
27.513800
27.589025
27.618750
27.647675
27.692675
27.729775
27.868725
27.950600
28.005200
28.067025
28.112300
28.213975
28.233925
28.255725
28.338725
28.422375
28.548900
28.568975
28.626325
28.671050
28.677900
28.778950
28.803175
28.812350
28.876500
28.919025
28.947450
29.087800
29.130000
29.149325
29.221475
29.309500
29.327625
29.345075
29.357100
29.390700
29.395700
29.438075
29.575225
29.616575
29.638925
29.661950
29.751000
29.759125
29.789725
29.868225
29.883875
29.908100
29.927550
29.965425
