0.025000
0.045300
0.141875
0.186450
0.203125
0.228575
0.326275
0.430225
0.459075
0.488175
0.510625
0.548650
0.598575
0.641850
0.670950
0.735550
0.775800
0.862000
0.933050
0.992125
1.033325
1.053650
1.168150
1.252200
1.299525
1.332325
1.401850
1.447975
1.459450
1.485900
1.515400
1.656225
1.680025
1.692725
1.703100
1.716775
1.733500
1.751200
1.764650
1.800550
1.819125
1.852225
1.894900
1.960375
1.978775
2.016800
2.041500
2.068825
2.107650
2.112325
2.116075
2.145250
2.173875
2.232475
2.254600
2.311300
2.335125
2.351850
2.377600
2.396600
2.410875
2.413850
2.432875
2.448625
2.480925
2.521275
2.563800
2.601800
2.657100
2.672400
2.711050
2.749650
2.783225
2.941075
3.043725
3.081375
3.116225
3.144300
3.154625
3.182825
3.200475
3.266300
3.295425
3.321350
3.345975
3.397600
3.408400
3.411775
3.418425
3.476600
3.539450
3.547925
3.573225
3.622175
3.691700
3.806650
3.821425
3.849300
3.886975
3.940900
3.962600
3.988925
4.011675
4.115350
4.132975
4.170400
4.185400
4.227000
4.294925
4.388750
4.528425
4.555625
4.587550
4.607825
4.636100
4.723350
4.853400
4.863000
4.876325
4.923975
4.933775
5.009475
5.051600
5.113625
5.132375
5.151350
5.213650
5.254750
5.286825
5.311400
5.490300
5.550425
5.579275
5.591975
5.617725
5.724850
5.783975
5.828300
5.871350
5.944450
6.001975
6.021250
6.072775
6.106775
6.138625
6.148800
6.190925
6.206350
6.260850
6.296900
6.334400
6.338500
6.346750
6.391900
6.461225
6.503975
6.566450
6.585100
6.606075
6.625450
6.640000
6.666200
6.675625
6.717725
6.754800
6.771775
6.798000
6.814650
6.856175
6.867100
6.895350
6.917825
6.930250
6.935425
6.954300
6.983025
7.077275
7.157275
7.181025
7.225575
7.269000
7.324350
7.334450
7.355950
7.416950
7.427700
7.443575
7.503500
7.607725
7.614900
7.633750
7.689175
7.716950
7.751225
7.888575
7.929350
8.000000
8.035350
8.040000
8.075975
8.095100
8.098200
8.112450
8.251300
8.269150
8.277575
8.289850
8.295825
8.349500
8.395625
8.412775
8.434200
8.465100
8.490700
8.519050
8.566350
8.600050
8.650225
8.672750
8.681400
8.722450
8.734700
8.850300
8.921825
8.961200
8.994150
9.017550
9.050025
9.072925
9.105300
9.127025
9.151675
9.156750
9.214300
9.328875
9.395475
9.401475
9.408525
9.504800
9.520100
9.563400
9.595975
9.631275
9.690525
9.736725
9.744300
9.754025
9.758850
9.852825
9.958275
9.994725
10.043275
10.067525
10.078800
10.114775
10.129800
10.145025
10.178175
10.198275
10.215525
10.287950
10.396000
10.592325
10.647025
10.663425
10.706975
10.738025
10.751525
10.770675
10.805925
10.843800
10.865900
10.941725
10.984775
11.056100
11.094550
11.135525
11.154175
11.222350
11.285575
11.381525
11.448875
11.478100
11.508175
11.531825
11.551875
11.595225
11.662550
11.702950
11.725825
11.780025
11.812800
11.841775
11.861875
11.909700
11.932600
11.960600
11.972900
12.012375
12.018325
12.023975
12.035425
12.037200
12.056950
12.148700
12.162500
12.185825
12.211450
12.273500
12.348050
12.416475
12.447850
12.471250
12.505550
12.516500
12.567600
12.612475
12.655400
12.747850
12.813725
12.878050
12.911575
12.975300
12.991600
13.131875
13.196600
13.227500
13.254675
13.325850
13.508300
13.597050
13.685200
13.696650
13.785425
13.836850
13.873200
13.937000
13.951125
13.968875
13.989800
14.005150
14.022850
14.043375
14.062450
14.128425
14.145900
14.171950
14.195025
14.230375
14.262525
14.290000
14.376700
14.431725
14.464200
14.491550
14.535100
14.558850
14.655800
14.667400
14.782575
14.842625
14.868000
14.902050
14.929725
14.988125
15.001625
15.038800
15.043275
15.078825
15.107675
15.147350
15.186650
15.211800
15.230225
15.262075
15.404975
15.459725
15.482550
15.517575
15.643575
15.657125
15.669600
15.674175
15.748750
15.767350
15.858600
15.930525
16.115275
16.169500
16.256000
16.313775
16.330275
16.354100
16.388675
16.411350
16.517500
16.638950
16.662350
16.702500
16.723700
16.776275
16.785525
16.800500
16.808100
16.841100
16.872225
16.887775
16.914925
16.931075
16.965400
16.988975
17.066350
17.114325
17.235075
17.240275
17.257650
17.325225
17.354475
17.358175
17.388850
17.433525
17.492350
17.532275
17.555375
17.578750
17.619750
17.636150
17.642575
17.656000
17.666025
17.668325
17.865175
17.887300
17.896800
17.925000
17.975125
18.032000
18.100775
18.115500
18.130050
18.166575
18.174250
18.184000
18.202825
18.213925
18.242750
18.282050
18.354600
18.386700
18.485950
18.499000
18.518250
18.551475
18.564875
18.587800
18.610700
18.641150
18.697750
18.706350
18.727175
18.748300
18.809750
18.850550
18.885525
18.898875
18.984650
19.019275
19.046650
19.100500
19.131400
19.145800
19.204200
19.215050
19.265650
19.274750
19.295525
19.298675
19.304175
19.398750
19.420625
19.448625
19.467050
19.587100
19.636775
19.655225
19.741350
19.757350
19.786675
19.844000
19.876150
19.934875
19.973725
20.002075
20.028225
20.166925
20.218425
20.240875
20.268400
20.390525
20.429425
20.500800
20.532400
20.604200
20.606875
20.626400
20.656250
20.691775
20.723525
20.748875
20.813375
20.845100
21.057625
21.124625
21.184675
21.334250
21.387275
21.410350
21.462775
21.493450
21.528750
21.638075
21.656150
21.688375
21.832625
21.869700
21.892500
21.939875
21.993050
22.082100
22.088300
22.159500
22.163625
22.168875
22.197600
22.247700
22.316850
22.335550
22.351325
22.374325
22.407625
22.466400
22.518525
22.571625
22.707200
22.731900
22.751175
22.778175
22.805175
22.828775
22.854750
22.891700
22.909675
22.937825
22.970850
22.998675
23.099150
23.154475
23.267275
23.300325
23.329550
23.374300
23.393150
23.475300
23.527825
23.561700
23.596675
23.641300
23.675350
23.687425
23.708875
23.886475
23.940150
23.976875
24.088800
24.167200
24.205050
24.239700
24.256375
24.307325
24.328875
24.390900
24.407100
24.456800
24.482200
24.547675
24.624000
24.648400
24.687700
24.716250
24.823075
24.851075
24.908125
24.924900
24.955900
24.961475
25.143925
25.181750
25.300950
25.369350
25.478525
25.490025
25.528625
25.554225
25.563025
25.572350
25.613575
25.710050
25.972575
26.009675
26.072525
26.094075
26.129400
26.201550
26.214900
26.272125
26.341700
26.369000
26.388300
26.423650
26.461550
26.486250
26.499675
26.565750
26.593725
26.631625
26.637850
26.703950
26.719700
26.752150
26.769625
26.787450
26.802175
26.818300
26.846725
26.869150
26.883500
26.904250
27.019400
27.054350
27.093150
27.172800
27.181000
27.213400
27.220825
27.310625
27.473625
27.498825
27.527200
27.559975
27.615550
27.632425
27.641000
27.760150
27.771500
27.880325
27.890325
27.935125
27.982850
28.017975
28.082225
28.149050
28.169700
28.288000
28.305625
28.434850
28.446675
28.542825
28.566625
28.655025
28.697000
28.726300
28.800900
28.832800
28.844525
28.931600
28.951925
28.968150
29.014675
29.026725
29.075450
29.105325
29.302050
29.330025
29.351275
29.394700
29.450825
29.456325
29.473525
29.488425
29.495050
29.576975
29.674350
29.702700
29.730900
29.750575
29.856350
29.878550
29.908025
29.967425
