0.026200
0.050925
0.124050
0.343100
0.378725
0.405075
0.434100
0.443575
0.457300
0.508650
0.529700
0.535525
0.582350
0.604175
0.637850
0.663975
0.781225
0.895975
0.924475
0.962325
1.005500
1.021375
1.040925
1.054850
1.061050
1.090850
1.200150
1.270550
1.369725
1.391750
1.519375
1.536225
1.559775
1.590425
1.640300
1.657975
1.701550
1.729100
1.763200
1.776700
1.801300
1.818525
1.834675
1.866575
1.993575
2.038150
2.104825
2.168325
2.187675
2.202750
2.245050
2.258425
2.283450
2.313050
2.513300
2.538800
2.639600
2.672575
2.755575
2.822325
2.836725
2.864225
2.896000
2.952700
2.983425
3.001025
3.035625
3.059400
3.150400
3.329300
3.359925
3.407925
3.445225
3.529100
3.585125
3.595325
3.636725
3.663725
3.710900
3.722950
3.737400
3.892400
3.964125
3.983375
4.020725
4.148900
4.242100
4.265225
4.303150
4.342300
4.379000
4.471600
4.506525
4.600275
4.642700
4.656025
4.715600
4.743325
4.861100
4.862775
4.893000
5.055200
5.096275
5.168525
5.228075
5.240300
5.294600
5.324025
5.340275
5.364675
5.391350
5.405700
5.624150
5.670100
5.717700
5.756200
5.775850
5.788075
5.817150
5.843725
5.865225
5.971725
6.047500
6.081075
6.119325
6.146800
6.151750
6.200925
6.224700
6.246550
6.269350
6.533525
6.547750
6.602425
6.655875
6.688200
6.708575
6.728700
6.742250
6.751800
6.799175
6.833625
6.888025
6.909125
7.048700
7.096900
7.118075
7.142725
7.248275
7.318175
7.342075
7.405375
7.482075
7.514750
7.565125
7.617825
7.686375
7.707200
7.730150
7.763425
7.826725
7.912225
7.932175
7.992475
8.009425
8.028650
8.066275
8.112150
8.167650
8.223050
8.238975
8.326925
8.459725
8.516625
8.725975
8.781275
8.940325
9.018175
9.241075
9.301900
9.423375
9.523500
9.568400
9.627250
9.644475
9.685225
9.743200
9.820825
9.836800
10.009500
10.077775
10.209325
10.228350
10.288200
10.360500
10.392925
10.400800
10.433550
10.452250
10.515625
10.660950
10.666175
10.840375
10.978025
10.991525
11.084875
11.094525
11.248375
11.253550
11.408475
11.677750
11.702050
11.823825
12.076225
12.129700
12.137950
12.176650
12.190000
12.221075
12.227375
12.265925
12.349150
12.380875
12.418250
12.703350
12.731475
12.735675
12.779150
12.985800
13.185475
13.217050
13.323475
13.462275
13.499075
13.708450
13.722875
13.737150
13.785925
13.818675
13.855575
13.880175
13.907775
13.934050
13.959300
13.979175
14.027400
14.057350
14.089050
14.264150
14.268500
14.344900
14.505050
14.515800
14.535850
14.578750
14.586950
14.608100
14.667475
14.890625
15.043825
15.120250
15.155475
15.174125
15.194050
15.263125
15.328200
15.431500
15.533725
15.550900
15.592475
15.736825
15.772050
15.845100
15.861175
15.869475
15.880675
15.971325
16.064825
16.101900
16.306775
16.368675
16.672775
16.759775
16.789750
16.854300
16.943225
16.948100
16.964750
17.169725
17.405625
17.453250
17.500125
17.538075
17.565550
17.614425
17.835175
18.005700
18.019400
18.245200
18.289425
18.379275
18.430575
18.578275
18.595600
18.618800
18.652850
18.701200
18.789600
18.971500
19.025475
19.039675
19.227975
19.238500
19.378525
19.398300
19.451525
19.494750
19.512075
19.600700
19.651875
19.721775
19.756075
19.821400
19.865250
19.904250
19.909500
19.974400
19.995325
20.023100
20.086900
20.112725
20.174600
20.243500
20.314750
20.353925
20.475225
20.560225
20.574525
20.637950
20.677100
20.739625
20.802775
20.831325
20.841875
20.933075
21.028900
21.105750
21.124300
21.187925
21.200025
21.221775
21.243975
21.359000
21.418550
21.441675
21.553825
21.583225
21.619300
21.673550
21.846850
21.951925
21.967075
22.017200
22.066550
22.087825
22.141750
22.301700
22.409350
22.424025
22.430575
22.448525
22.458000
22.479000
22.629575
22.660725
22.872350
22.967275
22.980675
23.077950
23.095250
23.111325
23.205150
23.226075
23.292100
23.379800
23.393925
23.428950
23.438925
23.457100
23.486375
23.490800
23.506050
23.583950
23.748550
23.801325
23.832100
23.938075
23.999875
24.048600
24.058550
24.092175
24.115025
24.138700
24.144775
24.185125
24.258125
24.273800
24.286800
24.418350
24.458650
24.500925
24.517525
24.547925
24.597225
24.643450
24.694575
24.723725
24.789150
24.809775
24.880850
24.941050
24.977125
25.029225
25.046400
25.068425
25.184075
25.330500
25.474925
25.486150
25.573550
25.615850
25.634150
25.707550
25.785475
25.816675
25.824250
26.165750
26.226575
26.279500
26.314425
26.321725
26.334625
26.356975
26.388050
26.451350
26.477300
26.727450
26.893400
26.925175
27.072750
27.082950
27.134875
27.211125
27.235975
27.258800
27.298600
27.514275
27.682100
27.721550
27.746125
27.778825
27.809900
27.818600
27.846725
27.861350
28.000975
28.055300
28.088300
28.127200
28.180075
28.216300
28.385450
28.454350
28.464600
28.538575
28.621600
28.628000
28.655050
28.674425
28.699200
28.837800
28.893300
29.012100
29.086875
29.224250
29.287950
29.354125
29.561200
29.737975
29.783525
29.876525
29.971225
29.989025
29.995650
