0.012900
0.053150
0.087025
0.121475
0.139500
0.159925
0.190550
0.219775
0.245375
0.286075
0.361600
0.409275
0.453800
0.512575
0.612225
0.637675
0.678525
0.700700
0.732150
0.751500
0.761925
0.792625
0.822100
0.849800
0.866600
0.879150
0.907600
0.920250
0.941025
0.964700
1.029325
1.051875
1.086575
1.117100
1.154425
1.195625
1.220525
1.242275
1.266225
1.290425
1.306425
1.334875
1.365400
1.429150
1.462300
1.504650
1.543650
1.568250
1.652950
1.678975
1.733925
1.772100
1.806975
1.833850
1.869225
1.908700
1.944950
1.989225
2.013675
2.054500
2.107250
2.142150
2.187100
2.259725
2.315550
2.475800
2.524825
2.543075
2.576575
2.589700
2.620150
2.648000
2.678950
2.718275
2.790575
2.821200
2.875100
2.911175
2.929400
2.976800
3.006050
3.024850
3.042275
3.064850
3.086850
3.100125
3.115550
3.143275
3.160375
3.183375
3.206450
3.230850
3.256675
3.290150
3.313500
3.461125
3.499625
3.528975
3.554875
3.586000
3.602050
3.620225
3.632025
3.642325
3.671050
3.692700
3.746400
3.771600
3.786525
3.838000
3.858575
3.877225
3.901825
3.914950
3.948700
3.973125
4.016300
4.035675
4.063975
4.089050
4.106950
4.138625
4.161625
4.200825
4.222375
4.258950
4.276125
4.289350
4.317975
4.334075
4.357050
4.374900
4.408000
4.427475
4.461900
4.480725
4.498375
4.509925
4.527275
4.543550
4.571225
4.593075
4.620425
4.640525
4.694100
4.735325
4.774550
4.810700
4.838425
4.904425
4.935925
4.954000
5.011250
5.040225
5.062850
5.097925
5.121750
5.146975
5.158250
5.183225
5.202100
5.227175
5.243900
5.253325
5.295550
5.319025
5.340225
5.378375
5.409025
5.424250
5.448675
5.482175
5.499100
5.650475
5.684100
5.707750
5.724950
5.747550
5.764125
5.781400
5.803600
5.821525
5.850600
5.884650
5.916825
5.949350
5.968800
5.988450
6.021225
6.039375
6.066875
6.086075
6.113450
6.162950
6.193125
6.223825
6.242575
6.250475
6.274075
6.295050
6.308475
6.333075
6.383825
6.434650
6.539050
6.574275
6.642525
6.675025
6.704200
6.738375
6.789325
6.804900
6.822725
6.850400
6.865075
6.888075
6.905825
6.927725
6.945825
6.955925
6.974850
6.998625
7.036975
7.051700
7.075825
7.092350
7.115725
7.181125
7.198100
7.228500
7.294375
7.332475
7.359825
7.379075
7.423300
7.463825
7.490000
7.532100
7.561850
7.597375
7.617150
7.656900
7.695050
7.713275
7.735225
7.761125
7.786975
7.824450
7.859925
7.880100
7.908925
7.921125
7.942500
7.963150
8.042625
8.097525
8.144700
8.157175
8.189875
8.204575
8.219775
8.243850
8.257400
8.271175
8.293700
8.309825
8.321600
8.339850
8.356250
8.373850
8.387250
8.408100
8.430600
8.447025
8.495925
8.632425
8.678950
8.712975
8.753475
8.777100
8.788775
8.812225
8.826900
8.844775
8.861350
8.890750
8.913200
8.926600
8.942450
8.957800
8.999700
9.030150
9.051575
9.092525
9.107250
9.158000
9.197800
9.250400
9.283150
9.298350
9.327875
9.351850
9.366975
9.381100
9.394675
9.422150
9.437425
9.468275
9.514125
9.575400
9.601200
9.626025
9.648300
9.703125
9.723050
9.740775
9.758550
9.769425
9.789400
9.933600
9.963075
9.983500
10.031000
10.050425
10.068025
10.101550
10.131500
10.164125
10.182825
10.214775
10.240100
10.290300
10.323125
10.343200
10.371900
10.380725
10.389075
10.399450
10.412575
10.426125
10.445650
10.455075
10.464525
10.485050
10.599050
10.684775
10.710650
10.737200
10.753525
10.771050
10.789225
10.806050
10.815575
10.831525
10.850875
10.870550
10.884900
10.915750
10.930375
10.956750
10.982075
11.007150
11.052800
11.093250
11.115875
11.132375
11.153275
11.165050
11.201875
11.220725
11.235025
11.248275
11.274450
11.292100
11.309375
11.318175
11.329000
11.352975
11.369475
11.395525
11.440650
11.463625
11.489575
11.544725
11.585325
11.598525
11.617450
11.628025
11.639875
11.651425
11.690975
11.745275
11.760350
11.867050
11.920100
11.934075
11.945800
11.965825
11.991050
12.006975
12.035325
12.066100
12.085350
12.105900
12.129425
12.191475
12.207025
12.231750
12.344575
12.368875
12.387450
12.418625
12.438975
12.452750
12.462400
12.480300
12.504725
12.531900
12.576025
12.600925
12.675425
12.724400
12.750575
12.825025
12.841100
12.873625
12.896975
13.010700
13.070525
13.091175
13.148450
13.316650
13.353875
13.377700
13.395150
13.427850
13.454375
13.588425
13.625475
13.652100
13.695000
13.708150
13.733525
13.751250
13.765700
13.783950
13.805575
13.869150
13.911100
13.937750
13.958525
13.987275
14.007925
14.030975
14.097900
14.125925
14.145050
14.166000
14.197600
14.220025
14.249000
14.272650
14.310200
14.340925
14.356475
14.370275
14.391725
14.405875
14.432025
14.483175
14.527925
14.550300
14.566275
14.587775
14.605600
14.625400
14.639600
14.654075
14.688025
14.853350
14.943900
14.997550
15.032100
15.049500
15.075050
15.086850
15.096100
15.111525
15.145950
15.194775
15.227950
15.272650
15.307125
15.357125
15.401300
15.428500
15.444825
15.459775
15.468000
15.492750
15.502900
15.531525
15.550575
15.575675
15.627625
15.675975
15.708275
15.742625
15.778475
15.804550
15.830525
15.858500
15.871375
15.892950
15.917875
15.962500
15.982175
16.007675
16.025550
16.042450
16.054525
16.075175
16.097600
16.135400
16.299550
16.329750
16.351650
16.361100
16.377050
16.392250
16.415525
16.427375
16.440450
16.465975
16.485925
16.509125
16.543775
16.563525
16.585250
16.609325
16.627725
16.676250
16.716725
16.828275
16.852775
16.870200
16.907300
16.928150
16.940900
16.954950
16.979425
16.987800
17.090075
17.123775
17.246150
17.293675
17.310525
17.344525
17.367225
17.382750
17.398050
17.416400
17.443875
17.470500
17.641475
17.674150
17.713850
17.742450
17.785850
17.833275
17.861125
17.905925
17.918975
17.946300
17.987375
17.998025
18.026700
18.054575
18.076475
18.088100
18.104975
18.123600
18.156425
18.172500
18.194550
18.209200
18.235875
18.251525
18.264650
18.317550
18.344450
18.383875
18.425525
18.447275
18.702825
18.734250
18.755750
18.804825
18.994025
19.031300
19.054750
19.080550
19.114850
19.184850
19.218700
19.243475
19.257275
19.301775
19.326650
19.354225
19.636700
19.677500
19.707650
19.729750
19.769200
19.813350
19.854825
19.966400
20.017275
20.063350
20.092800
20.105325
20.143625
20.166475
20.186175
20.205350
20.253975
20.394950
20.467100
20.503550
20.534900
20.562275
20.593025
20.625150
20.653875
20.680200
20.721925
20.815350
20.856400
20.877025
20.898675
20.919175
20.935925
20.969500
21.029700
21.052325
21.251175
21.284050
21.325575
21.343850
21.377100
21.409850
21.431825
21.457775
21.480900
21.507750
21.524925
21.582275
21.606250
21.635375
21.670400
21.932025
21.980850
22.004500
22.031125
22.060050
22.077775
22.093450
22.119375
22.149375
22.162300
22.192325
22.210725
22.283975
22.300550
22.368000
22.377150
22.404900
22.642100
22.676625
22.705525
22.725075
22.755575
22.782625
22.806775
22.825325
22.838700
22.857200
22.875900
22.900250
22.930400
22.990275
23.044225
23.067650
23.107275
23.156025
23.205625
23.237625
23.253150
23.272525
23.300800
23.313200
23.328825
23.345175
23.380200
23.417600
23.445625
23.476725
23.526750
23.549075
23.566575
23.583950
23.618300
23.647725
23.662825
23.678225
23.696150
23.713650
23.728225
23.772250
23.824350
23.872200
24.015425
24.122675
24.134325
24.153050
24.168675
24.182100
24.196325
24.212625
24.228375
24.262025
24.283050
24.344075
24.413175
24.435175
24.468725
24.528800
24.545500
24.564100
24.586500
24.604275
24.642650
24.690225
24.765650
24.882375
24.923250
24.951775
24.971550
24.981375
25.001425
25.030800
25.051400
25.060850
25.081650
25.093875
25.121450
25.155225
25.173250
25.206750
25.229650
25.258950
25.298975
25.344125
25.380425
25.405700
25.426200
25.462150
25.482425
25.506750
25.520450
25.558450
25.587775
25.763200
25.844350
25.888375
25.938775
25.962325
25.997725
26.010950
26.041975
26.076725
26.098025
26.111025
26.125350
26.165050
26.208700
26.246925
26.330850
26.366000
26.441350
26.484675
26.497875
26.519700
26.605525
26.635425
26.668850
26.696350
26.746150
26.781000
26.893325
26.975150
27.001775
27.018775
27.046625
27.139125
27.186425
27.221350
27.291175
27.331950
27.383325
27.429850
27.452250
27.486075
27.517825
27.552775
27.587300
27.610450
27.628150
27.648300
27.657825
27.687600
27.718950
27.765375
27.793050
27.829175
27.864075
27.951525
28.005950
28.050975
28.104650
28.123650
28.151625
28.165900
28.194125
28.231825
28.246850
28.273975
28.305325
28.343925
28.363875
28.397375
28.423075
28.436400
28.456525
28.471700
28.493575
28.514150
28.525525
28.561625
28.614950
28.631825
28.854775
28.896900
28.961250
29.003175
29.028550
29.050650
29.075950
29.112475
29.138525
29.152925
29.160725
29.173500
29.186875
29.202800
29.242625
29.318175
29.522475
29.547325
29.575425
29.596175
29.635750
29.664600
29.737025
29.794575
29.823125
29.846075
29.863925
29.920475
29.936700
29.981300
