0.058450
0.136550
0.422325
0.466325
0.484700
0.504700
0.523825
0.781075
0.868650
1.239700
1.247375
1.281650
1.327600
1.511675
1.526000
1.570050
1.794875
1.801350
1.827125
1.870475
2.095775
2.109550
2.502175
2.608875
2.687725
2.819525
2.833075
2.856850
2.876225
2.945000
3.157675
3.186525
3.231800
3.259475
3.285650
3.331175
3.576700
3.600850
3.682400
3.708475
3.981025
4.032325
4.452400
4.469725
4.488950
4.512675
4.802900
4.854475
4.907325
5.184975
5.285525
5.326150
5.416950
5.590500
5.613350
5.680025
5.943975
6.002400
6.285375
6.297925
6.312775
6.332950
6.354600
6.383175
6.446825
6.479425
6.747600
6.780775
6.818100
6.844375
7.072600
7.089375
7.166700
7.233225
7.401500
7.442050
7.776300
8.108975
8.284375
8.415500
8.458100
8.514075
8.605400
8.650450
9.016975
9.052850
9.125150
9.172250
9.273825
9.354775
9.437075
9.589250
9.782725
9.823925
9.907175
9.983800
10.132875
10.536500
10.552225
10.576600
10.726550
11.057050
11.072800
11.085775
11.162275
11.371800
11.450400
11.493550
11.659375
11.677775
11.709400
11.750000
11.817250
11.847275
12.067725
12.137050
12.155775
12.189325
12.268450
12.292500
12.652025
12.913900
12.930675
13.284150
13.514100
13.546700
13.612350
13.681900
13.691375
13.750550
13.794625
13.807900
13.837450
13.847625
13.896550
14.120400
14.147475
14.160575
14.211425
14.496875
14.540675
14.867750
14.906500
14.926550
14.985400
15.338050
15.424575
15.446025
15.645175
15.743550
15.762275
15.794500
15.917625
16.190500
16.205100
16.279475
16.404225
16.460825
16.527775
16.819775
16.871125
16.930575
17.138350
17.399950
17.445150
17.502050
17.568425
17.721250
17.798000
18.063700
18.147475
18.317650
18.456150
18.483375
18.511700
18.547450
18.568350
18.770550
18.876775
18.965125
19.001850
19.049925
19.078550
19.114375
19.277525
19.293200
19.345050
19.383325
19.534925
19.662825
19.788150
19.825275
19.974825
20.129750
20.254075
20.427700
20.524300
20.585450
20.739400
20.800375
20.859100
20.916550
20.956900
20.973200
21.006450
21.028375
21.061475
21.155875
21.372075
21.399675
21.421375
21.456525
21.513300
21.647225
21.746800
21.837600
21.868075
21.896100
21.914375
22.030700
22.311650
22.366650
22.382750
22.433050
22.458450
22.721575
22.746325
22.812175
22.845650
22.863325
22.972300
23.070750
23.179700
23.245275
23.400875
23.506850
23.589775
23.762200
23.798650
24.125325
24.315100
24.363075
24.390825
24.516700
24.729150
24.833125
24.877600
24.956200
25.058825
25.171175
25.299600
25.349850
25.449650
25.611400
25.656475
25.788675
26.064475
26.168200
26.224350
26.377325
26.396800
26.438150
26.473325
26.546400
26.616725
26.820125
26.892800
26.922350
27.212600
27.266825
27.401775
27.446925
27.480075
27.641725
27.870700
27.939150
28.023025
28.070850
28.113125
28.139425
28.190075
28.490525
28.524625
28.735225
28.760450
28.830425
28.857800
28.916075
29.086550
29.197175
29.223625
29.316825
29.530875
29.573225
29.595975
29.670425
29.744550
29.906175
29.931700
29.983850
