0.203050
0.234175
0.339900
0.408675
0.489400
0.559450
0.667375
0.699550
0.751225
0.767975
0.872825
0.964725
0.978275
0.997050
1.174675
1.192150
1.283950
1.300900
1.374650
1.430900
1.481775
1.522750
1.587175
1.639600
1.659150
1.701600
1.721675
1.749725
1.779550
1.835025
1.852875
1.942875
2.103375
2.137500
2.175275
2.198925
2.233850
2.468575
2.524225
2.992175
3.016175
3.037125
3.084350
3.097875
3.190400
3.256775
3.275325
3.347775
3.431475
3.451725
3.483675
3.518350
3.533625
3.545750
3.617975
3.690750
3.949975
4.099700
4.194050
4.328175
4.390350
4.585825
4.847625
4.916925
4.944325
5.022200
5.037050
5.063100
5.080600
5.145150
5.181150
5.297825
5.379450
5.401525
5.571550
5.618600
5.635875
5.808625
5.870400
5.885250
5.898750
6.053650
6.090350
6.130500
6.168200
6.189725
6.213775
6.295125
6.330850
6.376550
6.404825
6.464625
6.515725
6.558700
6.570625
6.630500
6.704725
6.789300
6.820625
6.838375
6.878500
7.040350
7.060075
7.325125
7.382400
7.422675
7.512675
7.541225
7.580300
7.594725
7.659975
7.756575
7.985200
8.081575
8.125550
8.143400
8.162800
8.303950
8.379950
8.404200
8.527600
8.685000
8.777225
8.818225
8.967300
9.025275
9.155800
9.215200
9.242150
9.340800
9.409925
9.425450
9.459375
9.644475
9.960525
9.983350
9.999875
10.059750
10.090900
10.118600
10.223200
10.239500
10.292375
10.433375
10.479075
10.512500
10.609825
10.658425
10.703875
10.790600
10.802625
10.883450
10.987600
11.136550
11.159525
11.220050
11.254025
11.314525
11.410750
11.500450
11.567625
11.608500
11.709325
11.761850
11.795350
12.005125
12.172150
12.298650
12.382475
12.411025
12.542075
12.579525
12.707750
12.741550
13.092650
13.106675
13.257050
13.307275
13.345200
13.360850
13.392700
13.413750
13.509950
13.575050
13.610325
13.627150
13.660275
13.721825
13.872675
13.990500
14.079100
14.193100
14.213375
14.523950
14.653100
14.703750
14.724000
14.825425
14.846025
14.869400
14.891500
14.904475
15.015400
15.112550
15.201850
15.295725
15.324650
15.377100
15.438100
15.569700
15.592925
15.696875
15.735200
15.750725
15.770675
16.211625
16.264375
16.410550
16.575525
17.128800
17.216875
17.263225
17.763250
18.154175
18.201550
18.221975
18.263700
18.272575
18.345575
18.524550
18.572775
18.684625
18.754275
18.870500
18.935725
18.951850
18.969025
19.006325
19.026450
19.056300
19.280375
19.468350
19.492550
19.562550
19.631300
19.745625
19.808575
19.835425
19.884825
19.903750
19.930975
19.956100
19.981250
20.044525
20.134350
20.256975
20.373950
20.387500
20.603050
20.636300
20.733075
20.760250
20.829650
20.853675
20.951950
20.988000
21.036375
21.055700
21.111925
21.126625
21.134475
21.355900
21.433750
21.478875
21.512625
21.551450
21.609950
21.639400
21.791050
21.860525
22.512100
22.941650
23.001275
23.097800
23.154750
23.249250
23.389700
23.496300
23.547025
23.580650
23.710900
23.869175
23.890075
24.047850
24.056925
24.120100
24.152800
24.176500
24.262075
24.319325
24.333625
24.350150
24.456100
24.623375
24.777550
24.921750
24.940550
24.965000
25.028400
25.054925
25.172375
25.212550
25.293175
25.550775
25.598125
25.651650
25.810250
25.882300
26.034475
26.129575
26.341575
26.439250
26.488925
26.512150
26.683400
26.752325
26.796625
26.850000
27.057450
27.078350
27.195000
27.233925
27.304800
27.325375
27.419225
27.501125
27.535150
27.755325
28.007550
28.097575
28.267925
28.343025
28.439525
28.633125
28.665525
28.765725
28.889650
28.910325
28.931550
28.949975
29.050025
29.085275
29.144300
29.285875
29.317175
29.353925
29.442875
29.492200
29.542075
29.570700
29.593775
29.635525
29.783175
29.976075
29.991175
