0.149450
0.195000
0.288225
0.318750
0.333175
0.350775
0.380200
0.392725
0.397050
0.438700
0.461200
0.566725
0.609825
1.463500
1.547250
1.580325
1.611300
1.664700
1.694750
1.713175
1.738725
1.757750
1.772675
1.793975
1.818950
1.854000
2.303725
2.352575
2.374875
2.404425
2.428375
2.454575
2.544425
2.584325
2.689825
2.720975
2.760700
2.778525
2.810200
2.865800
2.898825
3.004100
3.020675
3.044225
3.059850
3.124875
3.266500
3.279975
3.403800
3.447000
3.540700
3.562700
3.578000
3.594725
3.627225
3.682775
3.700575
3.745950
3.762475
3.824875
3.925200
3.991575
4.016050
4.050675
4.071575
4.092275
4.137150
4.158000
4.333025
4.369600
4.398750
4.422650
4.495200
4.556100
4.642425
4.665175
4.687800
4.709600
4.739750
4.798175
4.836525
4.850825
4.877000
4.893075
4.935425
4.949725
4.978250
4.999500
5.154875
5.185775
5.206125
5.266000
5.355950
5.376100
5.415775
5.513975
5.531225
5.541725
5.567725
5.663600
5.745775
5.782525
5.804175
5.853050
5.909450
5.972700
6.035275
6.047950
6.071750
6.104950
6.127625
6.183800
6.204300
6.230375
6.256425
6.279650
6.307250
6.323325
6.475475
6.506800
6.551225
6.569775
6.590375
6.611850
6.637325
6.662800
6.682925
6.696300
6.733825
6.752725
6.801875
6.824300
6.854275
6.870875
6.894000
6.929775
7.138050
7.155550
7.178375
7.215350
7.240625
7.318675
7.340150
7.362175
7.379750
7.407300
7.423925
7.445425
7.478050
7.501150
7.625650
7.736450
7.772000
7.795450
7.838250
7.857125
7.918625
8.126525
8.190575
8.214425
8.277125
8.443800
8.460950
8.481625
8.577500
8.628350
8.650475
8.676850
8.696325
8.717050
8.850975
8.924725
8.942975
8.977275
9.046725
9.065000
9.084525
9.101100
9.212800
9.232075
9.271250
9.297175
9.314700
9.371750
9.393275
9.417750
9.427675
9.475150
9.500975
9.536900
9.566000
9.625575
9.650550
9.721950
9.733200
9.745375
9.791550
9.804025
9.855725
9.911550
9.934325
9.971100
10.002725
10.102575
10.133100
10.184200
10.217850
10.273900
10.303150
10.428050
10.463450
10.513100
10.573800
10.776950
10.806675
10.837375
10.897725
10.918625
11.009475
11.044300
11.070500
11.106800
11.160025
11.242425
11.306250
11.331950
11.390225
11.426025
11.515600
11.557975
11.579250
11.628550
11.654325
11.681775
11.704550
11.746375
11.793500
11.846875
11.860475
12.163500
12.190650
12.215075
12.239250
12.262375
12.284675
12.310325
12.365550
12.502375
12.544775
12.566975
12.610150
12.642775
12.665925
12.684750
12.704325
12.732825
12.790075
12.863475
12.884525
12.901650
12.942150
13.111600
13.134050
13.149100
13.194475
13.230300
13.280000
13.297625
13.330200
13.372025
13.414100
13.434700
13.504675
13.600500
13.692925
13.714375
13.731850
13.747025
13.775950
13.836525
13.848975
13.878050
14.043250
14.053125
14.079025
14.132050
14.186625
14.208475
14.242225
14.303700
14.392300
14.527525
14.537750
14.584475
14.617800
14.671350
14.693550
14.789675
14.835525
14.878525
14.891950
14.934500
14.972475
15.025075
15.085375
15.157225
15.247800
15.331875
15.347750
15.402475
15.455675
15.496875
15.537025
15.555375
15.712350
15.742025
15.841075
15.862925
15.895200
15.916575
15.979850
16.001525
16.023600
16.041600
16.065300
16.087050
16.133900
16.182775
16.200325
16.248975
16.270925
16.312825
16.332175
16.351025
16.479375
16.504375
16.530150
16.606625
16.647925
16.658050
16.679875
16.699850
16.720675
16.739025
16.791100
16.830075
16.880325
16.901475
17.020000
17.037925
17.053425
17.081625
17.104300
17.122600
17.173025
17.191475
17.217475
17.233375
17.253700
17.272975
17.353000
17.420825
17.431500
17.443325
17.457775
17.482275
17.620275
17.668375
17.693925
17.718100
17.734950
17.755500
17.798400
17.836950
17.864425
18.003725
18.154275
18.189575
18.358150
18.413950
18.438025
18.456725
18.497450
18.533825
18.548550
18.586625
18.687150
18.769250
18.781975
18.819825
18.843875
18.863350
18.902175
18.936750
19.015750
19.050925
19.147900
19.179350
19.207800
19.276225
19.298650
19.360725
19.380275
19.400125
19.413475
19.466325
19.506350
19.535850
19.557450
19.606000
19.629025
19.692275
19.758425
19.772650
19.785300
19.810425
19.829500
19.846625
19.881400
19.916375
19.958700
19.981000
19.998325
20.024075
20.050250
20.125450
20.180300
20.227850
20.306700
20.346800
20.380250
20.426750
20.463850
20.482275
20.510900
20.525550
20.541500
20.559675
20.579200
20.629550
20.677475
20.697125
20.720975
20.750775
20.782775
20.834775
20.856850
20.886675
20.923225
20.966625
20.999200
21.089300
21.107825
21.154775
21.261575
21.311575
21.334950
21.363725
21.382650
21.435375
21.448925
21.487125
21.519575
21.589300
21.612800
21.629475
21.649950
21.673350
21.717925
21.818175
21.862550
21.880100
21.922175
21.990325
22.054050
22.119050
22.157650
22.172900
22.195825
22.212550
22.255025
22.410525
22.439250
22.472825
22.489950
22.515700
22.539275
22.560250
22.612650
22.632600
22.652925
22.668925
22.694950
22.710850
22.727325
22.769000
22.788000
22.811150
22.829100
22.845200
22.891075
23.060425
23.185475
23.212700
23.263475
23.282250
23.337150
23.393550
23.413025
23.447825
23.465675
23.494075
23.506000
23.527025
23.543250
23.666275
23.710550
23.723875
23.753800
23.779400
23.797950
23.821950
23.844575
23.862400
23.905650
23.932675
23.959100
24.006750
24.044000
24.099150
24.147900
24.172075
24.190350
24.215750
24.235075
24.292925
24.308225
24.331600
24.372775
24.422625
24.486750
24.589750
24.632625
24.677375
24.712400
24.742050
24.870300
24.919625
24.948250
24.983225
24.997675
25.039425
25.069450
25.122150
25.169925
25.243125
25.367175
25.407025
25.455275
25.530125
25.549600
25.601425
25.746175
25.769275
25.790725
25.812250
25.831225
25.849175
25.875875
25.895750
25.922725
25.962625
26.020375
26.067650
26.087000
26.107550
26.171875
26.235750
26.248775
26.276050
26.389150
26.415925
26.476650
26.496600
26.526525
26.585925
26.612175
26.628075
26.643500
26.671775
26.765875
26.796600
26.856150
26.883675
26.912650
26.957625
26.975950
27.002775
27.018125
27.033500
27.105800
27.189300
27.236525
27.259675
27.281050
27.363350
27.397125
27.504700
27.521375
27.623850
27.646900
27.704625
27.845350
27.913350
28.016150
28.150250
28.174750
28.220700
28.246900
28.268250
28.284950
28.353050
28.480275
28.525250
28.555225
28.586250
28.613250
28.643700
28.765000
28.919225
28.941925
28.964675
28.982425
29.009825
29.159450
29.210575
29.233875
29.250175
29.276675
29.296275
29.336450
29.357575
29.391625
29.521250
29.554325
29.565750
29.666450
29.699200
29.713175
29.741275
29.802125
29.858625
