0.045125
0.047475
0.091075
0.139450
0.229125
0.247150
0.449750
0.515600
0.632075
0.898675
0.914650
0.962575
0.981725
0.996750
1.076500
1.087575
1.171975
1.177950
1.189700
1.226350
1.360800
1.433500
1.506900
1.586425
1.610875
1.636500
1.766450
1.873000
1.890375
1.919500
1.943400
1.953175
1.972125
2.010000
2.055650
2.102975
2.227575
2.368275
2.406900
2.456275
2.622550
2.640400
2.703925
2.964200
2.972575
2.981700
2.994625
3.009750
3.391075
3.457050
3.469175
3.508775
3.525975
3.545675
3.564300
3.576675
3.763475
3.787550
3.808950
3.830625
3.942650
3.961950
3.984825
4.002875
4.216600
4.249350
4.253325
4.303125
4.323650
4.422250
4.425350
4.540250
4.655925
4.700850
4.789125
5.064925
5.074625
5.106000
5.156125
5.174675
5.227800
5.331225
5.516875
5.595975
5.696625
5.724400
5.778725
5.816725
5.908125
5.951175
5.975300
6.297850
6.397450
6.406025
6.429675
6.518450
6.596450
6.688900
6.862975
6.925025
7.042975
7.073225
7.188450
7.198950
7.230125
7.327825
7.560600
7.596825
7.669350
7.685775
7.695550
7.716550
7.845425
7.960325
7.978725
8.124825
8.204425
8.325875
8.351675
8.450600
8.493450
8.518400
8.721475
8.767425
8.873600
8.888725
8.905425
9.157100
9.193575
9.206450
9.267100
9.371200
9.391175
9.415925
9.451000
9.484325
9.515275
9.665950
9.794800
9.893275
9.929650
10.151550
10.207350
10.382175
10.508250
10.564600
10.601200
10.678150
10.825500
10.848075
10.890950
10.991925
11.034425
11.079250
11.582150
11.892150
11.962950
11.979175
12.227400
12.326525
12.339900
12.419175
12.470750
12.506275
12.573550
12.587550
12.649175
12.780000
12.789000
12.828675
12.929575
12.961875
12.994275
13.056825
13.222475
13.473875
13.486850
13.500450
13.513800
13.575500
13.812550
13.877150
14.039650
14.145775
14.178700
14.234200
14.536200
14.611525
14.646875
14.809325
15.011450
15.018625
15.035150
15.108500
15.373350
15.427625
15.447725
15.497650
15.562100
15.656625
15.694075
15.755425
15.812125
15.840175
15.863050
15.923400
15.934300
16.035000
16.242650
16.402125
16.433525
16.504325
16.647200
16.727550
16.756300
16.853950
16.947650
16.962525
17.068925
17.244650
17.361950
17.372200
17.406825
17.440775
17.495650
17.568050
17.668300
17.715625
17.836350
17.872750
17.900400
18.401200
18.415100
18.444675
18.669725
18.762750
18.786775
18.889200
19.063950
19.140550
19.229400
19.342675
19.375250
19.439875
19.493200
19.508900
19.552325
19.633600
19.658650
19.780000
19.823925
19.855100
19.902500
20.027800
20.045050
20.139675
20.171100
20.193625
20.886775
21.033375
21.062325
21.077300
21.110050
21.116525
21.179300
21.238925
21.361575
21.416250
21.425300
21.550250
21.628600
21.666250
21.735025
22.089125
22.221050
22.460675
22.480000
22.521725
22.548125
22.657375
22.843750
22.866875
22.943925
22.981650
23.140675
23.329725
23.368150
23.644475
23.714075
23.752200
23.895350
24.252050
24.325775
24.351950
24.395875
24.460550
24.514125
24.725225
24.850650
24.927575
24.949425
24.974500
24.992300
25.061900
25.073625
25.103800
25.190775
25.216925
25.389825
25.476925
25.519425
25.568000
25.590575
25.642525
25.650200
25.724800
25.831225
25.876925
25.901850
25.929250
26.068850
26.114075
26.177925
26.197475
26.237600
26.453550
26.484350
26.502075
26.541400
26.599800
26.682900
26.774800
26.841475
26.878325
26.934550
27.024250
27.125300
27.142875
27.156275
27.166900
27.210800
27.213550
27.338300
27.373325
27.462050
27.484850
27.514350
27.524925
27.542975
27.567175
27.578225
27.606450
27.625300
27.650450
27.691625
27.768050
27.873525
27.966550
28.149050
28.341275
28.370025
28.431675
28.452700
28.760575
28.903725
29.058400
29.271950
29.287775
29.346350
29.471750
29.505500
29.534125
29.551625
29.580100
29.684400
29.729025
29.833675
29.843275
29.877825
29.901650
29.913775
29.966675
