0.229475
0.249650
0.286275
0.326325
0.800850
0.967625
1.312900
1.516225
1.704300
2.037575
2.337375
2.461825
3.414150
4.374150
4.554875
4.579900
4.586750
4.623000
5.145100
5.416700
5.477250
5.507625
5.959775
6.774200
6.830600
7.079600
7.219900
7.333600
7.423325
7.757775
8.254425
8.633975
8.658100
9.007625
9.414475
9.482450
10.055850
10.088825
10.429450
10.573075
10.622850
10.729875
10.815000
10.948875
10.999050
11.579100
11.794225
12.069275
12.926875
13.290025
13.705625
13.795425
13.810800
13.843550
14.440675
14.693625
14.813650
15.526625
15.646200
15.770300
15.867025
15.954700
16.211250
16.275650
16.597225
16.639650
16.666875
17.207975
17.831675
18.246925
18.325800
18.595125
19.298325
19.469025
19.877950
20.016750
20.029875
20.449900
20.684900
20.747875
20.988675
20.995175
21.131400
21.212950
21.290975
21.303175
21.449675
21.591750
21.738600
22.084425
22.120050
22.319525
22.474350
22.565750
22.795950
23.221275
23.316425
23.410700
23.678400
24.102875
24.151250
24.275275
24.344350
24.492325
24.640675
24.782450
24.816375
24.864025
24.879925
24.901300
24.921000
25.298350
25.457050
25.731775
25.868400
26.031400
26.107250
26.128425
26.542725
26.675750
26.743125
26.760700
27.158625
27.336450
27.684750
27.949125
28.030475
28.194600
28.266925
28.560000
28.593200
28.686175
28.829475
