0.004625
0.028000
0.072725
0.092525
0.122725
0.144125
0.165375
0.201975
0.227975
0.257125
0.282300
0.319825
0.343050
0.360800
0.394350
0.440100
0.528025
0.554925
0.600525
0.632150
0.668650
0.707800
0.807500
0.850200
0.894800
0.924225
0.936325
0.950125
0.973925
0.986575
0.995550
1.011850
1.061025
1.086725
1.145475
1.162925
1.181125
1.205075
1.238225
1.268400
1.293850
1.338800
1.360800
1.392350
1.431450
1.481300
1.523600
1.553025
1.583400
1.624850
1.659075
1.674475
1.720750
1.738175
1.752575
1.775225
1.806050
1.835825
1.873850
1.909325
1.924350
1.939825
1.945900
1.952325
1.973300
1.994150
2.005700
2.017050
2.040150
2.051725
2.067975
2.088550
2.134625
2.169075
2.216275
2.230750
2.246350
2.258575
2.269250
2.273975
2.286750
2.307400
2.331000
2.361675
2.391775
2.422125
2.458225
2.488500
2.522075
2.543750
2.578575
2.606000
2.615650
2.631175
2.675200
2.693650
2.703400
2.729375
2.753575
2.762825
2.784150
2.807500
2.831550
2.864375
2.888950
2.915600
2.943575
2.980700
3.013875
3.044725
3.067100
3.082200
3.106525
3.131700
3.148000
3.158875
3.165000
3.185600
3.196925
3.220200
3.231325
3.274925
3.293850
3.315350
3.341875
3.361025
3.388375
3.416125
3.453975
3.494075
3.519550
3.548975
3.576825
3.608175
3.648325
3.715750
3.746425
3.783800
3.805100
3.823450
3.845900
3.857425
3.868425
3.892450
3.925500
3.949875
3.986250
4.008750
4.045025
4.068800
4.093750
4.125625
4.143525
4.165875
4.171275
4.177550
4.194775
4.204750
4.218850
4.237125
4.247450
4.268800
4.281350
4.293475
4.320750
4.347375
4.369700
4.388000
4.405825
4.440150
4.459125
4.500475
4.525400
4.561725
4.576425
4.602475
4.640850
4.667425
4.699400
4.732075
4.757300
4.793875
4.820375
4.858575
4.890400
4.916000
4.967050
4.992025
5.021300
5.047875
5.084400
5.115075
5.185725
5.204275
5.229800
5.257050
5.285275
5.320350
5.339325
5.386525
5.418675
5.444750
5.469925
5.497750
5.526650
5.551450
5.582825
5.607050
5.636125
5.652300
5.669425
5.694175
5.728125
5.766125
5.801125
5.845750
5.917325
5.948700
5.978650
6.013475
6.034175
6.061825
6.101125
6.133375
6.178150
6.208200
6.233575
6.262250
6.302125
6.329825
6.351650
6.385900
6.409350
6.437625
6.476800
6.491250
6.501725
6.515025
6.527950
6.543225
6.566375
6.593750
6.608175
6.625050
6.647700
6.671525
6.704675
6.731550
6.752350
6.783300
6.855175
6.878575
6.923175
6.954025
6.992000
7.048325
7.078475
7.138550
7.169750
7.197125
7.226150
7.239125
7.250525
7.271700
7.333225
7.406200
7.433950
7.450975
7.461850
7.468600
7.476900
7.507750
7.515750
7.530975
7.551100
7.571825
7.594200
7.609950
7.627725
7.641675
7.662975
7.688350
7.707700
7.743975
7.795600
7.837900
7.855525
7.887550
7.936025
8.027425
8.090125
8.112250
8.131700
8.152700
8.171225
8.190350
8.214575
8.253750
8.297825
8.328700
8.354025
8.391625
8.406950
8.416350
8.424575
8.434900
8.439425
8.456675
8.460850
8.464425
8.480025
8.504725
8.560050
8.574375
8.592325
8.612100
8.644475
8.661350
8.681125
8.689200
8.702725
8.715525
8.722075
8.730625
8.740425
8.746900
8.752975
8.763975
8.787525
8.801650
8.839250
8.889500
8.917475
8.950775
8.988800
9.009575
9.057550
9.069900
9.080200
9.111500
9.116550
9.122250
9.130525
9.174800
9.185025
9.210350
9.229200
9.245275
9.256975
9.276850
9.297325
9.318375
9.344000
9.366425
9.385025
9.405750
9.428650
9.448425
9.481300
9.504625
9.541225
9.582725
9.607825
9.637075
9.672175
9.703325
9.713300
9.741025
9.753450
9.767375
9.773900
9.793575
9.807825
9.834075
9.857350
9.867075
9.879400
9.891750
9.912200
9.922275
9.933400
9.951250
9.974875
9.997250
10.014525
10.035075
10.062250
10.077975
10.094800
10.111800
10.128825
10.145775
10.174650
10.203350
10.238900
10.299600
10.322850
10.355850
10.390550
10.416700
10.441625
10.452275
10.470700
10.474450
10.491050
10.517525
10.529425
10.539975
10.565650
10.582875
10.600350
10.614800
10.632425
10.645025
10.669600
10.697375
10.738900
10.782225
10.824850
10.847775
10.870825
10.881200
10.888125
10.895750
10.906075
10.921950
10.931075
10.944200
10.958875
10.976550
10.991425
11.002025
11.018550
11.038675
11.059175
11.086475
11.105975
11.121500
11.143050
11.168275
11.191175
11.209600
11.222500
11.235000
11.252125
11.261000
11.280150
11.289150
11.298250
11.309700
11.316650
11.329425
11.348600
11.359650
11.377400
11.424925
11.457925
11.488025
11.506325
11.523075
11.528725
11.536525
11.540500
11.549150
11.552475
11.557100
11.563125
11.609375
11.620350
11.653150
11.667100
11.719425
11.734175
11.765850
11.790350
11.845500
11.882125
11.931650
11.951950
11.972950
11.996225
12.009350
12.035850
12.058450
12.078200
12.102650
12.126125
12.150250
12.180250
12.242900
12.254500
12.262400
12.271825
12.278950
12.286150
12.298625
12.301750
12.315625
12.339100
12.353675
12.364100
12.385450
12.395525
12.401125
12.407625
12.419450
12.426650
12.436225
12.512375
12.539000
12.569275
12.596375
12.620925
12.633525
12.662375
12.672100
12.682525
12.692675
12.705550
12.733525
12.759300
12.781475
12.799625
12.816300
12.848475
12.877875
12.911100
12.931600
12.963525
12.975900
12.986000
13.003275
13.028925
13.037025
13.059250
13.070175
13.104400
13.121150
13.143150
13.181775
13.216325
13.237275
13.256600
13.278750
13.322700
13.344475
13.374100
13.401225
13.428875
13.445100
13.472750
13.508875
13.535250
13.587200
13.626875
13.659000
13.691475
13.738050
13.749600
13.765725
13.776125
13.818325
13.857400
13.885075
13.912350
13.940950
13.970525
14.009350
14.049175
14.074050
14.096150
14.113650
14.132325
14.146225
14.166025
14.179575
14.193700
14.205125
14.232475
14.254400
14.280275
14.312275
14.332925
14.356650
14.418300
14.449325
14.484025
14.495100
14.515625
14.525375
14.542100
14.560825
14.581275
14.599775
14.619375
14.681200
14.709250
14.781775
14.812400
14.837375
14.874750
14.900675
14.920400
14.939950
14.965200
14.996000
15.031400
15.045100
15.060225
15.076525
15.090950
15.110200
15.128675
15.141650
15.156900
15.169275
15.196675
15.205350
15.214825
15.238750
15.254425
15.316450
15.348850
15.380925
15.442850
15.474800
15.538075
15.552375
15.569250
15.580975
15.600050
15.613875
15.660825
15.672575
15.710275
15.723100
15.749150
15.764325
15.782600
15.807275
15.859175
15.876825
15.901100
15.909125
15.933475
15.954825
15.971225
15.990725
16.060875
16.096450
16.138150
16.178575
16.200800
16.221375
16.275975
16.308975
16.368500
16.378900
16.411700
16.440050
16.475700
16.518200
16.529625
16.542000
16.566100
16.582275
16.595625
16.624325
16.638700
16.656375
16.684075
16.704575
16.731900
16.742025
16.756075
16.771875
16.806075
16.819725
16.837500
16.844600
16.860150
16.872400
16.891975
16.908650
16.974050
17.016650
17.063150
17.082675
17.116850
17.128375
17.133025
17.144575
17.168475
17.190750
17.206050
17.245050
17.262375
17.298850
17.330925
17.368975
17.432950
17.445475
17.463225
17.478625
17.500550
17.545225
17.588625
17.627525
17.658775
17.683775
17.712225
17.755975
17.777175
17.807200
17.819925
17.835100
17.840325
17.844200
17.853525
17.863175
17.903400
17.933325
17.946225
18.000200
18.024675
18.046025
18.065550
18.095075
18.122300
18.154000
18.176200
18.191750
18.225850
18.266100
18.295500
18.321975
18.348475
18.385800
18.419700
18.424775
18.434450
18.465000
18.472250
18.486550
18.504975
18.516250
18.532675
18.572550
18.592100
18.619925
18.629700
18.656425
18.707975
18.755775
18.792750
18.807550
18.817575
18.831000
18.848375
18.885750
18.912950
18.934675
19.008850
19.039875
19.075050
19.112450
19.129025
19.146675
19.170525
19.192375
19.197900
19.202825
19.226850
19.249600
19.272025
19.317300
19.365650
19.426275
19.457950
19.482975
19.499775
19.534575
19.550675
19.560200
19.571200
19.584425
19.607450
19.633975
19.655100
19.672125
19.692925
19.707875
19.771350
19.824575
19.848900
19.882575
19.898950
19.918450
19.948125
19.957150
19.966800
19.976875
19.992750
20.016200
20.038225
20.054075
20.065650
20.089900
20.132950
20.158825
20.195025
20.220825
20.249075
20.270125
20.337350
20.371000
20.430400
20.466725
20.490350
20.501950
20.548925
20.575650
20.601750
20.620550
20.635000
20.672525
20.699600
20.725900
20.753900
20.768725
20.798775
20.804225
20.825700
20.837100
20.848375
20.855575
20.866775
20.887175
20.911225
20.932325
20.979575
21.013275
21.055925
21.091850
21.122075
21.133325
21.175925
21.196600
21.204550
21.228200
21.237050
21.250300
21.310600
21.337600
21.374550
21.412225
21.443800
21.464625
21.489725
21.524850
21.532200
21.583575
21.604075
21.618875
21.655175
21.679725
21.719875
21.746725
21.768850
21.793250
21.804725
21.822375
21.870675
21.885900
21.900475
21.924850
21.950050
21.976025
21.999275
22.022400
22.080725
22.140800
22.162500
22.175875
22.181025
22.192375
22.195400
22.199450
22.202850
22.208150
22.211375
22.214900
22.217800
22.240575
22.248150
22.274575
22.285150
22.311075
22.331450
22.370075
22.389900
22.448125
22.480000
22.522300
22.559675
22.594450
22.600625
22.607875
22.621650
22.657325
22.673525
22.728675
22.755600
22.813200
22.836200
22.857175
22.873200
22.881200
22.894600
22.911000
22.926450
22.948725
22.970200
23.039025
23.057500
23.074675
23.089900
23.102400
23.123300
23.140725
23.177675
23.213850
23.253875
23.281650
23.340925
23.378125
23.421950
23.447525
23.463775
23.478750
23.501325
23.541000
23.566825
23.595675
23.646000
23.677350
23.707275
23.732725
23.782925
23.824975
23.857650
23.893250
23.929325
23.962400
23.991800
24.019650
24.026375
24.061150
24.106150
24.122775
24.178975
24.221350
24.300725
24.332550
24.361075
24.410625
24.457275
24.475250
24.489150
24.515600
24.567250
24.591500
24.612825
24.637150
24.690450
24.752125
24.849550
24.877525
24.917200
24.955700
24.986675
25.006125
25.064375
25.098100
25.146300
25.192800
25.226375
25.276750
25.315900
25.334075
25.349675
25.371400
25.387200
25.404150
25.418125
25.431425
25.470100
25.486250
25.525375
25.543150
25.574575
25.598775
25.628375
25.659800
25.700225
25.736250
25.778025
25.814875
25.884750
25.915200
25.945050
25.991700
26.010425
26.041125
26.070550
26.162700
26.207125
26.234250
26.249050
26.265875
26.282450
26.309375
26.330600
26.351475
26.398250
26.419150
26.440200
26.457200
26.474925
26.492975
26.512350
26.547225
26.560825
26.577275
26.604050
26.630825
26.681450
26.701475
26.757475
26.807525
26.847300
26.871800
26.899100
26.921750
26.936825
26.951800
26.969675
26.985850
26.996550
27.013775
27.035250
27.072350
27.085250
27.116325
27.139475
27.161100
27.204600
27.225975
27.251625
27.286950
27.314150
27.369425
27.410450
27.428950
27.440075
27.456100
27.465725
27.471325
27.478900
27.484925
27.496700
27.508425
27.516300
27.528350
27.542450
27.558025
27.569725
27.584300
27.591375
27.603225
27.613300
27.622025
27.632200
27.650600
27.696250
27.729500
27.755250
27.770400
27.793700
27.812800
27.831125
27.856225
27.869450
27.902125
27.950175
27.965275
27.984300
28.022575
28.047100
28.072750
28.091575
28.128200
28.153150
28.182050
28.206725
28.237100
28.263325
28.276100
28.293800
28.313350
28.327800
28.333275
28.341325
28.344575
28.352900
28.373550
28.397625
28.419125
28.432800
28.453525
28.492450
28.515700
28.529800
28.544750
28.560500
28.583800
28.627625
28.650800
28.663025
28.688500
28.695850
28.703725
28.725400
28.739700
28.772425
28.790700
28.827025
28.841875
28.854650
28.888875
28.910600
28.930500
28.957725
28.986700
29.003875
29.045425
29.079600
29.126000
29.177750
29.194475
29.212375
29.244050
29.256375
29.279350
29.289900
29.300050
29.314700
29.321275
29.330875
29.339500
29.344625
29.351975
29.355700
29.365575
29.375825
29.380600
29.401400
29.415725
29.438800
29.457475
29.477825
29.510900
29.535550
29.554950
29.579750
29.592400
29.617875
29.633400
29.650425
29.680575
29.704950
29.729000
29.753725
29.776700
29.799850
29.826650
29.864600
29.898975
29.924825
29.964575
29.989750
