0.003875
0.030400
0.058075
0.068800
0.158175
0.195475
0.276350
0.313800
0.359700
0.375300
0.383975
0.495300
0.658600
0.764175
0.807075
0.835725
0.896775
1.058375
1.086625
1.104225
1.133325
1.184225
1.201150
1.216550
1.252800
1.423825
1.431525
1.441225
1.516050
1.561225
1.585575
1.616075
1.690575
1.731375
1.755875
1.806175
1.816925
1.918000
1.946500
1.990050
2.114000
2.179850
2.204900
2.224525
2.282000
2.322025
2.357525
2.513300
2.530975
2.562725
2.619525
2.707025
2.816600
2.861025
2.921625
2.953025
2.969625
3.104325
3.191650
3.235350
3.259350
3.445475
3.501600
3.533750
3.693650
3.733150
3.762825
3.778425
3.823200
3.908050
3.973550
3.996375
4.022275
4.054175
4.127250
4.321925
4.352700
4.400675
4.431175
4.544525
4.584000
4.603900
4.628800
4.669575
4.692575
4.756900
4.785225
4.808825
4.837875
4.885125
5.048550
5.099050
5.141825
5.167800
5.201750
5.225350
5.278775
5.301000
5.340625
5.384125
5.408825
5.490350
5.550525
5.580800
5.671825
5.755925
5.785875
5.831275
5.896475
5.931800
6.015900
6.047525
6.071225
6.113400
6.191950
6.351500
6.371950
6.399250
6.443925
6.467975
6.514875
6.535575
6.579150
6.654825
6.723100
6.799675
6.862075
6.977275
7.106325
7.160850
7.258825
7.424350
7.474000
7.538250
7.581025
7.625175
7.669075
7.735925
7.778225
7.848425
7.916400
7.960550
8.000700
8.057600
8.101725
8.203825
8.233275
8.295250
8.338275
8.383325
8.502450
8.607475
8.802925
8.915475
9.104925
9.137375
9.178275
9.242075
9.284150
9.377600
9.422825
9.489175
9.521775
9.624675
9.893000
10.086525
10.151250
10.176250
10.192800
10.277325
10.378200
10.439200
10.474475
10.512025
10.543025
10.565475
10.592525
10.657925
10.675200
10.702500
10.727175
10.755525
10.780800
10.854550
11.203475
11.280875
11.323825
11.379600
11.472250
11.707625
11.822475
11.963800
12.016600
12.049200
12.145700
12.205175
12.234625
12.414825
12.435550
12.456925
12.477875
12.495075
12.513775
12.535075
12.560825
12.585175
12.627300
12.695275
12.743400
13.107700
13.126825
13.155925
13.182475
13.212950
13.506800
13.549075
13.568475
13.595675
13.621075
13.635350
13.650250
13.763350
13.802775
13.836175
13.908000
13.940550
13.970325
14.002425
14.046000
14.103200
14.162500
14.253425
14.310650
14.347475
14.378050
14.598125
14.676350
14.696050
14.723550
14.749325
14.770300
15.063775
15.094175
15.161450
15.218475
15.438200
15.450250
15.649175
15.729450
15.863825
15.924300
15.949050
15.980200
16.002775
16.043150
16.075475
16.159125
16.189775
16.451075
16.518200
16.538425
16.560075
16.587100
16.624950
16.660725
16.693750
16.770550
16.794200
16.835575
16.866350
16.928400
17.257350
17.295775
17.322775
17.401250
17.429525
17.497350
17.518100
17.571600
17.624675
17.684225
17.709650
17.741600
17.778350
17.956325
17.981075
18.037850
18.099625
18.150500
18.203650
18.233900
18.280275
18.425550
18.554375
18.609600
18.641025
18.724025
18.753175
18.880425
18.964700
19.028225
19.068600
19.114350
19.139800
19.161175
19.192525
19.477325
19.512650
19.530950
19.547950
19.576225
19.591925
19.652400
19.740425
19.778600
19.885450
19.918350
19.947125
20.018125
20.047875
20.073350
20.099175
20.151275
20.192875
20.245750
20.275975
20.330100
20.593625
20.663175
20.718725
20.802775
20.875850
21.239725
21.299725
21.362425
21.402375
21.439450
21.496850
21.573200
21.594825
21.623550
21.756475
21.767775
21.787900
21.808625
21.842775
21.868625
21.920975
21.947375
22.184475
22.212375
22.241150
22.263725
22.297075
22.377725
22.568325
22.597300
22.617225
22.631225
22.644275
22.681700
22.690825
22.741175
22.804175
22.824125
22.843875
22.861200
22.886550
22.952650
23.009750
23.030375
23.059725
23.075650
23.100750
23.131350
23.152075
23.221025
23.438450
23.453950
23.469225
23.484975
23.503625
23.536675
23.560225
23.628000
23.660125
23.753625
23.782825
23.930975
23.953225
23.980650
24.027575
24.060875
24.177125
24.393700
24.418800
24.444325
24.527275
24.619175
24.699775
24.737025
24.790500
24.806925
24.823475
24.842825
25.054500
25.160025
25.190625
25.249650
25.301750
25.323375
25.355225
25.399300
25.428950
25.455425
25.476000
25.794125
25.838250
25.919525
25.984225
26.118475
26.193975
26.252625
26.287975
26.332625
26.364200
26.411050
26.439400
26.474175
26.548925
26.729350
26.747975
26.766425
26.794250
26.828700
26.865525
26.901100
26.934050
26.987700
27.165400
27.197400
27.238575
27.286600
27.320850
27.543600
27.580700
27.600475
27.653975
27.682625
27.701500
27.728425
27.748325
27.772175
27.791200
27.815125
27.862750
27.897975
27.937525
28.000300
28.057700
28.106425
28.171525
28.315700
28.365775
28.419975
28.786925
28.808725
28.884800
28.929175
28.981975
29.182550
29.199500
29.219425
29.237625
29.259150
29.397675
29.600050
29.622775
29.660350
29.707025
29.779000
29.810150
29.838725
29.892700
29.956850
