0.084100
0.091125
0.116625
0.157550
0.172825
0.193225
0.324750
0.373275
0.386400
0.426525
0.444875
0.475525
0.493275
0.516600
0.548350
0.560300
0.569275
0.585825
0.592750
0.607375
0.616650
0.779425
0.793700
0.799750
0.824275
0.849375
0.896150
0.906575
0.934225
1.022550
1.045775
1.068875
1.132075
1.214225
1.231650
1.369250
1.386750
1.548525
1.559800
1.585000
1.628575
1.649775
1.731775
1.979250
1.983300
1.989825
1.998675
2.089425
2.166275
2.205350
2.259500
2.285625
2.407225
2.440700
2.465850
2.579225
2.630575
2.676000
2.749200
2.823550
2.868725
2.920475
3.072825
3.123750
3.145100
3.310800
3.354775
3.380900
3.445050
3.684525
3.708225
3.716850
3.736300
3.745025
3.777600
3.906675
3.928900
4.018850
4.025375
4.043925
4.072175
4.121025
4.137625
4.151050
4.256375
4.279500
4.297675
4.377625
4.453525
4.476625
4.487925
4.594725
4.630050
4.743700
4.753425
4.809100
4.837500
4.863550
5.020325
5.104500
5.219525
5.270675
5.293375
5.802200
5.939550
5.980375
5.998000
6.016225
6.435225
6.450925
6.464750
6.492750
6.509475
6.545525
6.574725
6.614700
6.673725
6.704775
6.722700
6.757950
6.778575
6.785925
6.877125
6.888875
6.906700
6.912575
6.941075
7.002950
7.010450
7.027775
7.042275
7.076250
7.103950
7.154175
7.198750
7.223500
7.232100
7.240650
7.252800
7.259575
7.271075
7.279975
7.315100
7.489350
7.526800
7.535950
7.544500
7.573500
7.627325
7.660825
7.671025
7.712000
7.730475
7.763800
7.776325
7.839825
7.860675
7.872925
7.887475
7.921175
7.941525
7.951600
8.128650
8.188800
8.245750
8.321550
8.503550
8.517850
8.543625
8.588450
8.614750
8.633550
8.659525
8.681025
8.696400
8.707375
8.938500
9.005800
9.038550
9.046900
9.080350
9.117200
9.157200
9.167425
9.233600
9.339325
9.375800
9.408000
9.452600
9.475050
9.495175
9.508475
9.523075
9.564325
9.653250
9.678850
9.707700
9.748700
9.768225
9.909675
9.935825
9.968200
9.982825
10.102150
10.213075
10.301225
10.333125
10.344000
10.367975
10.595325
10.631750
10.722350
10.731625
10.737775
10.750675
10.791825
10.874500
10.982375
11.106600
11.143375
11.165525
11.285975
11.292175
11.319575
11.330600
11.337325
11.417700
11.463150
11.516450
11.541200
11.555150
11.576075
11.722550
11.737875
11.778275
11.807600
11.871275
11.918275
11.943675
12.303375
12.339850
12.544050
12.609500
12.721125
12.725425
12.753275
12.775700
12.783525
12.797725
12.819400
12.999800
13.147125
13.294500
13.580150
13.595400
13.823875
14.027150
14.050475
14.363500
14.624850
14.683800
14.766875
14.854700
14.910775
15.158650
15.198175
15.235125
15.259425
15.281325
15.374175
15.392050
15.415675
15.471425
15.484500
15.504050
15.541550
15.546475
15.559350
15.587650
15.635650
15.816525
15.834725
15.864775
15.889500
16.086625
16.141850
16.201350
16.214125
16.537625
16.561925
16.598075
16.608675
16.627900
16.674375
16.817450
16.827425
16.841425
16.877275
16.888500
16.913800
16.970650
17.009150
17.020075
17.038650
17.213850
17.333425
17.354325
17.399750
17.417025
17.426825
17.438275
17.685375
17.725100
17.791550
17.810825
17.836525
17.849425
17.869800
18.037525
18.086900
18.148150
18.176675
18.216425
18.223800
18.237300
18.251175
18.276650
18.491175
18.512175
18.556875
18.583950
18.595550
18.598650
18.614725
18.633800
18.811625
18.907775
18.981250
19.006775
19.022450
19.287825
19.315100
19.376500
19.383225
19.390325
19.642900
19.662750
19.701325
19.732375
19.825725
19.842975
19.850950
20.080575
20.155525
20.183600
20.190025
20.228075
20.571725
20.627650
20.766575
20.829825
20.880450
20.894825
21.002400
21.025450
21.070325
21.085575
21.111700
21.277325
21.315375
21.349325
21.391950
21.437150
21.513825
21.550600
21.586025
21.632925
21.648125
21.666950
21.674850
21.681750
21.704850
21.734850
21.890300
21.913400
21.923000
22.015500
22.038875
22.061200
22.080275
22.121300
22.159725
22.192075
22.221900
22.260225
22.348975
22.494125
22.531400
22.543425
22.575800
22.843425
22.867725
22.882050
22.909850
22.917925
22.949700
22.960150
22.986600
23.011250
23.039675
23.145525
23.173550
23.267550
23.299000
23.316450
23.325525
23.334200
23.340775
23.347125
23.373000
23.489925
23.514700
23.554350
23.682925
23.731850
23.783875
23.807175
23.842775
23.946925
23.973400
24.070775
24.082250
24.094300
24.105675
24.118225
24.131150
24.145675
24.154100
24.169825
24.331750
24.401175
24.419200
24.431875
24.462450
24.482000
24.518650
24.658275
24.753025
24.865725
24.891525
24.909725
25.001825
25.210500
25.237025
25.245475
25.252425
25.256325
25.269450
25.294100
25.327525
25.569900
25.586625
25.609275
25.638225
25.655700
25.910550
25.947325
25.961250
26.026925
26.051825
26.060400
26.084525
26.263825
26.335100
26.353775
26.368575
26.374550
26.405825
26.424000
26.446650
26.470575
26.665500
26.762350
26.789825
26.816175
26.994275
27.034075
27.043050
27.056425
27.068725
27.084800
27.096700
27.321725
27.436450
27.451975
27.459725
27.475725
27.486800
27.498000
27.550925
27.911675
27.965425
27.987775
28.235875
28.295075
28.656400
28.729375
28.773275
28.780675
28.790025
28.942350
28.975300
28.990800
29.013225
29.041400
29.057725
29.068075
29.074825
29.077425
29.083050
29.085050
29.116950
29.125575
29.137300
29.145300
29.151250
29.159025
29.164075
29.167400
29.174725
29.191275
29.203300
29.213400
29.220075
29.240275
29.242600
29.253325
29.260600
29.262625
29.395125
29.452600
29.468500
29.545025
29.624425
29.652425
29.663900
29.702625
29.710775
29.720500
29.733050
29.753725
29.758350
29.760650
29.768825
29.777650
29.780525
29.827575
29.843250
29.848425
29.871050
29.883850
29.936925
29.956425
29.980950
