0.014850
0.073025
0.090400
0.206800
0.279300
0.324700
0.352175
0.383675
0.414700
0.440175
0.446200
0.462400
0.487350
0.612050
0.693075
0.760625
0.770825
0.806600
0.834400
0.883700
0.897600
0.938025
1.079500
1.124725
1.181125
1.234875
1.278175
1.292275
1.315675
1.322275
1.371025
1.403850
1.462350
1.508025
1.634125
1.695725
1.703925
1.720250
1.733525
1.742025
1.777400
1.809400
1.820900
1.928275
1.955400
2.026150
2.088875
2.229800
2.254725
2.270825
2.348625
2.390925
2.410275
2.479600
2.521650
2.542400
2.615550
2.696200
2.713800
2.724025
2.750850
2.761700
2.810400
2.849175
2.926875
3.002675
3.028275
3.065775
3.096975
3.120425
3.137475
3.154875
3.236025
3.283625
3.315775
3.387000
3.431000
3.463800
3.493775
3.502200
3.520225
3.536350
3.659850
3.683925
3.731275
3.890375
3.932325
3.998500
4.131375
4.170750
4.229000
4.376700
4.422550
4.435025
4.460400
4.474925
4.481300
4.489850
4.497375
4.507300
4.556575
4.568650
4.579475
4.598125
4.612200
4.648475
4.697950
4.769625
4.907375
4.934700
4.945200
4.960600
4.967750
4.993075
5.032925
5.109025
5.128875
5.184325
5.218200
5.371075
5.398725
5.439050
5.521150
5.612650
5.678025
5.726450
5.779950
5.827200
5.832125
5.836650
5.842850
5.848650
5.853700
5.911950
5.927875
5.938150
5.976875
5.995450
6.210375
6.394350
6.419450
6.442700
6.462675
6.473950
6.488475
6.502275
6.526125
6.543575
6.574175
6.648375
6.710225
6.738550
6.843025
6.887925
6.901925
6.915800
6.927325
6.952350
6.964200
6.999850
7.018450
7.027050
7.107625
7.122550
7.138825
7.175575
7.198400
7.426125
7.490875
7.520475
7.564375
7.592600
7.614425
7.734775
7.778300
7.798375
7.848000
7.865725
7.886925
7.902350
7.911175
7.919650
7.983225
7.990750
8.018800
8.154125
8.218575
8.287000
8.305875
8.313175
8.333075
8.351975
8.379475
8.403950
8.419575
8.427575
8.447050
8.459400
8.476250
8.487550
8.513075
8.563825
8.776200
8.818825
8.854850
8.937400
9.034375
9.091925
9.124425
9.129600
9.134750
9.151675
9.212550
9.236000
9.242625
9.260475
9.278600
9.290300
9.301000
9.341875
9.501425
9.600525
9.628700
9.640100
9.653300
9.691025
9.791850
9.841450
9.869650
9.917925
10.003950
10.047250
10.068575
10.080000
10.109325
10.126375
10.158900
10.195350
10.291500
10.320675
10.354950
10.542000
10.572825
10.593975
10.604525
10.628275
10.634525
10.657975
10.736950
10.779800
10.798425
10.866500
10.895125
10.948125
10.995750
11.027275
11.116450
11.221400
11.296200
11.308775
11.333350
11.383600
11.404650
11.434750
11.542700
11.576675
11.630400
11.677900
11.821500
11.831525
11.882750
11.898300
11.916450
11.923175
11.949575
11.956325
11.963250
11.972150
12.025200
12.043850
12.108650
12.283100
12.441125
12.478625
12.490875
12.520650
12.571975
12.597975
12.633475
12.681550
12.713375
12.775700
12.834075
12.874750
12.902600
12.912800
12.981075
13.089175
13.128650
13.234625
13.299925
13.325250
13.335550
13.341950
13.354000
13.386000
13.393250
13.464675
13.552775
13.576225
13.603525
13.647150
13.830750
13.861425
13.878500
13.922400
13.976325
14.084025
14.124000
14.180450
14.231675
14.244775
14.248325
14.253000
14.273150
14.298475
14.391175
14.471050
14.556225
14.580275
14.608025
14.621725
14.656350
14.706775
14.715025
14.762700
14.830825
14.851375
14.922925
15.025250
15.071250
15.223850
15.239575
15.308275
15.399275
15.486900
15.541300
15.654575
15.666500
15.715275
15.732225
15.754625
15.776925
15.800050
15.830950
15.870400
15.940975
15.983725
16.015075
16.046075
16.074875
16.101750
16.131100
16.154775
16.189975
16.229025
16.252925
16.362900
16.416775
16.461025
16.481500
16.544875
16.614575
16.734625
16.872000
16.890100
16.915700
16.921525
16.928425
16.955125
16.988800
17.003075
17.028075
17.064900
17.084300
17.129150
17.157025
17.197400
17.363175
17.373650
17.384975
17.412925
17.431700
17.439250
17.448150
17.456650
17.463775
17.480550
17.494125
17.546400
17.596925
17.619950
17.701100
17.754225
17.777950
17.801850
17.864950
17.920950
18.071725
18.101750
18.145650
18.165825
18.187525
18.259275
18.353100
18.391700
18.446500
18.489375
18.503275
18.531800
18.560850
18.570725
18.590150
18.659400
18.699825
18.755525
18.803125
18.832775
18.917225
19.038100
19.054775
19.063000
19.153325
19.235100
19.252975
19.271025
19.287725
19.342400
19.357375
19.376575
19.392950
19.416300
19.433525
19.482475
19.552550
19.606225
19.647200
19.711000
19.805125
19.828250
19.835825
19.854800
19.877500
19.888575
19.907450
19.922675
19.963375
19.997350
20.043325
20.089400
20.138650
20.156750
20.177925
20.182875
20.221850
20.235825
20.245300
20.288650
20.445100
20.464250
20.485900
20.616175
20.737450
20.782700
20.793675
20.809950
20.825775
20.838275
20.876375
20.916300
20.971325
20.991525
21.019425
21.051375
21.137225
21.196675
21.308250
21.315850
21.322825
21.331175
21.468725
21.513750
21.573300
21.655950
21.793100
21.883525
21.900250
21.922075
21.947400
21.996300
22.013075
22.039025
22.098425
22.127825
22.187600
22.212600
22.232650
22.246825
22.270050
22.354750
22.402800
22.460050
22.483800
22.520900
22.567900
22.602775
22.628850
22.663750
22.742900
22.780550
22.824800
22.864100
22.881275
22.909400
22.928475
22.955175
22.978750
23.003550
23.059125
23.101075
23.151250
23.205475
23.252800
23.295250
23.309750
23.416100
23.451400
23.466300
23.492450
23.715000
23.803425
23.871650
23.905500
23.948850
23.959025
24.049875
24.057875
24.069600
24.190950
24.226875
24.314200
24.369700
24.416700
24.558050
24.607825
24.754500
24.771350
24.804975
24.810075
24.848500
24.858975
24.874675
24.890550
24.956550
24.975550
25.100275
25.142775
25.362150
25.392475
25.413975
25.422775
25.433875
25.447800
25.475500
25.488700
25.546150
25.561050
25.605300
25.675425
25.768900
25.837525
25.898925
25.929000
25.990775
26.006925
26.030950
26.051900
26.088925
26.104300
26.120000
26.127100
26.178375
26.186275
26.218250
26.281925
26.299325
26.308750
26.341625
26.409075
26.585725
26.642950
26.653850
26.711800
26.723950
26.772600
26.812475
26.866075
26.940250
26.971625
27.027250
27.094175
27.158850
27.181275
27.254000
27.268875
27.335525
27.368775
27.408675
27.482900
27.624500
27.653250
27.679900
27.689375
27.702500
27.748150
27.758200
27.767550
27.811000
27.822125
27.843100
27.899175
27.921700
27.995375
28.063525
28.193425
28.217950
28.234300
28.243525
28.251150
28.284550
28.401850
28.436950
28.481250
28.577650
28.592375
28.620300
28.670475
28.686575
28.743675
28.789300
28.840825
28.865700
28.883025
28.906100
29.085125
29.093450
29.124225
29.142200
29.278800
29.366425
29.415800
29.428075
29.437925
29.461150
29.468450
29.492950
29.544600
29.582800
29.622225
29.764800
29.871250
29.907525
29.913425
29.918300
29.928250
29.963750
