0.022625
0.043900
0.072400
0.147900
0.169875
0.273900
0.329700
0.409050
0.435725
0.512750
0.540075
0.564150
0.594150
0.647900
0.798525
0.844525
0.865025
0.892150
0.978450
0.992250
1.016700
1.046875
1.066125
1.164475
1.200750
1.248850
1.269700
1.332600
1.377025
1.393575
1.432800
1.492125
1.529925
1.564400
1.618450
1.709850
1.751475
1.805575
1.893375
1.973375
2.006775
2.063800
2.083750
2.173625
2.193975
2.226375
2.262775
2.433900
2.452125
2.626500
2.704725
2.819525
2.904175
2.950675
2.976025
3.043525
3.181350
3.206750
3.273275
3.290175
3.309650
3.326275
3.360825
3.380025
3.475725
3.509575
3.535800
3.560750
3.579675
3.603950
3.633675
3.670475
3.696000
3.725450
3.846075
3.878125
3.977950
4.053100
4.154225
4.301950
4.330000
4.387675
4.404150
4.447550
4.481550
4.498675
4.633575
4.685525
4.711450
4.749850
4.856875
4.907550
4.913150
4.930475
4.962125
5.023450
5.049025
5.191175
5.228500
5.288475
5.526125
5.556000
5.598650
5.674825
5.693575
5.721025
5.742175
5.798525
5.910775
5.936475
5.984925
6.004050
6.098275
6.125900
6.154325
6.178750
6.235025
6.280425
6.332100
6.364200
6.391200
6.414925
6.482825
6.576375
6.630950
6.666575
6.694000
6.802200
6.853675
6.877475
6.975675
7.084975
7.186450
7.253625
7.314550
7.436300
7.484575
7.604325
7.695825
8.029200
8.160275
8.396200
8.426925
8.499875
8.515050
8.534275
8.574575
8.698475
8.727400
8.758575
8.802250
8.824125
8.850925
9.027925
9.081725
9.300400
9.361475
9.437725
9.507450
9.559325
9.582925
9.616075
9.632225
9.664075
9.707650
9.788550
9.844800
9.861925
9.922100
9.961150
9.987100
10.011450
10.029725
10.065575
10.105875
10.168050
10.249100
10.412975
10.448300
10.528725
10.546125
10.609650
10.639075
10.814000
10.815225
10.856975
10.881200
11.023575
11.056900
11.167775
11.234000
11.267800
11.333250
11.372925
11.443900
11.505400
11.522525
11.571350
11.622975
11.648950
11.783225
11.823950
11.887450
11.926175
11.946375
12.030075
12.097700
12.153925
12.185775
12.237625
12.310775
12.385550
12.424050
12.468825
12.625450
12.766700
12.790950
12.858375
12.932475
12.998150
13.057200
13.083375
13.141825
13.424750
13.485375
13.503400
13.589750
13.605950
13.648225
13.687575
13.755425
13.795100
13.887550
13.952675
14.021200
14.094500
14.111250
14.240100
14.269100
14.510225
14.530625
14.548150
14.637975
14.704550
14.751225
14.859475
14.893900
14.941675
14.957500
14.978900
15.037750
15.110400
15.195150
15.218650
15.382075
15.410050
15.432850
15.550375
15.590350
15.622350
15.728675
15.766600
15.957525
16.034525
16.082150
16.159200
16.236250
16.263600
16.287450
16.515525
16.699700
16.717400
16.742650
16.840025
16.904525
16.975250
17.076400
17.308675
17.371550
17.427775
17.584725
17.670000
17.688800
17.722000
17.869075
17.960350
18.035975
18.144925
18.166875
18.290825
18.323700
18.440225
18.484775
18.590875
18.781650
18.852550
18.891750
18.951775
18.986750
19.005425
19.061300
19.096875
19.167375
19.183550
19.219850
19.284300
19.346775
19.436100
19.515575
19.605000
19.661625
19.700025
19.743625
19.768250
19.825350
19.916775
19.962225
19.994500
20.047500
20.068500
20.186200
20.217175
20.317275
20.357475
20.439025
20.513350
20.554275
20.602300
20.636125
20.659250
20.737200
20.743175
20.810400
20.857700
20.985450
21.005075
21.072800
21.139775
21.247200
21.272375
21.413475
21.431300
21.475175
21.525400
21.595350
21.654300
22.031025
22.099800
22.126075
22.145300
22.206275
22.299200
22.353925
22.450800
22.471975
22.497050
22.531675
22.559750
22.741125
22.777925
22.859100
22.977200
23.009125
23.080575
23.113150
23.143550
23.187100
23.212100
23.262525
23.509650
23.561075
23.589050
23.773275
23.878875
23.953450
24.003575
24.044275
24.106250
24.237925
24.451350
24.471175
24.555325
24.703275
24.750300
24.803500
24.872825
24.903450
24.926925
24.994825
25.161950
25.329850
25.459200
25.564300
25.645875
25.735225
25.770025
25.794025
25.979950
26.005300
26.047550
26.071750
26.087725
26.143350
26.243900
26.269825
26.342675
26.369500
26.563775
26.606675
26.735675
26.781175
26.799850
26.823200
26.865300
26.895600
26.945875
27.034250
27.232200
27.356675
27.410325
27.508425
27.528925
27.737000
27.744675
27.782375
27.917850
27.961825
28.066800
28.122400
28.161200
28.167000
28.184725
28.239550
28.297825
28.355175
28.379050
28.565325
28.614550
28.646375
28.668025
28.702225
28.719875
28.836925
28.937900
28.982025
29.005100
29.163300
29.196950
29.237800
29.334200
29.386875
29.427400
29.522350
29.637075
29.658925
29.696775
29.718225
29.749375
29.800950
29.813875
29.855300
29.926975
29.952175
29.991450
