0.056250
0.078325
0.116675
0.138700
0.205600
0.220350
0.236700
0.252725
0.302400
0.320650
0.354700
0.389200
0.400650
0.446150
0.465000
0.506500
0.544300
0.572550
0.585300
0.606725
0.622050
0.647525
0.691775
0.715475
0.754775
0.781700
0.804775
0.856850
0.897975
0.935625
0.978050
1.120000
1.138650
1.164050
1.225875
1.257225
1.326175
1.369900
1.466125
1.484450
1.540825
1.570175
1.636925
1.673975
1.736850
1.823325
1.891175
1.951650
1.995350
2.170775
2.263975
2.326300
2.396525
2.455925
2.521100
2.540850
2.567100
2.591900
2.632075
2.655275
2.673475
2.716875
2.761950
2.819625
2.852625
2.936975
2.957625
2.979875
3.005925
3.044500
3.076175
3.114925
3.141375
3.271825
3.292750
3.339875
3.361675
3.404000
3.423350
3.444600
3.471350
3.556675
3.608875
3.643100
3.684075
3.783275
3.815525
3.967200
4.009300
4.096725
4.177675
4.252050
4.274475
4.291200
4.348275
4.372250
4.397300
4.416100
4.443025
4.479575
4.494625
4.551450
4.635775
4.656400
4.706950
4.752575
4.780150
4.795225
4.836000
4.888025
4.923325
4.952550
4.991475
5.010725
5.041500
5.101225
5.116675
5.131625
5.155425
5.170350
5.181375
5.201550
5.237325
5.255225
5.283150
5.337350
5.393425
5.414500
5.445350
5.475950
5.543850
5.591625
5.621725
5.653725
5.687875
5.709275
5.712525
5.731975
5.780050
5.792100
5.893700
5.930650
5.966950
5.979225
5.981775
6.010575
6.055375
6.065925
6.092050
6.121175
6.133850
6.154575
6.203000
6.287975
6.313050
6.330400
6.343350
6.355325
6.388550
6.448475
6.468400
6.483725
6.512350
6.525325
6.552375
6.582225
6.602000
6.623925
6.692925
6.715775
6.749925
6.841650
6.878125
6.933250
6.971300
6.990975
7.044550
7.065200
7.111600
7.113100
7.156550
7.190325
7.220800
7.265300
7.284750
7.312825
7.336500
7.385100
7.434625
7.469675
7.505300
7.542125
7.560175
7.605025
7.662375
7.684975
7.698425
7.744325
7.755825
7.768650
7.957800
8.057975
8.078800
8.131550
8.160250
8.180375
8.197350
8.275625
8.290775
8.326625
8.346175
8.347450
8.389750
8.409450
8.427500
8.442250
8.571875
8.672250
8.692225
8.727950
8.766025
8.830125
8.836075
8.989325
9.004050
9.019975
9.036550
9.065325
9.080200
9.103250
9.132400
9.165225
9.188975
9.190400
9.253625
9.277200
9.300725
9.323175
9.336500
9.355100
9.380275
9.421175
9.435850
9.440200
9.451475
9.478675
9.518975
9.535550
9.552125
9.577200
9.617000
9.701750
9.722150
9.745475
9.850000
9.863500
9.889450
9.929250
9.953400
9.966575
9.995825
10.011800
10.044875
10.100750
10.133200
10.178075
10.212200
10.288850
10.425400
10.507800
10.552300
10.565950
10.610950
10.629800
10.651900
10.674050
10.688650
10.727675
10.766650
10.787525
10.843175
10.866675
10.973825
11.056350
11.075375
11.091350
11.124525
11.140200
11.157050
11.171800
11.201700
11.220675
11.297400
11.337500
11.351650
11.377850
11.395925
11.434000
11.480900
11.544425
11.587775
11.661300
11.749825
11.801500
11.832075
11.850075
11.875000
11.894675
11.912350
11.956125
11.967750
12.021650
12.072150
12.096250
12.142300
12.180925
12.278725
12.297300
12.305775
12.324850
12.337525
12.405100
12.444025
12.474000
12.492825
12.538075
12.560675
12.657000
12.674075
12.685725
12.757175
12.796625
12.810100
12.850250
12.867025
12.885775
12.923825
12.938950
12.984625
13.008775
13.028675
13.058950
13.086600
13.096550
13.103675
13.151975
13.166000
13.241100
13.282025
13.324025
13.357950
13.379675
13.399425
13.447950
13.458775
13.475050
13.579850
13.607925
13.650650
13.691375
13.742625
13.795575
13.824900
13.846425
13.886825
13.930100
13.967050
13.980850
14.028350
14.049500
14.086000
14.135300
14.227350
14.298450
14.387075
14.466175
14.486175
14.505775
14.541550
14.561800
14.582275
14.633525
14.679800
14.727200
14.857725
14.873800
14.902100
14.926025
14.941675
14.993425
15.036325
15.049375
15.066275
15.086650
15.160375
15.206700
15.293350
15.306675
15.382500
15.406600
15.448950
15.465800
15.487225
15.589625
15.605250
15.625600
15.656375
15.677475
15.691125
15.706075
15.757950
15.772375
15.844725
15.861475
15.939225
15.976450
15.994250
16.030250
16.080325
16.104650
16.136400
16.176075
16.194600
16.231600
16.253625
16.271025
16.298325
16.313625
16.333200
16.394125
16.479325
16.492125
16.512050
16.526025
16.568000
16.585950
16.693725
16.709075
16.727175
16.765650
16.825075
16.842825
16.887675
16.926625
16.967050
17.019600
17.035900
17.123050
17.189025
17.191375
17.207025
17.235000
17.268650
17.281475
17.300300
17.321375
17.358050
17.410850
17.426675
17.436000
17.447600
17.473125
17.504875
17.533600
17.552375
17.573000
17.595650
17.626250
17.646150
17.805875
17.838000
17.918000
17.936400
17.980600
18.000350
18.019250
18.033825
18.093325
18.110175
18.162675
18.277600
18.297425
18.349200
18.361125
18.430150
18.513650
18.529400
18.556025
18.590800
18.668050
18.690050
18.701250
18.729200
18.773450
18.788350
18.825000
18.839350
18.862525
19.018250
19.030325
19.044550
19.053325
19.094450
19.100600
19.116000
19.129800
19.155725
19.183525
19.244350
19.269700
19.293000
19.346225
19.395825
19.490000
19.522500
19.588575
19.703600
19.724025
19.747550
19.818875
19.833125
19.847350
19.915775
19.946900
20.025225
20.049325
20.088050
20.146025
20.161000
20.214125
20.260025
20.275375
20.337275
20.359125
20.380025
20.425050
20.435000
20.518475
20.543200
20.618750
20.631950
20.658600
20.705425
20.716725
20.730875
20.758650
20.785825
20.906025
20.967200
21.035200
21.060450
21.102700
21.181475
21.197400
21.247900
21.280975
21.310900
21.325050
21.376675
21.405875
21.427975
21.450375
21.487125
21.538200
21.597850
21.705100
21.893450
21.914575
22.017700
22.133225
22.150725
22.166675
22.171250
22.231975
22.268950
22.373650
22.540375
22.553525
22.571600
22.600675
22.641225
22.658675
22.715825
22.769475
22.798075
22.836600
22.919350
23.034350
23.047000
23.151275
23.212850
23.238650
23.279475
23.301250
23.372375
23.418100
23.446900
23.513175
23.545375
23.570350
23.631250
23.662300
23.675600
23.722825
23.741575
23.759800
23.779875
23.791375
23.816875
23.987525
24.031525
24.083100
24.101825
24.113850
24.142575
24.154975
24.243725
24.257900
24.278175
24.303300
24.344825
24.363300
24.410950
24.438350
24.461800
24.484325
24.532850
24.666350
24.692725
24.713550
24.805150
24.873325
24.953975
24.976925
25.017050
25.080925
25.107650
25.136325
25.191175
25.223050
25.246100
25.287525
25.305350
25.394250
25.429175
25.473050
25.538975
25.558150
25.690950
25.781275
25.796100
25.836000
25.853425
25.913900
26.035525
26.072575
26.115150
26.225275
26.251450
26.306600
26.332150
26.371150
26.466750
26.496075
26.525925
26.559525
26.638525
26.729725
26.776075
26.828925
26.885425
26.905025
26.915200
26.951250
26.964425
26.989600
27.044050
27.117350
27.180600
27.201700
27.242525
27.283250
27.361975
27.405875
27.484525
27.505100
27.525975
27.586650
27.603625
27.654450
27.687725
27.703825
27.724575
27.764675
27.925125
27.957975
27.995575
28.013575
28.022875
28.035525
28.054100
28.072300
28.117200
28.129475
28.137850
28.180675
28.211425
28.220475
28.297650
28.338400
28.424725
28.455025
28.497525
28.511050
28.539225
28.651575
28.705550
28.719050
28.783575
28.810600
28.892650
28.945725
29.021050
29.034625
29.067375
29.103650
29.122275
29.141400
29.143600
29.170725
29.232375
29.292925
29.325350
29.354075
29.375550
29.384550
29.430275
29.473625
29.504750
29.523675
29.547050
29.598850
29.634375
29.669850
29.693950
29.720650
29.793400
29.814125
29.857450
29.952750
