0.003000
0.011650
0.023975
0.046225
0.051750
0.059575
0.070850
0.077625
0.090850
0.120200
0.163100
0.174350
0.231725
0.327000
0.345300
0.372675
0.385575
0.394625
0.417025
0.420475
0.426250
0.431300
0.449625
0.453425
0.457225
0.461300
0.482125
0.486925
0.494550
0.499875
0.516800
0.535775
0.540875
0.547050
0.552625
0.574500
0.581450
0.590300
0.596850
0.603825
0.609550
0.619150
0.674375
0.701375
0.716025
0.746750
0.763525
0.785225
0.795400
0.812050
0.847100
0.858700
0.884475
0.888850
0.899375
0.908450
0.913950
0.921550
0.925575
0.940000
0.947075
0.954400
0.981575
1.054800
1.086075
1.119775
1.132175
1.140325
1.149850
1.171400
1.178875
1.207350
1.271800
1.277075
1.305550
1.312575
1.322925
1.382400
1.385600
1.392400
1.412550
1.488500
1.500000
1.512150
1.520650
1.539550
1.552700
1.559500
1.569675
1.576525
1.590000
1.596125
1.609050
1.636675
1.733675
1.751350
1.772275
1.790500
1.814575
1.873300
1.907325
1.925925
1.933700
1.944875
1.952150
1.959175
1.965125
1.977950
2.004750
2.020525
2.027250
2.042150
2.071650
2.099450
2.131175
2.161450
2.176925
2.220600
2.266575
2.285300
2.307325
2.322150
2.335825
2.352125
2.374950
2.411900
2.429300
2.442800
2.448575
2.452950
2.465875
2.471050
2.498850
2.536625
2.547500
2.560425
2.571775
2.627500
2.637900
2.665450
2.677050
2.686525
2.711450
2.742150
2.763200
2.791000
2.819725
2.835450
2.849625
2.867275
2.907250
2.918075
2.978700
2.998400
3.016375
3.052400
3.072175
3.136775
3.155200
3.161700
3.174100
3.185550
3.195300
3.198075
3.202150
3.220725
3.232300
3.242000
3.247125
3.290250
3.299125
3.307400
3.315725
3.323900
3.335200
3.359650
3.385850
3.397425
3.404825
3.416450
3.427175
3.440800
3.445325
3.456550
3.457750
3.462625
3.467350
3.478150
3.495275
3.507275
3.513350
3.519350
3.539450
3.553375
3.560050
3.610050
3.648750
3.668925
3.685225
3.699400
3.733650
3.752100
3.771450
3.815275
3.827850
3.836475
3.857600
3.870800
3.896500
3.907300
3.916325
3.932525
3.950175
3.962350
3.977300
4.024825
4.041125
4.054625
4.068500
4.083350
4.114250
4.131875
4.149000
4.153625
4.165225
4.173225
4.198225
4.204400
4.212450
4.228950
4.258500
4.273575
4.291875
4.307750
4.366600
4.378875
4.398250
4.420100
4.430550
4.437700
4.446075
4.452450
4.460450
4.474750
4.479900
4.489075
4.495275
4.514025
4.528775
4.547875
4.557725
4.575275
4.588175
4.599625
4.613450
4.647375
4.662875
4.690000
4.721050
4.740750
4.752475
4.786575
4.792625
4.800900
4.810825
4.817450
4.822850
4.827325
4.840825
4.859150
4.864925
4.886700
4.894775
4.943000
4.967425
5.000025
5.013400
5.022100
5.045325
5.057550
5.099275
5.123075
5.157350
5.195850
5.247300
5.264725
5.314625
5.351350
5.371925
5.384550
5.418975
5.454075
5.477775
5.493825
5.521175
5.568850
5.578475
5.589225
5.601050
5.614450
5.643850
5.659200
5.681500
5.702300
5.719575
5.737075
5.762375
5.804275
5.820800
5.843925
5.863025
5.887000
5.922700
5.939025
5.945025
5.952775
5.957500
5.963150
5.977825
5.990025
6.002825
6.012375
6.020050
6.026100
6.037100
6.046650
6.054000
6.063775
6.076775
6.102900
6.127725
6.145475
6.164475
6.178050
6.238725
6.342125
6.379600
6.400375
6.424600
6.441000
6.457225
6.476975
6.487450
6.495875
6.502300
6.513550
6.518325
6.522525
6.534450
6.538800
6.553875
6.559500
6.568975
6.579025
6.589775
6.601900
6.631700
6.657750
6.677900
6.695650
6.711300
6.729925
6.760575
6.778625
6.835575
6.845375
6.859800
6.877575
6.889025
6.905000
6.917200
6.927150
6.958750
6.977350
7.004100
7.018350
7.031975
7.056900
7.070525
7.085375
7.131300
7.165300
7.179650
7.196100
7.238100
7.269750
7.292350
7.307075
7.331700
7.352575
7.374075
7.397225
7.435625
7.456025
7.472225
7.486475
7.510825
7.524775
7.537850
7.561800
7.577650
7.589075
7.600175
7.609025
7.615550
7.624425
7.630775
7.640975
7.646375
7.652250
7.656825
7.691475
7.699225
7.741250
7.782250
7.799325
7.822300
7.839025
7.861250
7.908550
7.930150
7.973250
7.985625
8.026300
8.054275
8.077875
8.100900
8.120825
8.143650
8.161275
8.189325
8.215875
8.232275
8.262150
8.291625
8.305125
8.318125
8.350875
8.366650
8.383525
8.406500
8.415875
8.434025
8.448075
8.460875
8.474125
8.494150
8.512275
8.548150
8.557025
8.564275
8.580475
8.585875
8.594225
8.605375
8.615025
8.626925
8.633850
8.648600
8.653900
8.699675
8.707725
8.713700
8.725950
8.739825
8.752450
8.783325
8.816225
8.834275
8.852750
8.891525
8.900400
8.921900
8.973075
8.980950
8.995250
9.001825
9.007800
9.022925
9.027525
9.035550
9.042275
9.060275
9.072850
9.095250
9.122500
9.133375
9.192150
9.206700
9.242925
9.259350
9.279825
9.287725
9.295875
9.306675
9.313250
9.331975
9.336425
9.341800
9.362000
9.373175
9.394950
9.402625
9.414625
9.425925
9.461425
9.477200
9.487275
9.539175
9.560750
9.579275
9.600275
9.641600
9.656750
9.672450
9.677550
9.682150
9.694875
9.711025
9.724450
9.735675
9.747950
9.754225
9.773425
9.785175
9.794825
9.806275
9.822200
9.850750
9.872450
9.881300
9.889550
9.925325
9.944500
9.949875
9.957400
9.964625
9.986950
10.045350
10.074400
10.090500
10.134075
10.160825
10.177025
10.189800
10.202475
10.217275
10.287125
10.298225
10.303175
10.309375
10.314100
10.329175
10.333300
10.349925
10.361525
10.370675
10.392350
10.398400
10.408650
10.414125
10.425750
10.449325
10.470050
10.486700
10.496600
10.558725
10.578125
10.593400
10.609675
10.623775
10.636300
10.648100
10.679300
10.724200
10.731575
10.743450
10.756000
10.771050
10.796975
10.805525
10.811975
10.818875
10.836550
10.849150
10.876500
10.892925
10.908925
10.926325
10.955050
10.969175
10.985225
11.006175
11.049375
11.063050
11.110575
11.129825
11.176575
11.193000
11.216100
11.231625
11.286650
11.307200
11.352625
11.371100
11.384850
11.394375
11.402525
11.416925
11.423300
11.432225
11.449425
11.457325
11.471050
11.478250
11.490200
11.502775
11.515200
11.518475
11.525825
11.532375
11.540100
11.544175
11.557100
11.563975
11.570475
11.590000
11.636550
11.645125
11.654475
11.664800
11.682725
11.704475
11.718500
11.731450
11.779925
11.806750
11.824975
11.843175
11.858850
11.874525
11.887450
11.899825
11.918125
11.961350
11.988875
12.009725
12.026300
12.042050
12.065050
12.090925
12.126975
12.136375
12.149525
12.163250
12.179125
12.192275
12.214200
12.226375
12.233000
12.240200
12.246075
12.251175
12.269100
12.280175
12.287125
12.292075
12.304450
12.311175
12.316525
12.328575
12.374425
12.391725
12.406625
12.424575
12.449150
12.490875
12.505775
12.530775
12.588525
12.599450
12.609875
12.617125
12.623675
12.630125
12.639450
12.649500
12.658400
12.670050
12.706400
12.724400
12.739750
12.758350
12.815550
12.830650
12.846750
12.861950
12.881800
12.889775
12.904725
12.922400
12.925700
12.938625
12.943550
12.948300
12.952800
12.962750
12.969300
12.985325
12.989400
12.994650
13.033150
13.044250
13.052175
13.069800
13.088825
13.099275
13.109500
13.123350
13.137650
13.150550
13.165925
13.189775
13.203400
13.215550
13.243975
13.271425
13.289025
13.297000
13.324500
13.340675
13.347625
13.352500
13.388550
13.397350
13.433050
13.449325
13.478375
13.499575
13.520100
13.595975
13.616000
13.631750
13.648175
13.659750
13.678300
13.689925
13.705700
13.730725
13.752075
13.762200
13.783450
13.798600
13.823900
13.829425
13.836975
13.845800
13.860150
13.897850
13.909075
13.959975
14.017175
14.034200
14.052000
14.085125
14.100375
14.123200
14.145250
14.172200
14.272800
14.289750
14.298300
14.309850
14.313425
14.325100
14.327925
14.335350
14.355400
14.378750
14.383300
14.387150
14.400025
14.405150
14.417200
14.421975
14.426750
14.434500
14.457650
14.460200
14.465800
14.474950
14.504125
14.513500
14.519800
14.523025
14.541225
14.551000
14.564250
14.566075
14.570125
14.574000
14.579925
14.627650
14.640075
14.647825
14.660700
14.666800
14.672550
14.677475
14.681900
14.704800
14.712925
14.730350
14.734550
14.741025
14.769275
14.781025
14.793075
14.813075
14.822900
14.852675
14.898725
14.925500
14.938800
14.950425
14.964950
14.974800
15.006675
15.012875
15.036975
15.047125
15.078850
15.086750
15.091200
15.096625
15.107425
15.112475
15.116350
15.120175
15.126800
15.131025
15.141025
15.163900
15.176475
15.185025
15.190350
15.203350
15.225850
15.247175
15.274275
15.284300
15.295800
15.316950
15.331800
15.363500
15.381050
15.390375
15.404175
15.420475
15.433025
15.456775
15.512850
15.519475
15.534175
15.542875
15.555675
15.561700
15.568050
15.582400
15.593875
15.603575
15.629575
15.640725
15.653100
15.680100
15.704950
15.733425
15.750825
15.772750
15.789050
15.807500
15.842950
15.862675
15.881400
15.907075
15.935875
15.952150
15.971700
15.983200
16.001875
16.028500
16.044400
16.069425
16.098250
16.106550
16.131900
16.142050
16.150650
16.157575
16.163225
16.172400
16.181925
16.186900
16.202900
16.211475
16.241000
16.275300
16.304475
16.326725
16.348600
16.362725
16.379300
16.392075
16.408850
16.428125
16.437125
16.443250
16.448750
16.453100
16.462750
16.465900
16.486025
16.489475
16.496000
16.506200
16.516000
16.532100
16.540475
16.551225
16.564300
16.571775
16.577900
16.594675
16.601550
16.624150
16.628325
16.648950
16.668000
16.675100
16.686300
16.692500
16.700750
16.707100
16.725425
16.748775
16.760225
16.775700
16.789325
16.800075
16.808850
16.842125
16.855650
16.878750
16.924600
16.938775
16.951475
16.964275
17.014425
17.027450
17.037775
17.053775
17.085350
17.101400
17.118800
17.155250
17.182675
17.196650
17.211725
17.225825
17.246950
17.284650
17.296575
17.305700
17.315075
17.323075
17.347900
17.361325
17.369700
17.375525
17.385575
17.402250
17.410875
17.422375
17.477250
17.492100
17.542525
17.561050
17.579625
17.593750
17.610975
17.634875
17.677625
17.693000
17.705550
17.722525
17.732025
17.742750
17.751425
17.759850
17.779200
17.789750
17.818050
17.826525
17.842775
17.888725
17.903675
17.912300
17.961300
17.980600
17.991200
18.007925
18.012200
18.019475
18.024375
18.028750
18.032125
18.039975
18.061025
18.065825
18.078650
18.084150
18.090800
18.097325
18.142275
18.175775
18.196675
18.261125
18.282925
18.297700
18.320025
18.323350
18.327800
18.332400
18.335500
18.356400
18.366100
18.387475
18.392275
18.398725
18.411100
18.418975
18.453375
18.491025
18.508500
18.525325
18.540425
18.597275
18.612250
18.627400
18.654625
18.659625
18.667025
18.674525
18.684800
18.694925
18.736950
18.769375
18.781225
18.791775
18.819725
18.833150
18.871950
18.895375
18.911825
18.936375
18.950125
18.974025
18.988800
19.011925
19.031000
19.044550
19.061400
19.094800
19.113925
19.130125
19.166725
19.175425
19.183275
19.195925
19.203800
19.214950
19.227700
19.235650
19.248350
19.269475
19.282550
19.295800
19.302225
19.311600
19.363825
19.376275
19.391075
19.440050
19.455475
19.475150
19.490750
19.509700
19.559475
19.572125
19.581475
19.588700
19.594700
19.602800
19.606775
19.611650
19.627025
19.636625
19.642150
19.646775
19.651625
19.657025
19.663400
19.668075
19.689625
19.698900
19.701375
19.718675
19.748175
19.750125
19.760375
19.765800
19.768825
19.781175
19.792025
19.847600
19.871350
19.885050
19.911450
19.921525
19.938825
19.953600
19.969800
19.987750
19.991550
20.012975
20.041675
20.059750
20.094375
20.117125
20.138650
20.154125
20.183950
20.209075
20.230600
20.254425
20.274450
20.294350
20.309400
20.324450
20.344725
20.355275
20.364650
20.386400
20.394325
20.408075
20.418500
20.427125
20.441025
20.442625
20.472675
20.483725
20.495700
20.557525
20.609800
20.634000
20.692300
20.716750
20.759075
20.775700
20.825925
20.848675
20.895850
20.907150
20.915450
20.930975
20.936875
20.942575
20.947425
20.952625
20.964750
20.970825
20.981625
20.997275
21.007775
21.022725
21.056600
21.082825
21.109750
21.124550
21.153400
21.177050
21.196175
21.209475
21.256625
21.276375
21.295750
21.306550
21.327550
21.346975
21.450800
21.466100
21.485950
21.506425
21.521350
21.565200
21.576725
21.592525
21.606125
21.625200
21.647100
21.659875
21.685075
21.700800
21.712450
21.728125
21.745650
21.774575
21.805050
21.818250
21.833375
21.855575
21.871550
21.893750
21.907900
21.921150
21.934975
21.961225
21.965550
21.977400
21.980775
21.983875
21.989450
21.999525
22.013175
22.029475
22.039775
22.052375
22.069600
22.079625
22.126100
22.192400
22.206000
22.217325
22.234400
22.247175
22.261775
22.276925
22.289025
22.303925
22.320925
22.342775
22.358775
22.387075
22.420475
22.462075
22.474975
22.485925
22.495950
22.519475
22.533300
22.551875
22.569675
22.641250
22.664150
22.682875
22.705875
22.725075
22.750325
22.783200
22.819250
22.836450
22.853850
22.873925
22.884925
22.995100
23.006100
23.013375
23.029300
23.055400
23.064675
23.070975
23.095525
23.106275
23.116675
23.124850
23.134675
23.140875
23.148825
23.155250
23.167800
23.196625
23.217350
23.224550
23.248650
23.258875
23.269175
23.325925
23.359350
23.384175
23.421850
23.478300
23.497750
23.523600
23.543300
23.555025
23.564675
23.570800
23.577625
23.587125
23.595625
23.605400
23.641025
23.651225
23.714825
23.751950
23.792700
23.838600
23.855075
23.878050
23.897050
23.918400
23.931525
23.942325
23.950000
23.991450
24.020075
24.033850
24.048075
24.075000
24.089825
24.106400
24.117150
24.127975
24.140475
24.154025
24.168600
24.228775
24.250850
24.275675
24.322825
24.351700
24.396950
24.446775
24.464625
24.477300
24.483275
24.489775
24.498425
24.508175
24.514750
24.521475
24.529250
24.545475
24.563650
24.583900
24.598925
24.612875
24.658075
24.682700
24.705225
24.725275
24.745450
24.763000
24.795700
24.841750
24.868825
24.883100
24.894400
24.939400
24.961325
24.980400
24.996575
25.018600
25.052050
25.062850
25.081925
25.105350
25.117900
25.127325
25.132900
25.142300
25.147050
25.159300
25.170075
25.175050
25.179500
25.189150
25.193800
25.209275
25.218800
25.228225
25.243650
25.246450
25.251100
25.254400
25.260300
25.299900
25.320550
25.333500
25.350825
25.361450
25.398875
25.430875
25.442650
25.453600
25.504525
25.531175
25.542200
25.549000
25.556125
25.564775
25.589725
25.593125
25.597700
25.613475
25.618400
25.623175
25.627700
25.630350
25.647375
25.652225
25.656650
25.694675
25.752950
25.769475
25.778100
25.791225
25.809300
25.842550
25.859500
25.871800
25.885550
25.915125
25.930825
25.945725
25.991225
25.996450
26.000625
26.009125
26.015800
26.020750
26.031650
26.045300
26.050975
26.064350
26.071650
26.084950
26.103475
26.123575
26.134175
26.151450
26.170500
26.218650
26.231350
26.265025
26.344450
26.363175
26.381875
26.401975
26.415600
26.425750
26.442975
26.474900
26.514950
26.539550
26.547775
26.555300
26.566575
26.579925
26.602650
26.620500
26.630275
26.637450
26.646975
26.650150
26.670550
26.684500
26.716050
26.734025
26.788300
26.798650
26.808350
26.822375
26.853075
26.886850
26.899150
26.926975
26.945075
26.962050
26.984025
27.018975
27.043625
27.085050
27.096875
27.132600
27.155650
27.196750
27.208625
27.247150
27.256225
27.264225
27.271225
27.278575
27.296750
27.312350
27.321575
27.330975
27.394175
27.408725
27.436875
27.454150
27.472750
27.487550
27.500825
27.543025
27.568725
27.593000
27.600150
27.609250
27.637500
27.647325
27.668825
27.678325
27.691900
27.706350
27.736425
27.769375
27.788025
27.819550
27.833475
27.849500
27.883750
27.892725
27.901050
27.932775
27.947725
27.951725
27.955650
27.970950
27.977725
27.982275
27.990750
28.000375
28.009275
28.018050
28.034800
28.039550
28.054200
28.056100
28.081425
28.106500
28.133500
28.156700
28.180825
28.201950
28.212850
28.227700
28.241325
28.259200
28.274275
28.288675
28.300450
28.321025
28.338625
28.355825
28.403900
28.421875
28.444625
28.457100
28.487025
28.532000
28.545150
28.557625
28.569500
28.580425
28.586850
28.588450
28.594275
28.602900
28.613800
28.622025
28.626675
28.629450
28.650400
28.670350
28.686800
28.696725
28.772200
28.789350
28.807625
28.828300
28.869150
28.886775
28.909175
28.925275
28.945350
28.963975
28.984450
29.005450
29.104100
29.117875
29.127300
29.139175
29.175625
29.205375
29.218600
29.232100
29.244450
29.275550
29.305575
29.343475
29.351100
29.358850
29.375700
29.409525
29.413525
29.419800
29.440200
29.446450
29.457400
29.465400
29.470075
29.475050
29.479650
29.489250
29.498800
29.501950
29.545175
29.563850
29.575100
29.585375
29.615000
29.623775
29.662325
29.666375
29.677775
29.688225
29.726075
29.744975
29.756275
29.798500
29.816000
29.832075
29.845200
29.857775
29.891875
29.905200
29.908450
29.911700
29.918675
29.923200
29.925550
29.929850
29.938300
29.974725
29.980250
29.994175
29.999900
