0.134575
0.183275
0.268950
0.294200
0.307925
0.560100
0.626800
0.643100
0.654600
0.666050
0.682875
0.703850
0.746150
0.796625
0.829950
0.919450
0.928875
1.064850
1.100825
1.225725
1.236875
1.328775
1.375375
1.402775
1.520825
1.565125
1.683525
2.005500
2.030550
2.049500
2.292900
2.353525
2.437825
2.508800
2.542150
2.642525
2.743900
2.890650
3.017300
3.065700
3.385475
3.699925
3.732225
3.834750
3.857000
3.903250
4.031075
4.050375
4.097400
4.274875
4.318050
4.482825
4.638850
4.727975
4.853575
5.013500
5.078400
5.145175
5.178375
5.278925
5.346600
5.404200
5.447300
5.517875
5.555850
5.654875
5.756275
5.778375
5.841300
5.887200
5.903450
5.923050
5.959650
6.061525
6.173325
6.287150
6.402075
6.456725
6.572150
6.589850
6.655275
6.826000
6.889350
6.976075
7.125475
7.209950
7.294500
7.306225
7.319125
7.345275
7.357175
7.419500
7.444425
7.501125
7.554350
7.605025
7.664975
7.812875
8.150825
8.164225
8.286050
8.409125
8.449450
8.484175
8.554850
8.671150
8.713225
8.886875
8.940550
9.071500
9.082900
9.175125
9.194775
9.251925
9.357525
9.376700
9.463175
9.521925
9.548275
9.609200
9.765175
9.791975
9.819450
9.941000
9.970825
9.987625
10.045700
10.106700
10.128775
10.283450
10.365750
10.429075
10.447350
10.474675
10.570050
10.595250
10.627725
10.639075
10.800700
11.098550
11.120075
11.188350
11.201325
11.355800
11.415700
11.859975
11.872350
11.915075
11.954250
11.973425
12.083175
12.133350
12.174675
12.189325
12.231975
12.244475
12.296200
12.331525
12.594950
12.620075
12.838600
12.851525
12.922050
12.959950
13.138125
13.232575
13.268475
13.328500
13.339150
13.403600
13.439325
13.462900
13.625950
13.692600
13.782975
13.850800
13.861300
13.875400
13.904075
13.922675
14.089800
14.127475
14.142525
14.188675
14.237250
14.330275
14.423525
14.518200
14.539075
14.603725
14.624400
14.652875
14.853175
14.917675
15.155475
15.192875
15.228975
15.418225
15.458825
15.529950
15.579000
15.590350
15.598900
15.651225
15.668575
15.685450
15.733450
15.759950
15.796825
15.959575
16.010400
16.064175
16.198575
16.245775
16.440175
16.457225
16.480075
16.524750
16.546650
16.877350
17.327575
17.997600
18.053375
18.097625
18.276150
18.427975
18.558725
18.605600
18.785975
18.800725
19.041475
19.196950
19.226875
19.251650
19.309875
19.339475
19.356725
19.377025
19.409775
19.482725
19.498950
19.515275
19.584500
19.661025
19.735800
19.886100
19.983525
20.120550
20.131225
20.192875
20.310425
20.390200
20.443650
20.483100
20.504975
20.647475
20.671025
20.877775
20.940025
21.205250
21.245000
21.350350
21.381500
21.453300
21.573450
21.930075
22.061400
22.109550
22.147675
22.162225
22.187375
22.231800
22.298050
22.353550
22.486325
22.543400
22.630150
22.765575
23.086600
23.389575
23.468000
23.546700
23.800175
23.876175
23.988375
24.002175
24.088125
24.177825
24.351750
24.371975
24.390550
24.599400
24.668775
24.757125
24.789625
25.011550
25.075475
25.142350
25.289650
25.345825
25.378025
25.405850
25.583425
25.856875
25.883150
25.999525
26.070250
26.118175
26.166150
26.196850
26.245825
26.287275
26.447050
26.679175
26.781300
26.800400
26.814725
26.821750
26.847425
26.874725
27.016750
27.034075
27.085575
27.096250
27.195475
27.294850
27.365550
27.511800
27.547800
27.566400
27.578000
27.794275
27.838675
28.070750
28.117850
28.232750
28.340350
28.387625
28.400325
28.482725
28.610075
28.673100
28.863350
28.873150
28.928350
29.028250
29.041050
29.149825
29.192175
29.193675
29.242875
29.281575
29.291975
29.361425
29.490825
29.539050
29.651825
29.988100
