0.064100
0.081325
0.093375
0.122525
0.142875
0.179325
0.196225
0.204750
0.254225
0.266450
0.278500
0.294375
0.330050
0.359500
0.375500
0.392950
0.413275
0.441875
0.457800
0.471425
0.488000
0.524025
0.552525
0.565500
0.667350
0.709875
0.735625
0.739425
0.777725
0.840500
0.853950
0.883600
0.903050
0.932450
0.985200
1.050800
1.081150
1.106950
1.136325
1.227950
1.248850
1.272250
1.278800
1.317875
1.341700
1.354825
1.378275
1.424100
1.443625
1.465400
1.475175
1.548875
1.620400
1.682275
1.700450
1.747375
1.773650
1.806000
1.878525
1.893250
1.916975
1.925050
1.949575
1.956675
1.974825
2.101250
2.132575
2.147125
2.205125
2.255700
2.307125
2.434950
2.454300
2.471550
2.574550
2.578675
2.648750
2.724475
2.734925
2.817400
2.915650
2.977675
3.009350
3.039175
3.068225
3.146975
3.157625
3.171250
3.202575
3.248475
3.301275
3.336375
3.380000
3.401625
3.426975
3.437425
3.483700
3.511375
3.540700
3.622600
3.638025
3.647500
3.670750
3.754750
3.804075
3.919675
3.937950
3.962125
3.976625
4.005575
4.028450
4.043575
4.072450
4.122575
4.132200
4.168725
4.218275
4.241650
4.249725
4.255250
4.280500
4.342875
4.397625
4.411300
4.461000
4.478250
4.531200
4.550725
4.596025
4.738525
4.755150
4.777325
4.800300
4.836800
4.846325
4.876075
4.894475
4.993125
5.055950
5.133025
5.151975
5.221225
5.234175
5.239825
5.273900
5.311650
5.326650
5.433800
5.477200
5.490450
5.544850
5.560075
5.567800
5.585650
5.617100
5.631150
5.652250
5.666650
5.747000
5.768325
5.780175
5.805225
5.851750
6.050875
6.086100
6.120500
6.139500
6.163700
6.173125
6.183200
6.216875
6.312600
6.331625
6.350325
6.359750
6.372050
6.401100
6.408250
6.455600
6.478050
6.487025
6.493700
6.605450
6.611350
6.622100
6.628175
6.646000
6.660875
6.734500
6.837150
6.922300
6.934400
6.944025
7.000800
7.042300
7.084900
7.214325
7.229450
7.238700
7.255025
7.272100
7.298125
7.317200
7.342000
7.391250
7.428200
7.442900
7.496600
7.533100
7.598400
7.706100
7.715700
7.731575
7.821250
7.844050
7.877925
7.901200
7.911050
7.936525
8.045975
8.055650
8.070350
8.107650
8.209550
8.217150
8.234075
8.240725
8.255950
8.272000
8.297475
8.306550
8.376975
8.399100
8.512450
8.617050
8.641625
8.652875
8.679850
8.701675
8.738650
8.751050
8.897900
8.931900
9.007975
9.018625
9.040250
9.052725
9.076975
9.086625
9.242500
9.254925
9.319975
9.340100
9.366425
9.421500
9.454700
9.499350
9.537300
9.551325
9.597000
9.610050
9.758575
9.765650
9.777475
9.802100
9.825850
9.847925
9.949400
9.982700
10.007775
10.027925
10.058300
10.070800
10.084650
10.137400
10.202975
10.232225
10.264325
10.340050
10.375875
10.409100
10.418900
10.452925
10.463075
10.493725
10.556400
10.570300
10.594325
10.652100
10.684925
10.774650
10.797175
10.850050
10.874625
10.889925
10.908750
10.927300
11.059325
11.096950
11.128800
11.134100
11.161800
11.174325
11.186200
11.216875
11.319475
11.330475
11.349325
11.359850
11.377400
11.395975
11.475550
11.494650
11.512075
11.570400
11.661900
11.688550
11.703200
11.759550
11.813450
11.862000
11.876025
11.924825
11.939175
11.964700
11.995675
12.024375
12.047925
12.093625
12.121550
12.145600
12.166850
12.193350
12.214425
12.273800
12.293500
12.316925
12.327625
12.364525
12.468050
12.493850
12.580100
12.611375
12.640225
12.663975
12.684100
12.698825
12.725375
12.736725
12.758450
12.772100
12.786725
12.802925
12.865775
12.887200
12.906350
13.030425
13.043625
13.055675
13.120550
13.143875
13.234875
13.243500
13.261725
13.273725
13.307700
13.491700
13.516425
13.539100
13.556825
13.634800
13.684600
13.713450
13.731500
13.776600
13.824525
13.851550
13.870050
13.891825
13.933925
13.999175
14.031700
14.059975
14.132925
14.156150
14.215950
14.223225
14.238950
14.249500
14.263925
14.276975
14.289325
14.325250
14.356475
14.380675
14.400750
14.510650
14.532150
14.551850
14.582975
14.605100
14.711275
14.727925
14.761625
14.838750
14.881350
14.911450
14.968550
14.992025
15.061875
15.215625
15.235825
15.288350
15.306850
15.352425
15.370750
15.430975
15.455250
15.506000
15.523125
15.547775
15.605250
15.618450
15.640100
15.702775
15.714550
15.735750
15.774800
15.800700
15.812500
15.882400
15.973975
15.988725
16.072450
16.139450
16.162800
16.224250
16.259800
16.322675
16.350175
16.357650
16.395775
16.442750
16.474500
16.512150
16.573525
16.590950
16.604250
16.645200
16.654775
16.663550
16.713175
16.720325
16.781400
16.808500
16.910900
16.935775
16.962125
16.974425
16.982400
17.166800
17.183175
17.193825
17.216975
17.226200
17.242350
17.268100
17.346600
17.358875
17.393875
17.404450
17.415625
17.525050
17.618075
17.644450
17.661350
17.673475
17.797325
17.854775
17.877875
17.913125
17.991375
18.019150
18.070150
18.105125
18.129025
18.162225
18.173725
18.190300
18.202050
18.252300
18.286025
18.301050
18.380300
18.409250
18.508825
18.568575
18.586475
18.600250
18.625975
18.685375
18.734625
18.793300
18.852100
18.870125
18.944350
18.962925
19.105650
19.117350
19.139225
19.182750
19.201725
19.220575
19.262900
19.330400
19.370775
19.413575
19.429375
19.445225
19.495200
19.526675
19.542200
19.594175
19.652425
19.724625
19.764250
19.903825
19.932000
19.971975
20.066525
20.080550
20.126350
20.148825
20.160750
20.178175
20.219750
20.289250
20.307850
20.351125
20.388650
20.406450
20.411675
20.431600
20.491500
20.540700
20.579100
20.793425
20.827075
20.851225
20.877400
20.892975
20.906800
20.923850
20.953725
20.980700
21.032925
21.068575
21.086750
21.100875
21.120150
21.238750
21.271575
21.297650
21.328375
21.359150
21.385425
21.399125
21.410225
21.421675
21.466750
21.483300
21.506575
21.548525
21.625625
21.687950
21.717175
21.770350
21.815775
21.855875
21.870325
21.884350
21.917150
21.972775
21.997150
22.024025
22.049275
22.185225
22.207700
22.226650
22.247475
22.280250
22.328900
22.362150
22.370650
22.384750
22.402950
22.432975
22.456275
22.461575
22.482700
22.498325
22.522575
22.748275
22.797025
22.824850
22.836125
22.860850
22.878275
22.892875
22.974725
23.019950
23.030875
23.049800
23.080200
23.091200
23.141200
23.170875
23.226950
23.256150
23.284800
23.316900
23.327500
23.349975
23.393425
23.443550
23.478125
23.524225
23.550725
23.561225
23.584800
23.596775
23.624125
23.673875
23.710350
23.742775
23.780775
23.829000
23.856100
23.884200
23.893675
23.911100
24.000775
24.097425
24.176400
24.263300
24.278275
24.315450
24.338250
24.351475
24.404050
24.411675
24.425975
24.474050
24.503500
24.594075
24.607000
24.631625
24.710825
24.725375
24.754075
24.765300
24.777975
24.791475
24.863200
24.915375
24.997800
25.007925
25.025625
25.069500
25.084300
25.093550
25.160125
25.347875
25.396375
25.417150
25.438200
25.456300
25.468200
25.481925
25.495225
25.503250
25.519850
25.537400
25.607975
25.625475
25.642575
25.657975
25.664625
25.677500
25.691975
25.734350
25.845800
25.868500
25.893475
25.905250
25.925275
26.009675
26.064475
26.073175
26.084975
26.095175
26.163650
26.177425
26.190825
26.218900
26.288275
26.313950
26.329325
26.346550
26.388275
26.500425
26.536350
26.546725
26.559100
26.579475
26.597400
26.654325
26.661425
26.691350
26.735975
26.802325
26.865325
26.921400
26.934500
26.954600
26.966375
27.026000
27.199325
27.296825
27.352650
27.367525
27.392875
27.402975
27.411700
27.422925
27.467025
27.485875
27.512250
27.532900
27.607175
27.635600
27.669625
27.723400
27.740850
27.765425
27.774500
27.810175
27.863375
27.888625
27.900300
27.935075
27.973250
27.993300
28.008025
28.041100
28.045475
28.193975
28.248200
28.259325
28.274950
28.309050
28.353075
28.362950
28.410975
28.422275
28.434725
28.452675
28.488025
28.509550
28.543700
28.565675
28.582750
28.596075
28.610775
28.646425
28.664975
28.737550
28.764875
28.815200
28.825750
28.875450
28.890625
28.964625
28.972025
28.986275
29.020825
29.047475
29.110675
29.129550
29.230550
29.246325
29.260550
29.272425
29.292175
29.304625
29.331300
29.339925
29.392400
29.420150
29.436450
29.445075
29.475500
29.496475
29.589450
29.632750
29.679275
29.707725
29.724550
29.737600
29.770300
29.784975
29.832275
29.906225
