0.016325
0.025625
0.074750
0.089750
0.267250
0.307150
0.352225
0.365575
0.379000
0.400125
0.441600
0.578800
0.615675
0.622475
0.808900
0.869650
0.985850
1.005800
1.058525
1.081725
1.104200
1.152300
1.181550
1.244950
1.301900
1.387825
1.546375
1.830050
1.864875
1.883100
1.892300
1.930375
2.015700
2.072150
2.240400
2.272125
2.306450
2.536150
2.624775
2.657550
2.708725
2.913525
2.936450
3.049275
3.307825
3.742775
3.896900
3.961700
4.236525
4.312725
4.327175
4.421900
4.474775
4.509250
4.866675
4.882875
4.922775
4.998025
5.435875
5.460175
5.510200
5.563150
5.588775
5.654025
6.184700
6.219950
6.266425
6.301650
6.383550
6.978325
7.739775
7.768150
7.791300
7.847225
7.864975
7.888700
7.910050
7.918950
7.946875
7.964175
7.977425
8.340850
8.351525
8.437025
8.450275
8.495425
8.550300
8.614450
8.683400
8.787575
8.829725
8.931250
8.958750
9.002925
9.070400
9.169500
9.405750
9.459975
9.500425
9.533900
9.888025
9.981350
10.052775
10.065425
10.093175
10.387875
10.479100
10.540825
10.586900
10.608550
10.652150
10.722500
10.759625
10.786200
11.269650
11.465975
11.670625
11.760450
11.791975
11.813975
11.877900
11.948450
11.977275
12.012575
12.056775
12.132700
12.136475
12.186400
12.192400
12.415375
12.461600
12.769175
12.801175
12.872550
12.924550
12.946200
13.311550
13.338650
13.421625
13.474550
13.661325
13.677900
13.704800
13.744125
14.025150
14.047400
14.166150
14.268025
14.304625
14.446675
14.472525
14.593225
14.701175
14.766175
14.793400
14.857325
14.878075
14.908775
15.035575
15.124550
15.157675
15.185125
15.216050
15.225400
15.254225
15.281250
15.310675
15.576525
15.623175
15.681300
15.740175
15.759025
15.809925
15.873275
15.940375
16.102975
16.143100
16.157125
16.226475
16.234325
16.501875
16.530875
16.668075
16.812425
16.826925
16.845425
16.868475
16.942425
17.015425
17.332475
17.362425
17.407100
17.441700
17.503225
17.538775
17.962700
18.038725
18.054450
18.086425
18.116600
18.123200
18.175350
18.214600
18.239425
18.252375
18.267450
18.280700
18.674525
18.783225
18.896000
21.124225
21.197150
21.433625
21.792225
21.854725
21.897400
21.950775
21.981100
22.031900
22.054375
22.087150
22.356950
22.407475
22.475075
22.502875
22.593950
22.649675
22.678275
23.099625
23.350875
23.401950
23.424225
23.756625
23.800825
23.840975
23.876775
23.901375
23.962525
23.977525
24.016000
24.036700
24.061250
24.096600
24.122600
24.155675
24.169050
24.190475
24.232700
24.437325
24.520825
24.713625
24.962225
25.159975
25.388975
25.412725
25.433550
25.505900
25.555625
25.605400
25.642400
25.669525
25.729850
25.797325
26.012875
26.100300
26.106925
26.134650
26.155525
26.175425
26.199350
26.267925
26.290325
26.336925
26.362625
26.611850
26.911475
26.953900
27.000525
27.034375
27.062975
27.105900
27.145250
27.497925
27.546475
27.583675
27.643850
27.663000
27.692450
27.829475
27.880725
28.107500
28.604925
28.664675
28.687600
29.001625
29.041075
29.283475
29.326200
29.603825
29.892125
29.910650
29.917375
29.958375
29.965700
29.973950
29.980900
