0.030600
0.064100
0.107650
0.168650
0.277650
0.362500
0.556550
0.714800
0.857675
0.894950
1.020925
1.217450
1.255650
1.352975
1.483000
1.530825
1.617075
1.730600
1.743575
1.753925
1.767200
1.777300
2.082925
2.138425
2.190175
2.265625
2.291075
2.454175
2.556025
2.646850
2.683850
2.716725
2.723775
2.761700
2.785000
2.854100
2.932200
2.957600
3.008375
3.061400
3.186750
3.205300
3.288500
3.313225
3.332925
3.467400
3.522300
3.607600
3.625975
3.642600
3.661625
3.756950
3.886900
3.971850
4.049125
4.095875
4.136875
4.219600
4.243475
4.305375
4.437400
4.552100
4.593325
4.674025
4.720675
4.740675
4.801700
4.915150
4.939650
5.053175
5.283150
5.310000
5.316875
5.465050
5.527450
5.553200
5.571575
5.591925
5.654375
5.785200
5.865825
6.005825
6.032750
6.163775
6.193675
6.229725
6.278600
6.296275
6.310275
6.343150
6.354975
6.473850
6.535575
6.548700
6.657300
6.691350
6.714100
6.799325
6.880550
7.218600
7.250175
7.258075
7.356950
7.443375
7.502950
7.663150
7.928600
7.996325
8.023175
8.035550
8.082750
8.143100
8.197875
8.237100
8.330325
8.505950
8.589500
8.676250
8.889025
8.976475
9.204200
9.242325
9.272550
9.290200
9.300450
9.316200
9.365500
9.410025
9.438350
9.554475
9.670575
9.729150
9.794525
9.829350
10.072325
10.120250
10.163350
10.202225
10.248025
10.340300
10.460375
10.470550
10.510825
10.530675
10.560500
10.738625
10.746550
10.824975
10.869725
11.101975
11.136025
11.146500
11.207700
11.233350
11.249100
11.255025
11.378050
11.438850
11.639525
11.663550
11.676550
11.692325
11.699975
11.744400
11.767075
11.774975
11.803450
11.812775
11.991525
12.054500
12.078700
12.306775
12.316675
12.344875
12.471375
12.498075
12.549000
12.603825
12.608850
12.708125
12.759300
12.859975
13.095025
13.130700
13.153525
13.367925
13.384600
13.469250
13.496825
13.523825
13.696400
13.735575
13.753050
13.773450
13.779975
13.813925
13.827350
13.833875
14.003600
14.040925
14.273650
14.279075
14.288525
14.308425
14.343600
14.417425
14.463175
14.678675
14.738325
14.976475
14.995250
15.036875
15.164075
15.255125
15.271600
15.290475
15.319750
15.383700
15.418525
15.481125
15.605725
15.729525
15.735475
15.771000
15.786025
15.888600
16.087400
16.114150
16.150300
16.374175
16.445125
16.589325
16.684675
16.708825
16.752700
16.910375
16.959100
16.969775
16.998500
17.026775
17.053425
17.170900
17.265900
17.478525
17.517450
17.545925
17.607850
17.636425
17.642800
17.662750
17.684875
17.783175
17.943475
17.986975
17.994000
18.020775
18.202950
18.234200
18.499225
18.517050
18.582800
18.607250
18.681050
18.784575
18.873950
18.912375
19.156300
19.238625
19.354975
19.430750
19.467925
19.472350
19.476950
19.551525
19.564100
19.575150
19.602600
19.618425
19.707225
19.727500
19.741875
19.774675
19.790375
19.811725
20.127375
20.147750
20.189850
20.235100
20.248800
20.265750
20.295525
20.341900
20.349300
20.671325
20.751125
20.798725
20.828700
20.845650
20.952900
21.059850
21.103050
21.114900
21.230750
21.507925
21.531975
21.538850
21.564825
21.570050
21.677025
22.102750
22.128150
22.146325
22.202775
22.223575
22.252300
22.276125
22.341350
22.380100
22.406175
22.438775
22.450125
22.477075
22.582500
22.607000
22.871600
22.896775
22.909700
22.919150
22.972800
22.993700
23.019675
23.057275
23.105000
23.140250
23.213150
23.375700
23.388850
23.409000
23.473675
23.515650
23.556275
23.571525
23.586750
23.851325
23.918875
23.954900
24.041400
24.239125
24.262550
24.441050
24.526775
24.544625
24.563725
24.587875
24.599675
24.672875
24.748325
24.760000
24.861575
24.961700
25.013250
25.022050
25.045600
25.054075
25.066725
25.149950
25.162925
25.175075
25.202775
25.256700
25.295225
25.365375
25.382550
25.405900
25.431075
25.447825
25.492550
25.507375
25.561325
25.582800
25.770725
25.783425
25.795500
25.806000
25.887375
25.893925
26.038225
26.070275
26.105950
26.191025
26.197400
26.479825
26.488725
26.498700
26.771250
26.795875
26.848600
26.993725
27.011250
27.035350
27.060925
27.094400
27.179925
27.223400
27.230275
27.236125
27.241275
27.590250
27.665975
28.021275
28.458575
28.494400
28.516400
29.325825
29.525950
29.594250
29.829100
29.845525
