0.081600
0.088200
0.104575
0.133325
0.277075
0.298200
0.339950
0.360875
0.388950
0.581875
0.650725
0.712825
0.966750
1.030500
1.056625
1.098225
1.158875
1.227450
1.244875
1.367225
1.419350
1.536550
1.588600
1.610050
1.641300
1.705075
1.730525
1.741125
1.846825
1.962550
1.975350
2.088725
2.180375
2.239675
2.313300
2.357525
2.443950
2.452125
2.465500
2.600175
2.669500
2.744950
2.811550
2.824375
2.916750
3.004025
3.018525
3.031875
3.066075
3.101725
3.129225
3.179725
3.343475
3.424000
3.453025
3.492400
3.505825
3.749750
3.769150
3.773350
3.936375
3.989575
3.998825
4.014450
4.168575
4.179275
4.245475
4.368400
4.392050
4.562825
4.588725
4.738500
4.845400
4.943625
4.957250
5.025450
5.046100
5.151000
5.500825
5.533475
5.549175
5.586700
5.597625
6.000700
6.029550
6.086750
6.155200
6.173175
6.256300
6.283125
6.510975
6.525775
6.627075
6.666575
6.695350
6.703850
6.724100
6.952650
6.999700
7.094175
7.151200
7.186400
7.197225
7.311850
7.328150
7.374450
7.449650
7.511925
7.605575
7.613050
7.692100
7.708725
7.748975
7.786475
7.904725
7.961525
7.976700
7.993300
8.020425
8.041250
8.203400
8.231075
8.289050
8.447500
8.468125
8.477650
8.564575
8.602775
8.656925
8.835725
8.890225
8.901675
8.922000
9.000275
9.102750
9.189275
9.233725
9.289000
9.316400
9.439700
9.619825
9.628925
9.653650
9.730550
9.769375
9.832175
10.075550
10.301625
10.478400
10.572225
10.667500
10.722600
10.798200
10.845400
11.412825
11.459300
11.473450
11.494750
11.537550
11.657775
11.756825
11.772550
11.847275
11.857475
11.867800
11.904200
11.957125
11.987800
12.024925
12.030325
12.050025
12.080325
12.199925
12.261100
12.265975
12.349325
12.382275
12.447575
12.475800
12.542950
12.791975
12.813375
12.838700
12.939850
12.980275
12.999800
13.026625
13.074625
13.093750
13.183925
13.276050
13.418025
13.457700
13.517175
13.546200
13.661200
13.792900
13.806025
13.837100
13.852475
13.865100
13.888150
13.901450
13.950425
14.007575
14.071275
14.098650
14.120175
14.173025
14.187300
14.331800
14.384350
14.418900
14.470850
14.488350
14.536975
14.671200
14.750725
14.803225
14.833250
14.954450
14.969850
15.003050
15.063950
15.112050
15.323375
15.437650
15.451350
15.480900
15.535525
15.576400
15.607925
15.634325
15.834550
15.952550
15.976150
16.013625
16.063525
16.109075
16.135750
16.190625
16.347175
16.388450
16.421700
16.460325
16.472200
16.485050
16.503900
16.696150
16.741450
16.793600
16.827625
16.885525
16.915975
16.968200
17.028775
17.042500
17.260525
17.291175
17.485725
17.555050
17.580750
17.701800
17.732325
17.806025
17.874975
18.160150
18.313175
18.324775
18.498025
18.518750
18.565900
18.584325
18.615700
18.682950
18.712250
18.719075
18.737075
18.807375
18.856750
18.938025
19.138675
19.201225
19.292175
19.306800
19.333275
19.360075
19.497400
19.558625
19.578950
19.615475
19.804650
19.854050
19.866450
19.907425
19.978675
20.157700
20.171275
20.182325
20.231000
20.305300
20.376000
20.438275
20.640275
20.772350
20.823175
20.837625
20.896475
20.926925
20.948175
20.970100
20.988175
20.995300
21.010950
21.031600
21.195750
21.209200
21.226325
21.244125
21.257300
21.317225
21.390525
21.456100
21.593225
21.871350
21.927025
21.932750
22.051950
22.119475
22.192275
22.211075
22.284050
22.295200
22.316500
22.552500
22.724450
22.893100
22.910000
22.937475
22.947375
22.998650
23.010850
23.015775
23.060300
23.166150
23.231475
23.288625
23.369975
23.455675
23.721225
23.750000
23.760925
23.774650
23.820000
23.944525
24.038575
24.352800
24.424575
24.446000
24.455800
24.580975
24.648975
24.879200
25.030650
25.049900
25.088475
25.166425
25.214950
25.295375
25.499875
25.581850
25.608650
25.630125
25.738800
25.947350
26.044150
26.315200
26.393650
26.412975
26.429400
26.459000
26.505675
26.637000
26.961425
27.068825
27.095300
27.146300
27.419775
27.487100
27.499125
27.605675
27.694875
27.709100
27.758025
27.977875
28.015425
28.153100
28.249050
28.287475
28.322400
28.396825
28.417275
28.558575
28.575025
28.679600
28.746975
28.779700
28.881900
28.887850
29.028200
29.103175
29.132725
29.449225
29.472700
29.504700
29.544375
29.573150
29.609675
29.738800
29.858025
