0.145125
0.184325
0.282350
0.388025
0.413400
0.699150
0.748275
1.034775
1.097600
1.142725
1.230700
1.418450
1.446150
1.564300
1.838350
1.872400
1.931750
2.041200
2.146775
2.233975
2.544475
2.583275
2.608875
2.634500
2.662875
2.722425
2.947650
2.971975
2.996100
3.342525
3.362025
3.416225
3.480125
3.603450
3.702525
3.720250
3.736200
3.786350
4.003950
4.030575
4.086475
4.137650
4.431275
4.573650
4.672225
4.798900
4.826875
4.850000
4.873125
4.898350
4.921750
5.282275
5.337675
5.463850
5.657950
6.012700
6.134975
6.283700
6.393200
6.434225
6.451925
6.776400
6.809425
6.885100
6.971225
7.172975
7.192125
7.242025
7.496875
7.549350
7.645425
7.906375
8.261900
8.322375
8.471950
8.692750
8.741150
8.765075
8.838675
9.032750
9.188550
9.226475
9.314750
9.558575
9.618075
9.803425
9.850875
10.090700
10.195800
10.422625
10.472775
10.712300
10.895550
11.049025
11.117650
11.268650
11.322475
11.616600
12.010250
12.222850
12.308250
12.403625
12.437550
12.655350
12.797950
12.838600
12.890475
12.987775
13.212275
13.248325
13.271800
13.375000
13.392700
13.480275
13.638900
13.696125
13.796450
13.834250
13.892150
14.346175
14.418725
14.451500
14.526775
14.623725
14.788050
14.920500
14.945925
15.201825
15.268125
15.311950
15.324625
15.353300
15.426475
15.484825
15.540675
15.579350
15.637000
15.744475
15.827500
15.857825
16.203925
16.295900
16.321925
16.350775
16.649200
16.754350
17.062250
17.121700
17.275725
17.390150
17.491425
17.528750
17.585275
17.847975
17.871450
17.926000
17.966700
18.029900
18.102175
18.229375
18.266800
18.351525
18.378800
18.590650
18.605050
18.615025
18.621400
18.634050
18.993425
19.020375
19.441225
19.456175
19.812475
19.860100
20.027250
20.163625
20.236725
20.427000
20.456175
20.481175
20.489075
20.521450
20.821750
20.855400
21.025925
21.617550
21.652875
21.661225
21.905025
22.106800
22.171400
22.383675
22.494350
22.518775
22.580400
22.616050
22.654625
22.680425
22.843925
22.977725
23.246150
23.325625
23.352700
23.382650
23.410550
23.785575
24.007850
24.078625
24.128800
24.329125
24.652050
24.721700
24.761875
24.800050
24.831475
25.111675
25.151350
25.215700
25.452825
25.492025
25.505875
25.524125
25.563150
25.833800
25.903200
25.941075
25.953775
25.978050
26.324600
26.377375
26.405300
26.459225
26.777675
26.804700
26.818875
26.897450
27.051475
27.354600
27.702325
28.074350
28.121875
28.168350
28.190700
28.421725
28.806450
28.908875
29.308500
29.412150
29.528650
29.635125
29.979925
