0.014775
0.050375
0.062700
0.260050
0.317925
0.338050
0.350050
0.363550
0.399175
0.481850
0.507225
0.565950
0.587150
0.711000
0.791775
0.821575
0.879450
0.929050
0.974475
0.978650
0.989000
1.007475
1.018375
1.025875
1.044150
1.054625
1.157300
1.191500
1.303550
1.317300
1.345975
1.362500
1.402425
1.470675
1.483100
1.508525
1.524275
1.576000
1.597650
1.678075
1.686550
1.707100
1.744300
1.755100
1.802000
1.810500
1.842575
2.174275
2.197925
2.231975
2.266550
2.328100
2.341775
2.396675
2.452075
2.498300
2.534025
2.545625
2.587450
2.631975
2.650700
2.763625
2.778575
2.835000
2.855075
2.873075
3.044425
3.072075
3.125725
3.146825
3.270900
3.361550
3.384300
3.505550
3.553725
3.607475
3.628350
3.639725
3.661075
3.672825
3.685975
3.797150
3.836100
3.858225
3.873000
3.905275
3.920025
3.937150
3.958725
3.985775
4.001200
4.019350
4.061850
4.083825
4.162175
4.191250
4.205750
4.310075
4.343900
4.441475
4.459450
4.514600
4.540575
4.561750
4.577150
4.599225
4.697075
4.738750
4.752275
4.760550
4.799900
4.888900
4.904975
4.928475
5.004775
5.052500
5.061800
5.073400
5.161700
5.291075
5.307225
5.323375
5.369000
5.378225
5.390150
5.407075
5.417275
5.474950
5.509775
5.526850
5.541425
5.561675
5.575375
5.588425
5.597475
5.623325
5.652475
5.689100
5.733050
5.749650
5.762975
5.828475
5.852300
5.871550
5.882175
5.914275
5.928575
5.965250
6.007675
6.066950
6.109950
6.241275
6.259675
6.275975
6.303200
6.324800
6.336275
6.352475
6.365150
6.385550
6.433725
6.456525
6.477825
6.533175
6.576725
6.626625
6.642300
6.695800
6.710375
6.738375
6.747075
6.774825
6.823100
6.877900
6.952600
6.970950
7.008900
7.040800
7.057950
7.086700
7.102775
7.121125
7.136875
7.146500
7.168575
7.197350
7.277375
7.292550
7.308625
7.341200
7.437400
7.453575
7.478875
7.499400
7.532525
7.549200
7.567950
7.626875
7.690200
7.756325
7.791175
7.797625
7.841975
7.860050
7.942000
8.031550
8.057675
8.094075
8.126400
8.168150
8.177000
8.192150
8.209475
8.224175
8.232750
8.274725
8.323375
8.374950
8.385825
8.392425
8.475525
8.581475
8.601825
8.627125
8.637100
8.644075
8.664025
8.696275
8.764575
8.793150
8.832650
8.860550
8.886750
8.909525
8.937850
8.969450
8.988275
9.020350
9.040000
9.085400
9.099675
9.116725
9.144850
9.155200
9.201100
9.248800
9.269375
9.301850
9.339375
9.485150
9.551325
9.581100
9.591625
9.691850
9.762175
9.786775
9.836975
9.893975
9.975900
10.017475
10.081900
10.114050
10.220150
10.249325
10.276100
10.298300
10.315675
10.355450
10.378550
10.410750
10.427100
10.491550
10.557425
10.603700
10.633200
10.655900
10.678675
10.702175
10.824750
10.841550
10.867325
10.896450
10.926725
10.942225
10.960350
10.976950
10.995900
11.034950
11.059775
11.079050
11.108325
11.155000
11.180100
11.204200
11.245875
11.348050
11.361475
11.389300
11.430900
11.446550
11.453750
11.489550
11.504125
11.524150
11.545200
11.596175
11.767275
11.788250
11.799300
11.830000
11.889400
11.916375
11.923600
11.932200
11.945375
11.953450
11.959300
11.997225
12.024200
12.033400
12.175100
12.205425
12.229675
12.247875
12.279650
12.320900
12.408050
12.436200
12.565800
12.588525
12.613800
12.637325
12.685575
12.729700
12.764100
12.783200
12.880000
12.909575
12.941875
12.962975
12.975700
12.997850
13.015250
13.029950
13.040775
13.052975
13.062400
13.120400
13.137200
13.179125
13.247825
13.280025
13.310375
13.346900
13.390725
13.416050
13.448425
13.475250
13.497800
13.520225
13.529850
13.547250
13.599050
13.736000
13.818175
13.842250
13.915450
13.937625
13.979325
14.057200
14.081250
14.105775
14.141175
14.192000
14.211450
14.225300
14.272300
14.288625
14.300975
14.325075
14.350050
14.384875
14.420775
14.449050
14.480025
14.550800
14.579700
14.597425
14.622900
14.633850
14.645225
14.671000
14.688675
14.710125
14.751475
14.810900
14.834175
14.844050
14.853450
14.867525
14.872125
14.884025
14.904800
14.914050
14.922150
14.930450
15.073025
15.092550
15.106525
15.215500
15.234275
15.268075
15.293400
15.360125
15.368225
15.374350
15.542950
15.574625
15.586625
15.660350
15.704875
15.804100
15.828525
15.857775
15.928475
15.949975
16.041850
16.099875
16.120025
16.151600
16.162350
16.194600
16.356900
16.386925
16.407300
16.438450
16.455925
16.476975
16.485425
16.641925
16.712250
16.735775
16.749800
16.772900
16.797975
16.829550
16.908175
16.938075
17.052050
17.067600
17.138875
17.169475
17.201175
17.249250
17.271800
17.295975
17.335325
17.348225
17.384300
17.392775
17.409175
17.418625
17.581300
17.597450
17.650900
17.783600
17.823250
17.833300
17.888050
17.923800
17.984550
18.025400
18.069975
18.080600
18.093875
18.111500
18.244125
18.317550
18.325125
18.337900
18.365225
18.405075
18.437150
18.445450
18.453925
18.458975
18.469950
18.482875
18.512925
18.567050
18.601450
18.624025
18.671300
18.702325
18.748375
18.807025
18.870550
18.878575
18.903600
18.971050
19.097650
19.119150
19.133450
19.175675
19.192450
19.211425
19.261875
19.273025
19.311750
19.377300
19.395850
19.449225
19.538025
19.544475
19.567775
19.586575
19.648950
19.715725
19.833300
19.853175
19.864750
19.878800
19.957575
19.967425
19.978825
20.096200
20.143600
20.164675
20.195850
20.231400
20.262450
20.307075
20.311725
20.398425
20.458775
20.514125
20.563225
20.594325
20.666675
20.726525
20.752625
20.783875
20.793875
20.920100
20.948900
20.992975
21.022175
21.058775
21.089000
21.106725
21.127200
21.138500
21.217050
21.275450
21.412250
21.457700
21.511700
21.531900
21.569050
21.641375
21.652875
21.698225
21.823625
21.851900
21.921050
21.941000
21.961475
21.985400
22.010150
22.025550
22.033725
22.067700
22.086625
22.144700
22.151075
22.187550
22.216025
22.257600
22.317725
22.374425
22.398100
22.450625
22.516100
22.534950
22.546375
22.588250
22.593850
22.618300
22.652050
22.712900
22.819200
22.868375
22.907900
22.976350
23.005925
23.024475
23.124675
23.140050
23.187400
23.212800
23.251350
23.356350
23.400975
23.427825
23.482525
23.495600
23.505925
23.516150
23.523625
23.563525
23.610150
23.692300
23.738900
23.767425
23.810325
23.837150
23.868250
23.888950
23.923625
23.941650
23.974950
24.041800
24.056000
24.062800
24.107725
24.114425
24.346750
24.366850
24.431050
24.458175
24.495825
24.580550
24.620225
24.750400
24.829375
24.881250
24.893750
24.920900
24.971675
25.004075
25.050575
25.066825
25.180700
25.209775
25.294225
25.323375
25.324700
25.338425
25.361725
25.373425
25.384400
25.465625
25.488375
25.497200
25.510200
25.524825
25.551075
25.756600
26.064400
26.114825
26.154475
26.195550
26.274850
26.283600
26.342850
26.389225
26.414025
26.459000
26.467450
26.539725
26.586975
26.606075
26.646375
26.676950
26.693800
26.708775
26.724225
26.780350
26.852600
26.885825
27.020050
27.124050
27.154625
27.222850
27.257300
27.283025
27.299450
27.349175
27.393825
27.440900
27.462300
27.474075
27.508750
27.519775
27.536300
27.638800
27.646825
27.672650
27.697475
27.745125
27.760950
27.792625
27.831625
27.911650
28.009075
28.070825
28.087700
28.112425
28.134225
28.147600
28.174725
28.288975
28.388300
28.425300
28.455500
28.472900
28.492450
28.536125
28.583275
28.601025
28.664050
28.717525
28.794550
28.814875
28.922875
28.939250
28.976625
28.997050
29.025025
29.073225
29.086675
29.099725
29.107375
29.175800
29.208225
29.249850
29.262700
29.298175
29.357000
29.375175
29.392250
29.495200
29.554000
29.640775
29.656500
29.706350
29.721950
29.782850
29.796525
29.826150
29.838775
29.845450
29.860575
29.867775
29.877225
