0.011950
0.032625
0.051825
0.092300
0.111250
0.124375
0.126625
0.136475
0.147725
0.166550
0.180075
0.198675
0.220750
0.246300
0.271500
0.288550
0.304825
0.328950
0.354375
0.390975
0.416625
0.436175
0.452225
0.469925
0.489075
0.519600
0.566600
0.572300
0.587450
0.606050
0.651375
0.676150
0.719100
0.744050
0.768250
0.818250
0.844475
0.871100
0.896650
0.924975
0.951925
0.977300
1.007300
1.023650
1.045475
1.065050
1.084075
1.098625
1.118275
1.136500
1.158600
1.204250
1.229775
1.253075
1.281600
1.322350
1.364575
1.407625
1.435025
1.438975
1.460950
1.481850
1.506125
1.528625
1.565200
1.596600
1.616300
1.663525
1.689550
1.715800
1.737550
1.767375
1.786775
1.811500
1.842525
1.865125
1.905700
1.929175
1.947600
1.971900
1.992500
2.017475
2.036450
2.063775
2.097250
2.114450
2.130325
2.145425
2.184550
2.205000
2.221575
2.242250
2.267075
2.285100
2.319550
2.334350
2.358950
2.375375
2.395525
2.418500
2.437375
2.458500
2.477300
2.493200
2.527325
2.574950
2.594850
2.609350
2.624525
2.638075
2.656575
2.678700
2.697675
2.714525
2.740300
2.763300
2.779575
2.795275
2.812875
2.827600
2.848075
2.867900
2.891050
2.917625
2.939325
2.967550
2.982225
2.986450
2.994975
3.023550
3.037800
3.078200
3.099250
3.118075
3.147850
3.182575
3.212225
3.230300
3.245700
3.259700
3.304800
3.321575
3.344375
3.370275
3.393850
3.432575
3.451625
3.470050
3.491950
3.508475
3.530325
3.549550
3.557250
3.571050
3.594150
3.612400
3.653100
3.707400
3.728025
3.769550
3.787175
3.838975
3.859775
3.869325
3.881425
3.901950
3.929250
3.947625
3.994325
4.043250
4.070250
4.107650
4.135025
4.161225
4.181025
4.200975
4.220725
4.232350
4.254175
4.278850
4.302325
4.320200
4.353325
4.399300
4.429475
4.446925
4.470275
4.505025
4.527900
4.551775
4.586500
4.607425
4.635875
4.665200
4.718550
4.779725
4.799900
4.822600
4.881450
4.906075
4.931025
4.951000
4.967950
4.985325
4.993075
5.013000
5.038650
5.057075
5.079025
5.098675
5.141300
5.155375
5.186550
5.223350
5.243975
5.269000
5.290400
5.308400
5.326700
5.395200
5.413325
5.431350
5.449200
5.470325
5.491250
5.506850
5.527375
5.567850
5.586075
5.607450
5.629925
5.658200
5.680950
5.697825
5.729400
5.758500
5.818575
5.830100
5.839075
5.886900
5.908350
5.927025
5.945475
5.967750
6.005950
6.030975
6.049700
6.070475
6.093350
6.117200
6.137125
6.157100
6.175500
6.221150
6.252150
6.271475
6.286625
6.319725
6.344725
6.361900
6.382275
6.403200
6.416950
6.431675
6.447300
6.463700
6.478825
6.493300
6.510200
6.523525
6.539200
6.560250
6.580100
6.597400
6.613325
6.628925
6.646325
6.669050
6.749400
6.770050
6.795800
6.815800
6.835275
6.851100
6.888025
6.911350
6.940725
6.963775
6.983800
7.004425
7.021200
7.044775
7.062075
7.080850
7.103325
7.131525
7.151475
7.161825
7.167950
7.198250
7.221625
7.244050
7.268350
7.283225
7.303250
7.307150
7.314725
7.327325
7.344150
7.362575
7.377500
7.389500
7.407275
7.422025
7.440850
7.455200
7.476475
7.496825
7.518450
7.538125
7.575500
7.597875
7.621000
7.653075
7.666950
7.748550
7.761375
7.780250
7.810275
7.821450
7.839250
7.857425
7.875400
7.890425
7.901575
7.913325
7.924925
7.932400
7.937250
7.950700
7.991000
8.009350
8.025450
8.036100
8.055375
8.077875
8.096200
8.127275
8.152575
8.178800
8.194650
8.210975
8.232975
8.258950
8.277150
8.293450
8.312700
8.336675
8.380250
8.393950
8.416400
8.456275
8.481400
8.505950
8.528900
8.550425
8.573800
8.595275
8.614700
8.633125
8.648400
8.662950
8.687275
8.707075
8.725950
8.739500
8.762050
8.779800
8.799675
8.825275
8.847725
8.863550
8.892775
8.935525
8.963900
9.011450
9.058050
9.076200
9.095800
9.111225
9.126975
9.143650
9.169850
9.188825
9.205450
9.256825
9.284750
9.302900
9.320000
9.356775
9.394250
9.420550
9.437900
9.462725
9.485875
9.501725
9.520150
9.543650
9.563475
9.591400
9.607825
9.628375
9.648500
9.670150
9.693150
9.718600
9.737625
9.760450
9.781125
9.794750
9.819750
9.838200
9.853125
9.869475
9.925725
9.944400
9.966000
9.990925
10.012100
10.029150
10.049775
10.069675
10.095925
10.118675
10.137775
10.156475
10.181225
10.200250
10.228175
10.244825
10.272700
10.295475
10.323375
10.341975
10.373225
10.398600
10.452800
10.475700
10.501075
10.518300
10.542950
10.566050
10.593375
10.622300
10.648550
10.681925
10.710100
10.742300
10.763550
10.787350
10.810800
10.838250
10.858325
10.878800
10.910500
10.933525
10.939925
10.955875
10.979575
11.007625
11.037550
11.068800
11.095675
11.118600
11.145150
11.165575
11.185825
11.203575
11.221475
11.240650
11.261975
11.285900
11.315750
11.336175
11.353450
11.380400
11.408300
11.429125
11.454400
11.460750
11.475525
11.500450
11.522875
11.564450
11.589825
11.609375
11.631750
11.652725
11.673600
11.701525
11.722175
11.743100
11.766125
11.788800
11.811400
11.841950
11.867950
11.894400
11.915200
11.935400
11.952200
11.975900
11.994500
12.011600
12.028325
12.044575
12.065975
12.083750
12.111125
12.134950
12.160975
12.196725
12.227050
12.255475
12.283775
12.312175
12.333525
12.378750
12.396225
12.420325
12.436675
12.458625
12.476300
12.496250
12.517525
12.539550
12.564200
12.585750
12.603875
12.630500
12.655250
12.686125
12.707050
12.726625
12.749800
12.771800
12.789275
12.842125
12.864925
12.883000
12.903050
12.920850
12.940600
12.958000
12.975125
12.989575
13.003500
13.016850
13.027900
13.042700
13.059350
13.077500
13.098375
13.123975
13.145650
13.170725
13.188550
13.211300
13.241800
13.260725
13.279425
13.306950
13.324575
13.351025
13.387125
13.411900
13.432000
13.468150
13.488325
13.509050
13.559825
13.579625
13.608400
13.627625
13.644475
13.661275
13.694850
13.716750
13.741150
13.757750
13.779600
13.801550
13.825325
13.843625
13.862125
13.886125
13.907500
13.936050
13.961475
13.986400
14.009425
14.030200
14.046350
14.076700
14.125050
14.150250
14.180100
14.199825
14.221650
14.238350
14.256375
14.274300
14.303775
14.324550
14.346550
14.385100
14.413675
14.429775
14.450175
14.466850
14.481175
14.547250
14.570275
14.586850
14.606325
14.634650
14.650250
14.684300
14.701425
14.720675
14.738475
14.761700
14.781800
14.801300
14.827950
14.847375
14.866775
14.885725
14.924700
14.964900
14.982125
15.021350
15.048175
15.074400
15.129400
15.155850
15.219225
15.243200
15.276625
15.294950
15.314400
15.337150
15.377375
15.397800
15.416325
15.438075
15.462125
15.485275
15.512050
15.558025
15.581950
15.604150
15.624200
15.667500
15.686275
15.723550
15.740900
15.764350
15.788200
15.808425
15.828850
15.854500
15.876750
15.897225
15.918375
15.945175
15.966725
16.016950
16.044075
16.067275
16.103725
16.122700
16.150425
16.169975
16.218025
16.239950
16.260325
16.280000
16.311025
16.338925
16.361875
16.391975
16.420375
16.442425
16.471575
16.475300
16.492000
16.493525
16.507275
16.522950
16.541325
16.568350
16.587650
16.603100
16.621375
16.644775
16.662450
16.702675
16.720700
16.738325
16.763475
16.784800
16.813550
16.845325
16.864200
16.888275
16.911950
16.936475
16.964175
16.994550
17.018475
17.044725
17.063250
17.106500
17.131725
17.149975
17.171100
17.203175
17.226425
17.246950
17.277725
17.326575
17.354100
17.402225
17.420825
17.446225
17.464325
17.484225
17.503725
17.522700
17.547125
17.591575
17.616025
17.634950
17.659400
17.678525
17.700075
17.727375
17.770600
17.790425
17.809625
17.828375
17.862150
17.896800
17.914500
17.941950
17.964750
17.993925
18.018400
18.039450
18.060200
18.092625
18.117375
18.136350
18.165900
18.188575
18.205550
18.224450
18.257375
18.286800
18.308475
18.325975
18.349875
18.367975
18.387150
18.412725
18.441625
18.461575
18.482950
18.509125
18.539300
18.565100
18.581850
18.599850
18.621250
18.648150
18.680650
18.699500
18.723300
18.752475
18.776150
18.797875
18.818300
18.836025
18.866400
18.895900
18.919100
18.942100
18.960800
18.979650
18.997975
19.018800
19.034900
19.061900
19.082475
19.112000
19.133000
19.150900
19.171900
19.194650
19.207900
19.223150
19.242450
19.262600
19.294850
19.332800
19.353000
19.368550
19.387350
19.432525
19.457525
19.482275
19.505900
19.529525
19.547425
19.568575
19.591150
19.611450
19.641275
19.676475
19.696700
19.718450
19.749750
19.769775
19.816550
19.834650
19.838800
19.862125
19.888975
19.911875
19.933875
19.954275
19.973850
19.992600
20.010275
20.034950
20.068850
20.090100
20.121525
20.158625
20.184075
20.210300
20.234600
20.260900
20.284600
20.305300
20.324900
20.350350
20.369975
20.412725
20.440025
20.454350
20.497625
20.526975
20.550200
20.571075
20.592025
20.610175
20.629500
20.664350
20.684725
20.713750
20.736575
20.758200
20.785375
20.807925
20.829000
20.842825
20.859225
20.878775
20.899700
20.919950
20.942150
20.965025
20.994900
21.015700
21.033775
21.050175
21.068900
21.089225
21.147150
21.168300
21.192450
21.208025
21.224700
21.242325
21.265650
21.281100
21.296975
21.317050
21.348650
21.368150
21.388875
21.455025
21.469150
21.483725
21.498375
21.511225
21.532375
21.548400
21.566200
21.587100
21.613975
21.628500
21.660600
21.680200
21.692700
21.702975
21.729550
21.752775
21.776700
21.795300
21.814950
21.835900
21.851675
21.869575
21.892900
21.915175
21.923325
21.948175
21.963100
21.985700
22.010900
22.037650
22.059500
22.078275
22.094325
22.110100
22.124400
22.140225
22.163000
22.172850
22.208550
22.230200
22.275725
22.295325
22.311675
22.328625
22.350700
22.369275
22.392450
22.395750
22.436900
22.458400
22.477825
22.522675
22.541500
22.567250
22.587000
22.605250
22.623150
22.640050
22.657350
22.686700
22.707825
22.763825
22.789750
22.815075
22.856800
22.874625
22.890350
22.907650
22.926100
22.945125
22.981175
23.001600
23.031950
23.053075
23.079200
23.109300
23.128875
23.145650
23.163475
23.182950
23.228125
23.266625
23.269300
23.284625
23.287200
23.298400
23.311125
23.328025
23.369100
23.385900
23.400375
23.460775
23.475525
23.491600
23.510200
23.530225
23.544025
23.558325
23.573575
23.605150
23.624150
23.646850
23.661450
23.683475
23.700150
23.718750
23.741575
23.784950
23.807000
23.824900
23.850375
23.872200
23.900350
23.936100
23.955375
23.978075
23.992175
24.009600
24.033800
24.053825
24.072150
24.089450
24.130400
24.149875
24.170000
24.190000
24.205875
24.227575
24.279825
24.298500
24.314825
24.333650
24.391325
24.409425
24.432475
24.463650
24.485475
24.512875
24.534825
24.559150
24.583650
24.604550
24.629450
24.657325
24.678900
24.696625
24.707800
24.752050
24.782225
24.825525
24.849450
24.883850
24.914000
24.955500
25.005250
25.026625
25.057375
25.077800
25.106425
25.135600
25.154825
25.173350
25.192975
25.224600
25.251675
25.272175
25.295775
25.313400
25.341950
25.364375
25.381625
25.400725
25.432425
25.455675
25.470675
25.493200
25.520150
25.539450
25.557750
25.569075
25.591000
25.616325
25.635125
25.657000
25.681400
25.699575
25.721875
25.744775
25.767750
25.784075
25.804275
25.821475
25.848050
25.878900
25.905150
25.925400
25.957750
25.982550
26.002450
26.025375
26.049200
26.081250
26.102425
26.120575
26.141500
26.162650
26.176150
26.186325
26.209625
26.230825
26.249025
26.274225
26.324675
26.349475
26.368275
26.386675
26.409500
26.437325
26.456175
26.480225
26.501725
26.520400
26.554175
26.570400
26.600400
26.622850
26.643550
26.673425
26.681725
26.692525
26.714825
26.736375
26.760675
26.801750
26.809900
26.838025
26.861325
26.878525
26.904850
26.933550
26.960650
26.987025
27.009350
27.032625
27.068450
27.071800
27.097125
27.122000
27.149675
27.169175
27.190875
27.209050
27.245000
27.268625
27.288100
27.310325
27.337225
27.364300
27.367900
27.388600
27.412225
27.442400
27.465700
27.497125
27.519425
27.550750
27.569850
27.589725
27.612700
27.636875
27.663075
27.693500
27.722000
27.750250
27.775100
27.805025
27.837550
27.863825
27.895575
27.920450
27.947950
27.966800
27.985175
28.002325
28.020575
28.043100
28.062750
28.083650
28.106625
28.123325
28.146475
28.168425
28.189600
28.211325
28.239825
28.258350
28.286125
28.318675
28.340575
28.364750
28.385575
28.407950
28.426775
28.456700
28.475450
28.502675
28.529775
28.549150
28.569475
28.589775
28.600800
28.616625
28.637775
28.661800
28.684825
28.692750
28.701750
28.721700
28.759025
28.786325
28.816300
28.834750
28.854325
28.868500
28.886475
28.911675
28.930850
28.951000
29.006725
29.025500
29.044100
29.093075
29.099175
29.123275
29.141700
29.165325
29.190625
29.210650
29.248900
29.271825
29.294650
29.313725
29.332500
29.362500
29.383675
29.403150
29.447925
29.471825
29.497425
29.519850
29.547725
29.574200
29.597775
29.617650
29.643075
29.658900
29.685075
29.728100
29.750300
29.770225
29.787700
29.833075
29.848300
29.863775
29.879600
29.894550
29.912100
29.930600
29.948225
29.986100
29.993000
