0.038750
0.111750
0.438950
1.906525
1.928775
1.995950
2.018525
2.031225
2.044675
2.078150
2.099825
2.160675
2.218700
2.241575
2.273850
2.291525
2.348725
2.361425
2.379575
2.387600
2.408600
2.426200
2.438700
2.454050
2.467100
2.487075
2.522175
2.542450
2.554475
2.567400
2.578250
2.592750
2.607475
2.617950
2.644925
2.682225
2.691950
2.724275
2.957850
3.020325
3.095750
3.111850
3.122675
3.151400
3.169125
3.184875
3.366500
3.552375
3.695000
3.736325
3.824925
3.840050
3.858500
3.906625
3.925400
3.950150
3.987325
4.003875
4.017725
4.050775
4.070050
4.092000
4.105000
4.121425
4.139675
4.154400
4.200350
4.251450
4.302725
4.326975
4.471450
4.518200
4.537450
4.552250
4.590275
4.632125
4.654875
4.710450
4.723325
4.776925
4.807500
4.866350
4.896500
4.925925
4.976175
5.033550
5.087900
5.227075
5.321575
5.345800
5.363975
5.398875
5.807525
5.906900
5.954900
5.971500
6.003400
6.148075
6.154450
6.166800
6.177900
6.205850
6.227750
6.242975
6.258025
6.284050
6.333150
6.499350
6.520150
6.541300
6.558850
6.584725
6.627875
6.666950
6.708125
6.725100
6.736375
6.756550
6.804350
6.861500
6.959425
7.156225
7.344675
7.364275
7.383175
7.422375
7.448925
7.538425
7.556825
7.713800
7.750300
7.917925
7.954275
8.126500
8.193275
8.241425
8.348900
8.432825
8.459925
8.554275
8.621275
8.685950
8.795475
9.041600
9.067600
9.670600
9.775350
9.881325
10.407725
10.722025
11.457400
11.477925
11.496950
11.910825
11.988225
12.052200
12.172825
12.434675
12.462625
12.514125
12.621950
12.675950
12.722525
12.807025
12.863100
13.035975
13.067600
13.114225
13.142375
13.174800
13.203225
13.235275
13.266700
13.289525
13.318525
13.340575
13.372550
13.403650
13.415075
13.453750
13.492525
13.531750
13.597500
13.631500
13.659350
13.811475
14.306275
14.351900
14.777325
14.879150
15.016375
15.040050
15.110750
15.153375
15.224650
15.317350
15.361225
15.396650
15.608850
15.689675
15.700850
15.719000
15.759325
15.773800
15.814250
15.831600
15.845825
15.886725
15.916050
15.955550
15.975275
16.002375
16.036925
16.099950
16.177050
16.409875
16.474750
16.488500
16.509250
16.869925
16.920400
16.940125
16.955400
16.992200
17.109425
17.665600
17.692875
17.714725
17.918200
18.109375
18.130350
18.177925
18.641775
18.672875
18.701500
18.737575
19.236350
19.287350
19.576375
19.756200
19.790725
19.844025
20.106500
20.310775
20.631050
20.701725
20.735375
20.754325
20.864575
20.877925
20.907150
21.044250
21.074475
21.106075
21.290250
21.402650
21.589775
21.689150
21.707950
21.728800
21.802725
22.135925
22.561250
22.952900
23.017500
23.241075
23.795400
24.548625
24.866575
24.927650
24.950775
24.973800
25.012450
25.062275
25.195725
25.624925
25.998300
26.046925
26.144825
26.159500
26.172375
26.230050
26.251225
26.283750
26.372075
26.459975
26.496925
26.528700
26.582600
26.692950
26.711050
26.902450
27.006650
27.059175
27.076850
27.101950
27.153725
27.427000
27.813575
27.873350
27.919250
28.033725
28.115950
28.458175
28.667875
28.850850
28.871575
28.922425
28.952975
29.069775
29.492100
29.539600
29.611275
29.880725
29.912975
29.957075
