0.085000
0.093925
0.105775
0.199325
0.293925
0.460175
0.464675
0.511250
0.569200
0.701125
0.813725
0.850000
0.872425
0.995100
1.076875
1.092500
1.105650
1.210500
1.238750
1.400275
1.583900
1.601200
1.811750
1.829825
1.887300
1.943000
2.020625
2.083250
2.147350
2.164225
2.190725
2.224400
2.328450
2.345650
2.400200
2.424475
2.506875
2.609850
2.624400
2.750675
2.802400
2.872575
2.907775
2.955050
2.975350
3.044275
3.080725
3.133575
3.149500
3.177100
3.239125
3.258450
3.289550
3.321550
3.339400
3.366875
3.494750
3.511975
3.530150
3.720675
3.733500
3.852550
4.018325
4.036100
4.066725
4.152675
4.209550
4.266050
4.296150
4.476050
4.505675
4.532100
4.574725
4.609400
4.660400
4.805625
4.842450
4.914400
5.041975
5.080075
5.150800
5.186525
5.243025
5.359500
5.445425
5.475175
5.511625
5.529100
5.573000
5.720875
5.731700
5.795225
5.885450
5.941150
5.985775
6.015800
6.067750
6.225200
6.272750
6.302025
6.345750
6.377450
6.398275
6.576950
6.620725
6.644225
6.810475
6.845825
6.877175
6.954525
7.110350
7.135650
7.273300
7.315075
7.456025
7.534200
7.553325
7.569350
7.584275
7.684925
7.704175
7.732775
7.992625
8.202150
8.260275
8.290200
8.310625
8.392075
8.462750
8.545850
8.682100
8.695075
8.853000
8.901225
8.947175
8.968100
9.004700
9.021750
9.046250
9.185575
9.274575
9.318600
9.414875
9.447075
9.460100
9.521975
9.534825
9.560875
9.650100
9.701875
9.757100
9.802775
9.826200
9.834550
9.891900
9.993275
10.030550
10.045850
10.181200
10.219550
10.265075
10.339000
10.486150
10.577150
10.669100
10.677275
10.700925
10.715775
10.736600
10.810700
10.845775
10.994725
11.013850
11.038575
11.065325
11.101375
11.265400
11.357425
11.415950
11.467600
11.554650
11.582250
11.675925
11.777825
11.789525
11.868975
11.889825
11.901725
11.936250
12.076950
12.285250
12.438150
12.563325
12.589475
12.691300
12.718500
12.768100
12.833950
12.872925
12.939300
12.956500
13.067350
13.120400
13.216950
13.240800
13.340000
13.397050
13.410550
13.505275
13.585200
13.641250
13.674900
13.687575
13.789100
13.820525
13.984575
14.034425
14.116325
14.282125
14.394525
14.417450
14.510575
14.699950
14.826400
14.843775
14.919925
15.175300
15.194125
15.223125
15.259800
15.294875
15.716425
15.782125
15.907125
16.029175
16.234975
16.284425
16.317450
16.329825
16.366250
16.529575
16.696825
16.767825
16.814525
16.872100
16.940825
17.059875
17.091550
17.141975
17.165525
17.178800
17.252525
17.422225
17.451925
17.581100
17.705950
17.768425
17.830425
17.894700
17.967550
18.157525
18.198425
18.206800
18.520075
18.545650
18.720500
18.763050
18.874275
18.908700
19.092450
19.119250
19.293450
19.315575
19.545675
19.682375
19.766675
19.798100
19.814450
19.930650
20.062500
20.097200
20.124350
20.202725
20.220750
20.275300
20.304025
20.382950
20.429400
20.510400
20.629725
20.707800
20.728525
20.786975
20.857225
21.007850
21.114950
21.155225
21.240125
21.298125
21.317425
21.333575
21.364950
21.554975
21.574350
21.625675
21.667775
21.697000
21.720625
21.764775
21.835325
21.994375
22.016825
22.039175
22.123425
22.187325
22.220325
22.330350
22.357700
22.455550
22.789700
22.841575
22.874750
22.949275
23.009725
23.027100
23.049275
23.072650
23.091750
23.199350
23.263325
23.272100
23.371375
23.532325
23.563225
23.578250
23.637150
23.729150
23.773950
23.793925
23.971050
23.987775
24.132925
24.168325
24.310950
24.354625
24.398750
24.469150
24.481600
24.497925
24.698300
24.722975
24.737875
24.842700
24.975200
25.021700
25.082950
25.106375
25.164350
25.296600
25.308575
25.353900
25.425050
25.469125
25.598175
25.720875
25.933825
25.970150
26.019175
26.053175
26.221150
26.379950
26.400950
26.421925
26.424925
26.463675
26.548350
26.560500
26.584650
26.700900
26.722475
26.810950
26.922650
26.979125
27.057975
27.094250
27.225425
27.268550
27.284275
27.370625
27.489725
27.507250
27.625350
27.647800
27.684650
27.785700
27.821525
27.847100
28.000750
28.045525
28.085975
28.127450
28.192775
28.262000
28.274175
28.290750
28.360625
28.432275
28.447550
28.471600
28.512350
28.571900
28.649550
28.754950
28.809300
28.832425
28.875425
28.900200
28.918225
29.107775
29.121575
29.237775
29.410375
29.435950
29.458625
29.700950
29.788150
29.867675
29.950675
