0.002075
0.021900
0.043350
0.104125
0.111525
0.118375
0.197675
0.207100
0.243400
0.246475
0.250025
0.280425
0.318325
0.325875
0.337175
0.351175
0.357975
0.404650
0.411675
0.415425
0.496075
0.517700
0.521150
0.556600
0.561675
0.619775
0.641425
0.669100
0.677325
0.697900
0.703850
0.711875
0.796025
0.799125
0.896400
0.913775
0.937000
0.948525
0.953800
0.967100
0.979275
1.027700
1.031425
1.073550
1.096425
1.149700
1.158125
1.165925
1.241275
1.270975
1.275950
1.279625
1.315600
1.402900
1.434600
1.478925
1.592600
1.669775
1.703325
1.707925
1.746775
1.781075
1.806725
1.814650
1.837125
1.845425
1.958875
2.003475
2.052300
2.058525
2.128675
2.137425
2.197475
2.217875
2.248450
2.282900
2.306625
2.391700
2.406675
2.432275
2.479525
2.484325
2.542500
2.546575
2.592675
2.607625
2.611800
2.616100
2.701875
2.705250
2.709075
2.805250
2.900900
2.923825
2.928400
2.970025
3.113200
3.136000
3.215475
3.219000
3.263525
3.266775
3.353450
3.374125
3.421250
3.597450
3.661725
3.704525
3.713825
3.736225
3.760400
3.841725
3.859900
3.862950
3.893425
3.925850
3.997400
4.011100
4.014125
4.062500
4.065275
4.100450
4.105925
4.148050
4.172100
4.175100
4.182700
4.186850
4.249550
4.252125
4.255925
4.399775
4.403700
4.426950
4.431475
4.468250
4.513900
4.524350
4.547350
4.625725
4.629725
4.665850
4.669475
4.689450
4.692900
4.699875
4.705525
4.710625
4.714375
4.718375
4.784400
4.788150
4.794250
4.822225
4.830750
4.884700
4.889175
4.985725
4.993650
5.148350
5.151400
5.162225
5.166575
5.263750
5.292450
5.350475
5.410850
5.424600
5.441275
5.444325
5.481900
5.524375
5.531325
5.611575
5.614975
5.640100
5.689775
5.694550
5.717275
5.778500
5.792175
5.903750
5.947450
5.949825
5.967750
6.006775
6.025825
6.057175
6.061400
6.151525
6.157675
6.181625
6.185350
6.251500
6.255525
6.332350
6.421950
6.531775
6.551025
6.553850
6.739750
6.744750
6.754650
6.759425
6.795975
6.810400
6.847050
6.866300
7.011450
7.048075
7.110750
7.121600
7.244500
7.282950
7.313600
7.359525
7.364775
7.369100
7.449525
7.461525
7.473100
7.505750
7.538925
7.545500
7.644075
7.649825
7.699450
7.777875
7.781650
7.830400
7.834800
7.884450
8.033575
8.038775
8.042900
8.070825
8.377850
8.398125
8.403975
8.442125
8.446575
8.461125
8.525650
8.544400
8.554725
8.591975
8.626350
8.713625
8.759450
8.764875
8.895075
8.898875
9.176000
9.199100
9.205450
9.220700
9.246750
9.253325
9.265100
9.289800
9.310375
9.348025
9.351900
9.439425
9.507150
9.517250
9.590875
9.610900
9.664125
9.710875
9.715825
9.722125
9.740125
9.763925
9.884275
9.895550
9.900275
9.903625
10.007500
10.010875
10.060875
10.072225
10.097200
10.113875
10.226350
10.271550
10.275175
10.306050
10.379500
10.386025
10.392275
10.481050
10.504750
10.511175
10.579950
10.583975
10.644900
10.648425
10.692250
10.733550
10.875650
10.893225
10.939225
10.982500
11.000775
11.049875
11.053175
11.135000
11.141150
11.229250
11.265900
11.269575
11.346750
11.429425
11.433950
11.473375
11.480750
11.487650
11.546825
11.558375
11.563450
11.631200
11.639550
11.695125
11.711150
11.758850
11.762375
11.817275
11.844200
11.857400
11.870375
11.875250
11.979575
12.012725
12.090450
12.095550
12.134625
12.265100
12.275625
12.329200
12.346975
12.350525
12.370475
12.502800
12.518675
12.560650
12.567550
12.574950
12.616200
12.672675
12.678075
12.747000
12.824275
12.827050
12.900025
12.908725
12.996275
13.043825
13.058525
13.064125
13.178875
13.215675
13.252725
13.256600
13.335850
13.389050
13.486475
13.542250
13.635725
13.664825
13.672200
13.676125
13.688100
13.712625
13.736725
13.749500
13.754125
13.778300
13.871500
13.874525
13.944825
13.948800
14.045250
14.054925
14.138600
14.142425
14.195825
14.199750
14.237575
14.276975
14.307625
14.310775
14.337000
14.341075
14.345025
14.351850
14.378525
14.502775
14.527275
14.599500
14.623750
14.626675
14.636350
14.639925
14.677175
14.717125
14.755100
14.787450
14.791050
14.845400
14.920925
15.059850
15.064075
15.138250
15.187225
15.190950
15.323475
15.357300
15.395000
15.401800
15.444900
15.497450
15.598650
15.639250
15.642450
15.686725
15.725275
15.905775
15.909325
15.918575
15.957800
15.965525
15.968325
16.009750
16.059925
16.088500
16.103900
16.123925
16.169900
16.173425
16.199875
16.203225
16.252475
16.265150
16.277225
16.284800
16.288025
16.292875
16.296300
16.306575
16.314525
16.467000
16.495525
16.689850
16.709425
16.712250
16.738350
16.775775
16.971300
17.140800
17.149275
17.260250
17.278125
17.312300
17.338950
17.437775
17.495275
17.544900
17.565325
17.570450
17.675000
17.699000
17.705725
17.759675
17.787875
17.827250
17.833875
17.975075
18.032250
18.069900
18.090350
18.093950
18.110275
18.118925
18.184725
18.188300
18.301450
18.371900
18.479125
18.540275
18.548525
18.551650
18.580800
18.624600
18.661600
18.677425
18.756475
18.761525
18.851500
18.861050
18.918525
18.995350
19.089375
19.097000
19.155450
19.263350
19.280750
19.343600
19.372175
19.392375
19.399900
19.430375
19.524850
19.578225
19.667475
19.715275
19.788675
19.805050
19.809700
19.816025
19.835625
19.862175
19.869100
19.886275
19.909600
19.914825
20.051050
20.107600
20.137200
20.180550
20.206300
20.301800
20.321700
20.352125
20.365350
20.394300
20.415375
20.450325
20.454750
20.513050
20.516825
20.541025
20.563225
20.583575
20.608575
20.617725
20.656900
20.720850
20.779325
20.827750
20.857575
20.862350
20.866350
20.944875
20.985525
20.999275
21.010425
21.044575
21.048000
21.077675
21.105175
21.108100
21.125575
21.138675
21.180650
21.197900
21.219300
21.223075
21.265675
21.284025
21.327600
21.429725
21.453700
21.496800
21.504275
21.562250
21.578775
21.602450
21.606750
21.651900
21.680350
21.683375
21.730725
21.778600
21.782175
21.815875
21.866075
21.990475
22.004050
22.007450
22.048250
22.058125
22.078375
22.082700
22.133550
22.158900
22.218900
22.248125
22.287325
22.355800
22.398075
22.423900
22.430475
22.479700
22.490500
22.493075
22.506150
22.553800
22.557350
22.562075
22.596025
22.636550
22.709825
22.775975
22.787025
22.828825
22.955525
22.966675
22.970650
22.991100
22.993750
23.039075
23.077075
23.080000
23.118525
23.152950
23.167425
23.210250
23.234975
23.310375
23.329875
23.362975
23.366350
23.426750
23.439250
23.472475
23.483925
23.491450
23.521850
23.537325
23.634400
23.649950
23.665375
23.732125
23.785875
23.827000
23.862575
23.890200
23.893400
23.979450
23.982875
23.993700
24.027025
24.047425
24.050575
24.093700
24.117375
24.120100
24.124125
24.204200
24.261925
24.266325
24.269800
24.315725
24.418350
24.429050
24.433825
24.447825
24.460600
24.464650
24.482500
24.493000
24.509150
24.512575
24.517125
24.551525
24.584775
24.618825
24.658425
24.665775
24.772650
24.776525
24.819600
24.884825
24.893950
24.957050
24.993975
25.008850
25.016050
25.023250
25.028200
25.037875
25.138475
25.142475
25.171600
25.214425
25.237650
25.275125
25.308350
25.332875
25.362025
25.404475
25.449400
25.491350
25.495675
25.549200
25.558450
25.569925
25.609125
25.663600
25.672950
25.676500
25.817850
25.821100
25.848375
25.893950
25.917900
25.983025
25.998075
26.018075
26.021375
26.034150
26.037600
26.041475
26.089025
26.118725
26.222750
26.226050
26.275825
26.280000
26.334150
26.386350
26.420775
26.468675
26.472325
26.476000
26.495650
26.508325
26.514775
26.518975
26.542025
26.561800
26.564925
26.570025
26.613125
26.807100
26.983175
27.004550
27.017900
27.030200
27.054775
27.089050
27.108850
27.134475
27.138850
27.184100
27.192225
27.277175
27.280825
27.342650
27.366325
27.370100
27.439350
27.469500
27.477050
27.492600
27.495575
27.498975
27.502375
27.585900
27.589100
27.631475
27.643425
27.676075
27.683025
27.691400
27.721125
27.783800
27.791875
27.796475
27.847175
27.917875
27.921400
27.999825
28.023825
28.046700
28.051275
28.095100
28.115275
28.142800
28.152025
28.154925
28.174525
28.178400
28.211125
28.353150
28.375150
28.379025
28.415275
28.419775
28.487275
28.507900
28.557275
28.675075
28.677500
28.687275
28.696350
28.709675
28.771125
28.774100
28.817975
28.880950
28.885350
28.937275
28.999800
29.019525
29.028525
29.046550
29.063400
29.076325
29.089550
29.114200
29.122050
29.128200
29.170625
29.173925
29.197450
29.209675
29.213050
29.216800
29.231525
29.265350
29.270550
29.324450
29.372550
29.437850
29.441325
29.477050
29.482000
29.533800
29.550575
29.554050
29.634625
29.673250
29.680075
29.698725
29.702650
29.737325
29.788425
29.843475
29.847650
29.871825
29.921625
29.999700
