0.000975
0.031025
0.066750
0.082375
0.130100
0.206550
0.259150
0.286175
0.315550
0.341475
0.353025
0.385075
0.455525
0.491025
0.526050
0.557300
0.569150
0.627600
0.641575
0.744250
0.822175
0.839300
0.855075
0.905400
0.920325
0.929075
0.937350
0.969650
0.979900
0.990525
1.038875
1.072675
1.088575
1.112100
1.185800
1.219450
1.248175
1.315525
1.397100
1.433625
1.455950
1.466025
1.529400
1.547050
1.552425
1.577000
1.660025
1.670175
1.706125
1.712475
1.724125
1.736775
1.823625
1.874425
1.892750
1.925825
1.948400
2.005900
2.049975
2.132775
2.147500
2.336700
2.363800
2.409325
2.422700
2.451575
2.471250
2.481650
2.488875
2.510575
2.531775
2.551250
2.624650
2.684175
2.708950
2.734025
2.787325
2.795350
2.805400
2.826925
2.847975
2.930600
2.943050
2.985350
3.087950
3.138800
3.170225
3.185625
3.237925
3.305525
3.321800
3.330375
3.378625
3.386975
3.431925
3.449425
3.490100
3.523050
3.537550
3.557075
3.590300
3.620300
3.633825
3.724625
3.819825
3.853225
3.888975
3.921125
4.011350
4.033200
4.113850
4.132500
4.171525
4.200350
4.253350
4.268025
4.305050
4.317100
4.359525
4.493450
4.505425
4.536650
4.559075
4.567700
4.664850
4.697625
4.726050
4.730125
4.740725
4.762450
4.778000
4.864325
4.889250
4.962625
4.981450
4.993075
5.027700
5.091775
5.108375
5.141550
5.176175
5.210675
5.222650
5.235425
5.268475
5.286625
5.297000
5.302275
5.334675
5.353150
5.359500
5.369125
5.370650
5.376875
5.425000
5.440050
5.445050
5.543450
5.570450
5.593700
5.681900
5.709700
5.751550
5.815725
5.864100
5.886625
5.899650
5.910100
5.972650
5.994875
6.010775
6.028975
6.092650
6.122675
6.135550
6.147250
6.157650
6.179150
6.198825
6.214275
6.238650
6.257500
6.280900
6.296050
6.314000
6.327400
6.386225
6.400275
6.431775
6.461200
6.482325
6.501825
6.535050
6.602375
6.612950
6.679575
6.698050
6.719375
6.728700
6.740225
6.768150
6.800700
6.931400
6.957675
6.971625
6.983275
7.049875
7.109150
7.141975
7.218250
7.253825
7.319500
7.343375
7.355250
7.392425
7.417100
7.441550
7.470075
7.486600
7.511775
7.523400
7.541000
7.705950
7.737800
7.763150
7.780150
7.799400
7.829475
7.877300
7.908350
7.928425
7.935725
7.955525
7.973025
8.004350
8.027325
8.054050
8.148200
8.174725
8.200875
8.210675
8.249575
8.260750
8.294375
8.391650
8.445450
8.463650
8.483050
8.499925
8.524175
8.541850
8.561475
8.594775
8.602725
8.626250
8.725325
8.745200
8.774225
8.823225
8.842800
8.888875
8.999450
9.060250
9.088875
9.100400
9.127500
9.133075
9.190875
9.211025
9.248625
9.303450
9.326600
9.371700
9.396725
9.455600
9.482250
9.504600
9.540950
9.556000
9.575750
9.710050
9.756625
9.761400
9.782575
9.801325
9.808675
9.821550
9.846550
9.853100
9.908500
9.930650
9.989350
10.021050
10.029675
10.056650
10.093825
10.128500
10.167975
10.177900
10.199200
10.223025
10.259350
10.310775
10.331950
10.357850
10.378225
10.396500
10.449975
10.481500
10.496050
10.502000
10.526875
10.585600
10.596800
10.633025
10.643300
10.707150
10.739175
10.771100
10.789750
10.803575
10.863775
10.940775
11.012925
11.029175
11.046100
11.065125
11.079925
11.176875
11.209350
11.260650
11.289050
11.300075
11.319650
11.339750
11.462600
11.514025
11.531425
11.565525
11.582300
11.704075
11.721375
11.880600
11.916200
11.927475
11.975050
12.041225
12.065975
12.084450
12.110300
12.150300
12.162425
12.216175
12.237550
12.274625
12.318400
12.337625
12.345250
12.385275
12.423075
12.437025
12.483850
12.543350
12.548450
12.557325
12.600725
12.606600
12.646625
12.654250
12.689175
12.738450
12.768075
12.791250
12.810125
12.843750
13.058275
13.063825
13.113450
13.162125
13.177825
13.190450
13.203350
13.241900
13.296975
13.362425
13.370125
13.380475
13.400850
13.427125
13.544850
13.582900
13.675025
13.731925
13.783000
13.792950
13.797875
13.822150
13.864900
13.907625
13.956000
13.981000
14.074075
14.149025
14.164300
14.205200
14.233050
14.240900
14.262625
14.268975
14.459275
14.473175
14.532200
14.560950
14.613275
14.656900
14.679075
14.709850
14.735700
14.807300
14.858875
14.880000
14.889675
14.938075
15.027475
15.080325
15.131650
15.153450
15.241575
15.416825
15.570100
15.595775
15.602200
15.640950
15.678025
15.709075
15.755725
15.793650
15.899775
15.988175
16.227425
16.296450
16.351150
16.365100
16.437475
16.444675
16.482550
16.536000
16.547975
16.553475
16.570775
16.576475
16.587075
16.596850
16.652875
16.720300
16.759700
16.766800
16.779025
16.807700
16.913800
16.938900
16.949725
16.956525
17.060925
17.172350
17.175525
17.179975
17.190825
17.345000
17.355475
17.389975
17.411425
17.465850
17.474900
17.567150
17.574425
17.588375
17.647925
17.673350
17.677425
17.697375
17.724875
17.777750
17.925450
17.999350
18.044800
18.079950
18.140100
18.273425
18.327800
18.350000
18.354225
18.365525
18.411725
18.481475
18.594475
18.605575
18.670650
18.725125
18.730675
18.755800
18.786650
18.914600
18.959450
19.020600
19.056025
19.071675
19.119000
19.170150
19.220425
19.348650
19.357400
19.380775
19.406400
19.427300
19.478525
19.551100
19.596225
19.638900
19.662925
19.672350
19.750475
19.785400
19.889425
19.935525
19.959575
19.989650
20.014100
20.049375
20.103125
20.146525
20.169400
20.178750
20.198650
20.216400
20.408425
20.424225
20.481625
20.525500
20.564300
20.605075
20.625700
20.641150
20.687775
20.719575
20.729750
20.775650
20.789525
20.825850
20.913900
20.950900
20.974850
20.984175
20.990300
21.007675
21.033875
21.252750
21.489550
21.515625
21.590800
21.622500
21.784725
21.917125
21.927650
21.946125
22.126425
22.175800
22.183250
22.249775
22.269200
22.289375
22.320500
22.389575
22.444875
22.475975
22.507575
22.541050
22.591575
22.610525
22.678225
22.742050
22.873725
22.947500
22.968575
22.985900
22.996050
23.007975
23.048725
23.134175
23.164800
23.178050
23.190575
23.203475
23.217050
23.250500
23.337975
23.353375
23.466000
23.490300
23.574600
23.594600
23.655375
23.917475
23.927800
23.976225
24.140875
24.210450
24.226950
24.262975
24.437675
24.475500
24.858750
24.905100
24.910875
24.974075
25.072550
25.149725
25.161675
25.197850
25.222425
25.376075
25.551400
25.578400
25.588550
25.691150
25.786125
25.804975
25.869575
25.909025
25.976525
26.024900
26.137500
26.205750
26.221725
26.239100
26.309050
26.353375
26.362500
26.604925
26.652375
26.717200
26.742200
26.757400
26.779750
26.885950
26.896700
26.959350
26.979175
26.996075
27.025325
27.053000
27.065850
27.073775
27.085200
27.089325
27.107900
27.200225
27.235725
27.354700
27.392200
27.402675
27.416475
27.534050
27.592750
27.693950
27.785725
27.855475
27.896175
27.939225
27.992400
28.021750
28.053725
28.107475
28.141725
28.165825
28.176400
28.191475
28.206225
28.230275
28.370750
28.459600
28.592625
28.650900
28.766125
28.791200
28.849525
28.901275
28.934825
28.972475
29.044000
29.068075
29.087400
29.120375
29.136975
29.154325
29.167575
29.220025
29.244750
29.331950
29.399025
29.418275
29.436450
29.459525
29.567325
29.575325
29.629600
29.678150
29.776075
29.862800
29.903500
29.941150
29.983875
