0.039850
0.092925
0.121350
0.145600
0.169075
0.185550
0.204350
0.221100
0.243825
0.268575
0.291125
0.317300
0.349450
0.378925
0.417650
0.498075
0.627275
0.667925
0.705775
0.737200
0.765300
0.788100
0.810300
0.825225
0.845050
0.864250
0.892300
0.908725
0.920000
0.944575
0.955850
0.977575
0.997725
1.019700
1.040075
1.052450
1.076175
1.112825
1.141950
1.184075
1.227375
1.271450
1.460825
1.482975
1.503675
1.516525
1.534500
1.546850
1.563675
1.579525
1.615050
1.630050
1.662800
1.687925
1.716525
1.826000
1.956500
2.006475
2.032875
2.051875
2.069050
2.092350
2.108425
2.122875
2.142525
2.155350
2.176800
2.196025
2.216875
2.245325
2.282775
2.338775
2.370925
2.417150
2.498075
2.524075
2.639425
2.648050
2.662525
2.679575
2.699800
2.728375
2.752100
2.776850
2.792900
2.811050
2.840850
2.860925
2.888325
2.947425
2.965250
2.986900
3.028425
3.052950
3.070250
3.089100
3.109850
3.130825
3.145925
3.167825
3.201000
3.220000
3.246050
3.274750
3.300600
3.325725
3.343025
3.358525
3.377975
3.440175
3.679075
3.717325
3.728375
3.739775
3.752550
3.767000
3.781900
3.790150
3.802775
3.823450
3.838450
3.855550
3.881650
3.908375
3.920650
3.944150
3.980675
4.023350
4.040200
4.079175
4.104050
4.228275
4.275600
4.302925
4.329100
4.351750
4.370275
4.385375
4.402475
4.414500
4.430375
4.449500
4.472725
4.491125
4.516475
4.542150
4.558775
4.577450
4.603350
4.626200
4.671100
4.793550
4.849775
4.878025
4.906075
4.925700
4.951525
4.969900
4.982450
4.992625
5.006275
5.018550
5.037450
5.062675
5.087550
5.301850
5.313275
5.324225
5.348400
5.369125
5.379975
5.400800
5.422300
5.452950
5.473475
5.489175
5.516225
5.536950
5.567175
5.761475
5.789100
5.809975
5.838425
5.875650
5.906850
5.920775
5.945600
5.971800
5.993475
6.007200
6.017925
6.033450
6.060775
6.155500
6.216325
6.248575
6.273825
6.323575
6.351300
6.399150
6.423400
6.444850
6.470700
6.506500
6.531450
6.563575
6.592700
6.606650
6.630200
6.657025
6.689850
6.998175
7.017225
7.030925
7.049975
7.067400
7.086300
7.109625
7.129450
7.145475
7.171300
7.185975
7.195975
7.212350
7.230100
7.247025
7.276800
7.325125
7.357900
7.395975
7.414625
7.431400
7.451375
7.482400
7.492575
7.676950
7.716525
7.739300
7.758600
7.782850
7.802325
7.819075
7.883100
7.894900
7.922300
7.937325
7.958225
7.971400
7.994975
8.022775
8.058400
8.087775
8.117950
8.137875
8.162850
8.183650
8.210350
8.225275
8.254475
8.317975
8.533975
8.561350
8.582625
8.603425
8.628625
8.638825
8.656725
8.686325
8.730250
8.744825
8.790875
8.836475
8.882825
8.913475
8.931500
8.967575
8.998850
9.014625
9.036200
9.062150
9.082475
9.112050
9.145675
9.164550
9.201350
9.231025
9.426525
9.439125
9.444250
9.463650
9.476650
9.498550
9.520350
9.543700
9.570250
9.585575
9.595550
9.613725
9.626825
9.682150
9.892600
9.900875
9.902600
9.905600
9.911025
9.921200
9.932075
9.939550
9.953675
9.963250
9.980800
10.003200
10.016775
10.040600
10.067725
10.092525
10.105975
10.136150
10.161375
10.176850
10.192725
10.220150
10.265000
10.309650
10.332500
10.399900
10.474200
10.520100
10.604700
10.617525
10.632625
10.648450
10.660625
10.667125
10.687550
10.702225
10.715375
10.762825
10.819400
10.866375
10.894125
10.907400
10.934300
10.965775
11.026400
11.042100
11.068625
11.095850
11.123100
11.152250
11.177400
11.211275
11.309925
11.325225
11.337375
11.350875
11.366400
11.375625
11.389275
11.406800
11.441200
11.456925
11.479325
11.493950
11.513675
11.528850
11.562525
11.603425
11.758550
11.770450
11.776725
11.785300
11.803925
11.817325
11.830275
11.862150
11.875375
11.897550
11.917700
12.166025
12.190200
12.206050
12.221600
12.235225
12.277375
12.313150
12.342850
12.378300
12.405000
12.440750
12.556425
12.571875
12.583475
12.593425
12.601975
12.613675
12.625400
12.654225
12.675150
12.691850
12.716225
12.740475
12.782325
12.880875
12.917925
12.944875
12.955625
12.964675
12.979225
12.989675
13.003275
13.018200
13.030300
13.046175
13.071125
13.094675
13.101775
13.114225
13.137300
13.152725
13.170700
13.186600
13.205550
13.218500
13.231725
13.242950
13.255350
13.277500
13.300100
13.320875
13.341225
13.354075
13.390200
13.416950
13.444725
13.573175
13.619875
13.632875
13.645950
13.687100
13.721625
13.741025
13.787650
13.946825
14.007275
14.019650
14.029150
14.041500
14.051375
14.062675
14.070150
14.081575
14.094900
14.108950
14.115725
14.131400
14.140725
14.148025
14.161375
14.175775
14.206775
14.341700
14.371800
14.451275
14.483550
14.505475
14.518225
14.535100
14.554950
14.570375
14.585650
14.598800
14.619725
14.645575
14.667900
14.858875
14.872325
14.891800
14.910725
14.923675
14.933450
14.949250
14.969875
14.985700
15.002000
15.017275
15.042425
15.317625
15.324275
15.338625
15.353950
15.367475
15.383325
15.393975
15.531200
15.620050
15.645975
15.658675
15.665950
15.674125
15.687825
15.704825
15.718275
15.732300
15.756000
15.778250
15.811525
15.839225
15.856425
15.957075
16.071575
16.088600
16.094675
16.105350
16.117325
16.129400
16.139400
16.158325
16.173450
16.187275
16.208800
16.243300
16.481500
16.539925
16.563150
16.580100
16.610275
16.630875
16.648200
16.660100
16.678625
16.690025
16.699550
16.708600
16.729100
16.747025
16.766775
16.798425
16.843725
17.067200
17.075925
17.090450
17.108725
17.128800
17.140600
17.331850
17.366375
17.374650
17.382400
17.391275
17.401350
17.415475
17.428525
17.438450
17.457800
17.472575
17.489450
17.507550
17.523650
17.541725
17.564125
17.588725
17.615450
17.897525
17.912400
17.925975
17.939475
17.953250
17.967025
17.976075
17.983450
18.002175
18.026900
18.046925
18.061475
18.079800
18.102725
18.135200
18.257375
18.381050
18.421625
18.457250
18.498250
18.522750
18.535875
18.552275
18.569175
18.581200
18.600450
18.616725
18.631675
18.654200
18.681075
18.705650
18.722650
18.954525
18.970875
19.010975
19.142075
19.151125
19.169475
19.203200
19.229500
19.276525
19.547475
19.580725
19.609000
19.648300
19.680200
19.699750
19.713175
19.740450
19.764725
19.780050
19.834350
19.850575
19.867200
19.905150
19.930650
19.972175
20.007875
20.044750
20.075000
20.119825
20.223775
20.247850
20.286425
20.319425
20.351450
20.364350
20.373900
20.384550
20.388900
20.397775
20.425100
20.458975
20.495550
20.520800
20.674425
20.700425
20.727725
20.753450
20.777400
20.794000
20.817500
20.846075
20.863500
20.870250
20.890925
20.916925
20.940475
20.954100
20.972600
20.993225
21.015325
21.027600
21.038700
21.056575
21.074450
21.086525
21.108250
21.125525
21.135750
21.150325
21.158925
21.174775
21.310075
21.335725
21.347625
21.364025
21.387100
21.405150
21.428775
21.441525
21.453300
21.469975
21.479425
21.497100
21.515025
21.531400
21.763550
21.798475
21.814325
21.826875
21.839875
21.859275
21.879050
21.892275
21.906600
21.926250
21.936575
21.955975
21.961350
21.975125
21.982375
21.995400
22.007075
22.024700
22.046300
22.302400
22.326350
22.339675
22.345650
22.359125
22.378875
22.395950
22.408800
22.421675
22.432775
22.459625
22.477400
22.494025
22.524625
22.543175
22.819750
22.836225
22.852225
22.877675
22.897550
22.911925
22.929475
22.942500
22.949000
22.990150
23.061550
23.167300
23.334450
23.345475
23.355475
23.366325
23.379625
23.391550
23.399875
23.417875
23.436250
23.453000
23.468525
23.485825
23.506550
23.528575
23.558300
23.578625
23.611025
23.637275
23.656700
23.666475
23.683300
23.698100
23.723175
23.743525
23.758775
23.821500
23.836375
23.847350
23.870950
23.889875
23.913825
23.920875
23.946350
23.974125
23.999650
24.016150
24.038175
24.050225
24.087325
24.110425
24.170850
24.196725
24.211800
24.241150
24.261900
24.280850
24.289850
24.308800
24.329100
24.338850
24.359450
24.377350
24.607175
24.638675
24.649875
24.658325
24.672300
24.685625
24.699300
24.721225
24.734275
24.766225
24.789525
24.830700
24.878175
25.022050
25.046075
25.063625
25.077950
25.088200
25.099600
25.118250
25.131125
25.152450
25.164650
25.182275
25.193550
25.206675
25.216625
25.229550
25.258400
25.274600
25.294675
25.305225
25.322525
25.336300
25.349525
25.372850
25.383350
25.394125
25.418875
25.437525
25.451025
25.752475
25.760575
25.768975
25.774975
25.784150
25.787625
25.794275
25.805600
25.818800
25.826125
25.839975
25.851475
25.857875
25.869750
25.879725
25.895325
25.913175
25.925625
25.950175
26.004375
26.042225
26.084050
26.138800
26.153875
26.183750
26.313600
26.347325
26.371275
26.379300
26.401550
26.417750
26.431575
26.447950
26.464250
26.474325
26.484025
26.512150
26.530100
26.547125
26.640325
26.660150
26.692050
26.706550
26.718800
26.734650
26.742975
26.750375
26.766875
26.780750
26.794550
26.812850
26.833125
26.856475
26.879300
26.898800
27.158150
27.165850
27.172050
27.185375
27.199325
27.214525
27.221900
27.238350
27.253925
27.275350
27.292175
27.307525
27.315225
27.324550
27.333650
27.347475
27.360125
27.378350
27.390050
27.406300
27.421600
27.436175
27.457000
27.469775
27.487750
27.518650
27.770825
27.781800
27.798700
27.809425
27.821125
27.837825
27.901550
27.943825
27.970500
28.000350
28.019250
28.049525
28.070875
28.083475
28.103125
28.118125
28.126150
28.149050
28.163450
28.176425
28.200450
28.212700
28.235750
28.286050
28.320000
28.341675
28.352475
28.372625
28.382125
28.408200
28.425500
28.438150
28.465075
28.478225
28.498300
28.522500
28.541325
28.574650
28.617700
28.807725
28.844125
28.861350
28.877175
28.891775
28.907250
28.933850
28.961300
28.977575
29.089925
29.118675
29.168775
29.200550
29.231475
29.377125
29.460350
29.464925
29.470075
29.476800
29.509875
29.521100
29.533950
29.540625
29.563575
29.572575
29.583425
29.602125
29.614350
29.630475
29.641675
29.656750
29.667275
29.674275
29.685725
29.717075
29.733250
29.749125
29.768150
