0.001500
0.007725
0.025525
0.037475
0.120025
0.130575
0.160675
0.210025
0.246325
0.263375
0.360475
0.366425
0.421850
0.449125
0.470300
0.496825
0.600050
0.643550
0.662050
0.702725
0.747350
0.779125
0.829500
0.855225
0.944625
0.989800
1.074825
1.088100
1.140350
1.197275
1.209575
1.240850
1.267550
1.298725
1.332600
1.421925
1.439750
1.483250
1.495425
1.544600
1.591925
1.632675
1.652800
1.677875
1.717425
1.725850
1.734625
1.765900
1.793600
1.823200
1.855725
1.878475
1.922775
1.944925
1.969000
2.014550
2.064325
2.096550
2.104900
2.121725
2.137150
2.199225
2.233900
2.281125
2.301500
2.386450
2.409625
2.417300
2.423200
2.434200
2.472325
2.561925
2.677375
2.700350
2.819600
2.893000
2.901750
3.006325
3.020975
3.053925
3.113275
3.145600
3.180050
3.216775
3.232200
3.347725
3.354350
3.368050
3.375150
3.415950
3.444950
3.514575
3.681350
3.703025
3.712925
3.791975
3.801975
3.815575
3.857675
3.935625
3.978825
4.020125
4.096575
4.115725
4.130275
4.223575
4.240675
4.274800
4.291775
4.336725
4.394175
4.459425
4.478350
4.526825
4.546025
4.570225
4.590225
4.655075
4.669700
4.713425
4.770025
4.789000
4.799100
4.848275
4.929475
4.948875
4.980150
5.005800
5.026525
5.084675
5.132500
5.144400
5.268575
5.290775
5.449800
5.547875
5.565175
5.578400
5.596775
5.619500
5.678050
5.714025
5.729525
5.817175
5.823950
5.842275
5.859875
5.899550
5.915275
5.931650
5.963275
5.994225
6.011500
6.029950
6.068700
6.109700
6.117100
6.126100
6.164925
6.185400
6.261500
6.358050
6.490800
6.526675
6.539475
6.561575
6.619850
6.654375
6.712825
6.770000
6.804050
6.812200
6.830900
6.836650
6.900375
6.906325
6.952075
6.999150
7.056200
7.064875
7.078525
7.124075
7.157650
7.173450
7.279350
7.365225
7.390975
7.411050
7.430100
7.451000
7.498750
7.514200
7.557925
7.575900
7.611900
7.629875
7.666275
7.727750
7.767800
7.787575
7.878475
7.966150
7.971400
8.038450
8.095025
8.116100
8.128500
8.165350
8.253025
8.324500
8.365000
8.424300
8.463025
8.467850
8.495400
8.565900
8.576125
8.617675
8.763325
8.770450
8.793975
8.809550
8.822025
8.836375
8.852075
8.874850
8.931325
8.993825
9.018800
9.032175
9.076050
9.091725
9.149175
9.191175
9.223150
9.489200
9.516775
9.525725
9.556475
9.718750
9.751250
9.812300
9.858225
9.878375
9.896650
9.936325
9.963550
9.986825
10.072725
10.115875
10.125875
10.129850
10.134450
10.138475
10.162525
10.265400
10.397000
10.438025
10.505850
10.619475
10.684975
10.696400
10.711750
10.730675
10.757275
10.844525
10.886950
10.902750
10.938675
11.040625
11.064850
11.115775
11.166150
11.211775
11.227225
11.430375
11.448950
11.470900
11.487125
11.491725
11.533725
11.589825
11.629250
11.639475
11.664800
11.673825
11.687125
11.772100
11.850875
11.858050
11.907025
11.939200
11.976600
11.987475
12.056725
12.235725
12.246300
12.255575
12.297575
12.323700
12.384175
12.418550
12.441325
12.460375
12.478900
12.533250
12.583875
12.667350
12.706550
12.775350
12.820175
12.836700
12.924025
13.011325
13.024075
13.065975
13.089450
13.107700
13.120475
13.178950
13.222575
13.242175
13.257625
13.332025
13.373900
13.435850
13.451775
13.476425
13.503300
13.520025
13.566050
13.642025
13.683775
13.699700
13.730775
13.746425
13.813050
13.840875
13.851850
13.865550
13.888625
13.903975
13.920100
13.947850
13.960225
13.996100
14.053400
14.071950
14.113550
14.131550
14.143500
14.182125
14.215150
14.263575
14.274850
14.288800
14.417350
14.435600
14.513875
14.528375
14.552075
14.576975
14.609000
14.628800
14.653425
14.669525
14.762200
14.806700
14.824275
14.854225
14.881850
14.900050
14.914500
14.929450
14.963050
14.978150
14.994775
15.004150
15.038125
15.100300
15.223975
15.242300
15.317475
15.339150
15.354750
15.501100
15.602550
15.626225
15.661550
15.666775
15.698175
15.704325
15.745375
15.760625
15.774550
15.789275
15.799150
15.825025
15.849375
15.862000
15.896725
15.931125
15.958175
15.980000
16.003575
16.085775
16.104225
16.119375
16.136350
16.141525
16.151075
16.224725
16.239600
16.275250
16.357275
16.371475
16.382025
16.394600
16.417125
16.444400
16.495425
16.593025
16.607300
16.618050
16.638625
16.652450
16.683650
16.690850
16.695850
16.708425
16.712225
16.742450
16.763825
16.781850
16.825900
16.892375
16.916200
16.951200
16.968325
16.989425
17.092300
17.112750
17.141175
17.199675
17.208650
17.219650
17.277450
17.416525
17.431275
17.450100
17.472275
17.539850
17.613500
17.644700
17.689725
17.742150
17.751025
17.780225
17.791750
17.846500
17.878475
17.930900
17.968050
18.026800
18.044275
18.061725
18.080500
18.090325
18.149525
18.195750
18.206400
18.222600
18.243150
18.249975
18.256650
18.261825
18.275400
18.346850
18.382775
18.394175
18.487225
18.511975
18.577325
18.634950
18.658950
18.787975
18.816650
18.863850
18.881150
18.887875
18.892575
18.899275
18.927000
18.942125
18.962675
19.157450
19.206000
19.217700
19.244050
19.413200
19.476600
19.537875
19.555000
19.580825
19.601475
19.612275
19.686825
19.799500
19.810575
19.826000
19.856025
19.900950
19.980100
20.045625
20.060025
20.091725
20.110175
20.128250
20.161800
20.218050
20.233650
20.278150
20.340475
20.392550
20.397075
20.496300
20.503475
20.600100
20.690450
20.806900
20.843975
20.852675
20.876600
21.016075
21.072650
21.111800
21.131150
21.169550
21.200675
21.219650
21.268075
21.284525
21.321500
21.342775
21.364325
21.384800
21.415375
21.452450
21.476000
21.519800
21.611975
21.631600
21.668425
21.733625
21.824600
21.840075
21.876750
21.913700
21.934175
22.000725
22.015400
22.048500
22.069900
22.092100
22.110450
22.157100
22.180250
22.196225
22.267950
22.290300
22.330450
22.375100
22.395375
22.412100
22.423250
22.609000
22.626025
22.655225
22.669200
22.680775
22.737675
22.747075
22.762350
22.854550
22.869525
22.971275
23.040950
23.079275
23.100275
23.120375
23.148300
23.219850
23.229200
23.313250
23.342925
23.374075
23.407175
23.478850
23.482450
23.586675
23.618350
23.712275
23.729350
23.740425
23.761300
23.862500
23.878150
23.937250
23.942350
23.956775
23.971175
23.992850
24.024850
24.098125
24.106900
24.165900
24.222300
24.234150
24.305150
24.312800
24.342275
24.356425
24.369150
24.440750
24.538650
24.551225
24.641875
24.674000
24.696400
24.711400
24.730000
24.743150
24.797600
24.816525
24.824575
24.853975
24.864775
24.900625
24.945150
24.975475
24.986975
25.000000
25.127050
25.190775
25.217525
25.230350
25.253200
25.277850
25.312000
25.349650
25.374950
25.391425
25.422250
25.470200
25.479750
25.515725
25.590175
25.699475
25.748750
25.802425
25.827600
25.846675
25.895725
25.945400
25.993100
26.000825
26.052550
26.106625
26.181200
26.199950
26.232600
26.313050
26.412375
26.455825
26.611250
26.625375
26.645475
26.748975
26.808875
26.828600
26.850475
26.869950
26.923975
26.962175
27.018550
27.059875
27.087625
27.108400
27.128075
27.146550
27.166200
27.190425
27.246100
27.258425
27.267875
27.274400
27.332025
27.408625
27.475000
27.604325
27.642025
27.683550
27.699325
27.703575
27.712875
27.728700
27.764250
27.813725
27.835925
27.883400
27.952800
27.969875
27.995550
28.022450
28.202050
28.215850
28.318475
28.334875
28.417375
28.432725
28.478950
28.492050
28.512700
28.605275
28.675675
28.786625
28.826525
28.903225
28.927500
28.944600
29.002275
29.038025
29.140450
29.164700
29.195950
29.203550
29.212350
29.257775
29.267225
29.288325
29.296125
29.319875
29.394600
29.444400
29.522225
29.530600
29.691450
29.748775
29.789000
29.821275
29.882800
29.933475
29.964950
