0.015250
0.032175
0.047175
0.068725
0.085950
0.127200
0.141725
0.147900
0.151475
0.153300
0.160700
0.161625
0.169500
0.178075
0.187550
0.205250
0.213950
0.219950
0.229875
0.244825
0.245550
0.251500
0.269225
0.278075
0.284975
0.292325
0.299600
0.317675
0.325800
0.336400
0.346725
0.379950
0.395250
0.396025
0.419750
0.437525
0.456950
0.472750
0.496275
0.516550
0.564900
0.585925
0.599050
0.609725
0.616425
0.622050
0.628475
0.633125
0.634975
0.639550
0.646675
0.671150
0.676800
0.689200
0.694600
0.701875
0.702875
0.706900
0.713400
0.715125
0.719575
0.724750
0.729275
0.734950
0.745750
0.756675
0.762525
0.770125
0.770975
0.779300
0.798325
0.816525
0.840825
0.861500
0.884550
0.905000
0.919200
0.937625
0.959875
0.983225
1.006025
1.035700
1.056275
1.065900
1.073550
1.080525
1.081325
1.086825
1.092375
1.096800
1.101500
1.111225
1.115850
1.126200
1.129625
1.135000
1.136175
1.146950
1.153450
1.158950
1.162525
1.169650
1.173500
1.180750
1.185825
1.191200
1.197150
1.198525
1.200850
1.221725
1.234725
1.238850
1.250375
1.254650
1.258600
1.259475
1.271700
1.281050
1.285300
1.300900
1.314900
1.323875
1.333175
1.351825
1.358925
1.366150
1.402100
1.408275
1.416225
1.421925
1.427200
1.437125
1.446225
1.452625
1.469800
1.471200
1.474750
1.480150
1.487375
1.497800
1.507800
1.523775
1.535675
1.539225
1.543850
1.554600
1.561700
1.593425
1.600150
1.612675
1.621750
1.631600
1.642700
1.653875
1.669125
1.680125
1.691025
1.714600
1.724950
1.758350
1.778125
1.790750
1.804150
1.824775
1.840850
1.858350
1.883600
1.890775
1.897875
1.902100
1.912175
1.916600
1.927400
1.933350
1.939400
1.965075
1.971100
1.973025
1.978575
1.995175
2.035900
2.042675
2.048900
2.054975
2.065625
2.075100
2.085075
2.099750
2.134475
2.153350
2.185800
2.194900
2.208925
2.210325
2.224000
2.232950
2.248550
2.263000
2.284550
2.306975
2.322150
2.341425
2.352575
2.362900
2.386925
2.392200
2.396375
2.401400
2.410975
2.418150
2.426125
2.428025
2.432350
2.441050
2.458575
2.470175
2.482050
2.492400
2.501900
2.511650
2.536775
2.547425
2.566775
2.599500
2.616375
2.635000
2.652050
2.664025
2.676875
2.693800
2.705750
2.722750
2.735100
2.752075
2.769775
2.771250
2.781225
2.795225
2.821400
2.841425
2.850250
2.861500
2.870800
2.886675
2.893225
2.898550
2.902100
2.911925
2.916575
2.924325
2.932750
2.936825
2.948325
2.954100
2.959350
2.964800
2.972000
2.994000
3.003600
3.009525
3.011675
3.019600
3.024800
3.068500
3.072425
3.076675
3.081275
3.092775
3.110500
3.119575
3.135175
3.159475
3.170625
3.186875
3.207300
3.216700
3.231675
3.244100
3.255050
3.274925
3.325975
3.355725
3.367900
3.384750
3.393500
3.399425
3.403250
3.408050
3.418725
3.423100
3.428650
3.433550
3.441150
3.450475
3.455275
3.461825
3.474325
3.479725
3.484550
3.502150
3.515000
3.565350
3.589325
3.608425
3.629200
3.648500
3.666975
3.683650
3.699500
3.702800
3.711750
3.732925
3.752550
3.780750
3.800575
3.834675
3.855475
3.874700
3.887600
3.895450
3.902175
3.909100
3.919150
3.960175
3.967375
3.979675
3.988400
3.994400
4.016650
4.024850
4.038700
4.052800
4.065750
4.078725
4.090025
4.102800
4.118800
4.125125
4.132250
4.148300
4.164650
4.181525
4.199675
4.216075
4.231075
4.248825
4.260300
4.267175
4.275150
4.285175
4.290575
4.304100
4.305300
4.324100
4.325425
4.330925
4.340450
4.347300
4.352425
4.364900
4.375525
4.395075
4.432150
4.466800
4.494825
4.497225
4.521700
4.545475
4.565975
4.584125
4.607075
4.614025
4.630300
4.634750
4.640150
4.643450
4.647600
4.657450
4.667000
4.673500
4.682475
4.693325
4.700300
4.711000
4.720750
4.728950
4.742950
4.754350
4.755150
4.769850
4.782200
4.791875
4.812825
4.839825
4.861850
4.878050
4.889750
4.891250
4.905225
4.915225
4.918425
4.926750
4.964550
4.969300
4.973775
4.974725
4.979150
4.988550
4.995450
5.000425
5.004650
5.028625
5.035300
5.043775
5.050150
5.062075
5.067000
5.076075
5.085825
5.101825
5.111050
5.121700
5.137350
5.152850
5.156925
5.168775
5.175350
5.183575
5.195900
5.197025
5.209925
5.216325
5.222900
5.232300
5.239325
5.251725
5.260600
5.266575
5.287725
5.303075
5.317125
5.342000
5.360150
5.377275
5.390600
5.408100
5.419475
5.433575
5.448150
5.457300
5.466725
5.471225
5.478500
5.482525
5.487775
5.494225
5.510950
5.512100
5.516375
5.532725
5.539425
5.551625
5.563200
5.571425
5.579700
5.586850
5.594900
5.612800
5.621250
5.629875
5.638175
5.648100
5.661775
5.668075
5.677300
5.689925
5.698375
5.703550
5.736600
5.743250
5.752325
5.756975
5.758550
5.766750
5.775200
5.782950
5.797575
5.805275
5.813525
5.820450
5.829275
5.842100
5.857725
5.884350
5.886075
5.905200
5.931050
5.948825
5.966400
5.982750
6.012400
6.026150
6.039475
6.051700
6.065125
6.074325
6.089550
6.096775
6.102000
6.106775
6.112950
6.118250
6.129025
6.135675
6.141800
6.164100
6.180225
6.192350
6.200725
6.226200
6.237875
6.247075
6.263675
6.265925
6.295325
6.308475
6.320950
6.341175
6.347100
6.353825
6.354875
6.364125
6.377075
6.383825
6.393425
6.394575
6.398325
6.404075
6.418525
6.425025
6.429975
6.463100
6.468825
6.477525
6.487950
6.494875
6.507600
6.513275
6.521025
6.530500
6.541250
6.562150
6.597250
6.612025
6.634400
6.681600
6.701800
6.718850
6.734450
6.754250
6.772375
6.794700
6.831175
6.844075
6.867050
6.876275
6.881300
6.885675
6.890575
6.891375
6.893475
6.897125
6.903875
6.907300
6.908175
6.911325
6.952325
6.967425
6.987200
6.997850
7.016550
7.029825
7.045250
7.059475
7.076150
7.091225
7.112350
7.134250
7.176900
7.198200
7.216500
7.235875
7.249350
7.259400
7.269450
7.276575
7.284675
7.289100
7.297075
7.302475
7.307275
7.309975
7.345300
7.347075
7.352025
7.356525
7.370800
7.395125
7.402975
7.408900
7.413950
7.419925
7.431150
7.436975
7.441900
7.448225
7.461625
7.477950
7.485725
7.498150
7.500525
7.524550
7.549200
7.574075
7.593725
7.610525
7.627150
7.651675
7.671625
7.697650
7.716175
7.735275
7.753050
7.773900
7.785850
7.786775
7.793450
7.796000
7.798325
7.810150
7.810975
7.813825
7.819700
7.825100
7.850700
7.872825
7.877150
7.884725
7.885700
7.890450
7.895700
7.905125
7.920150
7.926550
7.945075
7.959350
7.978650
7.987275
7.989800
7.992825
8.007450
8.011925
8.039000
8.052000
8.062050
8.085000
8.098925
8.133675
8.155600
8.170050
8.200125
8.216475
8.229025
8.243575
8.254875
8.256225
8.266775
8.298150
8.324200
8.339750
8.361500
8.362475
8.374275
8.388875
8.395800
8.412700
8.420025
8.425850
8.433300
8.441500
8.446375
8.452500
8.460100
8.468225
8.482850
8.490375
8.504000
8.516100
8.520925
8.527950
8.537325
8.546375
8.556200
8.569800
8.617125
8.630250
8.647425
8.663850
8.681350
8.699325
8.713400
8.727550
8.739950
8.759750
8.784875
8.803950
8.821025
8.827675
8.836450
8.844425
8.856400
8.865950
8.870175
8.873275
8.878800
8.883750
8.887350
8.896150
8.903600
8.911775
8.922925
8.926750
8.948175
8.956600
8.957825
8.970325
8.999275
9.030025
9.071075
9.122350
9.147725
9.171850
9.193675
9.218600
9.239000
9.255825
9.270550
9.271975
9.281700
9.293500
9.303200
9.311625
9.317675
9.319275
9.327025
9.327900
9.332925
9.337325
9.342325
9.343575
9.351875
9.373925
9.389025
9.393525
9.394600
9.408975
9.415475
9.441100
9.483500
9.496500
9.505250
9.519900
9.543275
9.562150
9.609300
9.632225
9.677275
9.698475
9.702125
9.728425
9.751750
9.758800
9.761625
9.764050
9.767325
9.781675
9.785325
9.799925
9.805075
9.815900
9.821275
9.830175
9.835075
9.841475
9.842325
9.849775
9.859575
9.867775
9.890725
9.901950
9.925950
9.945925
9.966600
9.977350
9.998350
10.021375
10.038575
10.067400
10.079125
10.086650
10.108175
10.117225
10.122900
10.144325
10.152925
10.158550
10.167050
10.172525
10.183825
10.189325
10.197225
10.211350
10.223425
10.229575
10.248175
10.257700
10.280000
10.295650
10.303800
10.307300
10.313375
10.352275
10.375400
10.394725
10.429425
10.447525
10.467650
10.485025
10.486050
10.507800
10.529400
10.550575
10.566525
10.582825
10.593200
10.608225
10.617900
10.625150
10.631400
10.638700
10.651950
10.661400
10.680050
10.694150
10.701075
10.706650
10.721875
10.751025
10.756175
10.768675
10.790475
10.797850
10.803650
10.824075
10.839525
10.860850
10.888125
10.900600
10.913100
10.937400
10.985525
11.005075
11.048975
11.072225
11.073625
11.087900
11.099750
11.119550
11.122850
11.140025
11.146075
11.158800
11.182000
11.207150
11.235700
11.240625
11.254225
11.270000
11.289875
11.306225
11.319700
11.325575
11.341100
11.356150
11.366875
11.376950
11.390250
11.403375
11.407175
11.431500
11.450375
11.471800
11.497950
11.530750
11.554125
11.587725
11.611500
11.616450
11.639775
11.658350
11.690525
11.712825
11.741375
11.771225
11.776450
11.800550
11.847350
11.887850
11.895050
11.927850
11.957725
11.980675
11.996525
12.020400
12.037000
12.057425
12.081350
12.108500
12.170675
12.199750
12.219450
12.249625
12.271925
12.295925
12.326925
12.349125
12.372150
12.399500
12.412875
12.443225
12.447425
12.460700
12.484750
12.519500
12.550525
12.572025
12.593125
12.615500
12.628300
12.641800
12.658125
12.678925
12.687900
12.700575
12.733100
12.743925
12.764750
12.776875
12.795800
12.810925
12.827325
12.858575
12.876375
12.899000
12.920400
12.936725
12.952275
12.970150
12.985850
12.988600
13.019125
13.034125
13.045375
13.051625
13.058875
13.063450
13.071775
13.082825
13.114325
13.115550
13.144950
13.173250
13.187700
13.203900
13.217400
13.231200
13.277375
13.294125
13.310725
13.331375
13.348600
13.366225
13.385925
13.397375
13.399675
13.418250
13.431825
13.447450
13.466575
13.488375
13.499425
13.502950
13.516100
13.523625
13.532950
13.543400
13.555700
13.578300
13.591575
13.605925
13.627650
13.645900
13.668050
13.683050
13.699700
13.719750
13.731200
13.736650
13.742075
13.751550
13.764800
13.781800
13.797750
13.813800
13.826375
13.840350
13.854675
13.870450
13.885850
13.896600
13.906725
13.922575
13.940500
13.954050
13.986475
13.995150
13.996075
14.003950
14.008350
14.010325
14.018050
14.018900
14.024300
14.042050
14.054975
14.068175
14.074600
14.086775
14.097125
14.110200
14.125350
14.153850
14.171400
14.209075
14.229525
14.260550
14.283050
14.330850
14.367225
14.390950
14.416950
14.438650
14.453225
14.476050
14.498225
14.522400
14.543350
14.563525
14.586925
14.602350
14.614425
14.632550
14.652075
14.670775
14.690625
14.707200
14.717550
14.743025
14.753925
14.762075
14.817975
14.835850
14.845750
14.856300
14.866475
14.877825
14.893300
14.896600
14.909900
14.922250
14.938100
14.958300
14.986425
14.995825
15.005375
15.020075
15.032725
15.056500
15.076250
15.094425
15.108800
15.135800
15.168575
15.194375
15.208250
15.225125
15.240175
15.255025
15.269050
15.281250
15.299400
15.319925
15.344075
15.361425
15.380825
15.398100
15.417175
15.440625
15.465950
15.467200
15.498875
15.510400
15.514300
15.536675
15.556675
15.593250
15.614925
15.627075
15.643575
15.651150
15.652000
15.662050
15.672625
15.682225
15.687225
15.697300
15.707925
15.714950
15.717125
15.720925
15.728150
15.740000
15.757825
15.778450
15.788225
15.798625
15.807500
15.816225
15.826800
15.838750
15.848500
15.856125
15.871075
15.877825
15.884700
15.894125
15.907900
15.916100
15.929600
15.930850
15.937300
15.964225
15.978425
15.992750
16.001725
16.012475
16.031375
16.053325
16.073625
16.102775
16.120550
16.141775
16.152975
16.172075
16.185400
16.206400
16.229600
16.230525
16.250300
16.279725
16.310825
16.348125
16.373000
16.406450
16.415750
16.423475
16.436000
16.450775
16.477675
16.490825
16.525225
16.539150
16.563175
16.580900
16.593450
16.608100
16.619925
16.636000
16.655275
16.680425
16.701900
16.728375
16.734800
16.747100
16.753600
16.756875
16.778975
16.785525
16.806600
16.828525
16.839100
16.850025
16.875600
16.885475
16.900800
16.915650
16.930075
16.946750
16.957250
16.961675
16.967450
16.971675
16.977275
16.978250
16.981175
16.984200
16.995375
17.011150
17.021025
17.033600
17.047775
17.061250
17.083200
17.103250
17.116500
17.160425
17.178425
17.187825
17.189850
17.203450
17.208350
17.221800
17.226200
17.231475
17.242500
17.250375
17.261600
17.271675
17.289175
17.315875
17.327675
17.339100
17.352200
17.362400
17.377350
17.394350
17.406875
17.439150
17.450075
17.457475
17.459250
17.463800
17.465700
17.466750
17.478725
17.482750
17.488900
17.492150
17.496925
17.501350
17.505025
17.536300
17.547425
17.558025
17.574775
17.583550
17.597725
17.612825
17.622475
17.628725
17.649200
17.664750
17.676950
17.690625
17.704225
17.731300
17.744650
17.752000
17.767500
17.782225
17.793475
17.794500
17.807725
17.826150
17.839125
17.860700
17.872750
17.879200
17.879900
17.882975
17.888700
17.896800
17.903350
17.910975
17.917400
17.926150
17.936150
17.948300
17.949275
17.957250
17.978750
17.987750
17.989275
18.005000
18.024450
18.036450
18.049000
18.057100
18.068075
18.094500
18.106550
18.120825
18.140775
18.157575
18.176400
18.196400
18.216700
18.234425
18.270675
18.288125
18.307600
18.329225
18.361975
18.376350
18.378025
18.381225
18.388375
18.397000
18.399125
18.402400
18.414125
18.417900
18.424750
18.433825
18.458175
18.468050
18.474275
18.479300
18.487000
18.491350
18.506375
18.510975
18.513300
18.516775
18.522525
18.538300
18.561000
18.592275
18.601075
18.620125
18.633600
18.665250
18.678825
18.692500
18.706350
18.722475
18.741050
18.763875
18.774150
18.792425
18.817750
18.835200
18.859850
18.860950
18.871500
18.872550
18.876275
18.880900
18.895950
18.921950
18.933175
18.942350
18.949500
18.958525
18.967075
18.972000
18.993175
19.019075
19.028975
19.045175
19.052200
19.065875
19.078850
19.092750
19.103200
19.118350
19.125675
19.140000
19.146550
19.165300
19.166150
19.176550
19.186700
19.191675
19.196650
19.205350
19.217475
19.223650
19.229000
19.233850
19.249600
19.262050
19.269775
19.278725
19.296950
19.307275
19.316950
19.318575
19.356125
19.380575
19.394500
19.417425
19.437050
19.450800
19.463125
19.475175
19.488000
19.497475
19.510225
19.520050
19.535225
19.550475
19.570025
19.577225
19.589925
19.603325
19.617575
19.631800
19.653325
19.672825
19.680975
19.694450
19.701500
19.713725
19.719525
19.727775
19.732300
19.740550
19.751500
19.758250
19.769175
19.775725
19.787000
19.796500
19.806450
19.818200
19.829325
19.831225
19.842125
19.873375
19.881350
19.897725
19.909350
19.917850
19.930225
19.951675
19.979575
20.001250
20.025800
20.050850
20.066175
20.092725
20.130700
20.155100
20.175775
20.198075
20.224675
20.246875
20.273950
20.275625
20.311750
20.330325
20.347825
20.368500
20.386675
20.398575
20.412525
20.428725
20.448500
20.461125
20.478750
20.487625
20.498600
20.528925
20.538675
20.546500
20.553750
20.562450
20.571500
20.574475
20.577500
20.588125
20.589050
20.594750
20.602625
20.604075
20.640050
20.646075
20.653400
20.664550
20.678525
20.685975
20.697150
20.711550
20.728125
20.738050
20.760000
20.779425
20.832675
20.853575
20.867175
20.882425
20.898225
20.912975
20.926800
20.940825
20.953575
20.971050
20.984275
21.004275
21.027700
21.045925
21.065525
21.083450
21.097750
21.114750
21.131725
21.147925
21.171275
21.188750
21.211525
21.224275
21.234475
21.241900
21.257650
21.273100
21.281600
21.293250
21.295050
21.308225
21.311925
21.315850
21.318575
21.329500
21.359200
21.366300
21.380250
21.389975
21.411575
21.425900
21.450350
21.463250
21.484275
21.503300
21.515650
21.533450
21.562850
21.577225
21.578200
21.588125
21.596175
21.607500
21.615550
21.626000
21.630300
21.639825
21.649225
21.653475
21.670400
21.677675
21.683575
21.689925
21.697925
21.703675
21.710700
21.716950
21.720650
21.735000
21.736925
21.739525
21.743800
21.753925
21.767175
21.788050
21.790875
21.798600
21.807775
21.813975
21.831625
21.848625
21.859700
21.873900
21.888675
21.901550
21.916925
21.937650
21.952725
21.962450
21.974450
21.975675
21.984500
21.997200
22.011050
22.028525
22.041900
22.050300
22.054375
22.059775
22.068250
22.073800
22.079725
22.085100
22.090650
22.096675
22.110250
22.122300
22.125600
22.132675
22.141600
22.144925
22.158350
22.195425
22.199025
22.215850
22.237725
22.246625
22.253875
22.275450
22.307050
22.331700
22.371525
22.392150
22.412525
22.437950
22.455825
22.474700
22.475375
22.498350
22.518900
22.534250
22.547375
22.554725
22.564450
22.587550
22.589825
22.590950
22.592000
22.594475
22.602525
22.604100
22.605200
22.607750
22.611600
22.612475
22.620200
22.624675
22.643625
22.661300
22.686925
22.702725
22.717600
22.746900
22.773375
22.789450
22.831900
22.839325
22.846800
22.859775
22.864350
22.870550
22.876575
22.883625
22.887000
22.895375
22.902850
22.907125
22.916225
22.922050
22.927750
22.929500
22.938925
22.942875
22.955400
22.976775
22.977550
22.982400
22.986550
22.995150
23.008950
23.020625
23.026700
23.053875
23.064200
23.076300
23.091325
23.121300
23.131650
23.153050
23.170200
23.187100
23.200025
23.208575
23.239775
23.260950
23.282100
23.288500
23.306300
23.311200
23.335825
23.340150
23.345600
23.348975
23.355275
23.359525
23.367700
23.389975
23.403975
23.408875
23.423075
23.434225
23.445350
23.452375
23.461575
23.474250
23.483625
23.493375
23.512775
23.530300
23.551975
23.569525
23.580175
23.595425
23.609225
23.635550
23.647100
23.678675
23.689800
23.707600
23.724150
23.737175
23.737975
23.760250
23.765325
23.769025
23.775050
23.779225
23.784400
23.798275
23.803800
23.805975
23.806950
23.818300
23.827125
23.832700
23.841600
23.850725
23.877450
23.883650
23.894025
23.905575
23.925225
23.938300
23.949925
23.963225
23.972800
23.984175
23.998300
24.006625
24.023475
24.035775
24.085025
24.105525
24.116725
24.137675
24.153650
24.165500
24.204150
24.219000
24.228775
24.242125
24.255675
24.268900
24.287625
24.304375
24.317225
24.341800
24.357975
24.370700
24.384550
24.398425
24.411350
24.436875
24.442975
24.453850
24.462400
24.466950
24.473650
24.476150
24.480800
24.485125
24.488350
24.491950
24.497875
24.510050
24.521425
24.526450
24.531125
24.549550
24.555175
24.560625
24.569225
24.570000
24.579875
24.585325
24.600100
24.602750
24.610750
24.616200
24.620500
24.632275
24.645050
24.650600
24.662575
24.670825
24.671525
24.692825
24.702050
24.714400
24.731475
24.742275
24.747725
24.750800
24.767600
24.789225
24.830625
24.841975
24.860375
24.879150
24.891450
24.912050
24.912875
24.922250
24.940975
24.954525
24.966200
24.982700
24.989025
24.999925
25.012250
25.020675
25.045025
25.061125
25.081000
25.082075
25.086550
25.091650
25.096675
25.100700
25.106550
25.107775
25.125825
25.140075
25.165025
25.178525
25.186775
25.207000
25.222550
25.248875
25.275750
25.291650
25.321375
25.344500
25.370625
25.391950
25.406200
25.413650
25.420175
25.427000
25.434750
25.441475
25.451075
25.461250
25.468650
25.478225
25.503675
25.513250
25.529775
25.540550
25.558800
25.572075
25.582300
25.595975
25.617875
25.631350
25.639925
25.643950
25.655925
25.673425
25.689575
25.706475
25.731625
25.756300
25.770925
25.791450
25.798975
25.806275
25.810750
25.812475
25.815525
25.817525
25.825175
25.826300
25.829475
25.843825
25.869550
25.876600
25.879100
25.886325
25.893375
25.898450
25.905350
25.920150
25.929550
25.937850
25.940975
25.951000
25.960550
25.969900
25.982475
25.991675
26.021625
26.082700
26.104025
26.132925
26.153550
26.174875
26.178500
26.195925
26.221325
26.246350
26.266325
26.292800
26.294450
26.308125
26.321150
26.330825
26.334600
26.339725
26.351500
26.357350
26.360225
26.362975
26.372175
26.382100
26.396600
26.415950
26.426300
26.443800
26.491500
26.505825
26.526650
26.577075
26.603725
26.614050
26.640325
26.662025
26.678450
26.696325
26.714675
26.742425
26.761425
26.782200
26.799275
26.811575
26.826975
26.838625
26.855975
26.874975
26.902175
26.921875
26.930575
26.944475
26.974250
26.991375
27.015350
27.034600
27.057825
27.081325
27.108725
27.111650
27.130150
27.136650
27.145550
27.149725
27.159200
27.180575
27.188775
27.190600
27.196425
27.202100
27.207100
27.213950
27.222075
27.228925
27.240700
27.256825
27.325825
27.353150
27.370075
27.393450
27.409925
27.428400
27.447900
27.511525
27.548900
27.564900
27.578800
27.590900
27.608025
27.620575
27.634600
27.659200
27.668725
27.679400
27.689700
27.701400
27.704000
27.731175
27.746675
27.761000
27.780300
27.800775
27.834550
27.858925
27.883175
27.919400
27.934200
27.965300
27.986225
28.023025
28.045500
28.067400
28.087750
28.108450
28.128975
28.146300
28.160525
28.181775
28.203950
28.218800
28.230250
28.241950
28.253225
28.265575
28.273125
28.279100
28.289375
28.306850
28.323125
28.331025
28.345700
28.357700
28.376175
28.395250
28.415100
28.431175
28.445400
28.463050
28.468000
28.482300
28.506800
28.526125
28.546350
28.572700
28.590025
28.614975
28.615675
28.636350
28.672450
28.675350
28.683150
28.692575
28.699750
28.708125
28.717850
28.729000
28.737350
28.747500
28.757275
28.763275
28.779125
28.780125
28.786950
28.795400
28.808125
28.821450
28.832150
28.877125
28.933550
28.946450
28.969625
28.980475
28.988400
29.016525
29.028600
29.038100
29.080225
29.111900
29.133000
29.143200
29.153050
29.161325
29.169950
29.175225
29.177275
29.185900
29.196875
29.206950
29.222200
29.236100
29.249175
29.266050
29.278275
29.294350
29.309050
29.331600
29.344375
29.361300
29.377975
29.389000
29.399750
29.412675
29.434850
29.485275
29.506150
29.525625
29.534100
29.563875
29.573075
29.581300
29.589675
29.591050
29.599025
29.605550
29.612850
29.621750
29.629500
29.654150
29.660600
29.667925
29.687700
29.697700
29.710850
29.729050
29.780300
29.824550
29.846700
29.872450
29.900400
29.922150
29.946875
29.961025
29.982400
