0.009550
0.020975
0.074375
0.197850
0.205350
0.218250
0.233200
0.241575
0.261700
0.466650
0.471850
0.475275
0.478475
0.481625
0.485750
0.511200
0.541750
0.733475
0.746700
0.755275
0.759975
0.763700
0.997300
1.008675
1.016100
1.020275
1.022700
1.027025
1.031525
1.092375
1.117075
1.311375
1.327150
1.334525
1.347025
1.377100
1.403725
1.420600
1.452950
1.461350
1.472100
1.480775
1.526000
1.538150
1.694950
1.714500
1.730075
1.755525
1.761125
1.780550
1.880750
1.931625
1.944925
1.990725
2.116050
2.131650
2.142575
2.166075
2.234000
2.328925
2.330425
2.343725
2.371850
2.382350
2.394825
2.430950
2.435900
2.461100
2.626375
2.635750
2.641950
2.655650
2.671900
2.721225
2.735750
2.898175
2.907025
2.929250
2.936325
2.943350
2.962250
2.998150
3.062775
3.100850
3.164600
3.172500
3.175625
3.177700
3.194475
3.200025
3.224000
3.253100
3.285350
3.332800
3.490800
3.518700
3.529200
3.542850
3.555250
3.581475
3.595150
3.605950
3.608575
3.784725
3.818550
3.826625
3.830375
3.834525
3.840300
3.848125
3.861975
3.995975
4.131650
4.325750
4.350775
4.355300
4.362800
4.370500
4.479525
4.521275
4.546925
4.595625
4.609450
4.639000
4.658675
4.703100
4.716625
4.750125
4.770125
4.801375
4.810250
4.832125
4.846400
4.896125
4.957100
4.967675
5.056200
5.071550
5.124425
5.195150
5.217650
5.243400
5.292225
5.355000
5.375100
5.433125
5.457850
5.492700
5.527475
5.548975
5.595175
5.611675
5.630675
5.755825
5.825000
5.831500
5.845650
5.934475
5.974600
6.002625
6.026225
6.043075
6.075750
6.190900
6.344475
6.396625
6.406450
6.411950
6.428450
6.434375
6.646575
6.660000
6.679975
6.686225
6.700475
6.740075
6.931000
6.952150
6.973425
6.994475
7.021775
7.034525
7.153050
7.175225
7.190350
7.197700
7.228525
7.252575
7.270775
7.442500
7.453800
7.456625
7.466325
7.472575
7.482700
7.491825
7.526950
7.603625
7.664650
7.674450
7.743750
7.760450
7.782850
7.832525
7.847875
7.884650
7.953000
8.066025
8.083375
8.092600
8.101350
8.107575
8.117025
8.224075
8.309200
8.330250
8.357200
8.386600
8.394500
8.404400
8.417125
8.457000
8.471575
8.488525
8.505225
8.550450
8.645550
8.691900
8.720150
8.742150
8.921100
8.933450
8.947725
8.961600
9.022625
9.407850
9.416225
9.423275
9.424625
9.428625
9.436575
9.444000
9.452150
9.468750
9.488675
9.517475
9.582800
9.587800
9.604775
9.638150
9.695400
9.720275
9.763175
9.818225
9.908975
9.932950
10.034700
10.062525
10.075975
10.101000
10.122950
10.165100
10.192300
10.219500
10.240500
10.457250
10.480225
10.495775
10.616625
10.656325
10.666500
10.673075
10.679325
10.703675
10.731650
10.930350
10.939975
10.988725
11.059125
11.120300
11.133250
11.140925
11.198900
11.255150
11.269425
11.276375
11.487050
11.499775
11.584500
11.693550
11.747650
11.815600
11.921300
11.964525
12.008625
12.044200
12.046900
12.054550
12.060000
12.065875
12.080975
12.117375
12.196125
12.223050
12.238400
12.288400
12.365300
12.379350
12.388700
12.393150
12.418575
12.461850
12.517875
12.541175
12.571475
12.591825
12.623225
12.705500
12.714250
12.734425
12.755975
12.899725
12.930050
13.062025
13.070875
13.081250
13.088625
13.111625
13.142825
13.190850
13.249350
13.254600
13.288975
13.302875
13.322800
13.338475
13.368050
13.377950
13.387100
13.389975
13.483125
13.500525
13.510850
13.524075
13.533600
13.556125
13.564050
13.604575
13.638050
13.671125
13.698125
13.802650
13.810400
13.816950
13.840375
13.881950
13.897500
13.910375
13.926900
14.031600
14.068425
14.114425
14.181575
14.202450
14.223075
14.253050
14.390400
14.412725
14.455725
14.488350
14.541675
14.559775
14.600075
14.631875
14.659275
14.792600
14.797725
14.837675
14.869875
15.045300
15.050775
15.277400
15.287775
15.302000
15.306775
15.318050
15.365950
15.415800
15.427425
15.556025
15.573250
15.587700
15.612825
15.614250
15.820725
15.826050
15.855125
15.870300
15.911775
15.934950
15.960925
16.024225
16.074675
16.084650
16.090250
16.095000
16.112925
16.124550
16.203575
16.221100
16.239375
16.338200
16.349275
16.364650
16.379350
16.448975
16.551825
16.563450
16.584250
16.593200
16.602275
16.646325
16.689875
16.848450
16.852250
16.886525
16.890925
16.910275
17.073350
17.139950
17.159075
17.190925
17.223800
17.231225
17.238500
17.318500
17.390575
17.415200
17.467950
17.516275
17.525175
17.573025
17.584025
17.670250
17.701025
17.721100
17.743250
17.892075
18.043950
18.050850
18.056000
18.070000
18.091800
18.143175
18.222125
18.229075
18.249150
18.371400
18.379875
18.408250
18.416175
18.430675
18.519875
18.549475
18.604875
18.610775
18.630625
18.640200
18.651800
18.757850
18.947175
18.971500
19.001550
19.046400
19.085750
19.126350
19.156950
19.260175
19.290600
19.339425
19.351600
19.371825
19.392175
19.417625
19.576100
19.584225
19.586175
19.726125
19.749075
19.756650
19.843975
19.862525
19.959600
19.997025
20.048675
20.086675
20.109300
20.172475
20.250350
20.391250
20.472100
20.527625
20.662825
20.672850
20.761575
20.862875
20.902800
21.022575
21.093800
21.125375
21.162725
21.176675
21.218925
21.247800
21.253875
21.296950
21.326650
21.365200
21.370425
21.381475
21.434225
21.527075
21.567775
21.584425
21.597125
21.603625
21.658075
21.760825
21.801000
21.820000
21.851250
21.859625
21.889550
22.028900
22.043450
22.050675
22.135050
22.268800
22.276700
22.306325
22.315625
22.333475
22.400875
22.467900
22.585475
22.595350
22.630675
22.716425
22.784800
22.898750
22.939350
22.955475
22.960375
22.979575
23.094425
23.102725
23.107525
23.112375
23.225750
23.261225
23.282000
23.299575
23.334750
23.356575
23.472175
23.513025
23.531175
23.568750
23.650100
23.690375
23.715850
23.727350
23.747250
23.766675
23.917200
23.947350
24.003125
24.067675
24.077025
24.085325
24.125375
24.149125
24.232575
24.358600
24.368800
24.384800
24.410075
24.505075
24.581375
24.595050
24.612075
24.697925
24.898325
24.922425
24.934150
24.945275
24.971150
24.985850
25.001825
25.003675
25.085550
25.128800
25.252900
25.259775
25.271225
25.302050
25.369300
25.397000
25.426875
25.471600
25.483775
25.540050
25.638675
25.659625
25.695050
25.703425
25.734575
25.769850
25.818325
25.829275
25.837725
25.885600
25.952425
25.967475
26.053700
26.123300
26.165200
26.178275
26.235700
26.243925
26.356275
26.397750
26.460400
26.464225
26.469450
26.495300
26.504625
26.536250
26.557900
26.609325
26.654975
26.673875
26.693150
26.714625
26.731425
26.745875
26.755500
26.790300
26.804125
26.823575
26.825125
26.889275
26.893550
26.929150
26.963525
27.005925
27.045075
27.060850
27.066650
27.073450
27.127975
27.150300
27.176850
27.209025
27.232825
27.308125
27.356925
27.375050
27.386925
27.452325
27.485275
27.500275
27.547625
27.630425
27.673500
27.722500
27.731975
27.878200
27.889675
27.955725
27.960475
27.965350
28.046325
28.130050
28.145450
28.161200
28.179775
28.208150
28.210275
28.287225
28.315000
28.365000
28.435850
28.491325
28.526050
28.542700
28.582525
28.595075
28.634975
28.660650
28.678075
28.701500
28.711900
28.754450
28.829875
28.841525
28.848525
28.852925
28.859100
28.873650
28.892525
28.902575
28.910075
28.931725
29.040950
29.078900
29.101950
29.121775
29.130425
29.140025
29.160500
29.185550
29.214850
29.229725
29.246225
29.263650
29.280150
29.308325
29.385150
29.394175
29.404125
29.409475
29.418450
29.472625
29.488450
29.514575
29.526025
29.546900
29.670100
29.684875
29.692775
29.786075
29.819700
29.859400
29.943425
29.960950
29.976450
29.983950
