0.119775
0.143075
0.169525
0.234950
0.372725
0.426525
0.650500
0.708925
0.809625
1.009625
1.108500
1.161575
1.226400
1.329175
1.481850
1.799700
1.862900
1.898900
2.050525
2.115275
2.163900
2.210025
2.378450
2.448700
2.555700
2.746925
2.804350
2.873900
2.962750
3.108425
3.171500
3.321175
3.394900
3.608550
3.879425
3.938700
4.264975
4.491975
4.550800
4.637200
4.722575
4.834750
4.894225
4.913050
4.929950
4.983850
4.993075
5.072850
5.150550
5.281600
5.531850
5.575625
5.595625
5.643150
5.701600
5.800075
5.911500
6.023400
6.271925
6.425925
6.570500
6.676725
6.741400
6.847850
7.033075
7.074700
7.136400
7.297950
7.399175
7.597225
7.644650
7.726125
7.758925
7.864350
7.908100
7.941050
8.104525
8.144975
8.245875
8.300975
8.400000
8.558500
8.638800
8.705425
8.965275
9.168050
9.273000
9.354150
9.411875
9.462275
9.595775
9.689825
9.923425
10.011475
10.064750
10.104025
10.207225
10.273275
10.337600
10.415475
10.474100
10.521050
10.575625
10.616075
10.681250
10.770550
10.887125
10.921025
10.961475
11.107075
11.165400
11.238675
11.327975
11.396675
11.424300
11.519225
11.629100
11.699525
11.820125
11.887075
11.961950
11.991875
12.139650
12.189425
12.213975
12.275400
12.305750
12.511850
12.615075
12.717325
12.765225
13.048000
13.189225
13.224225
13.304625
13.315025
13.408750
13.542325
13.713450
13.785675
13.874925
13.903275
14.067825
14.174750
14.377850
14.463725
14.579250
14.897575
15.258700
15.644550
15.710325
15.779400
15.829825
15.976150
16.034525
16.083125
16.215725
16.301950
16.362750
16.438550
16.614825
16.770500
16.853550
16.948925
17.030500
17.093600
17.200400
17.271650
17.316175
17.394150
17.471875
17.490475
17.545500
17.620825
17.709800
17.734100
17.750175
17.789725
17.875600
17.997650
18.091750
18.158850
18.177775
18.187550
18.211750
18.224325
18.278950
18.374925
18.455975
18.576250
18.686775
18.757175
18.803350
18.866875
18.965200
19.288300
19.341875
19.384700
19.489500
19.601150
19.645150
19.717650
19.788025
19.919075
19.980200
20.009000
20.075625
20.098475
20.128475
20.205950
20.340300
20.381775
20.399225
20.498875
20.548300
20.637500
20.752625
20.815700
20.839400
20.911550
20.967475
21.040725
21.164825
21.423600
21.486100
21.544975
21.554350
21.563025
21.886925
21.950950
22.019800
22.171225
22.325150
22.439500
22.457500
22.527600
22.634075
22.733400
22.813475
23.127150
23.432450
23.527900
23.755700
24.034200
24.109125
24.179725
24.274600
24.426825
24.467800
24.564125
24.645650
24.697525
24.969500
25.014350
25.047200
25.090625
25.211525
25.320650
25.383525
25.440000
25.510150
25.785325
25.919725
25.957400
25.992450
26.285400
26.380350
26.418150
26.482800
26.680200
26.766750
26.873575
26.901750
27.217825
27.230525
27.311925
27.444450
27.531200
27.876500
28.054300
28.148325
28.184400
28.206450
28.282575
28.437650
28.526550
28.622275
28.656225
28.678100
28.686325
28.755825
28.925050
28.994675
29.028900
29.046275
29.143925
29.181550
29.222250
29.394725
29.445050
29.497675
29.584275
29.650800
29.681900
29.772325
29.814075
29.960700
