0.024375
0.052225
0.095500
0.135750
0.262525
0.299650
0.350275
0.378175
0.427000
0.457475
0.483825
0.534775
0.568150
0.623350
0.714500
0.817700
0.865175
0.890250
0.956850
1.145900
1.244950
1.304675
1.351250
1.429725
1.481850
1.567125
1.599750
1.666300
1.763575
1.781700
1.890700
1.983875
2.049175
2.080325
2.134775
2.156075
2.203475
2.236125
2.258800
2.354700
2.403950
2.432125
2.506175
2.686100
2.704075
2.726300
2.800175
2.866650
2.914025
2.968425
3.010050
3.074825
3.130400
3.181625
3.187225
3.201850
3.354525
3.401675
3.442800
3.481325
3.497600
3.528100
3.580125
3.831150
3.893275
3.954375
4.005600
4.055000
4.070775
4.099425
4.137350
4.308100
4.344150
4.447125
4.470075
4.510350
4.543300
4.564075
4.633850
4.661075
4.673450
4.704000
4.760925
4.778625
4.896600
4.946900
5.058750
5.147625
5.169000
5.213425
5.281550
5.307825
5.399625
5.619250
5.716100
5.756725
5.784575
5.845075
6.056775
6.083050
6.114000
6.136425
6.178350
6.215900
6.248700
6.279325
6.309850
6.365075
6.395700
6.476450
6.500550
6.521350
6.632900
6.678600
6.709275
6.774650
6.797225
6.894475
6.934700
7.012075
7.046475
7.073625
7.111675
7.183800
7.255400
7.283550
7.310850
7.357300
7.472550
7.574850
7.614200
7.679850
7.724475
7.757375
7.777675
7.825075
7.885975
7.927125
7.945175
7.967000
8.004500
8.021900
8.202625
8.234825
8.292875
8.344350
8.396925
8.414100
8.499500
8.546900
8.571675
8.588975
8.611650
8.837725
8.859600
8.989050
9.023850
9.055800
9.106575
9.127000
9.164050
9.202100
9.235000
9.257075
9.290600
9.329700
9.372175
9.385300
9.487250
9.533250
9.601725
9.611400
9.786975
9.869425
9.920200
9.937400
9.993075
10.017250
10.085325
10.165500
10.203900
10.298625
10.321750
10.345825
10.508300
10.541725
10.582325
10.632325
10.706300
10.749175
10.785625
10.817650
10.858075
10.925400
10.934625
11.105225
11.239975
11.266250
11.337100
11.415425
11.464100
11.505400
11.547275
11.630825
11.671400
11.690150
11.735650
11.797350
11.836450
11.912475
11.963700
12.024975
12.131025
12.159675
12.199850
12.277400
12.329400
12.407500
12.430225
12.456925
12.497000
12.534950
12.624125
12.681675
12.778875
12.820375
12.858575
12.916250
13.015975
13.223450
13.254300
13.302875
13.357475
13.396975
13.452025
13.493450
13.537975
13.569000
13.627150
13.697700
13.745850
13.782400
13.798275
13.838000
13.971425
14.003775
14.019250
14.068225
14.095450
14.137350
14.151050
14.156250
14.408225
14.434875
14.475075
14.493400
14.533300
14.570025
14.603025
14.645225
14.688150
14.727625
14.772750
14.888875
14.948850
15.000425
15.051725
15.127825
15.141775
15.162500
15.185000
15.255800
15.494025
15.718850
15.847925
15.921850
15.955700
16.015325
16.099350
16.107850
16.205050
16.339075
16.457800
16.493525
16.535925
16.615725
16.642300
16.704400
16.767150
16.779800
16.822100
16.847650
17.061575
17.095150
17.151800
17.172375
17.199825
17.225800
17.254850
17.331150
17.410425
17.491800
17.542900
17.595450
17.636600
17.650075
17.729850
17.750550
17.784000
17.881875
17.909100
17.949225
17.978025
18.114950
18.133500
18.158950
18.196875
18.210750
18.222725
18.300475
18.420300
18.507000
18.579750
18.612725
18.644300
18.690450
18.718450
18.864200
18.980225
19.011500
19.051725
19.069325
19.114950
19.135950
19.275025
19.517775
19.602975
19.776300
20.086000
20.153800
20.226675
20.303625
20.342225
20.434500
20.463725
20.500750
20.557425
20.590975
20.651200
20.702775
20.722075
20.786075
20.879075
20.935950
20.984300
21.031175
21.106925
21.128175
21.179900
21.240250
21.263350
21.302250
21.412675
21.453125
21.483700
21.494600
21.520750
21.532300
21.729575
21.815300
21.859350
21.927000
21.988700
22.021525
22.098900
22.143700
22.177675
22.271325
22.311325
22.352450
22.396350
22.461475
22.516350
22.542175
22.578550
22.588225
22.629175
22.700550
22.776950
22.848150
22.902350
22.957350
22.993975
23.046625
23.116950
23.168950
23.231375
23.329950
23.355500
23.395125
23.412450
23.429050
23.472525
23.512175
23.735975
23.808925
23.871025
23.948825
23.992325
24.021450
24.096450
24.145300
24.184250
24.294100
24.349500
24.389850
24.444900
24.470450
24.494100
24.544350
24.572475
24.602225
24.628700
24.655250
24.695375
24.719925
24.734650
24.821175
24.839900
25.001975
25.044375
25.092975
25.114700
25.266575
25.317425
25.360700
25.412500
25.469375
25.542100
25.607025
25.661175
25.697450
25.751050
25.773250
25.797475
25.833025
25.918950
26.065475
26.148100
26.195875
26.231025
26.290850
26.322450
26.418925
26.496100
26.563575
26.577700
26.632800
26.674725
26.704525
26.742450
26.760875
26.793150
26.860050
26.882100
26.907500
26.950650
27.056675
27.116925
27.159800
27.220400
27.241525
27.293625
27.345475
27.420350
27.477650
27.515575
27.558075
27.578575
27.623950
27.685325
27.735350
27.757350
27.850675
27.906725
27.957925
27.981650
28.011600
28.020425
28.057600
28.224575
28.281800
28.320475
28.545925
28.643725
28.707650
28.747825
28.786850
28.814425
28.828075
28.995200
29.055150
29.093450
29.112650
29.162950
29.244475
29.293550
29.331050
29.372825
29.405050
29.439775
29.511925
29.558550
29.583300
29.621375
29.650975
29.681350
29.706125
29.779975
29.812600
29.847575
29.869325
29.887300
29.943800
