0.014200
0.039750
0.063650
0.090600
0.151350
0.198850
0.378225
0.627325
0.771100
0.900625
0.962325
0.977400
1.020325
1.072525
1.105325
1.122500
1.307075
1.427875
1.461275
1.497150
1.532450
1.560050
1.619775
1.652700
1.691475
1.725175
1.749050
1.782725
1.856700
1.911500
1.959450
2.043275
2.104575
2.196475
2.272175
2.307825
2.444000
2.566150
2.584000
2.631100
2.679875
2.789450
2.856675
2.988800
3.096425
3.372250
3.442150
3.470550
3.497700
3.551175
3.587725
3.614800
3.658325
3.773400
3.882500
3.948475
4.020725
4.032025
4.082425
4.178425
4.242025
4.321025
4.369250
4.422425
4.517550
4.584050
4.682925
4.854175
4.928900
5.175950
5.305100
5.329675
5.376575
5.760400
5.841850
5.954650
6.014250
6.068750
6.105625
6.133600
6.170425
6.242300
6.278200
6.356425
6.396125
6.452975
6.489725
6.517775
6.547750
6.576450
6.619650
6.637025
6.707950
6.791625
6.820875
6.872575
6.883650
6.916150
7.018975
7.050025
7.107525
7.130700
7.162625
7.203225
7.237975
7.265200
7.282625
7.299575
7.321200
7.358075
7.437225
7.451925
7.525250
7.597400
7.618350
7.678975
7.696600
7.709150
7.730825
7.755550
7.806675
7.855625
7.883525
7.945325
8.014175
8.052975
8.096300
8.110525
8.130825
8.152200
8.172950
8.248125
8.283400
8.356700
8.393025
8.417050
8.456550
8.480000
8.496650
8.515875
8.530875
8.580275
8.604550
8.625200
8.662250
8.703850
8.833075
8.895825
8.916375
8.930175
8.963650
8.994075
9.010825
9.044675
9.105050
9.135975
9.166575
9.192875
9.284825
9.321800
9.385100
9.397250
9.437675
9.461725
9.487350
9.549075
9.583075
9.628550
9.764325
9.773875
9.841250
9.871700
9.897675
9.979575
10.046875
10.076150
10.138850
10.322875
10.361575
10.589875
10.647950
10.754150
10.829225
10.881425
10.930600
11.212500
11.253925
11.411600
11.525575
11.654250
11.806325
11.853900
11.878425
11.967725
12.153725
12.476875
12.726000
12.819750
12.878925
12.928600
13.013350
13.282875
13.332950
13.475575
13.537550
13.611275
13.661425
13.691375
13.718900
13.736250
13.740750
13.755825
13.781325
13.814475
13.843825
13.891425
14.003650
14.065600
14.069475
14.092650
14.115025
14.135125
14.184550
14.198425
14.266425
14.290500
14.349150
14.396025
14.429575
14.461025
14.554125
14.596525
14.632550
14.672125
14.699125
14.736000
14.754025
14.829250
14.851075
14.874300
14.890600
14.918550
14.960925
15.055250
15.101500
15.139900
15.159225
15.181900
15.198800
15.219800
15.234225
15.258600
15.279425
15.305175
15.341725
15.367875
15.442425
15.461875
15.484375
15.506150
15.538200
15.563200
15.574850
15.601675
15.624225
15.681450
15.718650
15.731900
15.742775
15.758050
15.781150
15.798375
15.828750
15.854825
15.908300
15.951675
15.975475
15.994725
16.003375
16.014525
16.025400
16.042350
16.053725
16.076925
16.102150
16.118750
16.145200
16.165175
16.201650
16.249800
16.285150
16.304100
16.346225
16.365000
16.385900
16.410300
16.429875
16.450575
16.477775
16.515150
16.535975
16.581250
16.607850
16.651925
16.726375
16.808675
16.863500
16.896800
16.956200
16.976625
16.996925
17.020350
17.039050
17.061675
17.083750
17.096950
17.144450
17.179400
17.226025
17.280850
17.348350
17.388725
17.406525
17.426725
17.479850
17.513450
17.536175
17.580475
17.632450
17.710850
17.745125
17.830150
17.868325
17.912450
17.952825
17.986650
17.988450
18.034375
18.056600
18.080600
18.097625
18.115775
18.217100
18.258750
18.323300
18.363750
18.408300
18.444525
18.470800
18.689125
18.724550
18.782475
18.818250
18.981300
19.076375
19.128500
19.177400
19.309575
19.379075
19.462975
19.502000
19.551950
19.686100
19.736550
19.814875
19.847750
20.010825
20.070250
20.096100
20.136350
20.159825
20.191675
20.208950
20.228000
20.232100
20.257650
20.293750
20.324525
20.365025
20.401200
20.431350
20.467975
20.490700
20.505925
20.522850
20.539650
20.576175
20.607650
20.630700
20.666775
20.692525
20.727250
20.757425
20.892675
20.941875
21.015000
21.042725
21.071200
21.118650
21.154300
21.182175
21.218900
21.277100
21.329125
21.374450
21.413825
21.445450
21.480725
21.568475
21.639575
21.704325
21.765575
21.809400
21.869550
21.948275
22.023650
22.077050
22.154625
22.220675
22.322575
22.369150
22.391700
22.401300
22.686850
22.728025
22.753950
22.773625
22.809700
22.881800
23.005100
23.061800
23.117950
23.156950
23.211750
23.265575
23.299825
23.372275
23.454075
23.538200
23.612450
23.686300
23.863700
23.906500
23.943650
23.983425
24.026550
24.083475
24.135750
24.265825
24.371425
24.415100
24.484025
24.579425
24.584500
24.616100
24.669500
24.691650
24.727925
24.782250
24.814825
24.895000
24.920750
24.962000
25.049750
25.085050
25.177300
25.298200
25.341475
25.386575
25.407975
25.437550
25.494600
25.559875
25.590375
25.654350
25.675900
25.700500
25.829350
25.923175
25.953650
26.048800
26.071000
26.124825
26.171275
26.239475
26.325525
26.391300
26.539475
26.589375
26.605750
26.631950
26.654500
26.706175
26.772050
26.978000
27.040750
27.088225
27.139400
27.161175
27.216250
27.290325
27.351850
27.450825
27.495800
27.583525
27.679725
27.722625
27.743825
27.789300
27.838425
27.875600
27.913425
27.955100
27.994650
28.063300
28.099625
28.158900
28.189275
28.204450
28.222275
28.258675
28.300000
28.330225
28.356575
28.432150
28.519800
28.700525
28.773500
28.818275
28.841875
28.874600
28.922325
28.944425
28.979925
29.017300
29.095650
29.298775
29.331525
29.364600
29.465250
29.507625
29.561725
29.634975
29.704900
29.740425
29.799600
29.840900
29.871125
29.965650
