0.032025
0.120800
0.165000
0.322550
0.517925
0.569425
0.610475
0.699200
0.744375
0.769675
0.849400
0.878975
0.970800
1.016200
1.058075
1.093050
1.156950
1.203425
1.228725
1.279400
1.423475
1.477400
1.553125
1.631275
1.724850
1.790950
1.878700
1.913650
2.030475
2.093975
2.417925
2.440425
2.547025
2.621300
2.681725
2.736450
2.883125
2.955300
2.987150
3.078550
3.135650
3.349275
3.406525
3.453150
3.504200
3.623775
3.692800
3.716900
3.738125
3.762275
3.870125
3.892900
3.921550
3.993325
4.029850
4.067475
4.085650
4.094600
4.134975
4.228525
4.244050
4.327700
4.460000
4.512175
4.584300
4.612325
4.627500
4.645825
4.668575
4.698325
4.719875
4.780325
4.824400
4.860450
4.970025
4.983225
5.004625
5.049175
5.114500
5.138100
5.163575
5.195825
5.224925
5.271875
5.281025
5.325200
5.342075
5.357525
5.411625
5.443825
5.484875
5.527950
5.572800
5.668575
5.731625
5.745175
5.756425
5.815125
5.842975
5.868875
5.902525
5.956800
6.090650
6.107150
6.218775
6.242525
6.275675
6.331825
6.376175
6.454200
6.601700
6.642175
6.685825
6.718800
6.745150
6.764150
6.780375
6.869450
6.895050
6.953175
6.984625
7.054200
7.091350
7.133200
7.181450
7.217525
7.283850
7.378250
7.527975
7.981425
8.518200
8.613475
8.673825
8.706475
8.781050
8.836775
8.879925
8.918725
8.973725
9.199425
9.362275
9.411600
9.480050
9.697350
9.748425
9.900450
10.009425
10.046425
10.094950
10.106875
10.149325
10.165825
10.211000
10.225450
10.272350
10.320975
10.344925
10.506500
10.559250
10.661175
10.706575
10.748350
10.805050
10.893225
10.935225
11.017875
11.178050
11.225500
11.260250
11.496875
11.563425
11.610025
11.649625
11.675375
11.707775
11.803975
11.988175
12.230975
12.285850
12.310125
12.702675
12.771725
12.795275
12.830725
12.968350
13.012175
13.082125
13.110100
13.162025
13.209025
13.311000
13.331725
13.350800
13.390875
13.431100
13.506325
13.551250
13.627975
13.676325
13.724675
13.762875
13.777000
13.794175
13.829875
13.917525
13.957800
14.052875
14.080425
14.145250
14.195750
14.214075
14.240275
14.257975
14.323100
14.388050
14.464200
14.488500
14.543125
14.600325
14.668075
14.688650
14.742625
14.783275
14.802625
14.813650
14.850300
14.865750
14.918600
14.940900
14.964325
15.044425
15.060675
15.068525
15.091525
15.101250
15.162850
15.192175
15.224600
15.234400
15.260750
15.321600
15.371450
15.407825
15.432950
15.455625
15.499825
15.557825
15.578525
15.606650
15.623850
15.651300
15.673550
15.720350
15.767900
15.799725
15.815150
15.903225
15.932000
15.942875
16.008425
16.034225
16.066775
16.096600
16.111500
16.121650
16.135875
16.168400
16.180575
16.234225
16.245500
16.271350
16.288075
16.314050
16.326850
16.343950
16.359075
16.370850
16.425575
16.478275
16.506900
16.526575
16.578825
16.616125
16.644425
16.662275
16.699075
16.719925
16.760675
16.910400
16.943925
17.014300
17.054525
17.086925
17.147475
17.164000
17.189350
17.234475
17.247800
17.316925
17.373400
17.419400
17.430575
17.441175
17.523550
17.540800
17.556050
17.573875
17.596850
17.651100
17.728725
17.782975
17.796750
17.835975
17.853975
17.885675
17.903650
17.956950
18.004850
18.077275
18.139225
18.243200
18.437900
18.482525
18.521125
18.598000
18.616475
18.641350
18.654625
18.665300
18.697650
18.726225
18.842625
18.868150
18.891875
18.921675
18.943175
18.983800
19.006675
19.031625
19.071325
19.103175
19.116075
19.169300
19.199225
19.245325
19.257325
19.315025
19.421150
19.456175
19.545050
19.609975
19.627175
19.655225
19.699525
19.831225
19.920800
19.943200
19.985650
19.999675
20.036200
20.065575
20.080675
20.164250
20.173275
20.209350
20.234100
20.328900
20.377650
20.480975
20.525450
20.536175
20.552375
20.616075
20.669275
20.683275
20.813525
20.860100
20.909600
20.949875
21.009150
21.043725
21.123525
21.187750
21.244775
21.254150
21.275675
21.339975
21.364675
21.378400
21.411200
21.470450
21.517675
21.644925
21.665100
21.833600
21.943775
22.091875
22.137225
22.192725
22.258875
22.419925
22.480525
22.512350
22.547700
22.557875
22.602125
22.616050
22.793350
22.872450
22.938150
23.037450
23.100475
23.139875
23.165725
23.347925
23.461625
23.522200
23.541250
23.613800
23.632200
23.638950
23.653625
23.706950
23.784350
24.049725
24.272925
24.312525
24.385100
24.597925
24.732000
24.865925
24.893575
25.121075
25.172475
25.254225
25.397200
25.421450
25.441875
25.601175
25.713900
25.985125
26.048900
26.100125
26.241350
26.320675
26.467425
26.519000
26.554750
26.585825
26.756400
26.892475
27.141325
27.223000
27.428175
27.466025
27.638150
27.743350
27.796425
27.845025
27.972125
27.997975
28.092050
28.183725
28.268950
28.313250
28.465925
28.497700
28.538400
28.576200
28.726000
28.758075
28.817225
28.846200
28.995925
29.047375
29.070400
29.143650
29.231000
29.299325
29.352725
29.456450
29.758200
29.784500
29.828225
29.852625
