0.241425
0.300750
0.835200
0.885950
0.912850
0.945550
1.114375
1.340950
1.556200
1.635800
2.011750
2.094450
2.258975
2.669175
2.973025
3.079450
4.547350
5.159150
5.285775
5.853675
6.287450
6.329800
6.466275
7.458225
8.072075
8.328350
8.827550
9.213950
9.263000
9.366425
9.920800
10.228625
10.290350
10.556125
10.802925
10.823750
12.033550
12.165575
12.222300
12.296000
13.069825
13.082225
13.161300
14.065450
14.082250
14.113375
14.871675
15.212550
15.547875
15.660975
15.719675
16.028175
16.179725
16.223200
17.444725
17.536875
17.655925
18.073050
18.441550
19.200150
19.746575
20.478825
20.585700
21.087925
21.297275
21.395100
21.427850
21.525000
22.054475
22.104150
22.743650
22.821900
23.044125
23.172125
23.229325
23.413775
23.535575
23.555000
23.565925
23.801425
24.152400
24.210750
24.218100
24.524225
24.646700
25.080575
25.418300
25.429250
25.506400
25.662450
25.708650
25.728700
25.779450
26.142125
26.407075
26.617450
26.624350
26.767700
26.909150
26.992900
27.394000
27.447225
27.497425
28.096300
28.381000
28.574450
28.693625
28.729600
29.461725
29.650425
29.656250
29.794550
29.810175
29.849750
