0.015625
0.054750
0.069900
0.086950
0.138250
0.358075
0.407950
0.522200
0.543950
0.618175
0.637575
0.679750
0.860125
0.867525
0.916525
0.934650
0.975900
1.027575
1.064725
1.084750
1.168275
1.417150
1.482250
1.496375
1.588125
1.823100
1.901800
1.914500
1.927300
1.956025
1.971325
1.986525
2.018675
2.111575
2.182375
2.205375
2.245650
2.313900
2.431425
2.552875
2.567150
2.595650
2.667025
2.730000
2.792825
2.946325
2.961200
2.999525
3.023200
3.050725
3.075875
3.097250
3.118100
3.136275
3.173550
3.239200
3.420250
3.489775
3.510700
3.552600
3.626725
3.720050
3.752700
3.769550
3.818050
3.899375
3.901975
4.080150
4.143000
4.186200
4.221400
4.239675
4.291050
4.388550
4.462375
4.786925
4.916275
4.943600
5.001000
5.041950
5.078050
5.138425
5.338500
5.365550
5.421525
5.480450
5.509100
5.530900
5.556525
5.653500
5.861075
5.949925
5.974250
5.996450
6.072225
6.122700
6.194175
6.251875
6.389100
6.404500
6.421525
6.439975
6.463300
6.484000
6.553250
6.588500
6.621275
6.686575
6.727025
6.764050
6.864425
6.906350
6.918375
6.937825
6.958050
7.057700
7.222350
7.257125
7.409050
7.446325
7.511850
7.552800
7.670625
7.755325
7.782025
7.826325
7.847550
7.890100
7.921850
7.938075
7.996125
8.061100
8.149000
8.225200
8.266000
8.305500
8.366150
8.459725
8.487675
8.532325
8.574000
8.601800
8.672775
8.716675
8.945350
8.982575
9.018250
9.051950
9.215900
9.330400
9.384800
9.438650
9.467450
9.494425
9.563000
9.630400
9.881300
9.928400
9.949550
10.036650
10.060975
10.093525
10.110600
10.133975
10.158725
10.199500
10.207825
10.215275
10.223600
10.244225
10.247125
10.319650
10.486725
10.532050
10.537850
10.545125
10.652600
10.674125
10.716700
10.770525
10.797450
10.850000
10.882500
11.092150
11.105250
11.194675
11.264150
11.314925
11.459950
11.488350
11.495325
11.511975
11.540800
11.649525
11.715000
11.865075
11.891875
11.910000
11.962700
12.196550
12.271950
12.355450
12.446300
12.619700
12.644400
12.653550
12.693550
12.735025
12.850200
12.909050
13.002450
13.100175
13.110925
13.124475
13.138125
13.173400
13.372175
13.424475
13.487125
13.526050
13.546625
13.631150
13.648050
13.684225
13.826825
13.870575
13.886025
13.900425
13.915800
13.936100
13.956900
13.975225
14.020500
14.044600
14.067425
14.200925
14.307300
14.319550
14.365075
14.385100
14.460225
14.541250
14.575000
14.597500
14.625725
14.683875
14.760200
14.819850
14.930375
14.961525
14.981200
15.001675
15.051550
15.120600
15.172075
15.234425
15.248850
15.256225
15.293600
15.347975
15.518125
15.594375
15.693050
15.747150
15.783725
15.864525
15.937925
15.962700
16.000875
16.117150
16.196800
16.246050
16.268950
16.277725
16.310400
16.350575
16.376300
16.507275
16.677300
16.701225
16.743425
16.769000
16.781500
16.807675
16.828850
16.914425
17.030900
17.239975
17.305600
17.362325
17.452625
17.477925
17.498375
17.594200
17.669925
17.699500
17.727550
17.754900
17.974800
18.031725
18.351850
18.362050
18.370175
18.378750
18.399700
18.410525
18.461075
18.479975
18.650100
18.735375
18.752250
18.816150
18.841975
18.936075
18.986050
19.108275
19.136150
19.142500
19.167700
19.190000
19.229125
19.251500
19.282350
19.306400
19.421775
19.458100
19.521625
19.560100
19.574100
19.595100
19.693100
19.730375
19.885025
19.931125
19.977250
20.027200
20.057775
20.186800
20.199400
20.272175
20.332725
20.463825
20.603650
20.650100
20.674025
20.734575
20.802375
20.837350
20.855025
20.921850
20.939100
20.996950
21.057675
21.097800
21.149650
21.224550
21.295925
21.357750
21.426475
21.444125
21.493675
21.541000
21.565100
21.618200
21.691300
21.731025
21.803425
21.861025
21.951300
22.021050
22.128850
22.142000
22.153975
22.169225
22.186825
22.256400
22.307075
22.373875
22.448825
22.495475
22.529750
22.554475
22.598300
22.681675
22.741675
22.804850
22.860750
22.911600
22.977800
23.028625
23.131725
23.334675
23.365025
23.401800
23.423350
23.441125
23.490025
23.715650
23.735175
23.782425
23.808225
23.856550
23.948925
23.965050
23.979875
24.007975
24.028950
24.065550
24.089750
24.105850
24.124450
24.141475
24.189600
24.213925
24.299125
24.351725
24.373325
24.450675
24.650650
24.712975
24.753350
24.834925
24.864775
24.950750
25.045975
25.096900
25.202025
25.226225
25.426275
25.684675
25.698000
25.752075
25.769100
25.795500
25.813475
25.828525
25.854550
25.875225
25.908950
25.931025
25.946125
25.971250
26.001850
26.275975
26.300250
26.361225
26.375275
26.397575
26.417650
26.453850
26.660175
26.673500
26.735850
26.752125
26.796850
26.944575
26.974075
27.012325
27.059625
27.117400
27.358875
27.372200
27.387625
27.407575
27.441450
27.466350
27.487000
27.543850
27.565025
27.584250
27.602225
27.634775
27.744600
27.786300
27.821075
27.846375
28.189225
28.321900
28.347300
28.369850
28.416050
28.472825
28.487300
28.517125
28.587300
28.648050
28.670350
28.699175
28.769400
28.796500
28.859175
28.900400
28.970200
29.082875
29.160125
29.208675
29.274425
29.347975
29.378275
29.427100
29.481725
29.635050
29.667075
29.684000
29.709625
29.729375
29.772400
29.806000
29.880825
29.975275
