0.012300
0.263925
0.354350
0.441825
0.492425
0.627625
0.793450
0.834525
1.033650
1.107700
1.232800
1.413350
1.524825
1.624175
1.780275
1.815100
1.867650
1.943625
2.069350
2.262275
2.367375
2.435550
2.532850
2.641400
2.845425
2.872800
2.900400
2.970750
3.020725
3.090325
3.243775
3.422525
3.626850
3.690950
3.758650
3.820025
4.220825
4.323100
4.444775
4.572025
4.639250
4.690200
4.739100
4.780700
4.813800
5.180000
5.221075
5.278600
5.298350
5.331425
5.524100
5.775950
5.845175
5.894700
6.071775
6.183125
6.241700
6.279550
6.338950
6.606700
6.661500
6.743300
6.823950
6.890450
7.060275
7.122850
7.222375
7.457400
7.459100
7.570175
7.628425
7.725900
7.773925
7.838725
7.844425
7.898750
7.949425
8.031950
8.047150
8.104925
8.156550
8.184750
8.261200
8.364375
8.571825
8.710000
8.781250
8.874200
9.033200
9.097850
9.139950
9.357875
9.429725
9.467700
9.508050
9.568550
9.631975
9.731775
9.888225
10.006950
10.058400
10.106175
10.171750
10.394800
10.522375
10.584175
10.692575
11.005375
11.195175
11.255700
11.640300
11.759125
11.784875
11.877975
11.996525
12.225825
12.321175
12.388650
12.438725
12.760550
12.814550
12.878900
12.970050
13.000075
13.380525
13.542075
13.759850
13.913675
13.982050
14.083650
14.354850
14.498525
14.631400
14.695400
14.808225
15.042925
15.151450
15.217200
15.656000
15.819175
16.337850
16.528475
16.741900
17.083625
17.230200
17.328050
17.434850
17.505075
17.526350
17.738475
17.903000
17.996525
18.100925
18.151800
18.200375
18.220350
18.243575
18.554475
18.647175
18.753050
18.933375
19.055850
19.194800
19.335150
19.423100
19.743150
19.913250
19.955375
19.984575
20.038550
20.388300
20.524150
20.608250
20.656750
20.710900
21.133650
21.344925
21.449850
21.567125
21.830875
21.974500
22.029050
22.063050
22.138175
22.446450
22.504225
22.526900
22.608175
22.915950
22.957400
23.033150
23.375575
23.499650
23.713950
23.760725
23.858975
24.090425
24.124800
24.173675
24.212675
24.568600
24.598875
24.727650
25.063375
25.151675
25.360375
25.530575
25.594900
25.644025
25.707950
25.744725
25.802125
26.087700
26.223475
26.296150
26.352175
26.416525
26.497150
26.705550
26.774025
27.047875
27.118775
27.162975
27.192900
27.245925
27.280550
27.333275
27.413750
27.620600
27.695525
27.735150
27.758650
27.841375
27.890500
27.964800
28.248825
28.405300
28.468000
28.524050
28.575000
28.629000
28.734200
28.865725
29.257625
29.412075
29.590025
29.705500
29.852425
29.947025
29.986775
