0.020900
0.064725
0.146825
0.338975
0.406150
0.433100
0.463300
0.521450
0.541050
0.562475
0.582900
0.627225
0.666325
0.787825
0.853500
0.876750
0.896825
0.916625
0.933350
0.956100
0.977200
0.992950
1.018625
1.038500
1.061825
1.080725
1.095825
1.112550
1.126800
1.137950
1.150800
1.172875
1.187475
1.201850
1.213250
1.248750
1.265250
1.301925
1.318550
1.332975
1.356225
1.374800
1.409975
1.452175
1.477850
1.534275
1.602350
1.684300
1.738725
1.754475
1.791025
1.815625
1.845900
1.957525
2.051650
2.113150
2.161000
2.178225
2.195050
2.224525
2.263725
2.290550
2.320300
2.556425
2.579600
2.596900
2.609325
2.624325
2.641175
2.660300
2.681975
2.701050
2.717675
2.735550
2.755575
2.781650
2.806050
2.944000
2.971475
3.029375
3.050325
3.082250
3.142625
3.172200
3.225200
3.362775
3.396750
3.428500
3.483800
3.526175
3.553225
3.595125
3.645475
3.879500
3.905275
3.924675
3.940425
3.957000
3.979075
4.006875
4.041650
4.066850
4.085150
4.117425
4.171725
4.211000
4.249300
4.292275
4.328400
4.374850
4.490000
4.533900
4.601075
4.643500
4.678075
4.712650
4.781875
4.811550
4.825275
4.841350
4.857125
4.873350
4.886450
4.898550
4.913075
4.929875
4.957975
4.972425
4.992400
5.019500
5.042275
5.087325
5.189325
5.207500
5.223950
5.248050
5.270800
5.288575
5.307200
5.335750
5.374450
5.477600
5.612900
5.639550
5.654600
5.665625
5.683425
5.699100
5.712700
5.722825
5.736375
5.748650
5.781850
5.792375
5.808200
5.856225
5.943575
6.005125
6.072200
6.097700
6.115100
6.139125
6.164850
6.259900
6.332300
6.374450
6.422250
6.463750
6.593875
6.745725
6.763125
6.791350
6.818400
6.860550
6.891350
6.906000
6.920675
6.937475
6.955200
6.984650
7.010950
7.144175
7.186900
7.212400
7.241075
7.261625
7.326525
7.397625
7.430625
7.474550
7.599850
7.778150
7.814350
7.840325
7.871775
7.903025
7.921400
7.955550
7.990775
8.010825
8.030500
8.071900
8.138100
8.299125
8.352250
8.377875
8.399725
8.421150
8.453925
8.487125
8.500700
8.515550
8.531800
8.552325
8.573075
8.594025
8.616575
8.643125
8.677150
8.853200
8.887925
8.925600
8.952175
8.982850
9.216850
9.243900
9.270300
9.297000
9.378225
9.420600
9.454575
9.514575
9.568800
9.798800
9.826075
9.857175
9.907625
9.944175
10.021625
10.184075
10.210150
10.225300
10.245525
10.264775
10.282700
10.310725
10.341350
10.363575
10.390925
10.434075
10.490675
10.543800
10.574450
10.597125
10.642000
10.661125
10.707475
10.762725
10.798425
10.823650
10.856875
10.896000
10.958400
11.093225
11.136750
11.183700
11.200075
11.221325
11.240975
11.264850
11.291900
11.485475
11.517700
11.538550
11.550175
11.568500
11.584575
11.601100
11.618425
11.653175
11.872900
11.905675
11.918725
11.930425
11.947050
11.972250
11.999675
12.033525
12.122025
12.182275
12.202350
12.234225
12.254325
12.279800
12.344375
12.551775
12.572950
12.598875
12.629425
12.657400
12.734975
12.795425
12.827350
12.841100
12.862125
12.912475
12.930900
12.944750
12.957850
12.971325
13.031400
13.046750
13.261800
13.296000
13.310725
13.326375
13.342500
13.359575
13.482600
13.506450
13.531700
13.554075
13.626600
13.651775
13.684525
13.854875
13.899525
13.917750
13.940525
13.960350
13.973975
13.988100
14.010325
14.039950
14.102600
14.143925
14.217475
14.267400
14.286525
14.306850
14.352625
14.369650
14.383850
14.397400
14.441550
14.471800
14.485225
14.503650
14.522575
14.545975
14.654300
14.739725
14.760300
14.776975
14.792625
14.810975
14.826425
14.845125
14.863525
14.883450
14.924500
14.979975
15.114875
15.142900
15.176100
15.196850
15.222200
15.344000
15.426050
15.443000
15.474300
15.485825
15.506150
15.525475
15.544850
15.572100
15.598400
15.635200
15.668575
15.789825
15.861175
15.880500
15.933975
15.955025
15.975575
16.012400
16.040025
16.085125
16.157600
16.191550
16.225275
16.262200
16.318875
16.346525
16.386800
16.414625
16.433875
16.458150
16.484825
16.510850
16.762725
16.782150
16.807000
16.824600
16.852425
16.871100
16.894125
16.913375
16.930325
16.978500
17.015550
17.045475
17.073925
17.104125
17.154050
17.260475
17.286050
17.308100
17.327700
17.396975
17.516350
17.592600
17.625175
17.653375
17.676550
17.705350
17.880675
17.907325
17.944825
18.002975
18.028000
18.064300
18.109700
18.141625
18.187725
18.220200
18.254125
18.309675
18.409925
18.493375
18.671975
18.698200
18.714150
18.751575
18.832450
18.861950
18.891000
18.958275
19.012750
19.061075
19.090275
19.137175
19.176625
19.212650
19.263800
19.329125
19.367225
19.498950
19.656650
19.688300
19.709600
19.723900
19.741400
19.760700
19.783800
19.811325
19.868825
19.936175
20.080375
20.126000
20.264900
20.300800
20.344475
20.380550
20.420250
20.478025
20.522350
20.559175
20.590725
20.642850
20.675500
20.723250
20.758025
20.785975
20.813350
20.834500
20.865950
20.922375
20.940875
20.967800
20.989450
21.013600
21.051325
21.071700
21.088200
21.104850
21.159300
21.174550
21.206450
21.233200
21.270075
21.328150
21.378600
21.414025
21.451450
21.489925
21.701425
21.746425
21.793425
21.824650
21.859175
21.896825
21.924025
21.946775
21.983600
22.020550
22.046425
22.143425
22.177625
22.233450
22.308000
22.364675
22.425450
22.522675
22.607075
22.629425
22.649000
22.670550
22.701425
22.723275
22.739300
22.758750
22.775600
22.795625
22.825475
22.852225
22.876750
22.915450
23.125150
23.164325
23.261200
23.289300
23.328550
23.356875
23.383050
23.556200
23.588800
23.609775
23.631675
23.650750
23.674175
23.702750
23.724375
23.748825
23.769200
23.788800
23.817925
23.868675
24.063125
24.090950
24.125800
24.173850
24.251525
24.281250
24.304675
24.327550
24.351125
24.373900
24.403850
24.444225
24.511750
24.532600
24.563100
24.705350
24.744900
24.793550
24.843100
24.866675
24.884050
24.928100
25.187650
25.206800
25.227475
25.298800
25.332950
25.365150
25.387850
25.414525
25.450050
25.491650
25.578525
25.600550
25.631800
25.667850
25.699250
25.721875
25.743150
25.775250
25.805375
25.874725
25.909375
26.131350
26.192250
26.228550
26.253175
26.285775
26.309025
26.322975
26.344150
26.390350
26.546600
26.591850
26.639750
26.788575
26.820150
26.850875
26.875225
26.896425
26.922975
26.947100
26.981050
27.002925
27.025600
27.046950
27.068250
27.088700
27.116150
27.414675
27.441875
27.471950
27.498650
27.545650
27.569425
27.596825
27.621975
27.642800
27.669375
27.752150
27.779625
27.816875
27.865775
27.995200
28.110750
28.146050
28.167975
28.186775
28.204725
28.228475
28.255875
28.282150
28.312425
28.547400
28.584000
28.622425
28.671050
28.707275
28.753200
28.787425
28.848925
29.092575
29.126950
29.144650
29.162750
29.206625
29.226000
29.247550
29.262825
29.291475
29.322100
29.361750
29.425025
29.455625
29.515800
29.738775
29.785825
29.836400
29.879050
29.936350
29.966625
29.998575
