0.009150
0.062475
0.092750
0.110600
0.136825
0.204200
0.247675
0.293500
0.322075
0.347025
0.377425
0.419950
0.489425
0.512450
0.578075
0.600200
0.627225
0.656500
0.696700
0.727525
0.802300
0.819200
0.891075
1.014675
1.028750
1.040950
1.060500
1.225725
1.264900
1.339725
1.402600
1.445125
1.522900
1.560675
1.593550
1.624250
1.651675
1.687175
1.713000
1.728675
1.826925
1.952000
1.961450
1.982025
1.998925
2.071950
2.174200
2.276025
2.309125
2.321725
2.359450
2.398150
2.421000
2.536875
2.590200
2.783000
2.828125
2.845625
2.877300
2.925575
2.931900
2.960725
3.002275
3.031975
3.079900
3.134150
3.224825
3.253425
3.294850
3.312650
3.339400
3.485525
3.523700
3.551100
3.568500
3.613225
3.664825
3.682650
3.708075
3.740700
3.786300
3.839150
3.848575
3.858850
3.871075
3.891750
3.914250
3.930775
3.983825
4.040950
4.058150
4.092725
4.100500
4.128825
4.171450
4.189425
4.247850
4.280900
4.377600
4.465425
4.501275
4.513850
4.539475
4.556850
4.590225
4.631100
4.686000
4.772300
4.827650
4.842650
4.864250
4.892075
4.927500
4.998550
5.057875
5.075450
5.113450
5.150200
5.164925
5.203675
5.228275
5.264200
5.288800
5.319000
5.333450
5.352925
5.400675
5.431175
5.449925
5.525950
5.555775
5.669625
5.712625
5.735275
5.778975
5.833075
5.867950
5.895575
5.910200
5.945150
6.068575
6.163875
6.197900
6.223875
6.240050
6.263700
6.287550
6.342125
6.362150
6.420975
6.551600
6.581525
6.622450
6.662500
6.674475
6.751350
6.775525
6.792075
6.806475
6.849250
6.881350
6.897575
6.938100
7.011250
7.028225
7.082775
7.090325
7.102075
7.198675
7.226600
7.246075
7.301550
7.355425
7.371900
7.443750
7.447775
7.489425
7.555700
7.605500
7.666425
7.683175
7.704525
7.761250
7.785325
7.813125
7.839400
7.874525
7.942250
7.975525
8.001250
8.074625
8.089575
8.124950
8.154125
8.183350
8.200400
8.215700
8.272575
8.397425
8.415850
8.420825
8.443150
8.535750
8.611800
8.660325
8.771900
8.780050
8.825125
8.964750
8.984550
9.162975
9.220375
9.268675
9.323575
9.342325
9.380225
9.496200
9.524475
9.571450
9.593925
9.716250
9.740625
9.783950
9.819200
9.863925
9.892525
9.924150
9.966425
9.996850
10.013550
10.073425
10.126925
10.183050
10.197300
10.221400
10.246200
10.260775
10.276350
10.297050
10.368700
10.386450
10.408725
10.449200
10.461250
10.611850
10.623825
10.639325
10.649025
10.753525
10.829375
10.834700
10.902675
11.024225
11.110625
11.133825
11.282775
11.312225
11.333125
11.457125
11.484125
11.537200
11.732875
11.774825
11.846375
11.936750
11.989325
12.091250
12.189950
12.212650
12.232150
12.262550
12.375925
12.482950
12.507900
12.547400
12.604225
12.682225
12.702475
12.808375
12.853975
12.896400
12.929300
13.059825
13.113050
13.180450
13.274550
13.393275
13.498800
13.582000
13.626225
13.688575
13.737125
13.908275
13.979125
14.005150
14.021025
14.046375
14.093825
14.107375
14.141100
14.187850
14.218875
14.250300
14.351975
14.384050
14.424275
14.542925
14.614750
14.643900
14.686375
14.725425
14.760500
14.806500
14.824550
14.886450
14.916650
14.939325
15.007725
15.037150
15.166700
15.264000
15.335525
15.367100
15.418250
15.510700
15.570000
15.611350
15.639925
15.692875
15.722175
15.737775
15.768875
15.892525
15.957450
16.046025
16.172250
16.318525
16.426300
16.460675
16.478450
16.584900
16.602900
16.669975
16.678325
16.707200
16.715650
16.754475
16.763525
16.775725
16.816275
16.873225
16.948375
17.021750
17.059500
17.114750
17.138625
17.192525
17.273975
17.299225
17.382300
17.470850
17.543175
17.619875
17.652925
17.710975
17.720325
17.842550
17.885175
17.939800
18.067150
18.099625
18.131050
18.161725
18.240300
18.247550
18.358825
18.464000
18.608775
18.626275
18.737775
18.768450
18.812375
18.868225
18.915225
18.937900
19.035950
19.154050
19.235500
19.329850
19.342250
19.454350
19.487775
19.601050
19.606000
19.616350
19.631000
19.712500
19.731125
19.748675
19.768075
19.792375
19.831325
19.848300
19.907775
19.943025
20.009925
20.091400
20.127775
20.158800
20.187625
20.271625
20.367525
20.469425
20.503625
20.571200
20.615550
20.632550
20.644500
20.675650
20.708575
20.834825
20.846325
20.911825
20.931450
20.951925
21.141075
21.176025
21.192200
21.243900
21.306325
21.365750
21.433050
21.587775
21.605300
21.640400
21.676625
21.712975
21.776175
21.864175
21.935450
22.027850
22.042100
22.086550
22.109625
22.167850
22.218025
22.241225
22.299900
22.387725
22.409925
22.456675
22.532975
22.551825
22.581100
22.605625
22.628925
22.741500
22.769300
22.823550
22.910175
22.961925
22.979675
23.004250
23.035625
23.115850
23.165375
23.210500
23.262225
23.281675
23.327150
23.364450
23.450600
23.515675
23.594600
23.648850
23.679675
23.715625
23.726050
23.770300
23.826450
23.879975
23.894500
23.948875
23.973700
23.991450
24.024050
24.040750
24.054825
24.096250
24.145750
24.179450
24.230500
24.257075
24.304000
24.311925
24.361975
24.482975
24.505525
24.569975
24.637700
24.673625
24.710800
24.768550
24.792150
24.842400
24.882500
24.919025
24.989750
25.051625
25.115575
25.129500
25.187025
25.422675
25.502850
25.535600
25.541675
25.584625
25.628275
25.680825
25.724000
25.800975
25.939825
25.960200
25.977600
26.014875
26.078700
26.089100
26.142425
26.192275
26.287725
26.306150
26.335300
26.388175
26.419900
26.460025
26.621200
26.646250
26.656225
26.672375
26.683925
26.795300
26.850775
26.904975
26.994625
27.021150
27.067850
27.115200
27.159225
27.219075
27.244400
27.308425
27.357100
27.465225
27.520975
27.568750
27.731400
27.739875
27.750450
27.765525
27.911375
27.933600
27.950825
27.985175
27.998875
28.056575
28.094125
28.131175
28.180650
28.210250
28.263400
28.327025
28.415675
28.421925
28.434600
28.465125
28.475750
28.523175
28.600750
28.798875
28.894700
28.935325
28.946625
28.956600
29.045875
29.086600
29.144200
29.208450
29.222150
29.230250
29.241525
29.465750
29.486350
29.530500
29.604200
29.650900
29.669550
29.686400
29.893500
29.910950
29.926200
29.941275
29.992475
