0.011650
0.055350
0.130150
0.147950
0.182025
0.261675
0.486450
0.558625
0.779325
1.013450
1.110750
1.200025
1.329250
1.355325
1.384275
1.405900
1.439725
1.505500
1.538700
1.585100
1.617975
1.680950
1.771050
1.806200
1.964100
2.038475
2.084575
2.169750
2.201125
2.221150
2.243375
2.268325
2.295075
2.362250
2.430125
2.506250
2.562925
2.583800
2.606600
2.664925
2.718925
2.999500
3.074250
3.098275
3.222475
3.281225
3.304475
3.353125
3.363950
3.393900
3.414975
3.434725
3.475750
3.517500
3.548975
3.664075
3.707825
3.739525
3.794400
3.826700
3.859750
3.900800
3.919225
4.025725
4.127050
4.277875
4.282475
4.374800
4.414350
4.503900
4.568550
4.667325
4.841850
5.045975
5.258775
5.284325
5.459100
5.501050
5.518800
5.529075
5.541150
5.589750
5.631125
5.732600
5.771550
5.801750
5.830500
5.857800
5.892200
5.915375
5.954400
6.000875
6.063300
6.093375
6.122300
6.147850
6.182125
6.211875
6.228650
6.247700
6.270775
6.364500
6.375125
6.390075
6.409975
6.427950
6.444075
6.453225
6.474075
6.507800
6.534300
6.553375
6.602275
6.632425
6.802875
6.809725
6.858650
6.881725
6.902450
6.920825
6.936800
6.957100
6.984100
7.002625
7.039775
7.061625
7.089775
7.106350
7.124200
7.138250
7.155075
7.176275
7.201850
7.222875
7.243300
7.265000
7.290400
7.334525
7.357425
7.387725
7.413250
7.433475
7.450425
7.484100
7.503025
7.543950
7.568625
7.593050
7.609525
7.623100
7.665525
7.687000
7.728575
7.748225
7.764925
7.779425
7.810225
7.819875
7.872400
7.896050
7.925175
7.964200
7.996450
8.021350
8.062750
8.085000
8.109850
8.130400
8.175200
8.195925
8.210675
8.227350
8.281575
8.322225
8.372350
8.416225
8.462725
8.464575
8.489175
8.541075
8.586700
8.626725
8.653175
8.683600
8.738475
8.856725
8.875525
8.950100
8.954700
8.974150
8.996500
9.036025
9.102150
9.104400
9.136475
9.177325
9.200925
9.268225
9.311100
9.342500
9.371575
9.393650
9.412100
9.437300
9.459525
9.498825
9.520050
9.579225
9.601825
9.652650
9.677925
9.705875
9.731125
9.790200
9.802475
9.823250
9.850225
9.876375
9.913525
9.943275
9.958975
9.994925
10.076325
10.208225
10.228975
10.257875
10.287500
10.316200
10.348825
10.372050
10.399950
10.439625
10.464275
10.486075
10.498850
10.516725
10.544450
10.587125
10.589175
10.664575
10.742400
10.757050
10.768850
10.819975
10.832050
10.863400
10.906475
10.921725
10.946025
10.975350
11.047500
11.133125
11.182625
11.211275
11.236350
11.252700
11.302150
11.315225
11.341725
11.363800
11.395100
11.419225
11.480200
11.499525
11.552600
11.576325
11.607775
11.656275
11.703825
11.742700
11.776975
11.796975
11.813125
11.841525
11.872650
11.909400
11.981575
12.004325
12.006875
12.026575
12.065025
12.091075
12.118775
12.227950
12.253775
12.300925
12.316325
12.338125
12.460100
12.469675
12.496650
12.536025
12.616800
12.641600
12.662250
12.695625
12.747750
12.773975
12.808925
12.834025
12.896800
12.929500
12.949825
12.990350
13.016925
13.032750
13.049125
13.180275
13.213375
13.248600
13.288350
13.329600
13.358250
13.460800
13.486050
13.595900
13.635025
13.678575
13.862450
13.886900
13.909150
13.988850
14.008475
14.050775
14.061175
14.081650
14.142625
14.210175
14.231825
14.251375
14.288675
14.321975
14.355875
14.384325
14.428100
14.456900
14.467100
14.515125
14.635750
14.649750
14.717725
14.748700
14.772850
14.789250
14.808150
14.831675
14.880100
14.906900
14.940375
14.983400
15.011850
15.061850
15.083600
15.149450
15.221100
15.273575
15.336375
15.418325
15.481175
15.528100
15.564950
15.613400
15.691425
15.770575
15.787200
15.856050
15.866875
15.879150
15.889975
15.900650
15.925375
15.938075
15.946350
15.982225
16.023850
16.041650
16.056850
16.068925
16.094150
16.125675
16.137500
16.147650
16.181800
16.210500
16.229900
16.271400
16.300400
16.319825
16.340750
16.375775
16.392800
16.408050
16.420175
16.437750
16.454200
16.467850
16.514625
16.546600
16.562950
16.574375
16.606850
16.649000
16.662050
16.699275
16.738025
16.758825
16.781900
16.802125
16.827800
16.851850
16.873275
16.939175
16.968850
16.996350
17.024100
17.043975
17.073250
17.095800
17.117525
17.211950
17.272475
17.336875
17.358750
17.390725
17.404375
17.447350
17.462600
17.475000
17.509075
17.527050
17.542150
17.560200
17.618900
17.633450
17.648525
17.667300
17.683900
17.703525
17.776525
17.853550
17.874425
17.899925
17.963825
18.049900
18.059500
18.096800
18.124050
18.183325
18.215950
18.327575
18.343325
18.369250
18.407550
18.487900
18.565525
18.687100
18.709150
18.730600
18.755725
18.808400
18.862300
18.903075
18.968675
19.013800
19.044025
19.069875
19.087225
19.121925
19.137750
19.153200
19.160900
19.183675
19.219725
19.343225
19.378000
19.396425
19.438975
19.486925
19.535650
19.667200
19.728200
19.750725
19.767375
19.825200
19.851325
19.873325
19.925600
19.953925
20.053100
20.148875
20.211875
20.313250
20.336075
20.355225
20.376475
20.402725
20.434450
20.478250
20.531825
20.687425
20.747100
20.813575
20.895450
21.022050
21.056525
21.205625
21.328200
21.421200
21.450925
21.753800
21.786275
21.893925
21.957225
22.025500
22.060675
22.122425
22.259075
22.328800
22.385450
22.443875
22.506400
22.611875
22.640225
22.824375
22.881425
22.935475
22.984900
23.010775
23.062550
23.160900
23.184350
23.237775
23.258700
23.313400
23.372775
23.509875
23.549475
23.577200
23.606100
23.656725
23.711900
23.780575
23.788525
23.813000
23.844925
23.883625
23.924225
23.967100
23.986750
24.116325
24.218650
24.387300
24.419125
24.467175
24.521225
24.566175
24.673675
24.824525
24.867525
24.907275
24.967900
25.149000
25.279475
25.307175
25.348425
25.381275
25.473825
25.494625
25.514900
25.543850
25.577350
25.618600
25.876700
25.906100
26.007300
26.067950
26.115750
26.199075
26.224175
26.293625
26.417800
26.464225
26.563325
26.607825
26.675225
26.766800
26.789400
26.880025
26.906050
26.936600
27.066300
27.101450
27.163125
27.244525
27.328525
27.356175
27.392550
27.441350
27.472950
27.567900
27.603650
27.629325
27.654375
27.676475
27.744775
27.763800
27.834850
27.850975
27.905050
27.917625
27.935950
27.966025
28.595850
29.458925
29.513700
