0.027575
0.040325
0.060050
0.115300
0.132550
0.154050
0.177450
0.186975
0.336150
0.340975
0.346850
0.355825
0.358575
0.387650
0.407375
0.416075
0.475525
0.488825
0.622425
0.638500
0.651900
0.656525
0.676775
0.695475
0.744925
0.752500
0.768525
0.773475
0.779550
0.792350
0.805750
0.836600
0.881600
0.921300
1.041450
1.073575
1.156875
1.174925
1.209925
1.281650
1.313000
1.366950
1.559125
1.592050
1.617100
1.625425
1.638525
1.660400
1.691000
1.708100
1.831675
2.024025
2.048550
2.102925
2.116425
2.121125
2.140725
2.157000
2.159050
2.176800
2.193425
2.210975
2.227050
2.241525
2.271075
2.299350
2.309575
2.320275
2.395325
2.417300
2.424550
2.434000
2.439425
2.453300
2.562125
2.656300
2.666375
2.684625
2.706725
2.716450
2.802850
3.032375
3.038100
3.043300
3.141200
3.286550
3.490500
3.577100
3.757400
3.760900
3.772375
3.777125
3.789600
3.798575
3.808000
3.932550
3.943650
3.949125
4.073500
4.080950
4.100950
4.115875
4.220225
4.259875
4.337775
4.341925
4.364775
4.368425
4.387200
4.400450
4.472000
4.544100
4.551725
4.652675
4.686925
4.738875
4.789725
4.799725
4.898675
4.947350
4.964275
4.975525
5.073250
5.093425
5.159175
5.181675
5.234825
5.239400
5.285075
5.310700
5.333550
5.347925
5.388225
5.502475
5.511850
5.564600
5.606450
5.626825
5.652575
5.681675
5.719875
5.732950
5.739200
5.760425
5.764350
5.777575
5.786925
5.829200
5.846150
5.891075
5.912000
5.925200
5.944525
5.997550
6.133550
6.159900
6.242250
6.281250
6.292200
6.298450
6.314025
6.500500
6.550650
6.663000
6.670150
6.683350
6.702525
6.720625
6.923650
6.972575
7.084800
7.157000
7.175975
7.285450
7.344875
7.354150
7.376700
7.384150
7.394150
7.406950
7.415425
7.458800
7.466575
7.477325
7.529300
7.564700
7.609875
7.682775
7.739450
7.835825
7.847575
7.866825
7.892550
7.908725
7.957650
8.012900
8.040200
8.058675
8.080450
8.150850
8.194300
8.207525
8.308850
8.310075
8.322475
8.361275
8.387575
8.404275
8.432025
8.439150
8.466225
8.472900
8.499050
8.645600
8.651125
8.662250
8.677800
8.689625
8.694850
8.707200
8.731075
8.798125
8.801725
8.929325
9.013900
9.063400
9.089700
9.093500
9.133050
9.143800
9.156950
9.174725
9.190325
9.223150
9.244575
9.401650
9.418525
9.472700
9.495675
9.562325
9.573475
9.598900
9.686275
9.695825
9.730750
9.761525
9.773700
9.797400
9.830350
9.871500
10.051450
10.066625
10.086275
10.094925
10.130350
10.158300
10.250000
10.257000
10.289475
10.295200
10.302975
10.308800
10.349375
10.372250
10.547150
10.561250
10.570625
10.595450
10.602650
10.604675
10.607325
10.621100
10.624675
10.629525
10.632825
10.677000
10.874375
10.916050
10.980650
10.995225
11.004550
11.078050
11.080375
11.093100
11.183150
11.305025
11.502750
11.688650
11.723050
11.737100
11.768200
11.776450
11.901425
11.967500
12.157575
12.189150
12.241750
12.360000
12.391650
12.419025
12.434800
12.464850
12.474800
12.556550
12.573650
12.612950
12.638500
12.690650
12.733600
12.756200
12.792525
12.804725
12.816625
12.887925
13.155550
13.186600
13.198375
13.212475
13.251625
13.270275
13.276675
13.279600
13.295375
13.325825
13.413375
13.429650
13.443250
13.478600
13.507075
13.528850
13.533250
13.540050
13.550525
13.603325
13.663425
13.672350
13.686625
13.692450
13.719475
13.725425
13.825800
13.933400
13.967700
14.000425
14.022575
14.045125
14.203900
14.217425
14.221675
14.225225
14.227300
14.238275
14.243975
14.256350
14.274075
14.294550
14.301500
14.306950
14.384050
14.431675
14.471975
14.495650
14.534000
14.551400
14.595550
14.605825
14.626225
14.632175
14.660925
14.698050
14.761000
14.793600
14.858325
14.957975
14.976950
14.992250
15.005675
15.027175
15.037100
15.122600
15.180900
15.198600
15.360850
15.393875
15.401100
15.414675
15.428750
15.497225
15.510100
15.563975
15.586000
15.674950
15.689225
15.704375
15.733775
15.788100
15.811525
15.860575
15.872600
15.967950
16.053525
16.088075
16.131550
16.157425
16.169500
16.216250
16.234725
16.284025
16.490425
16.534250
16.546700
16.604875
16.610175
16.627200
16.640725
16.658725
16.666250
16.681950
16.686425
16.719675
16.727575
16.772325
16.776400
16.963750
17.011725
17.032775
17.040600
17.057925
17.072000
17.109000
17.117550
17.142625
17.149600
17.183800
17.196125
17.345650
17.364075
17.445150
17.500775
17.605350
17.655350
17.722525
17.742925
17.755875
18.016800
18.093125
18.117200
18.124825
18.135850
18.146625
18.161375
18.239275
18.279200
18.314475
18.388775
18.456875
18.474100
18.482300
18.491700
18.503450
18.518600
18.524100
18.527700
18.531625
18.559200
18.570600
18.574150
18.579950
18.613800
18.624125
18.654775
18.796650
18.921350
18.942875
19.004475
19.244200
19.249250
19.275950
19.293625
19.313600
19.324175
19.336875
19.377800
19.382975
19.785075
19.831850
19.925325
20.012325
20.168625
20.211275
20.247550
20.355750
20.384875
20.416575
20.453200
20.475025
20.490300
20.515725
20.534250
20.560900
20.574950
20.730350
20.746150
20.773225
20.784925
20.806050
20.921225
20.996650
21.004000
21.029525
21.208700
21.233200
21.279375
21.296375
21.321600
21.347025
21.359300
21.378500
21.384300
21.421375
21.436850
21.481475
21.578025
21.599525
21.682275
21.706125
21.758600
21.768500
21.774000
21.789200
21.798300
21.805100
21.843225
21.852175
21.886850
21.895100
22.002225
22.015200
22.235500
22.335175
22.391500
22.414500
22.418500
22.450175
22.467900
22.472450
22.504825
22.517500
22.579875
22.594150
22.673550
22.675800
22.700100
22.786675
22.794175
22.861100
22.891800
22.920425
22.934650
23.107900
23.119625
23.164125
23.177875
23.238475
23.242050
23.252600
23.298775
23.345850
23.371350
23.381675
23.419825
23.472375
23.480475
23.676200
23.705850
23.721500
23.724575
23.729425
23.746825
23.753625
23.761525
23.773525
23.786200
23.794575
23.803800
23.820500
23.827425
23.835975
23.851975
23.897100
23.902300
24.126825
24.172250
24.197275
24.220300
24.270650
24.304125
24.315650
24.392025
24.447250
24.504250
24.507125
24.565225
24.596675
24.684900
24.811300
24.812875
24.872550
24.897950
24.922525
24.938000
24.953925
25.000075
25.082850
25.210500
25.388850
25.424450
25.449275
25.459700
25.528575
25.543225
25.601900
25.789425
25.810900
25.820125
25.850500
25.870675
25.880900
25.929025
25.933800
26.111200
26.135825
26.145700
26.160075
26.190300
26.214100
26.230375
26.255700
26.383800
26.407250
26.425050
26.504225
26.725800
26.744550
26.755475
26.765050
26.782675
26.793925
26.826475
26.870675
26.902350
27.077075
27.084375
27.127400
27.141325
27.167300
27.177725
27.182325
27.205750
27.228375
27.243500
27.274725
27.298150
27.455825
27.466425
27.479900
27.501250
27.521650
27.529050
27.540225
27.574775
27.592600
27.602850
27.619750
27.630975
27.634050
27.649325
27.672025
27.729200
27.776575
27.861025
27.869900
27.918325
28.019825
28.022175
28.071575
28.077550
28.123300
28.127775
28.136300
28.148200
28.163700
28.168950
28.171975
28.192650
28.209450
28.236225
28.239275
28.263925
28.275575
28.435475
28.443600
28.448325
28.451450
28.463125
28.492625
28.505675
28.594825
28.600425
28.753325
28.754700
28.765875
28.770400
28.781050
28.801625
28.819275
28.830575
28.857250
28.877775
28.953350
28.962700
29.051925
29.132175
29.210000
29.287750
29.309525
29.316400
29.341175
29.358275
29.378600
29.398350
29.418675
29.454425
29.511750
29.517000
29.758650
29.809625
29.845550
29.852350
29.877700
29.924100
29.925000
29.975850
