0.000700
0.054400
0.069975
0.224075
0.292425
0.374900
0.385350
0.395250
0.415450
0.564950
0.619200
0.669625
0.710700
0.796650
0.816850
0.911950
1.000175
1.016875
1.094525
1.120625
1.137550
1.162850
1.182050
1.279850
1.337350
1.443725
1.561450
1.630800
1.664675
1.760625
1.796025
1.834350
1.930425
1.960425
1.987150
2.090800
2.190975
2.213925
2.251025
2.277750
2.306150
2.459125
2.587375
2.655850
2.689100
2.707625
2.772675
2.807325
2.831325
2.847325
2.865250
2.888150
2.992600
3.004650
3.059700
3.168775
3.274350
3.397150
3.423750
3.546050
3.566375
3.586750
3.595850
3.649150
3.657150
3.685325
3.709625
3.763475
3.828325
3.862025
4.005475
4.190475
4.236175
4.252050
4.282925
4.352800
4.389375
4.505225
4.526850
4.614550
4.665750
4.704375
4.791200
4.802875
4.812975
4.835750
4.859650
4.866625
4.918975
4.953100
5.050750
5.132875
5.237400
5.296900
5.407800
5.436625
5.476100
5.518525
5.557525
5.634050
5.676900
5.717650
5.793225
5.817000
5.920775
6.015675
6.109400
6.217350
6.283925
6.299925
6.329125
6.371150
6.382775
6.487475
6.554000
6.601825
6.699275
7.106225
7.152875
7.162875
7.226250
7.251825
7.302625
7.354250
7.558575
7.685275
7.722275
7.784050
7.793525
7.935425
7.976550
8.010625
8.044675
8.142975
8.184975
8.221150
8.259550
8.300300
8.539925
8.548775
8.599975
8.665825
8.739050
8.752250
8.783025
8.863225
8.905075
8.942200
9.071500
9.113425
9.178675
9.196225
9.311700
9.332800
9.556750
9.564400
9.655100
9.689650
10.051500
10.106975
10.154675
10.173625
10.213225
10.243925
10.252300
10.456725
10.478100
10.512975
10.524925
10.614150
10.630800
10.668525
10.772725
10.799350
10.830275
10.864500
10.903975
10.993450
11.014325
11.049425
11.134850
11.222125
11.338900
11.354975
11.453100
11.462400
11.563300
11.592150
11.763750
11.777050
11.812650
11.837550
11.957575
12.059275
12.144325
12.216850
12.316900
12.363375
12.381450
12.422275
12.523600
12.572375
12.613500
12.627975
12.680450
12.708425
12.746400
12.784025
12.826000
12.874525
12.944025
12.991050
13.016500
13.125550
13.150625
13.176725
13.288575
13.304875
13.340300
13.496600
13.511400
13.547800
13.570400
13.613075
13.677750
13.856275
13.926075
13.993650
14.018125
14.056375
14.088300
14.120775
14.177875
14.211800
14.236825
14.248325
14.281050
14.311450
14.361300
14.389150
14.460750
14.474350
14.523975
14.561700
14.602925
14.728200
14.771775
14.822000
14.878450
14.891550
14.902700
15.008425
15.021900
15.094550
15.147075
15.165200
15.192100
15.209200
15.218225
15.285850
15.318250
15.338125
15.481500
15.503350
15.607025
15.639325
15.659750
15.679275
15.734550
15.800125
15.806575
15.880025
16.009750
16.079300
16.103900
16.148400
16.162525
16.204150
16.219300
16.266775
16.284900
16.436450
16.469150
16.965825
17.253100
17.262850
17.379925
17.421025
17.480800
17.560000
17.630175
17.983725
18.005525
18.061725
18.081325
18.106975
18.129575
18.168475
18.244275
18.335075
18.357900
18.632800
18.932250
18.957500
19.078375
19.101725
19.143025
19.160175
19.287225
19.511375
19.526025
19.556050
19.761200
19.772325
19.848325
19.892600
19.978775
20.131500
20.469825
20.496575
20.523950
20.632450
20.781000
20.829400
20.902125
20.984225
21.050300
21.095475
21.112600
21.299600
21.322075
21.423125
21.651250
21.668350
21.687175
21.925825
21.972125
22.016300
22.147500
22.176900
22.293200
22.390875
22.475375
22.544850
22.663150
22.717700
22.741125
22.770600
23.011900
23.072075
23.100175
23.159400
23.208550
23.226875
23.292400
23.353575
23.390525
23.511475
23.578700
23.630600
23.643700
23.746700
23.907250
24.027500
24.290875
24.332725
24.438550
24.606075
24.670425
24.892725
25.054975
25.091050
25.229475
25.400025
25.429750
25.446675
25.548575
25.577225
25.692650
25.796450
25.818550
25.828975
25.869575
25.912550
25.988775
26.045600
26.147250
26.244675
26.397950
26.497950
26.528525
26.622475
26.634175
26.685275
26.762025
26.983950
27.029650
27.061100
27.241575
27.294250
27.338800
27.433275
27.485875
27.519375
27.554525
27.621175
27.686225
27.784150
27.891850
27.967800
28.005075
28.095925
28.146000
28.190050
28.204500
28.294750
28.565500
28.684200
28.737400
28.783450
28.799125
28.818975
28.872125
28.897750
29.047300
29.062600
29.090800
29.255900
29.271300
29.337125
29.453250
29.552700
29.676425
29.838900
29.859000
29.879250
29.987200
