0.002625
0.046400
0.069025
0.085800
0.107600
0.125100
0.150325
0.167850
0.196275
0.236625
0.252750
0.275600
0.294175
0.308550
0.335750
0.353325
0.367375
0.427250
0.487725
0.517175
0.577250
0.594825
0.617975
0.643225
0.681375
0.705250
0.724450
0.757500
0.780075
0.846125
0.859700
0.884150
0.915250
0.942175
0.963775
0.979050
0.996625
1.024375
1.041150
1.056575
1.093425
1.145675
1.167825
1.196450
1.220225
1.238075
1.254925
1.287275
1.317700
1.337125
1.352975
1.373700
1.381625
1.398475
1.417525
1.441775
1.462800
1.516450
1.529550
1.553400
1.574125
1.593575
1.646325
1.674600
1.696300
1.738025
1.781125
1.807375
1.828125
1.855600
1.877275
1.893775
1.939850
1.957875
1.974025
1.989000
2.069600
2.083975
2.096175
2.109400
2.120450
2.129450
2.168025
2.203650
2.215325
2.231450
2.243000
2.278125
2.290450
2.307725
2.324375
2.341075
2.371650
2.393500
2.407925
2.444125
2.471525
2.506250
2.526850
2.550200
2.571050
2.585100
2.608100
2.630400
2.657950
2.681475
2.731225
2.749150
2.779975
2.795750
2.814975
2.840325
2.863750
2.882500
2.897050
2.916625
2.939850
2.975225
3.003000
3.027325
3.051075
3.062050
3.081250
3.097075
3.121050
3.144325
3.172125
3.194700
3.243050
3.259625
3.281900
3.309225
3.322850
3.338750
3.357500
3.377450
3.400300
3.437925
3.447025
3.469075
3.492550
3.505625
3.516475
3.548425
3.565750
3.592525
3.614250
3.657350
3.676650
3.700600
3.720525
3.742350
3.778550
3.785800
3.791125
3.806275
3.825975
3.834850
3.844050
3.857800
3.880850
3.889475
3.898025
3.905875
3.923125
3.934900
3.946825
3.961850
3.975875
3.990250
4.014450
4.029975
4.052550
4.068825
4.089025
4.117000
4.138950
4.177550
4.194400
4.214725
4.236775
4.257575
4.270000
4.293600
4.314000
4.326575
4.342200
4.361450
4.405550
4.423050
4.453675
4.466200
4.478575
4.515250
4.554225
4.575100
4.595925
4.612750
4.628850
4.657500
4.677750
4.688800
4.701625
4.712375
4.718675
4.739075
4.746350
4.754900
4.765375
4.805550
4.823950
4.834450
4.849700
4.864325
4.876700
4.882025
4.892650
4.930175
4.976500
5.006150
5.026400
5.047225
5.123550
5.140600
5.151275
5.161425
5.172750
5.184325
5.197500
5.215075
5.231700
5.239600
5.256850
5.275150
5.291900
5.304875
5.319975
5.366500
5.380075
5.400875
5.415075
5.463550
5.516950
5.537350
5.562025
5.570850
5.584250
5.590975
5.610175
5.625600
5.637400
5.655250
5.668950
5.682750
5.707700
5.726525
5.740850
5.773600
5.801025
5.836975
5.880175
5.912500
5.923350
5.942000
5.949875
5.965650
5.972225
5.984225
6.002975
6.013600
6.023425
6.037550
6.046225
6.058325
6.077150
6.133675
6.157925
6.167325
6.179700
6.199525
6.255500
6.275475
6.295625
6.321175
6.341900
6.371475
6.408475
6.418550
6.428200
6.435975
6.446075
6.452375
6.481025
6.490175
6.499925
6.540825
6.553625
6.563950
6.576850
6.593250
6.628750
6.642525
6.681375
6.700525
6.720400
6.741400
6.766075
6.793075
6.809975
6.845300
6.865000
6.886025
6.933975
6.950675
6.964975
6.988400
7.001075
7.010900
7.042975
7.052150
7.068050
7.079300
7.092475
7.114700
7.131850
7.172475
7.188625
7.209200
7.244375
7.264125
7.285875
7.325475
7.347850
7.383750
7.410350
7.437150
7.464675
7.478475
7.514650
7.529425
7.567375
7.583650
7.597725
7.612475
7.628200
7.648100
7.681000
7.741650
7.788475
7.831125
7.850800
7.878225
7.905375
7.923900
7.949125
7.992100
8.011450
8.033725
8.047500
8.060100
8.104025
8.113000
8.134825
8.147050
8.161400
8.171175
8.186400
8.197700
8.215975
8.231975
8.246300
8.256850
8.271775
8.339200
8.355750
8.372175
8.399175
8.422825
8.446175
8.457125
8.481775
8.501525
8.520325
8.534875
8.554475
8.571700
8.636125
8.647650
8.666225
8.724950
8.746450
8.770175
8.791000
8.816350
8.833000
8.854325
8.869050
8.898325
8.927675
8.942025
8.957275
8.975275
8.984975
8.997250
9.007600
9.027200
9.057325
9.069725
9.080700
9.097525
9.112675
9.129275
9.146700
9.160625
9.177525
9.208475
9.218650
9.235475
9.251950
9.280750
9.295850
9.338175
9.353650
9.373825
9.393375
9.410425
9.425425
9.446375
9.466550
9.472450
9.487950
9.505450
9.561500
9.576825
9.609400
9.634525
9.652925
9.713125
9.726900
9.744150
9.768700
9.789025
9.804425
9.821800
9.841275
9.856725
9.883875
9.906050
9.926425
9.949125
9.967600
9.993550
10.011450
10.039825
10.054375
10.064750
10.074900
10.084250
10.141975
10.157375
10.181700
10.200025
10.214175
10.224475
10.240200
10.258700
10.274500
10.287900
10.302375
10.336075
10.360900
10.373675
10.390900
10.438075
10.460700
10.478475
10.499425
10.534575
10.549525
10.568500
10.582525
10.619825
10.634875
10.653050
10.693400
10.697500
10.715825
10.733225
10.751625
10.789850
10.807675
10.823375
10.863650
10.880425
10.914825
10.935750
10.949500
10.967950
10.986925
11.008950
11.025725
11.038050
11.053100
11.066900
11.080525
11.104150
11.138725
11.159200
11.176400
11.197700
11.220025
11.240525
11.256925
11.287250
11.313050
11.340575
11.359625
11.373825
11.390975
11.407600
11.447375
11.466500
11.476900
11.495900
11.521425
11.534800
11.544475
11.573475
11.586875
11.594025
11.604500
11.617300
11.627925
11.635850
11.647400
11.682050
11.704850
11.725250
11.737450
11.764450
11.778550
11.795925
11.819025
11.851025
11.869175
11.885700
11.926200
11.947250
11.966425
11.981475
12.005200
12.023500
12.062750
12.069600
12.084250
12.098250
12.150575
12.201150
12.267025
12.291100
12.303475
12.329450
12.336025
12.344000
12.351225
12.395200
12.407975
12.416525
12.439375
12.452175
12.482150
12.492825
12.524400
12.536375
12.549550
12.561400
12.577950
12.606250
12.626450
12.643400
12.655450
12.679175
12.694125
12.702925
12.722300
12.754000
12.764550
12.772250
12.784250
12.791950
12.806525
12.815675
12.836400
12.848550
12.869350
12.881475
12.900325
12.914650
12.932400
12.948075
12.961125
12.986850
13.003025
13.014400
13.032275
13.044325
13.062150
13.079550
13.098550
13.116600
13.132575
13.150975
13.244075
13.276275
13.294175
13.328550
13.347700
13.387000
13.413200
13.424075
13.440950
13.458450
13.475400
13.505775
13.522425
13.542100
13.558150
13.576200
13.594875
13.612750
13.629925
13.645925
13.667575
13.681050
13.701050
13.719725
13.764575
13.808075
13.848900
13.867775
13.914950
13.940875
13.958900
13.995125
14.009100
14.024250
14.040000
14.055225
14.073950
14.087175
14.124150
14.143975
14.194100
14.210825
14.229800
14.262700
14.270725
14.287050
14.298275
14.314775
14.326150
14.342100
14.357475
14.391650
14.405550
14.445075
14.460725
14.472050
14.490825
14.510175
14.529200
14.547475
14.569175
14.593750
14.612850
14.632075
14.660225
14.668850
14.677625
14.691075
14.698750
14.708850
14.728650
14.738675
14.749250
14.756175
14.766525
14.800775
14.816325
14.840300
14.854150
14.879250
14.900275
14.937350
14.962700
14.985850
15.003125
15.041175
15.055175
15.090375
15.113625
15.124550
15.141050
15.148100
15.153600
15.159325
15.167350
15.176625
15.195150
15.210275
15.229275
15.264800
15.276250
15.311850
15.337150
15.345050
15.360425
15.378625
15.392700
15.421375
15.451200
15.468000
15.491525
15.548250
15.567025
15.594125
15.605600
15.622325
15.695300
15.715750
15.734725
15.749875
15.766625
15.786900
15.801925
15.812575
15.830575
15.855100
15.875325
15.893100
15.925025
15.945300
15.964600
15.983750
15.997375
16.012450
16.026700
16.036800
16.053125
16.062150
16.091700
16.167150
16.184000
16.196350
16.215250
16.246925
16.269825
16.293900
16.325150
16.352775
16.376950
16.393375
16.409900
16.419875
16.428900
16.445875
16.453000
16.459650
16.464275
16.485275
16.492200
16.500850
16.517075
16.527200
16.570100
16.585150
16.603925
16.634350
16.654275
16.672125
16.712300
16.758200
16.777350
16.803725
16.815300
16.832375
16.845650
16.856925
16.875600
16.887475
16.910350
16.922775
16.932375
16.940525
16.947500
16.963825
16.970750
16.995850
17.017025
17.070400
17.098325
17.114675
17.164050
17.203075
17.249900
17.273900
17.295675
17.314150
17.323775
17.329375
17.342550
17.370525
17.374925
17.390175
17.407975
17.416550
17.453450
17.468200
17.484400
17.503350
17.535050
17.549275
17.572500
17.588500
17.615950
17.665500
17.688850
17.698825
17.706400
17.711950
17.717775
17.732425
17.740500
17.762650
17.775000
17.788400
17.805650
17.823800
17.839700
17.865125
17.894500
17.910375
17.936375
17.959500
18.020825
18.038700
18.057650
18.081350
18.101375
18.134075
18.151075
18.173700
18.192475
18.242900
18.261925
18.282275
18.319750
18.346275
18.373675
18.404100
18.427775
18.445275
18.458925
18.503375
18.516800
18.531850
18.544775
18.588175
18.627600
18.681200
18.693950
18.736375
18.749150
18.765450
18.792600
18.841250
18.860450
18.885100
18.908425
18.926900
18.945575
18.961550
18.975875
18.991925
19.008800
19.022900
19.040375
19.093950
19.146900
19.163775
19.183125
19.199675
19.213150
19.236000
19.258700
19.283925
19.303500
19.323225
19.381775
19.436175
19.483100
19.492300
19.500525
19.505200
19.509225
19.539275
19.544775
19.551525
19.569975
19.581525
19.597675
19.604475
19.626000
19.636950
19.653025
19.658650
19.704850
19.715825
19.730475
19.751775
19.770225
19.796825
19.817400
19.867325
19.889750
19.951475
19.963600
19.980125
19.988175
20.000525
20.015825
20.021200
20.027500
20.031900
20.041450
20.085025
20.099950
20.118900
20.132550
20.156300
20.176775
20.222925
20.252350
20.274500
20.302825
20.324075
20.345025
20.363875
20.387725
20.403750
20.423775
20.442600
20.511600
20.527875
20.546200
20.562275
20.577575
20.642425
20.651250
20.657700
20.668500
20.678425
20.685275
20.692350
20.722625
20.730575
20.761475
20.786075
20.810425
20.834000
20.854700
20.880025
20.902925
20.924300
20.943200
20.962725
20.977575
20.990175
21.016525
21.031600
21.073000
21.100900
21.117075
21.156500
21.178175
21.199100
21.220400
21.243775
21.257425
21.275000
21.297125
21.313600
21.339650
21.362225
21.396275
21.413600
21.427975
21.440650
21.446550
21.467550
21.470975
21.485025
21.493525
21.510175
21.525400
21.542375
21.550100
21.557175
21.568325
21.579200
21.586650
21.600225
21.609275
21.617050
21.630650
21.640975
21.660825
21.697450
21.734650
21.754050
21.791175
21.809975
21.842350
21.861175
21.949650
21.970875
21.976800
21.983500
21.990500
21.995825
22.015600
22.032600
22.048100
22.055400
22.071025
22.092075
22.104575
22.111675
22.123725
22.146325
22.160200
22.169900
22.181775
22.209575
22.220150
22.255450
22.270700
22.292550
22.309850
22.331950
22.343475
22.361825
22.378625
22.391750
22.409775
22.440650
22.455125
22.478925
22.498700
22.522500
22.542100
22.558475
22.576050
22.598575
22.623725
22.636900
22.655825
22.670000
22.693600
22.710375
22.740125
22.758550
22.775350
22.801825
22.817200
22.838150
22.854450
22.876100
22.896000
22.914625
22.936350
22.947050
22.966525
22.977675
22.986650
22.993950
23.001425
23.007525
23.012425
23.021600
23.041050
23.046775
23.053675
23.062025
23.077525
23.092475
23.109875
23.133725
23.176475
23.223525
23.244975
23.256250
23.288500
23.302325
23.315350
23.335575
23.342275
23.356200
23.379275
23.415050
23.424700
23.441200
23.458325
23.473175
23.492975
23.526300
23.543125
23.575500
23.597000
23.619850
23.639425
23.681275
23.703975
23.721875
23.743775
23.761825
23.779550
23.795875
23.820575
23.831925
23.881100
23.890900
23.905100
23.938100
23.958800
23.967325
23.977750
23.993050
24.012650
24.030575
24.043075
24.079325
24.102750
24.122725
24.146800
24.200825
24.230650
24.252150
24.296125
24.312225
24.331300
24.337350
24.345875
24.369800
24.382400
24.402025
24.424325
24.444525
24.483000
24.504675
24.535175
24.593750
24.615525
24.636425
24.660775
24.681125
24.688300
24.697325
24.730400
24.737950
24.744100
24.753400
24.758875
24.766375
24.776675
24.786050
24.792775
24.805150
24.818525
24.832650
24.849250
24.854025
24.858750
24.875650
24.886000
24.905300
24.932675
24.943225
24.949950
24.958925
24.964925
24.970925
24.981750
24.989350
25.007925
25.040300
25.062050
25.081900
25.097650
25.125250
25.178775
25.198250
25.231625
25.248550
25.265950
25.312975
25.328325
25.336450
25.344175
25.351875
25.365325
25.381550
25.449325
25.462850
25.484800
25.498125
25.588275
25.607525
25.621300
25.637900
25.655050
25.665675
25.682250
25.690475
25.721375
25.733025
25.750800
25.762575
25.777625
25.794250
25.811025
25.827350
25.849050
25.887450
25.903400
25.921475
25.942400
25.960325
25.984425
25.999950
26.018300
26.038275
26.063075
26.074925
26.095125
26.116975
26.149550
26.163450
26.176200
26.183775
26.200175
26.210275
26.219300
26.236525
26.251325
26.267450
26.275025
26.285800
26.302275
26.369200
26.390550
26.466775
26.507750
26.526600
26.542125
26.565375
26.589250
26.623250
26.635825
26.666950
26.673850
26.682325
26.691600
26.706075
26.714400
26.734550
26.754800
26.774000
26.835425
26.874075
26.894875
26.951325
26.970200
27.003825
27.023900
27.061825
27.108525
27.123400
27.145675
27.178950
27.194925
27.214975
27.254000
27.271500
27.314375
27.322100
27.330750
27.342075
27.388200
27.412700
27.437725
27.470425
27.482200
27.503300
27.515875
27.523375
27.533425
27.574975
27.619675
27.672850
27.701175
27.723725
27.748850
27.768125
27.785200
27.816700
27.839600
27.864575
27.883225
27.898900
27.913650
27.933900
27.963375
27.988075
28.050125
28.070600
28.103100
28.121625
28.140875
28.163625
28.205700
28.235150
28.261375
28.276825
28.290550
28.311625
28.335525
28.349050
28.362825
28.378600
28.395350
28.414200
28.435475
28.450950
28.477425
28.501975
28.523425
28.564400
28.593050
28.639825
28.663075
28.677950
28.700250
28.719800
28.738075
28.765900
28.783925
28.803150
28.823925
28.845275
28.871450
28.894050
28.914375
28.938150
28.985825
29.003975
29.023800
29.045075
29.070475
29.088700
29.109475
29.131050
29.137025
29.142150
29.152525
29.159775
29.168150
29.188800
29.213075
29.237625
29.264800
29.283425
29.326325
29.418000
29.445950
29.464800
29.477375
29.486475
29.511075
29.521025
29.528550
29.540775
29.551800
29.567775
29.585200
29.596650
29.643875
29.673750
29.690400
29.716950
29.736350
29.752175
29.766700
29.773950
29.806925
29.814300
29.822750
29.840050
29.852525
29.869000
29.879475
29.924300
29.942300
29.956275
29.963825
29.976875
29.992775
