0.022925
0.075275
0.086575
0.091125
0.275250
0.288425
0.296800
0.362375
0.386200
0.427500
0.443925
0.452600
0.465900
0.497100
0.541175
0.616500
0.655675
0.712250
0.771175
0.777175
0.897775
0.904150
0.936000
0.944300
0.966750
1.001175
1.004200
1.076175
1.165200
1.175550
1.186275
1.277550
1.355950
1.371450
1.377800
1.381400
1.544450
1.694625
1.746125
1.784775
1.799950
1.817775
1.831275
1.850825
1.979250
2.003450
2.021950
2.248725
2.301175
2.357000
2.382650
2.393825
2.414350
2.525125
2.602750
2.641850
2.681250
2.722975
2.758100
2.817150
2.873975
2.923700
3.025250
3.068375
3.083875
3.143500
3.186950
3.192050
3.198000
3.217775
3.324725
3.429475
3.507725
3.618000
3.648375
3.758925
3.770750
3.787050
3.811875
3.816000
3.824500
3.907750
4.345775
4.369250
4.431375
4.568225
4.591925
4.609575
4.676025
4.695275
4.708500
4.946325
5.008050
5.017275
5.032150
5.092575
5.226000
5.532925
5.805675
5.989025
6.061200
6.147050
6.207750
6.233125
6.382925
6.509900
6.530000
6.583350
6.639625
6.682700
6.923325
6.946250
6.966700
7.056400
7.131275
7.324375
7.438300
7.567275
7.690475
7.916200
7.949475
8.159175
8.597075
9.233325
9.284075
9.674925
9.740575
9.763525
9.853900
9.961950
10.137750
10.266425
10.401825
10.702775
11.022700
11.042300
11.082300
11.709425
12.047300
12.636875
12.889675
13.063725
13.281875
13.653900
13.866050
13.910950
13.938650
14.303200
14.585650
14.643725
14.693025
14.816725
14.901825
14.947650
15.111300
15.210200
15.505300
15.554250
15.616800
15.882150
15.953650
16.075050
16.222425
16.287800
16.446225
16.566150
16.806525
16.924125
16.966350
17.058475
17.618425
17.697175
17.770500
17.887825
18.028025
18.168075
18.336875
18.386250
18.416400
18.520000
18.562550
18.678275
18.712700
18.811325
18.868425
18.911250
19.059025
19.088100
19.097850
19.112350
19.138650
19.237700
19.266300
19.320575
19.486875
19.559975
19.694325
19.773125
19.874050
19.940550
20.043850
20.071300
20.126700
20.170125
20.182650
20.204775
20.235825
20.251000
20.429250
20.525625
20.551900
20.586725
20.620600
20.646000
20.665575
20.708650
20.716650
20.724075
20.742175
20.780575
21.027550
21.052900
21.105125
21.124500
21.140125
21.156200
21.203900
21.218800
21.251825
21.306975
21.318750
21.517150
21.615725
21.656100
21.735425
21.797625
21.973225
21.996925
22.211350
22.222025
22.231000
22.235775
22.247625
22.267125
22.299425
22.345575
22.362600
22.380675
22.433875
22.521300
22.582225
22.598150
22.655875
22.686950
22.705975
22.749300
22.764100
22.820800
22.849825
22.868725
23.100525
23.368375
23.572850
23.631450
23.695900
23.714450
23.754800
24.137075
24.170400
24.216525
24.227875
24.269075
24.285325
24.332950
24.349325
24.634700
24.834875
24.843600
24.856350
24.902300
25.086450
25.144350
25.218100
25.267050
25.276175
25.287825
25.334650
25.361975
25.403125
25.557500
25.606150
25.619175
25.634475
25.662450
25.802650
25.850600
26.202575
26.218350
26.246975
26.277300
26.298450
26.333750
26.384075
26.394325
26.418100
26.449600
26.462300
26.503175
26.562075
26.591075
26.637475
26.651300
26.703275
26.961250
27.008600
27.117200
27.134850
27.149025
27.293050
27.392625
27.592750
27.768950
27.972025
27.986000
28.200950
28.215975
28.377950
28.485225
28.676800
28.689050
28.726450
28.916200
28.963250
29.116050
29.207050
29.310725
29.327675
29.377300
29.408225
29.450650
29.482500
29.516975
29.525050
29.545675
29.551150
29.558600
29.595125
29.609575
29.628850
29.774250
29.870250
29.879825
29.890000
29.912375
