0.255575
0.313750
1.586625
3.226825
5.306650
5.345350
5.362725
6.289250
7.103600
7.114825
7.168100
7.210000
9.307175
10.005125
10.062750
10.081100
10.166850
10.183875
10.347500
10.675750
10.926575
10.991150
12.558475
16.405175
17.314500
17.931175
18.015425
18.524300
18.568950
18.598050
18.614500
18.772325
18.821050
19.002500
19.781400
20.599625
20.673525
21.441050
21.544975
21.575675
21.616800
22.136550
22.189525
22.217575
22.657675
22.729125
22.776575
23.413875
23.485900
23.521075
23.583050
24.348650
24.429050
24.916025
24.947825
24.989500
25.032625
25.087225
26.288375
26.365050
26.921775
27.002175
27.025650
27.063025
27.071050
27.112700
27.517300
27.540025
27.609700
27.680575
28.237450
28.283425
28.401775
