0.012250
0.078500
0.090100
0.108600
0.124250
0.156925
0.181800
0.219625
0.237000
0.247525
0.267725
0.283250
0.290850
0.302300
0.339775
0.350000
0.367950
0.390300
0.413775
0.445475
0.471450
0.480200
0.492650
0.507775
0.522050
0.531600
0.562000
0.571400
0.578550
0.588950
0.607225
0.618375
0.625050
0.643825
0.651725
0.728600
0.756525
0.774375
0.790875
0.837850
0.864150
0.906575
0.916525
0.930725
0.944900
0.959150
0.972625
0.985325
1.001225
1.024625
1.039175
1.084900
1.098400
1.110575
1.139475
1.150800
1.197700
1.228950
1.243800
1.258600
1.294450
1.306550
1.402250
1.413200
1.423050
1.448275
1.486025
1.496600
1.511875
1.622975
1.646150
1.662500
1.685375
1.699800
1.723575
1.763625
1.778575
1.808275
1.858325
1.884375
1.899625
1.919925
1.937625
1.952125
1.968800
1.979700
1.992450
2.008350
2.017800
2.028225
2.040500
2.078325
2.090325
2.115625
2.143675
2.206750
2.236550
2.250600
2.268550
2.294950
2.325550
2.341125
2.408675
2.457550
2.472550
2.484725
2.588625
2.606150
2.622775
2.637875
2.664925
2.678425
2.693225
2.702450
2.719975
2.743675
2.765300
2.778475
2.791575
2.811825
2.848050
2.879350
2.887075
2.930000
2.995350
3.033100
3.049175
3.081750
3.100000
3.131775
3.145425
3.167225
3.178950
3.188725
3.227700
3.242225
3.330200
3.351875
3.392325
3.427175
3.467875
3.481600
3.492550
3.521550
3.544400
3.557075
3.577450
3.604200
3.617200
3.631975
3.642350
3.659000
3.672650
3.687050
3.711275
3.772925
3.802225
3.848300
3.868450
3.897425
3.922350
3.955250
3.966675
4.044675
4.085150
4.101250
4.113250
4.126000
4.157525
4.173525
4.188225
4.231550
4.294175
4.336625
4.352175
4.381950
4.409400
4.423125
4.436125
4.448450
4.479400
4.508550
4.524375
4.580650
4.594900
4.612200
4.647600
4.673000
4.713325
4.731775
4.748600
4.784325
4.806850
4.833850
4.850800
4.876825
4.914675
4.936525
4.949975
4.965625
4.983975
4.997600
5.025325
5.038200
5.072875
5.091350
5.102800
5.140375
5.153125
5.182850
5.215750
5.227950
5.256400
5.269975
5.300625
5.315475
5.361625
5.381625
5.399875
5.413750
5.474900
5.503575
5.517325
5.527175
5.583025
5.595475
5.646200
5.738700
5.762550
5.782800
5.835525
5.848550
5.860275
5.875525
5.891550
5.905200
5.932825
5.949825
6.008550
6.057300
6.093600
6.131200
6.172975
6.201950
6.242600
6.256825
6.273475
6.311875
6.323975
6.384250
6.397825
6.413400
6.444950
6.557475
6.568500
6.594875
6.625025
6.635800
6.660450
6.706675
6.726125
6.740300
6.754175
6.775400
6.801325
6.834825
6.850025
6.889600
7.008975
7.031075
7.047150
7.103650
7.115025
7.132875
7.143125
7.159775
7.192375
7.205750
7.221350
7.256675
7.270675
7.293925
7.321025
7.339975
7.352700
7.422700
7.449800
7.539100
7.582575
7.599425
7.627550
7.687675
7.716750
7.751025
7.767225
7.791825
7.804625
7.816850
7.865375
7.915725
7.949825
7.966275
7.980375
7.996150
8.013900
8.045300
8.062125
8.082650
8.097775
8.142625
8.160475
8.228350
8.245650
8.258450
8.284800
8.308475
8.324075
8.333425
8.352200
8.361400
8.375350
8.390175
8.407325
8.427750
8.444525
8.484050
8.503925
8.524925
8.564925
8.591800
8.616350
8.629075
8.696100
8.711775
8.754525
8.771150
8.837575
8.873825
8.898275
8.923725
8.938250
8.979500
9.026600
9.058425
9.098175
9.117500
9.130275
9.147650
9.181475
9.201500
9.241850
9.313500
9.337250
9.355400
9.416325
9.438900
9.454750
9.479275
9.499425
9.553275
9.568800
9.585525
9.630600
9.650100
9.682025
9.751900
9.767325
9.789200
9.818600
9.841675
9.889250
9.901975
9.942450
9.958300
9.971825
10.031875
10.099075
10.115225
10.147025
10.179975
10.193325
10.208900
10.251500
10.287750
10.313400
10.326650
10.426150
10.444425
10.462375
10.488050
10.505775
10.555400
10.573475
10.612350
10.636250
10.649800
10.653425
10.670275
10.700525
10.721250
10.738225
10.751700
10.771475
10.788200
10.801150
10.837075
10.881900
10.933625
10.953325
10.970225
10.986650
11.010175
11.027925
11.068750
11.099925
11.132750
11.142000
11.225125
11.249075
11.271750
11.286025
11.323050
11.344625
11.367125
11.387475
11.404475
11.434350
11.451450
11.471250
11.485850
11.504150
11.518375
11.533275
11.569700
11.624025
11.644250
11.667525
11.683875
11.702750
11.729225
11.742200
11.754200
11.794475
11.861100
11.889525
11.913725
11.932075
11.957100
11.979800
11.997075
12.009900
12.028550
12.077975
12.095000
12.132225
12.150350
12.176375
12.202100
12.241050
12.257425
12.278425
12.323625
12.348700
12.368075
12.391525
12.411500
12.505925
12.519225
12.547875
12.571075
12.635475
12.673175
12.687600
12.755950
12.768075
12.783500
12.799525
12.812600
12.824425
12.845750
12.929775
12.965000
12.980800
13.006550
13.028325
13.055075
13.070675
13.089100
13.151200
13.168475
13.196650
13.229075
13.246700
13.263900
13.304425
13.329675
13.349250
13.364775
13.378325
13.401100
13.428550
13.464425
13.476175
13.543075
13.559450
13.575950
13.595050
13.610275
13.666800
13.733225
13.749225
13.789550
13.822300
13.837525
13.889325
13.908550
13.936650
13.953000
13.991800
14.015675
14.069900
14.152725
14.183300
14.195675
14.212675
14.248025
14.261725
14.274925
14.307125
14.339475
14.390250
14.406600
14.423900
14.455950
14.471225
14.505925
14.517125
14.537150
14.560025
14.621000
14.661500
14.696875
14.715975
14.735025
14.754475
14.765650
14.780875
14.791525
14.807025
14.824500
14.840525
14.862250
14.896200
14.909925
14.989225
15.009700
15.048125
15.087550
15.110225
15.229850
15.258250
15.283075
15.304200
15.339850
15.352975
15.375100
15.407125
15.425975
15.444075
15.459700
15.477675
15.507675
15.544800
15.559425
15.586400
15.602425
15.623025
15.635725
15.654750
15.670850
15.686400
15.722175
15.740075
15.754425
15.766500
15.806475
15.817775
15.852750
15.896700
15.919500
15.935350
15.976300
15.997275
16.015550
16.042225
16.060425
16.072900
16.086950
16.101775
16.114675
16.172025
16.185400
16.196625
16.211075
16.248600
16.269150
16.282500
16.288825
16.310225
16.335725
16.359750
16.412000
16.450000
16.467875
16.515325
16.531875
16.566475
16.580475
16.592900
16.608350
16.625650
16.644275
16.693925
16.703850
16.754975
16.771300
16.813225
16.828425
16.842100
16.885225
16.899675
16.918750
16.941800
16.961625
16.988000
17.007250
17.030025
17.074050
17.093200
17.108525
17.133325
17.173200
17.217775
17.238975
17.256625
17.288175
17.307000
17.323075
17.419475
17.446725
17.463500
17.476225
17.512525
17.533900
17.554475
17.575650
17.590850
17.611525
17.624725
17.658775
17.674750
17.710800
17.758425
17.785575
17.806500
17.823875
17.836975
17.877925
17.895700
17.918050
17.942625
17.965400
17.997550
18.009250
18.025900
18.040550
18.058400
18.092600
18.129575
18.146600
18.160700
18.184825
18.197100
18.211975
18.229925
18.241625
18.253525
18.269975
18.355625
18.382225
18.395350
18.413475
18.432325
18.449200
18.473550
18.487050
18.507125
18.526125
18.559600
18.580000
18.598175
18.645800
18.658225
18.687000
18.730725
18.745050
18.783100
18.802500
18.830350
18.844225
18.861000
18.911050
18.924700
18.943550
18.961100
18.974000
18.986975
19.039450
19.055475
19.067750
19.078125
19.104350
19.122325
19.164675
19.206375
19.253500
19.279700
19.306025
19.322250
19.345250
19.362875
19.380875
19.396400
19.411225
19.441725
19.470775
19.487975
19.526925
19.549450
19.565450
19.616200
19.637600
19.660050
19.684375
19.718525
19.736025
19.751100
19.765150
19.782950
19.798375
19.849350
19.874000
19.896175
19.956350
20.006725
20.035875
20.104025
20.142000
20.164200
20.187050
20.209700
20.227425
20.252425
20.303050
20.329100
20.354875
20.384825
20.410600
20.431775
20.461850
20.484075
20.524350
20.544375
20.573325
20.628950
20.650825
20.676525
20.700900
20.719425
20.743000
20.758550
20.797500
20.816550
20.886475
20.992600
21.012725
21.028125
21.045675
21.096575
21.110650
21.146450
21.169950
21.199950
21.224925
21.252225
21.275600
21.288275
21.306150
21.343325
21.371475
21.382125
21.397125
21.423325
21.462775
21.485475
21.504475
21.522550
21.544000
21.556425
21.578800
21.613025
21.649425
21.675500
21.694050
21.716150
21.733925
21.762600
21.784450
21.800525
21.813275
21.827100
21.846150
21.876250
21.891325
21.922600
21.937100
21.950850
21.986650
22.005950
22.071600
22.097825
22.119600
22.152475
22.162250
22.204500
22.261775
22.295625
22.317450
22.334900
22.353925
22.369950
22.393025
22.413150
22.454875
22.470400
22.486675
22.505125
22.564200
22.585600
22.630625
22.653225
22.674425
22.686400
22.710400
22.733800
22.746250
22.768550
22.803925
22.836450
22.853100
22.867975
22.881925
22.899775
22.937950
22.972275
22.982125
23.023525
23.056750
23.086500
23.122125
23.167700
23.184875
23.225350
23.252550
23.266125
23.282400
23.321450
23.361350
23.378400
23.417125
23.430325
23.449500
23.459475
23.474125
23.489925
23.508025
23.534450
23.583400
23.601350
23.616625
23.634675
23.672325
23.712900
23.732750
23.756200
23.768550
23.783975
23.802050
23.817900
23.872800
23.908250
23.942500
23.990625
24.007375
24.063475
24.095300
24.118625
24.134600
24.178100
24.223625
24.242500
24.261525
24.273425
24.320925
24.334350
24.349600
24.369675
24.423750
24.463650
24.486175
24.500400
24.518750
24.537875
24.555650
24.572200
24.591000
24.617350
24.633050
24.655825
24.670150
24.706000
24.724800
24.747975
24.767175
24.785675
24.801000
24.841925
24.863075
24.891650
24.910725
24.932025
24.959225
24.985250
25.001225
25.020450
25.042100
25.057000
25.073700
25.091800
25.108775
25.122775
25.159900
25.171025
25.204675
25.220475
25.233075
25.268450
25.286000
25.305250
25.357275
25.373425
25.393150
25.414225
25.445150
25.466975
25.498000
25.519600
25.540050
25.562600
25.595875
25.628625
25.661550
25.682225
25.710150
25.728600
25.743650
25.773100
25.808425
25.826200
25.844150
25.864625
25.891075
25.911600
25.969675
25.984000
26.002325
26.037600
26.082125
26.096200
26.112450
26.147525
26.162650
26.182300
26.201875
26.235675
26.315925
26.339775
26.362575
26.386575
26.400875
26.422500
26.438500
26.452250
26.472475
26.503125
26.521975
26.535625
26.556475
26.600100
26.621800
26.661550
26.704925
26.735600
26.782650
26.801450
26.845950
26.862925
26.889850
26.908775
26.924100
26.944275
26.968450
26.988575
27.008425
27.032975
27.051500
27.078075
27.126125
27.148800
27.162100
27.184025
27.204050
27.220525
27.252950
27.284200
27.295975
27.311350
27.325650
27.339750
27.359000
27.374225
27.400525
27.414525
27.441600
27.455275
27.470325
27.492375
27.506700
27.518100
27.547175
27.559900
27.572700
27.588900
27.637775
27.679725
27.691900
27.702325
27.727900
27.747150
27.756275
27.771600
27.780325
27.798850
27.834375
27.869100
27.884950
27.895000
27.929000
27.949700
27.959025
27.977800
27.987125
27.997900
28.010275
28.023300
28.049175
28.061100
28.073325
28.113475
28.135025
28.182225
28.250700
28.264975
28.282300
28.298950
28.326250
28.356450
28.393325
28.433025
28.444025
28.470125
28.513925
28.529725
28.541475
28.553850
28.567850
28.578200
28.596775
28.639250
28.707225
28.720100
28.752300
28.768175
28.769625
28.795600
28.853850
28.868925
28.879000
28.925300
28.993225
29.004225
29.026675
29.042500
29.068525
29.082225
29.097275
29.113525
29.144500
29.169975
29.187950
29.270125
29.285625
29.316975
29.327800
29.343400
29.370425
29.414075
29.431825
29.440575
29.461075
29.472475
29.483575
29.506550
29.524850
29.547425
29.574600
29.602000
29.615875
29.684525
29.737700
29.773525
29.828400
29.844075
29.859675
29.916925
29.936500
29.955850
