0.018375
0.038350
0.052650
0.074075
0.085925
0.106850
0.119200
0.139950
0.167775
0.198450
0.261300
0.275525
0.293550
0.313075
0.326450
0.337025
0.352825
0.359850
0.376975
0.384025
0.417825
0.430775
0.443150
0.520375
0.544250
0.558725
0.588725
0.607025
0.623775
0.634350
0.679425
0.700525
0.723650
0.734575
0.746025
0.755150
0.773650
0.784825
0.795325
0.804650
0.815850
0.821800
0.860175
0.866350
0.884000
0.890725
0.925850
0.945475
0.991825
1.070250
1.088675
1.119300
1.135225
1.142500
1.161700
1.170125
1.181775
1.192150
1.209850
1.220350
1.234425
1.243750
1.249450
1.263575
1.277250
1.292700
1.310625
1.361725
1.427300
1.458675
1.478975
1.490900
1.507175
1.523325
1.558075
1.563900
1.584600
1.601950
1.617775
1.622500
1.633725
1.648075
1.659050
1.664100
1.671100
1.685750
1.696725
1.713650
1.740550
1.767175
1.784900
1.799750
1.819000
1.828000
1.839800
1.849275
1.873575
1.917475
1.961000
2.005950
2.023625
2.062650
2.079700
2.088675
2.104550
2.126825
2.144050
2.156950
2.187700
2.211650
2.234150
2.276950
2.324600
2.352625
2.380100
2.399525
2.411600
2.427400
2.438825
2.452175
2.469425
2.482025
2.513375
2.552125
2.580325
2.604350
2.652175
2.661575
2.673875
2.692875
2.701000
2.731575
2.743475
2.767925
2.794825
2.804275
2.821650
2.837500
2.856550
2.889325
2.910925
2.926575
2.944800
2.976300
3.001725
3.020500
3.035875
3.055725
3.082425
3.098025
3.109450
3.173800
3.205750
3.229075
3.245000
3.273700
3.287475
3.305125
3.326050
3.339350
3.352900
3.401050
3.449875
3.509300
3.531650
3.550975
3.562375
3.579175
3.589200
3.601100
3.607875
3.629750
3.656850
3.711350
3.758475
3.819200
3.841775
3.862150
3.881300
3.902250
3.912900
3.928850
3.946325
3.957450
3.979350
3.995400
4.029625
4.049350
4.080400
4.105750
4.118250
4.136125
4.169425
4.226400
4.247075
4.288375
4.311200
4.335750
4.355550
4.374175
4.409000
4.425600
4.461775
4.508125
4.554025
4.581250
4.605325
4.633450
4.650125
4.666000
4.684975
4.702800
4.714400
4.736375
4.752675
4.775050
4.792725
4.837275
4.890700
4.916125
4.938125
4.956400
4.990700
5.018375
5.072825
5.096800
5.112175
5.161025
5.168100
5.180975
5.216575
5.245025
5.259400
5.344900
5.366725
5.393750
5.412450
5.432100
5.442850
5.459875
5.488800
5.517650
5.572925
5.596175
5.618225
5.632175
5.656325
5.680150
5.698550
5.729100
5.755750
5.790625
5.819825
5.842375
5.869900
5.895925
5.912475
5.937300
5.950000
5.966075
5.992300
6.018575
6.048175
6.071325
6.099475
6.175000
6.203675
6.244900
6.255000
6.277100
6.289175
6.305425
6.321125
6.352025
6.384775
6.416975
6.452200
6.474350
6.520450
6.532500
6.554250
6.616100
6.635450
6.656425
6.721925
6.747425
6.768225
6.799175
6.814475
6.835150
6.852350
6.865625
6.894025
6.909875
6.934300
7.016375
7.072625
7.105100
7.121525
7.144825
7.160825
7.179375
7.196500
7.220150
7.232400
7.242900
7.256150
7.271025
7.295725
7.308575
7.339525
7.355750
7.374900
7.392425
7.413000
7.469300
7.516675
7.621550
7.644650
7.678500
7.711450
7.734725
7.744575
7.772075
7.803350
7.827725
7.841000
7.875050
7.899150
7.955875
8.007000
8.036450
8.117125
8.147600
8.170825
8.183400
8.237450
8.254700
8.269750
8.342900
8.446750
8.493050
8.519550
8.533950
8.554425
8.582550
8.609650
8.640250
8.665375
8.694075
8.828700
8.842275
8.899025
8.918750
8.941200
8.957325
8.987650
9.019100
9.037575
9.083625
9.120850
9.151850
9.180825
9.222000
9.252625
9.261750
9.281550
9.298950
9.317525
9.331800
9.386475
9.473500
9.528900
9.592600
9.642600
9.676825
9.696875
9.719150
9.742625
9.759775
9.783125
9.829950
9.847150
9.916150
9.932200
9.949975
9.967775
9.990500
10.011675
10.023950
10.074800
10.111675
10.203625
10.233375
10.270550
10.333350
10.345975
10.359000
10.383975
10.405675
10.466925
10.482175
10.499875
10.515775
10.548075
10.573200
10.590600
10.636925
10.723775
10.770700
10.809025
10.872175
10.880300
10.937700
10.965775
10.983750
10.998000
11.066850
11.083275
11.094900
11.107825
11.127650
11.149850
11.172575
11.194700
11.242825
11.301150
11.323975
11.345250
11.385375
11.417400
11.486550
11.510875
11.535175
11.549225
11.571550
11.589000
11.605575
11.627875
11.637350
11.669425
11.697825
11.713050
11.725175
11.738600
11.753475
11.773725
11.793325
11.816425
11.884550
11.896750
11.913625
11.944300
11.963750
11.972625
11.986925
12.035025
12.054750
12.076000
12.091625
12.105125
12.131550
12.146025
12.163750
12.184975
12.206225
12.227525
12.257275
12.307150
12.323500
12.349700
12.377950
12.393875
12.407500
12.422150
12.438950
12.463725
12.479300
12.492200
12.512825
12.537475
12.552200
12.571875
12.628100
12.648750
12.666350
12.690125
12.707050
12.741450
12.784775
12.821675
12.851550
12.871875
12.889950
12.902625
12.920875
12.951125
12.967825
12.983675
12.994750
13.005550
13.014500
13.019500
13.031325
13.059825
13.084625
13.098650
13.119650
13.140375
13.154000
13.169000
13.205100
13.217550
13.232700
13.269350
13.290525
13.304100
13.361050
13.375925
13.397300
13.415750
13.429100
13.440025
13.457450
13.471275
13.478075
13.500025
13.518200
13.527575
13.549325
13.568400
13.582100
13.600475
13.630750
13.661050
13.711275
13.767850
13.798375
13.850075
13.864225
13.887075
13.906800
13.923150
13.938075
13.959300
13.970475
14.009225
14.026125
14.045350
14.060925
14.073425
14.101625
14.165600
14.181900
14.227250
14.246025
14.268325
14.322700
14.370775
14.394375
14.433325
14.449150
14.461525
14.476425
14.490225
14.507425
14.522925
14.538525
14.556450
14.584775
14.595400
14.605675
14.617925
14.649650
14.672600
14.685850
14.697550
14.711075
14.748025
14.759600
14.781800
14.812800
14.874500
14.913475
14.927825
14.973025
14.999600
15.017125
15.027550
15.039025
15.048975
15.059500
15.065675
15.077925
15.109525
15.133675
15.152650
15.170150
15.220450
15.244175
15.270925
15.350600
15.390850
15.414800
15.435800
15.453975
15.473900
15.491250
15.508000
15.521625
15.533225
15.544100
15.553600
15.573075
15.584550
15.606825
15.621925
15.638825
15.667350
15.696625
15.734500
15.756150
15.782075
15.811700
15.849925
15.859875
15.889450
15.905600
15.947400
15.987475
16.017700
16.030850
16.037250
16.051875
16.061450
16.075250
16.092725
16.105650
16.118175
16.130725
16.156350
16.165225
16.195725
16.215125
16.230275
16.237975
16.257000
16.287150
16.298575
16.318200
16.372550
16.394900
16.423300
16.455050
16.475600
16.496850
16.513650
16.533975
16.549975
16.565475
16.582175
16.600350
16.656325
16.691350
16.715275
16.743675
16.776250
16.847400
16.864525
16.895275
16.914175
16.925525
16.975775
17.043675
17.077450
17.108350
17.123650
17.138650
17.152075
17.173800
17.187175
17.221375
17.287275
17.318650
17.330800
17.357800
17.371000
17.387800
17.402900
17.434850
17.470550
17.503600
17.519150
17.558400
17.573550
17.586150
17.606175
17.626125
17.647625
17.675000
17.696325
17.723100
17.764725
17.782100
17.812300
17.847425
17.889750
17.926700
17.952775
17.964825
17.977725
17.993500
18.009575
18.030075
18.049850
18.093550
18.108825
18.122675
18.133550
18.146275
18.158200
18.175175
18.191325
18.223475
18.245825
18.312625
18.331050
18.391975
18.421350
18.441650
18.466525
18.505900
18.521050
18.537050
18.558625
18.574475
18.589950
18.613925
18.645950
18.696150
18.788100
18.862550
18.874725
18.886825
18.904225
18.927550
18.954175
19.021150
19.051125
19.107625
19.156575
19.180125
19.202500
19.246500
19.282450
19.327175
19.341900
19.363650
19.389650
19.404675
19.422525
19.461150
19.479150
19.550050
19.592175
19.626375
19.729250
19.772625
19.796150
19.813125
19.823975
19.836075
19.849025
19.871775
19.886625
19.907775
19.937275
19.957975
19.972775
19.988650
20.097400
20.185750
20.201975
20.214075
20.232175
20.253150
20.264450
20.279700
20.292625
20.306400
20.337600
20.363225
20.426500
20.457900
20.523325
20.563975
20.607175
20.620950
20.640625
20.649950
20.670250
20.704925
20.718175
20.738375
20.755450
20.767500
20.782975
20.802975
20.817550
20.838025
20.856925
20.881375
20.907825
21.004250
21.052175
21.094400
21.128725
21.145975
21.164025
21.186525
21.195525
21.209550
21.232625
21.250525
21.268325
21.288475
21.316275
21.383025
21.435325
21.453075
21.488425
21.521050
21.559750
21.584175
21.602700
21.611550
21.630925
21.644475
21.659750
21.684350
21.720925
21.741075
21.768875
21.788125
21.807225
21.835175
21.865025
21.912375
22.003425
22.034150
22.066525
22.086225
22.100800
22.115250
22.128900
22.161425
22.187975
22.202725
22.214975
22.231150
22.248575
22.289375
22.309225
22.338475
22.364150
22.374275
22.413375
22.440300
22.466100
22.490950
22.547625
22.613375
22.621450
22.634625
22.648025
22.665100
22.708625
22.737525
22.755725
22.787675
22.829550
22.908050
22.930425
22.944375
23.017200
23.064475
23.112325
23.153000
23.173325
23.225850
23.238350
23.262525
23.288600
23.339300
23.363600
23.379100
23.398250
23.441400
23.458350
23.486100
23.507725
23.528050
23.548500
23.572700
23.580550
23.618350
23.637200
23.668375
23.690650
23.706350
23.736275
23.750575
23.766150
23.782875
23.797275
23.814475
23.836275
23.856025
23.882325
23.925375
24.036250
24.084875
24.108800
24.124850
24.144300
24.162200
24.188425
24.209375
24.224350
24.246175
24.261175
24.292200
24.316025
24.364750
24.402150
24.471500
24.513775
24.536750
24.548275
24.571400
24.588150
24.612275
24.629750
24.640125
24.653150
24.670700
24.690675
24.792225
24.879000
24.893675
24.910700
24.934200
24.956950
24.980200
24.997050
25.012525
25.033500
25.056175
25.080900
25.115750
25.199850
25.238025
25.285150
25.294275
25.310100
25.327950
25.337250
25.350375
25.387800
25.428950
25.451075
25.461775
25.490425
25.506500
25.523425
25.568825
25.590275
25.615450
25.629625
25.641600
25.684300
25.732650
25.782500
25.807000
25.836650
25.858625
25.873200
25.888800
25.901925
25.917100
25.936050
25.950275
25.968700
26.010300
26.033475
26.084025
26.130825
26.158800
26.218125
26.266625
26.301275
26.328875
26.344225
26.358225
26.384650
26.396925
26.412525
26.421900
26.464075
26.484250
26.504725
26.516325
26.543375
26.569300
26.593950
26.639150
26.689625
26.731850
26.760425
26.780575
26.796100
26.836050
26.849750
26.866675
26.886925
26.903875
26.928750
26.944225
26.988900
27.008900
27.069200
27.119425
27.150225
27.193400
27.226800
27.239725
27.253750
27.272300
27.293850
27.315250
27.330575
27.358275
27.385700
27.403900
27.454500
27.561550
27.591300
27.614550
27.643775
27.667525
27.719450
27.754150
27.772200
27.790875
27.811425
27.827725
27.851625
27.882600
27.899650
27.939225
27.971825
28.046975
28.080650
28.098125
28.116900
28.132425
28.151525
28.161500
28.177000
28.195975
28.211575
28.237425
28.260450
28.277900
28.311475
28.342100
28.356725
28.373550
28.391850
28.419000
28.443425
28.552875
28.658700
28.685850
28.709025
28.735925
28.755750
28.773750
28.790050
28.817300
28.858875
28.861875
28.972450
29.018100
29.127525
29.144850
29.156375
29.171975
29.185650
29.202025
29.225950
29.255425
29.286525
29.333325
29.359175
29.379075
29.424225
29.463200
29.484800
29.520475
29.529500
29.544075
29.571000
29.586200
29.596875
29.609000
29.616300
29.644025
29.663825
29.679175
29.688600
29.713250
29.731300
29.834500
29.923275
29.963275
29.995800
