0.013875
0.032350
0.052475
0.073300
0.095725
0.113400
0.128550
0.144725
0.160825
0.179325
0.212325
0.232500
0.258575
0.287825
0.328850
0.340950
0.361150
0.378450
0.394275
0.407250
0.426575
0.441550
0.457400
0.480575
0.520625
0.545675
0.564800
0.593425
0.621975
0.684650
0.733750
0.758400
0.775450
0.792300
0.813825
0.833800
0.858350
0.878700
0.897250
0.930150
0.949050
0.971550
1.003625
1.025750
1.047575
1.073600
1.115600
1.152725
1.184325
1.199725
1.242275
1.274850
1.292525
1.318575
1.352750
1.386250
1.422600
1.454175
1.478325
1.524000
1.615525
1.664325
1.697275
1.718675
1.738175
1.756825
1.768150
1.780425
1.793000
1.802425
1.815850
1.829700
1.846600
1.865875
1.888025
1.934800
1.962150
1.980750
2.017025
2.057725
2.082700
2.104600
2.112875
2.118925
2.123125
2.130075
2.136400
2.145525
2.153150
2.160850
2.169075
2.179700
2.185150
2.193975
2.212225
2.219150
2.229100
2.241225
2.247150
2.256075
2.265075
2.275000
2.285725
2.292375
2.302425
2.311425
2.319950
2.333150
2.355550
2.371175
2.381675
2.399925
2.430550
2.448625
2.465925
2.490050
2.517725
2.571475
2.593000
2.606050
2.646375
2.672075
2.699175
2.732075
2.770725
2.804575
2.840850
2.863300
2.904025
2.929550
2.953000
2.980625
3.017275
3.043575
3.069175
3.097900
3.135075
3.165025
3.253050
3.280275
3.302775
3.326750
3.359600
3.395575
3.423825
3.446550
3.472575
3.502000
3.537950
3.569600
3.601175
3.643200
3.682225
3.722225
3.745125
3.765300
3.794975
3.836225
3.872050
3.904675
3.936525
3.988550
4.023125
4.053425
4.102675
4.122025
4.143725
4.169925
4.186600
4.220000
4.239700
4.266025
4.295500
4.325175
4.349825
4.382675
4.422450
4.444350
4.454675
4.472725
4.488175
4.496675
4.509975
4.525175
4.545875
4.558000
4.581600
4.593075
4.612625
4.628425
4.637175
4.648375
4.657500
4.666800
4.672700
4.693450
4.699500
4.708125
4.723200
4.743425
4.758700
4.777725
4.805250
4.823475
4.852250
4.903275
4.930150
4.953150
4.976925
5.017850
5.053050
5.079075
5.101050
5.124800
5.142075
5.167175
5.196325
5.227675
5.246925
5.270325
5.297550
5.325575
5.352250
5.372850
5.392050
5.434225
5.456975
5.488850
5.524550
5.552275
5.580000
5.612950
5.646975
5.680400
5.701550
5.719825
5.749050
5.766900
5.784475
5.850050
5.878950
5.908275
5.935125
5.960000
6.004325
6.029925
6.044575
6.056875
6.073150
6.090725
6.108350
6.130450
6.156225
6.176700
6.198125
6.229975
6.259000
6.312450
6.343650
6.365625
6.396575
6.430450
6.456225
6.496150
6.520825
6.547900
6.576450
6.587975
6.595775
6.602025
6.608850
6.624775
6.633700
6.646975
6.657675
6.669475
6.679550
6.688075
6.700375
6.716900
6.729175
6.742200
6.774550
6.792000
6.806575
6.821850
6.828625
6.835175
6.840800
6.854750
6.862650
6.874975
6.883700
6.892950
6.901025
6.911550
6.923525
6.942250
6.952500
6.969350
6.981175
6.990475
7.001225
7.009350
7.019525
7.031325
7.043750
7.051450
7.061275
7.069000
7.078550
7.094475
7.106975
7.123025
7.143275
7.160400
7.177125
7.192950
7.219850
7.245375
7.261125
7.277975
7.307425
7.338625
7.364050
7.394050
7.408175
7.418050
7.426075
7.436575
7.447350
7.459750
7.470950
7.481575
7.502550
7.525650
7.545100
7.565000
7.583500
7.608150
7.634525
7.659850
7.685950
7.698775
7.711100
7.715950
7.723850
7.735975
7.742200
7.749800
7.756350
7.763025
7.773900
7.801625
7.810225
7.815500
7.830150
7.837750
7.841900
7.850450
7.863550
7.870450
7.879650
7.886175
7.894275
7.912200
7.923350
7.930775
7.937375
7.944125
7.961800
7.978400
7.983875
7.991750
7.998925
8.008725
8.013925
8.024100
8.033500
8.043750
8.059525
8.065175
8.073250
8.081450
8.090575
8.096725
8.108125
8.117450
8.128225
8.158875
8.172875
8.188075
8.200575
8.237200
8.249850
8.270625
8.285900
8.307750
8.326400
8.370950
8.388675
8.408550
8.424300
8.438600
8.446800
8.455250
8.462575
8.470325
8.474325
8.479625
8.488425
8.493975
8.501300
8.510750
8.528475
8.549600
8.557025
8.565525
8.573775
8.592725
8.602075
8.614725
8.621750
8.629175
8.647600
8.663450
8.672825
8.680550
8.696200
8.710075
8.715750
8.721400
8.728850
8.734775
8.748075
8.752450
8.759725
8.773050
8.789975
8.800900
8.811250
8.835925
8.855250
8.872075
8.883750
8.892450
8.899675
8.909525
8.919225
8.931575
8.949525
8.964075
8.973525
8.988875
9.001700
9.022950
9.041200
9.058575
9.079925
9.096550
9.118350
9.131450
9.139225
9.145300
9.151025
9.155575
9.161900
9.166900
9.189200
9.197450
9.208300
9.216425
9.224450
9.240900
9.248575
9.254250
9.261800
9.280925
9.290150
9.298700
9.305950
9.317075
9.326800
9.340775
9.349050
9.368625
9.388375
9.404625
9.419375
9.428950
9.441300
9.451750
9.462650
9.479200
9.494300
9.499950
9.508200
9.520600
9.527825
9.538900
9.546550
9.552975
9.561150
9.568925
9.581125
9.602900
9.609725
9.621800
9.631150
9.645025
9.664350
9.680550
9.691750
9.711375
9.745175
9.758575
9.775775
9.795175
9.814400
9.831200
9.851300
9.882200
9.918900
9.939875
9.978025
10.009225
10.048125
10.064550
10.085775
10.129050
10.153075
10.171175
10.201950
10.216375
10.261050
10.289125
10.318425
10.360550
10.385275
10.408625
10.431425
10.455250
10.478200
10.507900
10.535350
10.562325
10.587775
10.611600
10.632325
10.657500
10.678825
10.695000
10.711125
10.739025
10.760700
10.781850
10.815500
10.826225
10.834625
10.845300
10.855650
10.863475
10.875750
10.885225
10.896675
10.910500
10.921025
10.932750
10.944175
10.967775
10.979275
10.990025
11.002100
11.019225
11.034425
11.053675
11.068700
11.082725
11.098450
11.114225
11.125325
11.140575
11.156850
11.176225
11.194475
11.221950
11.237550
11.250300
11.272225
11.302975
11.325700
11.354600
11.381125
11.404675
11.424625
11.446875
11.475850
11.499750
11.525325
11.549225
11.568425
11.593250
11.614100
11.635400
11.659475
11.679700
11.701575
11.727875
11.759075
11.786375
11.830625
11.858175
11.882850
11.903300
11.928650
11.958350
11.983525
12.008200
12.042000
12.070500
12.096800
12.127150
12.158875
12.185025
12.214925
12.245850
12.304825
12.354075
12.381900
12.401050
12.422450
12.438300
12.471700
12.488525
12.512125
12.536425
12.557025
12.586075
12.602675
12.628775
12.650425
12.674700
12.702825
12.736050
12.763675
12.786550
12.813975
12.831950
12.862450
12.886225
12.909775
12.934575
12.962925
12.987275
13.012525
13.034500
13.073750
13.104650
13.129250
13.175475
13.197100
13.240475
13.267425
13.289775
13.314450
13.332875
13.355125
13.385350
13.422800
13.472400
13.493400
13.526400
13.557900
13.590750
13.614275
13.632750
13.658425
13.685950
13.720275
13.743425
13.776350
13.798325
13.825625
13.857575
13.881500
13.915175
13.939350
13.973825
13.999525
14.013575
14.032500
14.052325
14.071500
14.097150
14.120275
14.140200
14.161900
14.182800
14.205775
14.265450
14.296700
14.318825
14.389925
14.408525
14.480550
14.512300
14.561675
14.585350
14.604025
14.634850
14.652425
14.681325
14.712925
14.733200
14.767450
14.797075
14.828350
14.867325
14.888150
14.909775
14.941125
14.969250
14.995975
15.023250
15.055775
15.088325
15.113350
15.146550
15.185250
15.214100
15.254850
15.275925
15.299950
15.331125
15.367400
15.393750
15.423175
15.452250
15.490075
15.514900
15.545325
15.572025
15.597375
15.644425
15.677575
15.733525
15.770675
15.799400
15.821625
15.851100
15.880125
15.905200
15.929275
15.957175
15.996375
16.024000
16.054375
16.086375
16.128825
16.152475
16.191100
16.220350
16.254400
16.286750
16.310500
16.341350
16.366300
16.388800
16.405650
16.414450
16.421425
16.430025
16.439125
16.450150
16.460875
16.473475
16.482250
16.488925
16.499500
16.508125
16.517300
16.523675
16.538050
16.550375
16.558575
16.568350
16.577975
16.606400
16.622125
16.642525
16.658500
16.676550
16.763350
16.789700
16.817625
16.834975
16.870650
16.898175
16.921800
16.948975
16.973775
17.007950
17.049600
17.071075
17.097500
17.139150
17.170025
17.203325
17.239450
17.275525
17.306925
17.348475
17.379275
17.416225
17.439125
17.463175
17.488750
17.526150
17.560600
17.594850
17.631275
17.663800
17.697725
17.725400
17.753650
17.778325
17.800225
17.825450
17.844850
17.871800
17.898400
17.922600
17.981475
18.008450
18.051000
18.090525
18.121000
18.139725
18.156775
18.181825
18.216100
18.243850
18.279025
18.325075
18.356875
18.395025
18.426250
18.444725
18.472475
18.491550
18.519400
18.538350
18.575475
18.605950
18.635200
18.665575
18.698200
18.736800
18.778950
18.811450
18.839900
18.872250
18.898075
18.929400
18.959275
18.977900
19.006900
19.036925
19.060050
19.101575
19.130600
19.165700
19.199925
19.226575
19.241725
19.258375
19.280000
19.301500
19.317125
19.337125
19.369325
19.396800
19.422875
19.443050
19.481475
19.512325
19.541875
19.578075
19.596475
19.617875
19.638675
19.652650
19.668725
19.678200
19.699325
19.712700
19.724025
19.735425
19.746750
19.755775
19.766650
19.799425
19.813725
19.833950
19.851425
19.869325
19.892875
19.911150
19.937425
19.970925
19.990025
20.023600
20.045125
20.093625
20.123900
20.149350
20.168600
20.186025
20.204550
20.225525
20.242975
20.267950
20.290675
20.321600
20.341700
20.366300
20.392700
20.430125
20.459700
20.484950
20.510700
20.537000
20.563725
20.591600
20.616725
20.638225
20.656500
20.667775
20.674625
20.685475
20.699450
20.707625
20.712775
20.718500
20.724400
20.730775
20.736525
20.741825
20.750800
20.758925
20.764100
20.771450
20.785725
20.799675
20.806075
20.815325
20.824925
20.832300
20.841925
20.846600
20.863850
20.872425
20.885550
20.892650
20.905875
20.912725
20.921550
20.928675
20.934650
20.949800
20.959550
20.967900
20.975150
20.986325
20.993900
21.001425
21.013350
21.021550
21.030425
21.038950
21.056550
21.094425
21.115150
21.125700
21.139450
21.154050
21.174000
21.187825
21.211100
21.234900
21.260525
21.292325
21.311675
21.331075
21.357425
21.382225
21.411150
21.428175
21.441775
21.452650
21.467775
21.483825
21.500700
21.540525
21.556075
21.580375
21.594800
21.613375
21.633200
21.653700
21.682150
21.701575
21.726750
21.747775
21.768075
21.789825
21.819075
21.842850
21.876725
21.908375
21.942325
21.972600
21.997025
22.015350
22.032000
22.080825
22.121925
22.168225
22.192875
22.216500
22.228200
22.235725
22.242800
22.249200
22.255150
22.260200
22.266225
22.273200
22.282175
22.289950
22.296600
22.305275
22.311350
22.328700
22.343225
22.365450
22.375150
22.384525
22.393100
22.404200
22.412975
22.423050
22.432550
22.445500
22.457250
22.470950
22.488225
22.522325
22.545125
22.564350
22.586650
22.605800
22.621900
22.643250
22.663775
22.692650
22.771975
22.788275
22.808250
22.822050
22.837500
22.853350
22.887925
22.905450
22.927675
22.953125
22.975225
23.003250
23.035575
23.069075
23.094950
23.160425
23.178900
23.191575
23.205625
23.224775
23.247100
23.284750
23.303175
23.326900
23.357775
23.381400
23.406925
23.423375
23.435000
23.443825
23.459775
23.471425
23.482050
23.496175
23.518300
23.537650
23.557825
23.591275
23.610200
23.631350
23.664400
23.693750
23.734275
23.776775
23.832275
23.865300
23.892975
23.942850
23.973000
24.013325
24.042675
24.088950
24.118125
24.159075
24.193675
24.220375
24.245500
24.291275
24.316550
24.354875
24.378100
24.404775
24.421000
24.435800
24.449250
24.460600
24.470125
24.480525
24.490825
24.502375
24.513800
24.527300
24.543575
24.563150
24.588900
24.611075
24.666825
24.681900
24.711775
24.780025
24.803475
24.831625
24.858450
24.890100
24.927600
24.982150
25.023750
25.050325
25.080650
25.108700
25.147875
25.183975
25.217450
25.250425
25.314450
25.350925
25.376075
25.408200
25.439950
25.469500
25.538525
25.565825
25.590700
25.601025
25.610350
25.617900
25.623200
25.628650
25.637125
25.644700
25.653700
25.661675
25.669925
25.675650
25.681825
25.698475
25.710800
25.719675
25.727275
25.761800
25.768075
25.782025
25.794900
25.837125
25.856600
25.872825
25.899650
25.957575
25.977525
26.004950
26.034050
26.071250
26.104350
26.126125
26.139575
26.150800
26.169450
26.190750
26.209325
26.225525
26.241100
26.265275
26.302925
26.325825
26.348950
26.370100
26.402475
26.428650
26.467925
26.547700
26.563950
26.599250
26.614325
26.626275
26.641925
26.660450
26.674025
26.690150
26.705625
26.720225
26.749475
26.764125
26.782950
26.808750
26.865975
26.900050
26.929825
26.965250
26.992400
27.017025
27.039925
27.066675
27.083200
27.101450
27.121575
27.140225
27.164300
27.200400
27.222850
27.258375
27.297400
27.324425
27.360825
27.379175
27.402825
27.425575
27.448200
27.465075
27.486600
27.510825
27.525000
27.566450
27.591550
27.615225
27.714925
27.730150
27.775750
27.805325
27.828150
27.854125
27.879825
27.907075
27.940650
27.975000
28.000900
28.035325
28.069975
28.100850
28.136000
28.184550
28.221400
28.243600
28.276000
28.303125
28.331325
28.360900
28.406475
28.433050
28.466650
28.495950
28.527550
28.560775
28.600950
28.648925
28.671200
28.703550
28.728275
28.752700
28.777800
28.842250
28.869825
28.893850
28.925050
28.945775
28.976475
29.005925
29.073800
29.097625
29.124225
29.151775
29.190650
29.223525
29.250700
29.280425
29.301300
29.326350
29.351700
29.389525
29.418150
29.443725
29.483900
29.514375
29.540325
29.555975
29.578600
29.607325
29.621675
29.637925
29.661150
29.679725
29.702700
29.776250
29.806075
29.850475
29.876000
29.897550
29.927025
29.956000
29.989375
