0.048425
0.098050
0.110775
0.120575
0.155375
0.170300
0.323000
0.335175
0.352050
0.419125
0.470475
0.482200
0.492125
0.527875
0.634100
0.672850
0.689800
0.729950
0.764575
0.787650
0.806125
0.812725
0.824375
0.840400
0.878750
0.884775
0.893450
0.923125
0.951100
0.962925
0.969300
1.010975
1.016550
1.052175
1.068900
1.098800
1.104325
1.120650
1.138025
1.197425
1.211375
1.297375
1.317675
1.343700
1.395100
1.488050
1.501075
1.594475
1.610700
1.625425
1.640800
1.710825
1.722675
1.737650
1.765450
1.809650
1.875475
1.913950
1.920000
1.954175
1.967900
2.046525
2.081850
2.120225
2.134400
2.144800
2.164275
2.187250
2.257950
2.292900
2.338825
2.342750
2.351675
2.367375
2.408050
2.423075
2.451900
2.463025
2.470100
2.487275
2.511150
2.572150
2.592025
2.701175
2.745325
2.768075
2.773450
2.784950
2.804075
2.808300
2.812775
2.834000
2.839400
2.850425
2.912850
2.950750
2.974400
2.996475
3.037550
3.054300
3.121125
3.131525
3.163675
3.178975
3.203675
3.234100
3.239575
3.277625
3.284500
3.292575
3.302425
3.313050
3.339625
3.375750
3.398825
3.410850
3.443000
3.461900
3.496175
3.539400
3.580700
3.595300
3.603650
3.665800
3.701200
3.726975
3.743225
3.799200
3.832225
3.856250
3.892550
3.909800
3.928875
3.939700
3.943875
4.072825
4.091325
4.121725
4.130475
4.157450
4.168125
4.190225
4.219075
4.237125
4.251725
4.278925
4.319050
4.340275
4.391325
4.416225
4.453900
4.469300
4.482975
4.508325
4.525725
4.542950
4.578875
4.629550
4.641175
4.650450
4.716700
4.812350
4.847450
4.911500
4.929300
4.999275
5.021875
5.076025
5.178650
5.219650
5.279900
5.291025
5.375650
5.409725
5.431625
5.448575
5.481525
5.498525
5.511550
5.540825
5.559250
5.570600
5.578200
5.617825
5.627725
5.656700
5.669100
5.713125
5.743975
5.766150
5.789150
5.830650
5.851000
5.869300
5.901700
5.924125
5.933200
5.939550
5.945125
5.975325
5.992950
5.999475
6.030200
6.071625
6.090600
6.115100
6.149450
6.161250
6.174100
6.180425
6.184250
6.196900
6.202250
6.219325
6.250050
6.313675
6.330850
6.352925
6.377175
6.395400
6.435175
6.449975
6.477075
6.490225
6.549525
6.611475
6.622175
6.651875
6.667200
6.699025
6.715300
6.731525
6.760325
6.776825
6.815650
6.861150
6.894025
6.909600
6.949275
7.009450
7.174275
7.181475
7.199950
7.207100
7.288400
7.300650
7.354000
7.366450
7.383125
7.451700
7.470175
7.480100
7.510950
7.550075
7.579850
7.616775
7.629275
7.659625
7.734375
7.762400
7.766600
7.787900
7.993225
8.014650
8.023650
8.037225
8.116900
8.298525
8.312300
8.345300
8.363575
8.377550
8.413475
8.435225
8.489525
8.508150
8.568300
8.584050
8.638250
8.661150
8.668875
8.682025
8.716725
8.727125
8.731375
8.788025
8.797925
8.801675
8.827525
8.875175
8.896825
8.959050
9.088875
9.122900
9.143150
9.164875
9.208225
9.256750
9.328375
9.408750
9.446100
9.458375
9.479425
9.517825
9.538900
9.562700
9.577200
9.597700
9.648700
9.683200
9.711125
9.781425
9.785650
9.838225
10.152775
10.167575
10.194000
10.232200
10.288600
10.308075
10.321900
10.329675
10.487150
10.559575
10.612000
10.669625
10.724525
10.758775
10.777625
10.788700
10.833975
10.875775
10.906425
10.985875
11.061275
11.100800
11.111950
11.157225
11.184325
11.212400
11.229450
11.284925
11.303400
11.326325
11.352850
11.369375
11.417925
11.435200
11.442350
11.450800
11.466650
11.495175
11.534125
11.779700
11.790350
11.842075
11.851400
11.880925
11.930350
11.954750
11.990975
12.031775
12.062550
12.084450
12.136975
12.188625
12.243725
12.269525
12.292625
12.305700
12.373725
12.386800
12.398800
12.406825
12.429150
12.439150
12.492625
12.500275
12.533775
12.606550
12.660225
12.686125
12.699850
12.726525
12.738800
12.766975
12.775625
12.788125
12.809475
12.824775
12.839475
12.868425
12.914300
12.921500
12.928300
12.945200
12.977100
13.022150
13.172475
13.190275
13.227400
13.249800
13.296475
13.311550
13.376000
13.392575
13.404450
13.416550
13.436050
13.458350
13.484625
13.520300
13.582050
13.603175
13.629875
13.642650
13.669525
13.690100
13.735450
13.757225
13.782025
13.813425
13.883600
13.927650
13.934575
13.944850
13.992225
14.023075
14.026650
14.040475
14.144675
14.199975
14.213550
14.215500
14.225875
14.237125
14.277350
14.293400
14.337500
14.375325
14.419800
14.440475
14.462000
14.497975
14.523350
14.535950
14.553550
14.570300
14.605800
14.667250
14.712900
14.740000
14.758725
14.775050
14.793975
14.843400
14.875875
14.889100
14.912600
14.926975
14.935075
14.952575
14.965575
15.039775
15.054175
15.087525
15.144800
15.178725
15.181075
15.223475
15.227225
15.231150
15.281050
15.289900
15.354700
15.403200
15.418575
15.461875
15.571275
15.590000
15.637250
15.650575
15.733475
15.746750
15.764200
15.786825
15.812950
15.826300
15.854675
15.869275
15.909900
15.915950
15.974125
16.095875
16.127225
16.169525
16.183675
16.207725
16.215825
16.227525
16.242850
16.255475
16.297450
16.309375
16.320375
16.416075
16.441850
16.463200
16.480425
16.495700
16.516400
16.599775
16.632375
16.641150
16.656925
16.692450
16.759250
16.770125
16.780200
16.799075
16.862525
16.906575
16.942500
16.986400
17.000000
17.008400
17.019075
17.033950
17.044050
17.085100
17.189725
17.202175
17.225200
17.234425
17.257250
17.276075
17.286450
17.316300
17.326000
17.382950
17.389400
17.502350
17.554050
17.644500
17.667300
17.688225
17.707150
17.752300
17.782825
17.813550
17.836075
17.846750
18.061525
18.070900
18.082225
18.121150
18.140000
18.195650
18.216675
18.229350
18.263175
18.306175
18.379025
18.398275
18.428475
18.447575
18.465175
18.475450
18.494325
18.543475
18.578150
18.588225
18.609450
18.700925
18.731825
18.752875
18.788950
18.943975
19.004200
19.020500
19.035650
19.072900
19.181750
19.295125
19.433875
19.438275
19.447450
19.459650
19.491050
19.500900
19.506900
19.538800
19.543800
19.602975
19.613075
19.626275
19.637600
19.682525
19.713550
19.734550
19.752675
19.763850
19.788550
19.797650
19.809150
19.824100
19.841850
19.973800
20.020225
20.058350
20.097875
20.114950
20.136925
20.151075
20.194950
20.221175
20.227200
20.267775
20.299675
20.317350
20.335875
20.379275
20.397475
20.575725
20.613900
20.633125
20.697525
20.737725
20.751275
20.797725
20.831300
20.863325
20.871475
20.906275
20.929425
20.949025
20.958025
20.999200
21.037875
21.071150
21.082375
21.210625
21.235300
21.258725
21.270725
21.290950
21.314275
21.330450
21.342625
21.356125
21.384250
21.432975
21.448900
21.475375
21.484325
21.522075
21.585350
21.596500
21.603725
21.633975
21.698275
21.708325
21.764625
21.777075
21.812225
21.820975
21.859375
21.915600
21.950575
22.040000
22.073275
22.199375
22.259200
22.306950
22.319225
22.338400
22.373875
22.393400
22.410325
22.425200
22.458025
22.466825
22.473600
22.489000
22.534325
22.544600
22.560225
22.619800
22.640700
22.678625
22.725325
22.732850
22.739700
22.775050
22.780575
22.833025
22.904900
22.913050
22.920725
22.960550
23.034100
23.065250
23.188400
23.211275
23.219225
23.245725
23.257825
23.308375
23.346800
23.354900
23.403675
23.451300
23.485225
23.539275
23.617950
23.650375
23.674075
23.775700
23.783675
23.793425
23.798025
23.807700
23.814075
23.844300
23.882600
23.908275
23.929575
23.970575
23.977375
24.004600
24.034500
24.084950
24.115750
24.207500
24.234100
24.244825
24.251200
24.256125
24.273675
24.303775
24.312025
24.318300
24.336650
24.369850
24.454675
24.465700
24.529725
24.561050
24.592225
24.672200
24.749075
24.766100
24.781275
24.796925
24.809475
24.872175
24.930750
24.972250
25.005775
25.033525
25.245550
25.256400
25.299325
25.308500
25.422150
25.505225
25.587075
25.647200
25.676775
25.705825
25.731300
25.779650
25.908900
25.979600
26.260300
26.311700
26.362700
26.407250
26.422675
26.428400
26.433550
26.447175
26.467800
26.508625
26.514925
26.538375
26.543600
26.578975
26.607600
26.647150
26.705700
26.728000
26.731075
26.746300
26.752100
26.768125
26.774550
26.779575
26.783475
26.786850
26.792100
26.798425
26.825600
26.828250
26.893550
26.907825
27.032825
27.155700
27.160875
27.168800
27.173250
27.182475
27.186025
27.193950
27.197625
27.215625
27.230175
27.269300
27.307925
27.313700
27.324600
27.329400
27.335075
27.339825
27.352425
27.357725
27.360325
27.366300
27.405025
27.435650
27.482325
27.489450
27.628050
27.653000
27.679000
27.724175
27.790125
27.797875
27.828650
27.856775
27.887825
27.920650
27.943025
27.956325
28.000225
28.019925
28.039450
28.074550
28.084925
28.154225
28.255725
28.289725
28.312850
28.344175
28.585575
28.621100
28.657150
28.743825
28.760300
28.796100
28.852825
29.007625
29.080175
29.249975
29.278500
29.295425
29.351625
29.425950
29.463500
29.496500
29.509825
29.542775
29.620975
29.651900
29.687875
29.703300
29.715250
29.730500
29.735450
29.744050
29.753650
29.757925
29.801550
29.806300
29.825025
29.826925
29.875050
29.885850
29.905850
29.939725
29.954175
29.967325
29.985350
