0.107975
0.248950
0.257175
0.540875
0.579325
0.671125
0.784275
0.886600
1.027575
1.102200
1.112525
1.138625
1.282850
1.310475
1.560750
1.638100
1.694650
1.723000
1.794300
1.873625
1.938675
2.000900
2.044500
2.081850
2.468900
2.501500
2.688525
2.731275
2.796650
3.293650
3.326525
3.334775
3.438975
3.464050
3.528500
3.585650
3.615325
3.804550
3.853250
4.075325
4.112975
4.138325
4.147775
4.323750
4.371900
4.440850
4.692000
4.865650
4.931200
4.941775
4.947625
4.953875
4.965775
4.989275
5.006400
5.022900
5.062300
5.107750
5.134775
5.326400
5.450725
5.540925
5.684375
5.742050
5.804225
5.971450
5.988225
6.073925
6.090550
6.099725
6.427650
6.533725
6.655025
6.669950
6.877875
6.900450
6.930650
7.004300
7.142725
7.251275
7.264200
7.318300
7.325300
7.409475
7.424850
7.606125
7.709050
7.767225
7.809650
7.821400
7.856250
8.222575
8.507850
8.545125
8.552250
8.701525
8.794700
8.863425
9.173150
9.236375
9.429425
9.457225
9.470700
9.553000
9.647575
9.803350
9.908450
9.928550
9.950525
10.355750
10.380450
10.391525
10.477625
10.546275
10.702025
10.724175
10.847400
10.913325
10.941825
11.073175
11.121400
11.141750
11.217400
11.279175
11.488050
11.521725
11.547575
11.557575
11.594425
11.673400
11.724450
11.866400
11.984075
12.020450
12.044775
12.051750
12.386425
12.411975
12.423425
12.566000
12.684000
12.701400
12.993150
13.066375
13.117475
13.224275
13.253875
13.316400
13.427900
13.491125
13.729825
13.856775
13.879650
14.036425
14.066100
14.216925
14.424775
14.588650
15.015975
15.094775
15.110950
15.117475
15.318150
15.414375
15.559400
15.775575
15.886500
15.932300
15.939500
15.957000
15.979875
16.141950
16.224925
16.273725
16.285200
16.300000
16.484950
16.559100
16.578350
16.601000
16.785075
16.903550
16.951350
16.955900
17.024575
17.059175
17.094550
17.118450
17.171575
17.265225
17.316350
17.354775
17.406475
17.467700
17.477875
17.673875
17.743275
17.997425
18.115750
18.123000
18.355250
18.549050
18.576925
18.820700
18.998050
19.045875
19.073950
19.100800
19.119400
19.219225
19.297325
19.337175
19.376450
19.380050
19.654600
19.789050
19.836900
19.846275
19.948075
20.035275
20.102225
20.598425
20.737625
20.775800
20.820950
20.862325
20.868600
20.935950
21.021025
21.212775
21.280550
21.296450
21.408150
21.492775
21.518025
21.551450
21.557175
21.792100
21.956850
21.990550
22.154075
22.328000
22.412000
22.449025
22.528300
22.847725
22.858875
22.963875
23.016150
23.056200
23.104050
23.295375
23.531725
23.580025
23.719125
24.092725
24.135975
24.152700
24.342925
24.478850
24.500300
24.513050
24.993725
25.083900
25.140200
25.289475
25.324825
25.337700
25.540850
25.581100
25.616775
25.784250
25.818675
25.845525
25.861625
25.884775
26.273100
26.377250
26.416275
26.458375
26.578125
26.855325
27.057850
27.287150
27.321075
27.358625
27.449500
27.578625
27.697675
27.881175
27.923275
27.938250
28.042425
28.180000
28.317525
28.356475
28.602625
28.622850
28.642050
28.647875
28.708700
28.991450
29.056425
29.059200
29.092375
29.188800
29.263650
29.270625
29.564950
29.602975
29.618525
29.840425
29.927850
