0.003600
0.047050
0.059250
0.076975
0.087725
0.092350
0.116200
0.142825
0.170675
0.173950
0.196925
0.369150
0.430100
0.445375
0.460075
0.470475
0.498350
0.506550
0.540425
0.603550
0.620875
0.630575
0.712525
0.727525
0.764250
0.833550
0.918525
0.981625
0.992725
1.030725
1.042800
1.108750
1.125350
1.209825
1.238200
1.246700
1.279675
1.290525
1.339725
1.374900
1.390950
1.422425
1.435975
1.478850
1.492600
1.547400
1.566425
1.632400
1.646600
1.677700
1.697850
1.806600
1.840450
1.887200
1.946800
2.073050
2.170150
2.212300
2.247800
2.276925
2.313100
2.332425
2.373225
2.467475
2.506975
2.527700
2.545450
2.623350
2.677025
2.703200
2.767625
2.928100
2.949025
2.997875
3.053125
3.095875
3.110375
3.253675
3.299250
3.333850
3.344300
3.387650
3.421725
3.443450
3.461075
3.465925
3.492000
3.543800
3.566025
3.575750
3.614300
3.623175
3.637675
3.666875
3.675100
3.705675
3.710225
3.812700
3.886575
3.918400
3.939925
3.961225
3.990850
4.020800
4.043525
4.052050
4.088750
4.130475
4.157450
4.171375
4.177650
4.236725
4.261450
4.317250
4.354675
4.370625
4.429250
4.480225
4.510725
4.520275
4.527025
4.549475
4.572800
4.577675
4.642725
4.664825
4.708600
4.840850
4.860725
4.891800
4.952000
5.088175
5.162400
5.173725
5.270600
5.305350
5.389700
5.690925
5.706850
5.722300
5.735800
5.757950
5.771475
5.780425
5.970900
6.005825
6.023300
6.100450
6.132075
6.160700
6.170650
6.402175
6.428525
6.563550
6.636975
6.650375
6.657000
6.695250
6.710350
6.724825
6.756900
6.774050
6.815250
6.866425
6.925350
6.948700
6.992800
7.023175
7.045325
7.051300
7.346525
7.362425
7.389075
7.424825
7.444050
7.520825
7.675850
7.695325
7.716175
7.744075
7.845300
7.884925
7.899400
7.911625
7.920300
7.951325
7.964450
8.021275
8.053500
8.075150
8.130675
8.164450
8.269700
8.336525
8.352150
8.387050
8.429175
8.442475
8.466975
8.517650
8.549600
8.580000
8.645125
8.696425
8.720750
8.849375
8.934100
9.116475
9.225725
9.243600
9.264050
9.285525
9.304725
9.330550
9.343200
9.351950
9.384700
9.397525
9.418575
9.464900
9.551575
9.596325
9.664675
9.697000
9.749725
9.794400
9.824150
9.832825
9.903850
10.042550
10.060025
10.088000
10.123350
10.358050
10.414600
10.431250
10.444525
10.454500
10.465425
10.518525
10.575900
10.588750
10.611850
10.672425
10.731075
10.845800
10.976250
11.013600
11.077275
11.128825
11.148400
11.167650
11.206300
11.328000
11.443150
11.477025
11.489675
11.576075
11.646450
11.719450
11.758850
11.848925
11.866100
11.915450
11.945450
11.973500
11.989750
12.047950
12.101525
12.131300
12.180250
12.267375
12.299775
12.322450
12.399050
12.422050
12.463100
12.529300
12.559350
12.594050
12.608150
12.734000
12.796300
12.883500
12.890550
12.935750
12.972375
13.061550
13.114300
13.132000
13.145925
13.304375
13.341025
13.368025
13.392500
13.403400
13.450150
13.479550
13.537375
13.577325
13.590500
13.600850
13.623850
13.670850
13.701625
13.728150
13.749250
13.759475
13.851275
13.921000
13.997600
14.051000
14.064950
14.100025
14.109675
14.179300
14.233850
14.254425
14.285150
14.482125
14.522175
14.531950
14.543850
14.560350
14.565825
14.577525
14.587975
14.624350
14.661050
14.706225
14.753850
14.792250
14.812925
14.830200
14.854825
14.941700
15.004300
15.037400
15.059725
15.073725
15.100300
15.155150
15.172600
15.224825
15.255350
15.316375
15.442875
15.472400
15.487475
15.522675
15.552550
15.588075
15.596700
15.692050
15.714175
15.740175
15.763850
15.780650
15.840350
15.876225
15.893575
15.923425
15.973750
15.992000
16.019125
16.042300
16.046275
16.084200
16.104425
16.139525
16.189975
16.210775
16.224650
16.254450
16.272875
16.297975
16.369700
16.424850
16.494400
16.529800
16.551150
16.587700
16.610825
16.642975
16.659025
16.701200
16.710050
16.742950
16.759850
16.773975
16.807700
16.867875
16.945275
16.988375
17.019450
17.105225
17.175550
17.213750
17.337875
17.350650
17.355400
17.372550
17.458950
17.533275
17.552125
17.578525
17.666550
17.687325
17.738800
17.799825
17.842225
17.868750
17.894475
17.903350
17.913700
17.946725
17.997050
18.025750
18.041825
18.141900
18.152250
18.184050
18.221075
18.305000
18.363200
18.440475
18.459825
18.497250
18.509625
18.539750
18.609500
18.667425
18.691775
18.702225
18.712925
18.777825
18.831225
18.853775
18.907625
19.024050
19.102300
19.134175
19.148675
19.187350
19.207075
19.219725
19.287125
19.323825
19.352075
19.431550
19.450975
19.472525
19.487225
19.508475
19.530850
19.597750
19.662875
19.670850
19.691625
19.702925
19.712100
19.724925
19.739450
19.744525
19.834300
19.849025
19.867525
19.944250
19.965700
19.995400
20.050900
20.073150
20.091800
20.127625
20.143425
20.173900
20.188050
20.194200
20.222475
20.229450
20.234150
20.250100
20.279600
20.294050
20.322050
20.331775
20.389425
20.554325
20.627325
20.691450
20.702825
20.717875
20.761400
20.854950
21.158325
21.181700
21.198700
21.208900
21.218700
21.268625
21.282575
21.291150
21.317750
21.341225
21.362425
21.378225
21.397100
21.411975
21.421975
21.442025
21.455650
21.481550
21.497750
21.560250
21.596850
21.623575
21.641100
21.667025
21.695600
21.710125
21.718550
21.765825
21.801600
21.835850
21.879625
21.919850
22.039025
22.096700
22.114075
22.141925
22.159075
22.176800
22.190900
22.210750
22.255600
22.277300
22.295275
22.313675
22.335675
22.370925
22.463050
22.492425
22.535225
22.587775
22.621175
22.669300
22.690600
22.707100
22.721900
22.752100
22.777175
22.813000
22.844375
22.903400
22.940550
22.960200
23.005500
23.018575
23.026450
23.051425
23.070250
23.078825
23.105775
23.135900
23.172775
23.212075
23.224125
23.241025
23.292625
23.310900
23.332600
23.349775
23.389450
23.482475
23.529750
23.541925
23.559075
23.598050
23.616325
23.639800
23.699850
23.782650
23.816025
23.845550
23.869550
23.918475
23.943525
23.964550
23.976225
24.009825
24.060625
24.160575
24.177725
24.218650
24.320625
24.334350
24.380950
24.425950
24.449150
24.468475
24.506050
24.565000
24.607900
24.665350
24.667275
24.728550
24.751300
24.772400
24.805950
24.914925
24.931175
24.951850
25.019225
25.062325
25.079650
25.098175
25.105150
25.117500
25.141275
25.192675
25.248800
25.264350
25.370275
25.403875
25.436400
25.523400
25.539075
25.566250
25.569425
25.586500
25.591800
25.600375
25.631975
25.647400
25.671400
25.754275
25.817625
25.859875
25.919400
25.963025
25.998125
26.024975
26.080725
26.151575
26.166125
26.189375
26.205675
26.216450
26.225925
26.239575
26.353250
26.374025
26.424350
26.446150
26.563550
26.612600
26.647250
26.668150
26.705550
26.733875
26.761400
26.860750
26.912450
26.967800
27.074950
27.155650
27.167425
27.223475
27.229100
27.238575
27.247550
27.296500
27.365125
27.410450
27.441925
27.460700
27.480600
27.495525
27.515825
27.548725
27.561125
27.581275
27.634325
27.794975
27.812925
27.843175
27.866950
27.874500
27.905050
27.923375
28.020675
28.043025
28.069425
28.077675
28.085325
28.093575
28.101850
28.113350
28.121700
28.167075
28.228525
28.253025
28.277000
28.296200
28.314000
28.334850
28.366200
28.425450
28.497100
28.519725
28.540075
28.586550
28.597300
28.627050
28.639075
28.693850
28.739350
28.831900
28.851600
28.908000
28.979525
29.059075
29.068775
29.101900
29.116900
29.153200
29.188250
29.201450
29.217800
29.233750
29.246900
29.254175
29.277125
29.329750
29.419500
29.473000
29.568575
29.598125
29.611200
29.628400
29.641050
29.649900
29.674500
29.702125
29.713400
29.793450
29.873800
29.888950
29.904575
29.921050
29.936475
29.952450
29.968150
29.992575
