0.030300
0.101675
0.159675
0.294575
0.398575
0.484375
0.552200
0.635650
0.835050
0.963900
1.084950
1.133250
1.206625
1.247100
1.730625
1.790450
1.834400
1.883450
1.909950
2.192575
2.275200
2.306875
2.469775
2.549925
2.643350
2.682675
2.711975
2.743450
2.828175
2.936575
3.023025
3.305200
3.347375
3.384550
3.441750
3.544850
3.553775
3.557275
3.618850
3.642175
3.679675
3.773175
3.823375
3.882175
3.915525
3.973400
4.152450
4.209950
4.254375
4.305400
4.381425
4.486975
4.520150
4.523275
4.536425
4.569550
4.591625
4.692950
4.781950
4.879800
4.917025
4.968150
5.009700
5.018975
5.186150
5.288100
5.348150
5.391675
5.496025
5.537275
5.635775
5.816125
5.862975
5.898100
5.993750
6.036975
6.147275
6.184650
6.327025
6.329775
6.339450
6.352125
6.448675
6.492975
6.532450
6.554425
6.702875
6.789550
6.875725
6.924000
6.944150
7.051175
7.132175
7.185450
7.233950
7.305325
7.400175
7.462775
7.560900
8.015275
8.045725
8.071475
8.093600
8.140325
8.265450
8.403700
8.465150
8.507750
8.643975
8.702525
8.755875
8.816250
8.887550
8.952175
9.102525
9.159550
9.227675
9.267300
9.285150
9.476825
9.557425
9.609875
9.716525
9.757775
9.795250
9.840325
9.900475
10.148300
10.184500
10.271250
10.305150
10.327850
10.383100
10.597975
10.668500
10.737625
10.831425
10.918125
11.014200
11.151725
11.176050
11.221650
11.274975
11.326625
11.365975
11.403700
11.444250
11.530050
11.647050
11.701375
11.778825
11.918425
11.987175
12.041150
12.061425
12.063400
12.197575
12.343200
12.375500
12.558975
12.639900
12.683650
12.741050
12.796975
12.848200
12.871125
12.891300
12.955900
13.049375
13.159675
13.196200
13.230050
13.282575
13.321575
13.412425
13.489125
13.593600
13.621775
13.647925
13.710700
13.813675
13.873500
13.951300
13.996450
14.059575
14.087300
14.147725
14.301225
14.355150
14.406350
14.443925
14.572150
14.626625
14.686400
14.725675
14.834150
14.876475
14.976175
15.004775
15.065600
15.424275
15.525575
15.575550
15.594225
15.617150
15.664225
15.796550
15.923025
16.052825
16.113350
16.166900
16.228775
16.280525
16.284025
16.424050
16.566575
16.674650
16.725175
16.853525
16.943625
17.072925
17.146975
17.246325
17.287225
17.320575
17.454875
17.495150
17.544475
17.588675
17.670750
17.690050
17.728225
17.792025
17.830325
17.869050
17.942100
18.006300
18.117675
18.119750
18.194650
18.212900
18.285925
18.315450
18.364975
18.511175
18.667550
18.726625
18.758725
18.784150
18.792850
18.924175
18.983950
19.015900
19.064400
19.088650
19.198325
19.282975
19.344775
19.396150
19.458500
19.472400
19.478950
19.582600
19.633625
19.731650
19.793675
19.824075
19.827975
19.909750
20.109250
20.190700
20.207250
20.219150
20.248050
20.291025
20.454675
20.521575
20.559575
20.599875
20.650525
20.702525
20.769525
20.824200
20.877875
20.933500
21.024875
21.042200
21.148275
21.358775
21.400225
21.458575
21.478625
21.534800
21.598050
21.693675
21.819725
21.928425
21.998950
22.017375
22.242250
22.295875
22.329275
22.421175
22.556100
22.646700
22.748250
22.840050
22.919000
22.955600
22.990750
23.123875
23.174925
23.237475
23.292200
23.335500
23.414575
23.493950
23.509450
23.549625
23.609300
23.660200
23.709850
23.767750
23.928150
24.198075
24.275175
24.356775
24.482175
24.511450
24.664725
24.719925
24.774550
24.830425
24.956950
24.979075
25.144925
25.184775
25.239050
25.304050
25.326875
25.538175
25.699150
25.755125
25.842075
25.910075
25.939175
26.018350
26.047100
26.205950
26.232875
26.295325
26.366850
26.424825
26.517825
26.574725
26.597075
26.736700
26.816250
26.850225
26.872375
26.897600
26.927125
27.003550
27.087825
27.258750
27.294100
27.302275
27.311525
27.385425
27.485300
27.547500
27.653925
27.707125
27.709125
27.817350
27.944350
27.985650
28.088325
28.144575
28.271300
28.346425
28.398175
28.487025
28.526475
28.564050
28.747200
28.800100
28.850000
28.917700
28.968250
28.999950
29.027900
29.041225
29.167950
29.245125
29.351150
29.484600
29.536750
29.561850
29.600500
29.658000
29.781325
29.859425
29.990400
