0.304650
0.476100
0.961800
0.988125
1.120325
1.247775
1.891600
1.928250
2.165150
2.593100
2.662450
2.710675
3.268425
5.290725
5.409550
5.767675
6.166500
6.311650
7.030425
7.113825
7.253075
8.353475
9.054500
9.129950
9.441325
9.931900
9.989625
10.288750
10.742250
10.942450
11.137300
11.299925
12.338150
13.096550
13.398225
13.749350
14.056050
14.479900
14.717650
14.902125
15.766075
16.287750
16.494400
16.935525
17.583900
18.000400
18.305150
18.705650
19.649875
20.129050
20.236900
20.380525
20.623225
21.194525
22.552150
23.560025
24.237300
24.495375
24.565475
25.007600
25.522550
27.534050
28.161600
28.310625
28.312800
28.454000
28.983000
29.520050
29.980575
