0.106225
0.141050
0.165525
0.394250
0.458475
0.490400
0.547550
0.805050
0.828275
0.890725
0.932350
0.997425
1.030150
1.100750
1.137275
1.384100
1.448875
1.485550
1.557675
1.570325
1.628275
1.647200
1.805950
1.857050
2.025300
2.203150
2.260750
2.277825
2.320625
2.369900
2.480725
2.542100
2.556575
2.585225
2.727850
2.813275
2.858325
2.921850
2.962950
3.063125
3.180775
3.290275
3.309375
3.324650
3.582100
3.681400
3.800350
3.889175
3.929150
4.078800
4.216500
4.250100
4.263550
4.386700
4.457550
4.493225
4.593000
4.607875
4.632900
4.799550
4.821250
4.916800
5.045500
5.061175
5.169750
5.190925
5.345750
5.374775
5.431925
5.548150
5.603750
5.656950
5.721250
5.746850
5.815025
5.863000
5.881550
5.898825
6.014500
6.034450
6.079775
6.364925
6.405600
6.449125
6.563025
6.704075
6.739700
6.781525
6.897300
6.977350
7.005675
7.057025
7.121775
7.145475
7.247225
7.322750
7.339250
7.626575
7.740350
7.778400
7.852175
7.951650
7.984450
8.013800
8.288200
8.464725
8.633500
8.662025
8.699200
8.714975
8.788725
8.877200
9.006750
9.466425
9.486350
9.599750
9.631425
9.810575
9.976625
9.995525
10.056100
10.072175
10.102175
10.140050
10.165325
10.393075
10.441350
10.528100
10.617825
10.632550
10.909675
10.925475
10.987550
11.228825
11.274675
11.340750
11.437200
11.628350
11.643125
11.659050
11.925050
11.971800
12.082025
12.456275
12.477350
12.512975
12.565075
12.612575
12.870250
12.885450
12.916550
12.981250
13.218675
13.341250
13.360525
13.460100
13.488400
13.609225
13.756125
13.787100
13.845525
13.940725
13.990225
14.017450
14.140475
14.184950
14.269525
14.435200
14.458025
14.695350
14.729775
14.970725
15.158850
15.191950
15.207125
15.324375
15.412075
15.617400
15.722850
15.737900
15.783050
16.039975
16.114375
16.188050
16.236175
16.292425
16.375050
16.447550
16.528775
16.607625
16.679575
16.736875
16.775375
17.022350
17.074000
17.298825
17.546425
17.621025
17.659300
17.675475
17.691900
17.761475
17.827075
17.860725
17.878500
17.901725
17.970975
17.990425
18.114925
18.203150
18.277850
18.297075
18.336875
18.538225
18.624350
18.718000
18.803125
19.066625
19.113450
19.128800
19.455200
19.518975
19.657625
19.702850
19.719675
19.840600
19.919900
20.057375
20.152375
20.201200
20.216300
20.279900
20.297250
20.362850
20.481225
20.506025
20.523675
20.575825
20.664200
20.687750
20.821175
20.889475
21.063625
21.162525
21.191550
21.567050
21.662525
21.683300
21.759025
21.804625
21.977925
22.068825
22.559275
22.602550
22.778575
22.849250
22.955375
23.038200
23.052600
23.303175
23.557350
23.769525
23.813525
23.941275
24.050950
24.085150
24.322200
24.366850
24.484350
24.505625
24.534975
24.587300
24.615200
24.643700
24.701700
24.788850
24.810025
24.874100
24.894100
24.953500
24.978725
25.004575
25.055975
25.092150
25.330800
25.361100
25.424350
25.573100
25.620175
25.842475
25.862975
26.054175
26.079075
26.183950
26.273750
26.343800
26.409250
26.428425
26.553750
26.579350
26.709900
26.795475
26.844200
26.864000
26.942750
27.080125
27.158000
27.297700
27.325950
27.365475
27.434200
27.487900
27.548325
27.706425
27.725175
27.783975
27.800550
27.827250
27.912475
28.067350
28.144100
28.206300
28.246475
28.260775
28.786175
28.821050
28.925100
29.094875
29.230025
29.261400
29.374050
29.441075
29.547225
29.584650
29.635650
29.657800
29.694650
29.715900
29.920250
29.952200
