0.004100
0.022900
0.049175
0.069900
0.106050
0.129475
0.154650
0.170950
0.180000
0.190925
0.209625
0.228450
0.246950
0.269000
0.296550
0.317575
0.345275
0.374150
0.409825
0.448350
0.478325
0.505200
0.526075
0.533075
0.539000
0.544775
0.549950
0.554275
0.557800
0.561450
0.566150
0.570250
0.575275
0.578450
0.582600
0.594700
0.600800
0.607750
0.611325
0.619225
0.627800
0.635150
0.642175
0.650475
0.657625
0.666925
0.679975
0.694175
0.705475
0.714000
0.721800
0.732300
0.738700
0.745875
0.753250
0.760975
0.770050
0.779550
0.790500
0.801225
0.812550
0.823350
0.836350
0.850000
0.865875
0.891350
0.909900
0.928450
0.959350
0.986875
1.024075
1.061275
1.091425
1.113550
1.125700
1.137250
1.149050
1.161950
1.170650
1.180400
1.187275
1.201550
1.212750
1.227650
1.244050
1.262625
1.277950
1.317550
1.343775
1.372700
1.410050
1.458475
1.498650
1.526400
1.556200
1.572250
1.588075
1.598450
1.606625
1.616200
1.630375
1.640025
1.648225
1.661375
1.674725
1.692300
1.714125
1.735425
1.760425
1.798725
1.829575
1.868875
1.912250
1.960000
1.996550
2.035300
2.066025
2.095275
2.120250
2.147250
2.171325
2.205800
2.258725
2.304025
2.355100
2.396375
2.420575
2.431450
2.441575
2.449850
2.457375
2.463525
2.474800
2.483600
2.492475
2.501100
2.508250
2.512700
2.525075
2.540350
2.555250
2.568600
2.582375
2.600675
2.621225
2.654800
2.686000
2.716150
2.755975
2.797900
2.850300
2.917050
2.941800
2.964350
2.988375
3.022800
3.072900
3.103400
3.146800
3.170200
3.197925
3.223500
3.252250
3.287000
3.338425
3.363000
3.385650
3.422000
3.463700
3.535425
3.617500
3.636750
3.649625
3.666200
3.690575
3.716675
3.753250
3.805925
3.893150
3.934950
3.972350
3.997225
4.032125
4.060675
4.086850
4.112050
4.149000
4.187075
4.231375
4.270800
4.300200
4.324350
4.408800
4.463750
4.503700
4.535950
4.555425
4.567550
4.582425
4.596625
4.611550
4.624875
4.637475
4.648925
4.659575
4.670650
4.682425
4.693200
4.702200
4.712400
4.722650
4.733225
4.745575
4.753475
4.764375
4.774575
4.783125
4.793275
4.807750
4.824300
4.843375
4.858300
4.877000
4.902675
4.946125
5.040000
5.087175
5.105200
5.117675
5.126175
5.135375
5.144875
5.151300
5.156075
5.162850
5.168825
5.177050
5.183425
5.191925
5.202950
5.212500
5.222075
5.230300
5.239825
5.248400
5.260675
5.272075
5.283150
5.303050
5.316250
5.332925
5.350075
5.373825
5.386000
5.401875
5.423550
5.446400
5.483425
5.515575
5.545625
5.570700
5.597750
5.616250
5.634850
5.651300
5.665975
5.674400
5.682500
5.700600
5.705100
5.715050
5.725225
5.735050
5.743900
5.755150
5.767100
5.786050
5.802700
5.821175
5.839125
5.868550
5.909375
5.954900
5.985900
6.022750
6.092325
6.145875
6.156650
6.172275
6.187250
6.199100
6.209625
6.226225
6.247850
6.262325
6.286025
6.302975
6.322800
6.344700
6.373350
6.417900
6.471975
6.511600
6.525925
6.535700
6.544275
6.551575
6.557375
6.564925
6.570000
6.577325
6.585350
6.592700
6.602275
6.612475
6.627900
6.660325
6.718550
6.747100
6.756650
6.764500
6.771200
6.777525
6.783900
6.791725
6.800475
6.809375
6.819950
6.832025
6.846050
6.859225
6.875075
6.891825
6.924850
6.965600
6.983625
6.999900
7.012175
7.022575
7.032600
7.041225
7.053800
7.067775
7.084225
7.102600
7.120200
7.138275
7.153625
7.182150
7.214800
7.247350
7.295650
7.332100
7.353975
7.369400
7.393400
7.429675
7.470150
7.535675
7.582950
7.592600
7.600650
7.609900
7.618575
7.629050
7.646900
7.662400
7.674450
7.687475
7.709625
7.736300
7.753425
7.764700
7.781650
7.804050
7.826550
7.845775
7.863425
7.880775
7.912575
7.943075
7.969825
7.988575
8.003350
8.014875
8.026950
8.039850
8.055975
8.079775
8.106050
8.144425
8.185675
8.228550
8.258500
8.295325
8.318450
8.331650
8.350625
8.357075
8.366825
8.377150
8.386025
8.391025
8.398825
8.407250
8.416175
8.427075
8.441775
8.455325
8.482100
8.497575
8.512850
8.539050
8.549525
8.559700
8.568000
8.573450
8.578425
8.588075
8.595975
8.602825
8.614100
8.632125
8.654075
8.693325
8.746425
8.786425
8.808700
8.839150
8.874400
8.895725
8.913700
8.928800
8.942625
8.969100
8.998075
9.015775
9.040100
9.078825
9.115600
9.146175
9.170725
9.184200
9.202625
9.215650
9.227350
9.239375
9.249375
9.261500
9.269275
9.277250
9.285500
9.294375
9.303675
9.317625
9.330450
9.345850
9.360400
9.376025
9.389775
9.404775
9.422525
9.446700
9.467775
9.486075
9.518550
9.558975
9.605825
9.653175
9.684050
9.697700
9.704050
9.711950
9.717050
9.722600
9.727875
9.732550
9.736400
9.740400
9.743725
9.748275
9.752900
9.756325
9.761050
9.765525
9.771000
9.776025
9.780125
9.784650
9.792300
9.798775
9.805425
9.813200
9.821575
9.831625
9.845600
9.855925
9.872725
9.891550
9.909900
9.927525
9.958375
9.984575
10.035675
10.082475
10.122275
10.158150
10.180975
10.194725
10.199900
10.203700
10.207300
10.211675
10.215250
10.219200
10.222850
10.227875
10.232475
10.236950
10.241250
10.246875
10.252250
10.257925
10.264375
10.274400
10.283875
10.296025
10.303625
10.313875
10.324400
10.337350
10.349150
10.359550
10.369525
10.380425
10.394825
10.411475
10.432700
10.454375
10.481275
10.525925
10.558675
10.597525
10.621825
10.652050
10.680275
10.716950
10.751725
10.767800
10.779750
10.789300
10.796150
10.802875
10.810625
10.816475
10.824125
10.832000
10.842600
10.857700
10.874525
10.897800
10.921175
10.941600
10.966700
11.000900
11.017325
11.047475
11.096025
11.137350
11.169825
11.197700
11.225075
11.251625
11.266175
11.279700
11.288325
11.296400
11.302400
11.310250
11.315450
11.321950
11.329700
11.338100
11.345975
11.352650
11.362900
11.375425
11.388550
11.399575
11.412875
11.432775
11.446050
11.463450
11.479600
11.504625
11.542075
11.594225
11.630025
11.664825
11.692875
11.718100
11.745500
11.762825
11.786500
11.802225
11.829375
11.860000
11.886875
11.908925
11.928275
11.960975
11.990575
12.009750
12.039100
12.072925
12.096350
12.114450
12.128250
12.140250
12.148325
12.157700
12.166025
12.171525
12.179375
12.187625
12.197775
12.205600
12.215725
12.222775
12.233225
12.254250
12.265500
12.278425
12.290400
12.305125
12.323775
12.343450
12.366925
12.399125
12.435050
12.464200
12.486150
12.508700
12.523950
12.538575
12.556575
12.572725
12.592625
12.610425
12.638800
12.673875
12.714000
12.754700
12.772925
12.799925
12.830475
12.844325
12.858575
12.868150
12.879250
12.885550
12.892275
12.902300
12.911550
12.920750
12.932100
12.941650
12.952250
12.968375
12.986100
12.998600
13.010325
13.020150
13.030825
13.039775
13.047175
13.054000
13.062100
13.071650
13.082100
13.092025
13.102550
13.113975
13.124025
13.138325
13.154700
13.163700
13.181400
13.191050
13.212125
13.228500
13.249675
13.277650
13.307700
13.332275
13.358075
13.392950
13.401600
13.407050
13.411075
13.414975
13.419000
13.423575
13.428150
13.431300
13.435425
13.441050
13.446200
13.450425
13.456875
13.465250
13.471750
13.478850
13.488525
13.499700
13.507550
13.518425
13.528775
13.539925
13.552625
13.566525
13.592250
13.616450
13.635425
13.659675
13.679000
13.706950
13.738300
13.763975
13.802350
13.825250
13.839100
13.846025
13.852325
13.857400
13.862200
13.867100
13.870975
13.874750
13.877950
13.882725
13.888550
13.893850
13.898525
13.905925
13.913300
13.921000
13.927425
13.933975
13.942750
13.953125
13.963975
13.973275
13.983675
13.995025
14.007350
14.023000
14.037200
14.048800
14.064150
14.078850
14.093850
14.111550
14.134300
14.157775
14.202425
14.238625
14.273800
14.299325
14.324400
14.356950
14.375450
14.387650
14.400925
14.412900
14.427550
14.439650
14.451425
14.463775
14.477250
14.491325
14.506375
14.520825
14.537575
14.552675
14.565800
14.581800
14.594025
14.603250
14.611625
14.618325
14.624300
14.632600
14.639175
14.645700
14.653400
14.658625
14.665400
14.670975
14.677350
14.681525
14.688800
14.696650
14.702875
14.709650
14.718100
14.726725
14.732525
14.741300
14.752000
14.758850
14.769975
14.780925
14.787800
14.796400
14.806250
14.815250
14.827350
14.840775
14.855875
14.872675
14.884750
14.895375
14.906950
14.922100
14.935500
14.948575
14.960775
14.970825
14.988325
15.002000
15.016475
15.037775
15.057275
15.077750
15.102575
15.133750
15.166925
15.193850
15.211075
15.231000
15.251400
15.263550
15.271925
15.279075
15.284050
15.289175
15.295625
15.300300
15.308250
15.313300
15.318225
15.328325
15.339100
15.350375
15.359425
15.367250
15.376025
15.383575
15.392000
15.400575
15.409250
15.418275
15.428075
15.434825
15.441275
15.446850
15.454575
15.459325
15.467850
15.476875
15.487150
15.497150
15.517175
15.528300
15.536725
15.547100
15.558025
15.570275
15.584700
15.595275
15.614525
15.630700
15.648975
15.671750
15.699075
15.733525
15.762775
15.789775
15.803075
15.811100
15.815550
15.819400
15.823250
15.827475
15.831500
15.834825
15.839700
15.844075
15.848900
15.853050
15.859175
15.865050
15.870325
15.876075
15.882050
15.887050
15.894800
15.902675
15.909025
15.913575
15.921000
15.934075
15.945200
15.956200
15.965525
15.975350
15.984100
15.991550
16.003275
16.014100
16.022475
16.032475
16.044075
16.052300
16.062875
16.074900
16.090450
16.109050
16.132100
16.161325
16.186100
16.212625
16.241375
16.267125
16.294050
16.313325
16.328175
16.342175
16.354625
16.364500
16.376300
16.388100
16.395125
16.402075
16.408475
16.414075
16.419000
16.425475
16.433175
16.440375
16.447900
16.454500
16.462750
16.472375
16.482175
16.494400
16.510925
16.522975
16.534025
16.544175
16.560075
16.572050
16.586300
16.601900
16.620050
16.652175
16.691950
16.714275
16.742250
16.760100
16.780775
16.800200
16.823700
16.830875
16.835325
16.839425
16.845375
16.851625
16.858400
16.864975
16.872050
16.878650
16.883325
16.889925
16.899000
16.911975
16.922600
16.937950
16.953700
16.974200
16.994150
17.018500
17.047275
17.089600
17.117125
17.147450
17.182625
17.209700
17.233975
17.257825
17.285150
17.311950
17.337300
17.373400
17.397525
17.423525
17.458675
17.492200
17.507175
17.515575
17.523575
17.530350
17.536025
17.542800
17.547725
17.553275
17.558700
17.563125
17.569400
17.574950
17.584800
17.593725
17.603000
17.610675
17.622825
17.631700
17.648150
17.661500
17.676250
17.690250
17.703350
17.716500
17.731950
17.748100
17.765450
17.781075
17.806375
17.834875
17.864625
17.901225
17.930700
17.959350
17.989325
18.012575
18.033900
18.047025
18.055450
18.062725
18.068325
18.074150
18.082050
18.090300
18.098325
18.109225
18.119850
18.131275
18.145100
18.161375
18.178975
18.206800
18.225300
18.237525
18.261100
18.289775
18.329325
18.372825
18.408800
18.434150
18.466300
18.485325
18.494625
18.503000
18.508850
18.513550
18.518425
18.523025
18.528775
18.534275
18.540050
18.546000
18.552425
18.560425
18.571650
18.583300
18.595225
18.609425
18.623325
18.634125
18.650575
18.669050
18.688250
18.719575
18.754425
18.789875
18.818050
18.846575
18.881075
18.921725
18.950500
18.981200
19.013050
19.035050
19.053150
19.088475
19.107200
19.120550
19.136750
19.167175
19.202625
19.253025
19.305375
19.343975
19.356325
19.362500
19.369625
19.374925
19.378900
19.382750
19.386350
19.391125
19.397750
19.402825
19.410175
19.420725
19.430575
19.440850
19.453300
19.463725
19.474150
19.487225
19.497200
19.511100
19.525800
19.543075
19.559025
19.578975
19.595825
19.620175
19.644125
19.687750
19.719325
19.753700
19.804600
19.838100
19.879450
19.894850
19.912050
19.927000
19.949675
19.966575
19.986275
20.005450
20.028950
20.055200
20.070375
20.087400
20.103750
20.122950
20.142425
20.156900
20.171725
20.187925
20.205900
20.227500
20.246950
20.270275
20.294975
20.327400
20.367375
20.393875
20.421325
20.453850
20.487050
20.516900
20.532775
20.546275
20.556725
20.564775
20.571500
20.578150
20.586025
20.591600
20.598150
20.606350
20.613700
20.619575
20.627450
20.635200
20.644100
20.652700
20.666100
20.680550
20.693150
20.705400
20.717125
20.728050
20.739850
20.748750
20.758825
20.773100
20.784150
20.796275
20.812275
20.824275
20.846425
20.865875
20.887850
20.912100
20.939600
20.973750
21.005675
21.034925
21.070750
21.100650
21.129625
21.141725
21.150250
21.156625
21.160500
21.164475
21.169625
21.174350
21.180175
21.185975
21.191975
21.197300
21.201875
21.210275
21.218150
21.226675
21.233800
21.241850
21.259325
21.274375
21.288225
21.307125
21.322225
21.335475
21.355125
21.374500
21.406400
21.431575
21.459750
21.489725
21.514975
21.546125
21.561175
21.572950
21.581150
21.588525
21.593900
21.600050
21.605350
21.609775
21.615975
21.621075
21.627550
21.633425
21.638325
21.647525
21.654200
21.664800
21.674350
21.687100
21.699850
21.712375
21.719150
21.729050
21.737050
21.744575
21.755350
21.768325
21.779375
21.792875
21.808575
21.822925
21.838000
21.853425
21.864750
21.875350
21.886475
21.900025
21.915000
21.941800
21.959975
21.986575
22.020950
22.061975
22.095900
22.132025
22.161700
22.184575
22.218400
22.246225
22.272000
22.300950
22.318450
22.336050
22.353450
22.377575
22.401250
22.426725
22.461500
22.493600
22.519300
22.551550
22.598775
22.639200
22.665075
22.683900
22.708975
22.740650
22.767250
22.802250
22.831700
22.862425
22.897125
22.949125
22.977175
23.048650
23.069550
23.082850
23.096375
23.105900
23.114675
23.120550
23.127200
23.131925
23.140800
23.149300
23.160475
23.173975
23.191125
23.209475
23.228775
23.245775
23.260150
23.284500
23.311175
23.330450
23.351375
23.379025
23.423675
23.457325
23.494025
23.523650
23.545975
23.557375
23.574625
23.587225
23.597300
23.605700
23.612375
23.621925
23.631950
23.640025
23.647050
23.657000
23.671050
23.678525
23.690075
23.701850
23.714575
23.729900
23.745700
23.764550
23.783150
23.802725
23.812550
23.822600
23.829325
23.837400
23.844975
23.851600
23.858975
23.863950
23.870400
23.876850
23.882900
23.888950
23.897550
23.905000
23.911925
23.920775
23.928600
23.935500
23.942150
23.948750
23.956325
23.963425
23.967775
23.975625
23.982525
23.990825
24.001650
24.012900
24.026200
24.034900
24.046975
24.059850
24.071575
24.086925
24.110200
24.130975
24.150000
24.173325
24.197900
24.222875
24.251225
24.278250
24.305400
24.337275
24.361375
24.382400
24.395325
24.401750
24.407225
24.411025
24.415050
24.422125
24.426200
24.430150
24.434275
24.438175
24.442675
24.448100
24.453675
24.459575
24.465825
24.471575
24.476650
24.481950
24.490400
24.498575
24.506050
24.514350
24.525100
24.535975
24.545625
24.559125
24.570850
24.582625
24.594350
24.607225
24.621700
24.632100
24.644375
24.659100
24.673550
24.695475
24.715175
24.735650
24.759150
24.794975
24.826925
24.860500
24.893975
24.919150
24.938325
24.964425
24.976650
24.985125
24.993400
24.997725
25.003400
25.009975
25.018525
25.027450
25.033300
25.041350
25.050400
25.060275
25.073700
25.086300
25.097375
25.113550
25.131250
25.146825
25.162950
25.181150
25.205275
25.231400
25.258150
25.290375
25.325975
25.362800
25.395175
25.429600
25.440700
25.444900
25.447950
25.451250
25.453800
25.457000
25.459600
25.462275
25.469275
25.474450
25.480475
25.487875
25.496075
25.501925
25.507875
25.513850
25.520750
25.528550
25.539100
25.548375
25.557650
25.575125
25.586300
25.593550
25.603025
25.610750
25.619625
25.627550
25.634425
25.642300
25.647150
25.653100
25.659700
25.666975
25.674200
25.682000
25.690975
25.699950
25.715150
25.725050
25.735100
25.742675
25.749400
25.755425
25.761550
25.767150
25.776100
25.781350
25.787925
25.794400
25.799000
25.806375
25.811725
25.820225
25.827175
25.833850
25.840000
25.846375
25.851575
25.857200
25.864150
25.869600
25.879125
25.885975
25.899875
25.908200
25.914375
25.921150
25.927225
25.935300
25.941250
25.949550
25.956600
25.964525
25.972750
25.981700
25.989575
25.997100
26.008200
26.015875
26.024775
26.032750
26.040425
26.048100
26.057250
26.067625
26.076275
26.086350
26.093950
26.105100
26.117625
26.127950
26.136425
26.144075
26.156400
26.166025
26.176675
26.190075
26.200175
26.214175
26.228125
26.245125
26.262775
26.287675
26.305225
26.321650
26.346800
26.369925
26.392125
26.418175
26.441700
26.458150
26.475050
26.486300
26.498850
26.515325
26.533200
26.545325
26.556975
26.565025
26.572850
26.578925
26.585900
26.590600
26.597075
26.604025
26.609825
26.618300
26.627525
26.639650
26.647900
26.656500
26.665175
26.674100
26.682550
26.696175
26.706775
26.719500
26.734900
26.747950
26.763525
26.778625
26.792350
26.808600
26.822825
26.840775
26.866800
26.893275
26.921750
26.942825
26.964475
26.975475
26.994700
27.004750
27.011925
27.018050
27.022650
27.028275
27.033675
27.037750
27.042525
27.047575
27.055500
27.061275
27.068375
27.077625
27.087800
27.096275
27.108100
27.121875
27.134875
27.150800
27.166500
27.183850
27.196950
27.211525
27.224575
27.239400
27.262725
27.282500
27.306225
27.324850
27.345775
27.374025
27.405700
27.439475
27.478800
27.521675
27.546400
27.565875
27.582525
27.595200
27.610025
27.630850
27.655850
27.673800
27.697200
27.716925
27.737025
27.762750
27.808450
27.850775
27.912325
27.936925
27.955175
27.971950
27.993575
28.010375
28.018500
28.024950
28.031225
28.036600
28.041875
28.049550
28.057575
28.064675
28.077725
28.094325
28.111700
28.140000
28.161625
28.180325
28.204525
28.241350
28.283600
28.324125
28.355425
28.374075
28.394350
28.407975
28.420175
28.433675
28.444325
28.456225
28.469125
28.483550
28.496100
28.511175
28.525200
28.544675
28.559475
28.580450
28.596350
28.613725
28.637675
28.658675
28.685025
28.739075
28.787100
28.827050
28.867700
28.929050
28.957950
28.976500
28.986275
28.995775
29.002625
29.010825
29.016225
29.026150
29.034050
29.044475
29.050725
29.056925
29.065075
29.071500
29.077200
29.083250
29.088750
29.098675
29.105250
29.119025
29.125050
29.132750
29.140400
29.150025
29.158600
29.169375
29.176625
29.187675
29.206800
29.213425
29.222300
29.228025
29.237075
29.247375
29.258550
29.269700
29.281025
29.292525
29.303925
29.311800
29.324900
29.334800
29.347350
29.361675
29.374900
29.392900
29.414150
29.436250
29.464350
29.489850
29.535725
29.567875
29.599725
29.620275
29.632425
29.647475
29.654550
29.661275
29.667225
29.672850
29.676925
29.682350
29.687125
29.700450
29.706100
29.713875
29.726625
29.736850
29.744975
29.757575
29.768900
29.784625
29.801325
29.822475
29.839100
29.857175
29.868850
29.882200
29.902425
29.930125
29.960725
29.991800
