0.005600
0.029050
0.052250
0.194525
0.220500
0.250075
0.263650
0.283550
0.296700
0.306600
0.326250
0.371700
0.392750
0.403950
0.423850
0.438600
0.448950
0.465625
0.491650
0.517850
0.658975
0.711425
0.730125
0.750850
0.758175
0.781300
0.795975
0.825500
0.859625
0.881275
0.910950
0.940725
0.961325
0.997600
1.012425
1.027700
1.055450
1.070100
1.086700
1.104025
1.120725
1.139850
1.159675
1.180450
1.195800
1.210125
1.228625
1.243425
1.271150
1.320000
1.334425
1.343700
1.370450
1.390575
1.403700
1.439800
1.467125
1.495475
1.542675
1.591250
1.615550
1.645325
1.802075
1.843650
1.857475
1.880975
1.895550
1.914500
1.923025
1.946550
1.955450
1.993100
2.006150
2.026425
2.041600
2.055500
2.071650
2.083575
2.093250
2.102075
2.111300
2.123325
2.142125
2.164650
2.183125
2.206450
2.248700
2.269775
2.290550
2.307200
2.319375
2.361175
2.391350
2.440375
2.452625
2.467725
2.479750
2.492475
2.504600
2.519775
2.535025
2.575300
2.598100
2.638550
2.691275
2.763075
2.799025
2.828300
2.843275
2.861575
2.874375
2.896050
2.929475
2.940775
2.972950
3.009825
3.024750
3.039550
3.070575
3.090150
3.118625
3.133625
3.186175
3.237525
3.269500
3.286325
3.304325
3.339275
3.360400
3.376525
3.390600
3.409150
3.422950
3.452150
3.483600
3.498075
3.514500
3.533575
3.556625
3.596075
3.626100
3.697250
3.738775
3.753850
3.770675
3.905000
3.935575
3.951850
3.969150
3.982800
4.034150
4.099075
4.110825
4.156325
4.221950
4.235125
4.265550
4.276850
4.293525
4.323550
4.341550
4.359425
4.369500
4.396725
4.444275
4.472325
4.497525
4.511650
4.527650
4.544050
4.591275
4.618400
4.635650
4.650950
4.677750
4.727625
4.775775
4.868550
4.898925
4.927400
4.974875
5.011350
5.026500
5.211775
5.238850
5.269025
5.293025
5.334550
5.344100
5.366450
5.377525
5.390000
5.407050
5.421375
5.444250
5.476925
5.501825
5.516550
5.530450
5.605600
5.643400
5.679250
5.725650
5.768075
5.800475
5.855650
5.878125
5.892325
5.907725
5.925825
5.941400
5.956500
5.963650
5.973450
5.988600
6.035350
6.079075
6.156875
6.185325
6.205050
6.238825
6.278975
6.345775
6.370500
6.382625
6.391150
6.403400
6.409500
6.422650
6.428700
6.446150
6.462975
6.476625
6.497325
6.529300
6.562950
6.616650
6.645200
6.700650
6.743900
6.750800
6.768225
6.796000
6.845175
6.871675
6.890000
6.905225
6.968925
7.001125
7.058075
7.080525
7.100250
7.119400
7.150825
7.183900
7.260150
7.327875
7.341200
7.351675
7.367925
7.379125
7.387925
7.398250
7.422250
7.463150
7.479850
7.498125
7.509275
7.525175
7.550150
7.602375
7.627625
7.672250
7.698500
7.795450
7.849050
7.868375
7.882450
7.922950
7.932825
7.954400
7.964500
7.977825
7.992600
7.999925
8.010875
8.023325
8.039000
8.058975
8.081275
8.102500
8.118750
8.135050
8.160475
8.201150
8.250825
8.310400
8.408600
8.442750
8.460875
8.470125
8.481300
8.500550
8.519025
8.532450
8.538050
8.635425
8.676625
8.756025
8.775525
8.797650
8.809050
8.825750
8.848475
8.864600
8.906200
8.932200
8.987600
9.010950
9.044475
9.066425
9.082400
9.090700
9.101875
9.111675
9.130625
9.147675
9.178025
9.214050
9.240800
9.251775
9.319150
9.344550
9.367225
9.385150
9.507700
9.531550
9.587300
9.621925
9.634175
9.648175
9.667300
9.685700
9.694400
9.740600
9.760075
9.769825
9.782750
9.815775
9.881425
9.942475
9.968175
9.983525
9.992000
9.999025
10.010250
10.028075
10.042025
10.056275
10.108550
10.140425
10.154025
10.173500
10.239025
10.261575
10.270850
10.289325
10.356625
10.380825
10.397775
10.418525
10.437100
10.475700
10.491900
10.525850
10.597750
10.626625
10.641675
10.675825
10.690400
10.704275
10.793725
10.867425
10.895350
10.926500
10.943650
10.968625
10.980275
10.989275
10.996475
11.006450
11.020600
11.044250
11.104925
11.149025
11.160525
11.199300
11.249000
11.279800
11.308450
11.331175
11.344750
11.359825
11.371375
11.382200
11.408950
11.423650
11.452650
11.525950
11.574000
11.603125
11.659475
11.691725
11.768850
11.787250
11.847725
11.880550
11.894725
11.912500
11.931400
11.942750
12.046375
12.073200
12.104200
12.122675
12.136975
12.165500
12.229925
12.280400
12.298575
12.321625
12.334250
12.345875
12.388075
12.412425
12.486275
12.506025
12.524150
12.542375
12.579675
12.621000
12.657000
12.671475
12.690475
12.741375
12.755350
12.797800
12.832100
12.842250
12.856225
12.873800
12.905450
12.921950
12.932100
12.962350
12.978575
13.005350
13.031925
13.071975
13.091275
13.141250
13.186975
13.231650
13.249050
13.270125
13.283900
13.325675
13.331700
13.344325
13.355600
13.368200
13.383625
13.397575
13.432075
13.455525
13.481950
13.545850
13.556775
13.600650
13.633575
13.651600
13.722775
13.748825
13.756875
13.784700
13.808650
13.833350
13.912725
13.925150
13.959075
13.967900
13.995475
14.049800
14.060425
14.110725
14.126000
14.145875
14.167400
14.187000
14.208250
14.214500
14.240650
14.254675
14.276125
14.278700
14.405625
14.428250
14.445000
14.471500
14.491850
14.539700
14.553500
14.568325
14.599950
14.614250
14.635575
14.672425
14.722325
14.743075
14.763725
14.806050
14.861875
14.898225
14.947175
14.968975
14.985425
14.997450
15.016875
15.086900
15.103725
15.125800
15.135100
15.142300
15.160425
15.256725
15.300650
15.322000
15.368375
15.408050
15.419050
15.435600
15.450075
15.463075
15.473200
15.490300
15.513300
15.544025
15.560900
15.598875
15.632625
15.697000
15.710150
15.724275
15.735850
15.763000
15.782050
15.792525
15.808350
15.827800
15.838825
15.849000
15.893675
15.930825
15.959925
15.976900
15.988575
16.047575
16.058975
16.069875
16.079125
16.085525
16.110900
16.128425
16.167325
16.194250
16.215075
16.224575
16.275425
16.415450
16.442650
16.462925
16.480150
16.496550
16.505800
16.545625
16.573200
16.655075
16.690950
16.718150
16.746200
16.781725
16.817475
17.014875
17.024750
17.087775
17.123275
17.157900
17.171300
17.189600
17.219225
17.231625
17.241075
17.258900
17.275300
17.300775
17.321900
17.337825
17.358375
17.366200
17.412850
17.513925
17.532925
17.548725
17.568425
17.604700
17.618675
17.632525
17.658250
17.708650
17.753100
17.760600
17.787050
17.847750
17.876400
17.984400
18.023550
18.043275
18.057300
18.068750
18.082700
18.094725
18.107775
18.115275
18.133425
18.176875
18.189875
18.297625
18.329625
18.356850
18.372325
18.389475
18.418350
18.491150
18.513350
18.539050
18.563350
18.575150
18.601500
18.619375
18.635275
18.676675
18.726775
18.773250
18.846075
18.867525
18.921200
18.954350
18.981850
19.008250
19.045750
19.060150
19.103575
19.122025
19.140625
19.217775
19.254725
19.270025
19.309600
19.327675
19.359325
19.375600
19.385225
19.414625
19.431475
19.448425
19.534125
19.565450
19.707050
19.728600
19.765825
19.806900
19.829525
19.842825
19.857400
19.871225
19.882775
19.946100
19.959700
19.982600
19.998425
20.017200
20.031225
20.048600
20.072450
20.098500
20.119075
20.142050
20.163425
20.188175
20.199500
20.239775
20.272650
20.300550
20.345450
20.364475
20.393375
20.419650
20.473025
20.498850
20.510025
20.605225
20.634600
20.660500
20.703225
20.738225
20.754250
20.819700
20.849050
20.868500
20.892850
20.960425
20.987825
20.999600
21.023475
21.160750
21.179225
21.197175
21.234775
21.253150
21.265300
21.291925
21.344900
21.410975
21.431025
21.613875
21.649575
21.671950
21.685950
21.709250
21.734350
21.752225
21.781150
21.807750
21.858325
21.877500
21.929700
21.962825
22.019700
22.041550
22.066100
22.086650
22.144875
22.160150
22.178550
22.228400
22.253425
22.279675
22.294850
22.338500
22.351950
22.382450
22.397375
22.420450
22.442350
22.460375
22.597400
22.632700
22.656725
22.704375
22.720775
22.744075
22.763175
22.780500
22.860425
22.891300
22.925800
22.954775
22.973125
22.995275
23.009000
23.037625
23.054875
23.107050
23.149225
23.164650
23.217975
23.328625
23.349025
23.365825
23.398325
23.429125
23.455000
23.481650
23.506800
23.544875
23.562025
23.578850
23.596950
23.609025
23.627425
23.647175
23.661875
23.697900
23.724000
23.738525
23.761025
23.841825
23.859125
23.880825
23.893550
23.934225
23.949425
23.970750
23.992225
24.005750
24.060475
24.094875
24.136575
24.204900
24.297525
24.384400
24.392575
24.407300
24.420575
24.452725
24.465575
24.492275
24.509225
24.527700
24.541075
24.561300
24.586925
24.616525
24.634175
24.650825
24.675200
24.690625
24.709450
24.739600
24.754450
24.779750
24.808275
24.826575
24.880400
24.982075
25.003825
25.044950
25.107300
25.134375
25.151375
25.185600
25.200900
25.337900
25.355850
25.367975
25.405175
25.427400
25.443250
25.471700
25.516000
25.540425
25.567525
25.623200
25.640225
25.658950
25.746550
25.775275
25.791275
25.866625
25.975225
25.994725
26.015800
26.033425
26.053300
26.070000
26.081425
26.115675
26.262350
26.324925
26.353575
26.379700
26.394325
26.415275
26.522975
26.544050
26.649650
26.702375
26.727225
26.767375
26.820300
26.869550
26.891925
26.916800
26.944500
26.958625
26.984025
27.065950
27.124125
27.152225
27.175750
27.195800
27.231525
27.249925
27.296600
27.424400
27.635350
27.666400
27.734950
27.820575
27.844175
27.861650
27.889975
27.913550
27.929875
27.978975
28.004925
28.033950
28.054700
28.074375
28.097700
28.120325
28.140100
28.172100
28.385625
28.426750
28.455600
28.608975
28.648125
28.786450
28.858450
28.891425
28.960375
28.986600
29.035475
29.055150
29.087275
29.118675
29.212950
29.338900
29.370150
29.426025
29.499000
29.532825
29.600125
29.629200
29.710550
29.738600
29.814375
29.844225
29.861775
29.898400
29.945900
29.997950
