0.048450
0.068450
0.123000
0.144775
0.323100
0.349275
0.374625
0.498200
0.548125
0.611225
0.645125
0.828250
0.869225
0.985075
1.009700
1.055450
1.132550
1.200650
1.234225
1.261650
1.288875
1.329275
1.362625
1.389275
1.468425
1.494975
1.600725
1.702400
1.759425
1.770875
1.796600
1.813175
1.841350
1.860850
1.887550
1.907000
1.926150
1.962575
1.980925
2.031200
2.090050
2.131950
2.152700
2.170950
2.288550
2.312600
2.328875
2.349800
2.358600
2.376950
2.444500
2.629825
2.673200
2.691425
2.723425
2.739025
2.754900
2.792700
2.837350
2.867775
2.882775
2.921525
2.940700
2.987700
3.019025
3.062575
3.098800
3.169150
3.190775
3.235075
3.267150
3.283375
3.390400
3.410350
3.504175
3.536225
3.586100
3.609200
3.632875
3.683500
3.699575
3.742000
3.786225
3.806200
3.866700
3.890625
3.902750
3.959250
3.999325
4.146900
4.173175
4.187700
4.214875
4.224275
4.241975
4.260075
4.272375
4.334175
4.383575
4.463675
4.493225
4.549500
4.568075
4.591125
4.606200
4.639400
4.663800
4.796700
4.918850
4.937875
4.970775
4.977450
4.992225
5.010150
5.062775
5.092150
5.151500
5.190575
5.214075
5.349200
5.359725
5.374250
5.414500
5.426050
5.441975
5.475750
5.528600
5.551700
5.570375
5.602975
5.664825
5.679250
5.693100
5.708450
5.725750
5.780825
6.052925
6.087525
6.120200
6.138000
6.256850
6.305375
6.329875
6.373525
6.395625
6.409100
6.459925
6.471150
6.499550
6.534875
6.555675
6.620275
6.709625
6.731150
6.760900
6.812775
6.829100
6.843325
6.856750
6.944325
6.984325
7.001050
7.017900
7.026375
7.153475
7.185775
7.212450
7.222725
7.235425
7.551225
7.624675
7.646925
7.671175
7.696425
7.713000
7.807850
7.902350
7.937800
7.953425
7.963025
7.990150
8.014325
8.044100
8.069850
8.090525
8.199000
8.231400
8.295450
8.311400
8.318425
8.453025
8.477350
8.503950
8.533250
8.554800
8.579050
8.607725
8.619650
8.637350
8.726150
8.791325
8.836200
8.866525
8.910900
8.927075
8.942950
8.977350
9.044200
9.089725
9.114375
9.213100
9.226600
9.253425
9.293700
9.313100
9.356975
9.395575
9.461725
9.479275
9.497100
9.507950
9.509675
9.526350
9.586275
9.660600
9.749575
9.809725
9.824375
9.838525
9.859550
9.879650
9.894025
9.916050
9.950150
10.003875
10.033950
10.060200
10.147200
10.155925
10.183950
10.245100
10.273950
10.303325
10.335475
10.352825
10.495725
10.522350
10.540325
10.595075
10.625475
10.652600
10.680575
10.695550
10.725425
10.751600
10.794125
10.829850
10.853400
10.875250
10.882925
10.905150
10.953975
10.992850
11.010475
11.029300
11.129875
11.225850
11.259650
11.264050
11.333600
11.344275
11.424975
11.444075
11.472950
11.618600
11.634425
11.658800
11.676175
11.697550
11.721450
11.733425
11.754300
11.829300
11.855425
11.896650
11.965675
12.006100
12.026900
12.044475
12.069250
12.139475
12.169100
12.190975
12.226450
12.242200
12.264775
12.279375
12.315225
12.349875
12.374775
12.422850
12.515550
12.545700
12.573225
12.643225
12.659625
12.685475
12.713500
12.734850
12.749000
12.780975
12.795050
12.829200
12.890600
12.909325
12.949375
12.977975
12.998550
13.142675
13.165300
13.186525
13.220700
13.235850
13.292075
13.367200
13.397900
13.426600
13.445550
13.462375
13.475475
13.522600
13.539825
13.562525
13.627775
13.666725
13.721075
13.749825
13.846650
13.884475
13.903400
13.928600
14.014275
14.094875
14.114950
14.132275
14.153825
14.182400
14.273525
14.305375
14.331150
14.426000
14.448400
14.471600
14.502225
14.524625
14.546000
14.576650
14.622850
14.696150
14.727425
14.756150
14.785175
14.836850
14.859450
14.879125
14.956100
14.981675
14.997300
15.022625
15.049100
15.093425
15.124000
15.231350
15.251375
15.265825
15.301575
15.330025
15.387675
15.415425
15.429650
15.455400
15.486275
15.519175
15.530975
15.545975
15.568125
15.592750
15.641300
15.657350
15.688575
15.716800
15.750000
15.786750
15.837600
15.884750
15.904000
16.019950
16.050100
16.086850
16.195475
16.220775
16.248525
16.262075
16.282950
16.306250
16.371425
16.400350
16.439500
16.484550
16.495675
16.509825
16.550625
16.591975
16.638700
16.658125
16.755200
16.790475
16.820825
16.853100
16.876475
16.914900
16.943925
16.996125
17.015325
17.071350
17.096250
17.200575
17.233200
17.249250
17.290075
17.313475
17.323725
17.365925
17.375100
17.407525
17.462550
17.492900
17.513775
17.540150
17.659450
17.686950
17.700775
17.708850
17.712175
17.729675
17.768075
17.796100
17.810375
17.837575
17.848750
17.867075
17.881050
17.893975
17.914950
18.064825
18.110350
18.156025
18.185725
18.197825
18.288825
18.318175
18.359600
18.473000
18.488775
18.507600
18.524700
18.539850
18.563425
18.637175
18.674450
18.711200
18.731475
18.762550
18.797450
18.814000
18.915350
18.936825
18.950700
18.964275
18.993925
19.014650
19.052150
19.093475
19.106250
19.123775
19.147450
19.151125
19.201200
19.245625
19.356100
19.378900
19.391950
19.411575
19.427800
19.449275
19.472650
19.495200
19.516625
19.533975
19.636650
19.664275
19.688300
19.736325
19.799800
19.836575
19.857500
19.916100
19.929850
19.951400
19.997975
20.082400
20.093000
20.116725
20.135450
20.187775
20.213650
20.231925
20.236075
20.312950
20.340175
20.359350
20.391875
20.508675
20.553225
20.575275
20.588875
20.606250
20.617775
20.635300
20.658950
20.708200
20.735825
20.843875
20.869025
20.904900
20.926775
20.947425
20.958350
21.010125
21.045275
21.085075
21.119700
21.151350
21.214925
21.281450
21.301050
21.333900
21.359750
21.387125
21.402125
21.443700
21.518325
21.619350
21.641000
21.662575
21.682725
21.708775
21.730925
21.742825
21.758375
21.802175
21.816625
21.844300
21.874050
21.904375
21.934875
21.967325
22.037575
22.059875
22.091425
22.106500
22.131650
22.194325
22.214850
22.246550
22.270175
22.313100
22.389600
22.437925
22.508300
22.546875
22.569225
22.627625
22.683100
22.708375
22.745600
22.781275
22.801425
22.890650
22.908350
22.926350
22.969975
22.984625
22.990925
23.014950
23.046775
23.061550
23.088175
23.118850
23.139150
23.189325
23.228550
23.286100
23.344675
23.483275
23.505000
23.520300
23.619275
23.652825
23.685150
23.701750
23.759000
23.792500
23.833875
23.865725
23.897400
23.930275
23.968000
23.985150
24.086175
24.112150
24.128875
24.149825
24.168600
24.221725
24.253050
24.276075
24.296350
24.352250
24.365775
24.397875
24.419925
24.442175
24.494575
24.529025
24.559325
24.579450
24.603250
24.606825
24.640425
24.657350
24.677550
24.709700
24.736625
24.789700
24.844475
24.863900
24.884425
24.931575
24.946450
25.024350
25.135800
25.147675
25.206450
25.329975
25.351250
25.412400
25.480575
25.511150
25.603975
25.646075
25.673650
25.791250
25.807550
25.872075
25.901675
26.051400
26.071625
26.157325
26.179250
26.194525
26.269425
26.327675
26.372500
26.407950
26.449075
26.485800
26.668150
26.689200
26.726275
26.771425
26.796300
26.813050
26.971450
27.017850
27.060875
27.114275
27.229475
27.266250
27.299425
27.350375
27.387950
27.409825
27.456700
27.489525
27.607775
27.642825
27.684525
27.716875
27.784800
27.819300
27.874225
27.916500
27.939975
28.200775
28.346925
28.451600
28.512475
28.555350
28.597675
28.640850
28.665750
28.691200
28.711475
28.752875
28.911050
28.937300
28.961900
28.970550
29.121125
29.146150
29.165800
29.187525
29.231800
29.270200
29.411100
29.436325
29.466425
29.493250
29.511425
29.519525
29.564375
29.590350
29.626325
29.650125
29.677100
29.699275
29.722950
29.741175
29.768000
29.951925
29.961025
29.975400
29.980900
29.994825
