0.008250
0.024200
0.114775
0.172250
0.183950
0.199700
0.238375
0.347450
0.583275
0.601800
0.609100
0.616925
0.628800
0.679525
0.689975
0.718525
0.738175
0.871650
0.908950
0.963250
1.122725
1.145125
1.216125
1.248625
1.279675
1.446900
1.453925
1.497225
1.515950
1.554800
1.673900
1.863650
1.888650
1.928150
1.949000
1.967600
1.981325
2.179075
2.206600
2.248325
2.269175
2.299250
2.529925
2.557450
2.594750
2.608875
2.742125
2.924775
2.941075
2.967825
3.017625
3.064325
3.280100
3.281525
3.306575
3.332125
3.343600
3.389400
3.434050
3.662400
3.691550
3.721475
3.750850
3.766400
3.830750
3.845900
3.876350
3.909650
4.024275
4.351400
4.380525
4.394625
4.416925
4.442125
4.465700
4.552250
4.584025
4.830450
4.860475
4.883475
5.032250
5.132000
5.166175
5.221425
5.254525
5.279675
5.302350
5.347625
5.352350
5.379050
5.548400
5.616625
5.743875
5.826675
6.165475
6.233150
6.262200
6.282575
6.335375
6.369325
6.406325
6.438600
6.481025
6.500275
6.525975
6.540050
6.593925
6.836525
6.855250
6.878825
6.924250
6.950775
6.967350
7.145850
7.183700
7.203225
7.236225
7.345950
7.461300
7.487225
7.535525
7.598200
7.817150
7.842325
7.880850
7.890775
7.956475
8.031500
8.224575
8.249775
8.281750
8.301250
8.336975
8.482750
8.539525
8.565375
8.582700
8.597475
8.613700
8.626175
8.643450
8.691325
8.701525
8.709000
8.865550
8.965925
9.121700
9.142375
9.222675
9.280000
9.308850
9.324750
9.350275
9.374525
9.436475
9.598675
9.652700
9.700025
9.763250
9.811900
9.935900
9.998100
10.017250
10.055750
10.090875
10.266600
10.328125
10.350075
10.375700
10.413950
10.428000
10.436175
10.452950
10.501400
10.529750
10.550150
10.559075
10.802175
10.825350
10.922750
11.038500
11.083000
11.106625
11.122075
11.150200
11.175200
11.226900
11.230775
11.509375
11.571625
11.643000
11.674525
11.722475
11.733175
11.790375
11.793875
11.811225
11.883600
11.904875
11.932800
11.957875
11.976900
12.004925
12.032550
12.226975
12.273075
12.406075
12.432625
12.520125
12.571375
12.757075
12.992825
13.006100
13.028425
13.041975
13.071825
13.138150
13.152950
13.198125
13.442025
13.511200
13.542450
13.697025
13.727250
13.756250
13.783975
13.795975
13.812300
13.857425
13.887950
14.057875
14.086350
14.119525
14.153675
14.190250
14.211375
14.239000
14.276875
14.537750
14.650800
14.715125
14.766350
14.802025
14.858375
14.877975
14.892075
15.102825
15.140325
15.177425
15.212425
15.238275
15.271800
15.374825
15.412325
15.467625
15.500125
15.592050
15.901650
15.957800
15.975550
15.994300
16.019825
16.042175
16.077100
16.109675
16.150125
16.151300
16.490525
16.529575
16.595775
16.656725
16.659725
16.674875
16.685675
16.702925
16.704525
16.723425
16.776025
16.806850
17.098575
17.179800
17.195050
17.216425
17.242650
17.264775
17.315675
17.349975
17.383200
17.397500
17.599825
17.629725
17.660000
17.690000
17.723525
17.753850
18.005850
18.032625
18.059750
18.078825
18.107725
18.126900
18.434525
18.484725
18.759700
18.785100
18.797450
18.847800
18.904325
18.952550
18.975075
19.071175
19.105550
19.227325
19.251350
19.262450
19.310050
19.324975
19.376725
19.421150
19.440800
19.487325
19.515650
19.555325
19.965075
20.029600
20.035500
20.059175
20.086200
20.107175
20.135300
20.146050
20.191650
20.196375
20.465050
20.496725
20.499225
20.644375
20.673675
20.727825
20.795575
20.815350
20.862000
20.882425
21.002300
21.097100
21.122525
21.160900
21.278475
21.505700
21.522750
21.550650
21.610175
21.802275
21.839050
21.911350
21.931125
21.967350
21.997950
22.022525
22.027975
22.357025
22.380675
22.417275
22.790725
22.826200
22.871875
22.922250
23.031450
23.046325
23.085925
23.186575
23.348700
23.358250
23.385300
23.413650
23.433425
23.443550
23.465025
23.506600
23.742525
23.764875
23.793250
23.847975
23.866450
23.868850
23.933150
23.949375
23.985825
24.260525
24.307100
24.361725
24.404650
24.652575
24.963825
25.083050
25.222150
25.233100
25.393700
25.400150
25.464350
25.535725
25.637675
25.654150
25.841525
25.874675
25.896375
25.948925
26.137800
26.204675
26.227625
26.279600
26.345575
26.472600
26.520300
26.644625
26.842075
26.866625
27.097300
27.130975
27.186850
27.238225
27.289125
27.556100
27.656075
27.668000
27.707625
27.917225
28.000325
28.016100
28.071700
28.134675
28.164750
28.204975
28.214550
28.252950
28.289450
28.549850
28.933825
28.978300
29.025025
29.066525
29.123600
29.355150
29.369050
29.400525
29.447025
29.495225
29.548550
29.756700
29.793450
29.841300
29.886300
29.923900
29.961575
