0.005350
0.214375
0.353125
0.716525
0.785075
0.993850
1.077000
1.103350
1.116175
1.614775
1.639300
1.644475
1.733450
1.800125
2.061075
2.068800
2.133150
2.268175
2.775175
2.875825
3.041425
3.061050
3.295625
3.393250
3.435250
3.579525
3.583650
3.657775
3.695050
3.836475
3.974550
4.072075
4.428450
4.463250
4.551300
4.705675
4.786475
4.821900
4.914450
4.953400
5.006200
5.034925
5.099275
5.317475
5.367475
5.778900
5.902475
5.986675
6.013225
6.674200
6.754925
7.001275
7.062875
7.250000
7.309575
7.586875
7.898750
8.159975
8.219000
8.499475
8.612675
8.737475
8.749825
8.768050
8.777800
9.330475
9.358975
9.408850
9.649475
10.055000
10.380400
10.464500
10.732675
11.151700
11.215700
11.275850
11.314575
11.510550
11.547225
11.847250
12.040775
12.073550
12.161925
12.366500
12.442300
12.471275
12.672200
12.802475
12.876600
12.922025
12.961425
13.314900
13.375825
13.906925
14.162625
14.295150
14.377925
14.602025
14.852625
14.890625
15.027825
15.130150
15.182400
15.214525
15.298225
15.377825
15.411325
15.451375
15.513400
15.552700
15.624125
15.652825
15.711425
15.743500
15.874275
16.020900
16.064275
16.378075
16.606925
16.695725
16.796225
17.158750
17.191825
17.425800
17.579925
17.679175
17.809100
17.849900
18.240425
18.358075
18.520075
18.540800
18.607850
18.738350
18.940400
19.095600
19.206825
19.239075
19.662100
19.722550
19.869125
19.968675
20.006050
20.038675
20.176125
20.583750
20.671200
20.714700
20.948050
20.979950
20.998175
21.087875
21.157825
21.167350
21.192000
21.469225
21.733050
21.770600
21.821125
22.174925
22.366575
22.374075
23.265775
23.290400
23.361025
23.380750
23.536100
23.542575
23.565925
23.619675
23.726975
23.740600
23.830675
23.847250
23.859450
24.324850
24.359250
24.415425
24.431325
24.669950
24.966800
24.991100
25.269550
25.486100
25.501125
25.786875
25.924450
25.946225
25.997775
26.043575
26.238600
26.509950
26.552225
26.718050
26.754975
26.857000
26.937975
27.051600
27.229325
27.286175
27.406125
27.473425
27.612775
27.647300
27.745700
28.280200
28.338250
28.387750
28.568775
28.579925
28.602100
28.721475
28.749025
28.813850
28.866125
28.905725
28.931600
29.328975
29.446050
29.662750
29.756275
29.867375
29.908050
