0.001800
0.037875
0.054075
0.080375
0.107275
0.129350
0.161150
0.195650
0.217450
0.242675
0.271625
0.298875
0.326500
0.343675
0.363350
0.387000
0.419575
0.445100
0.474825
0.516000
0.541925
0.570825
0.608325
0.650225
0.668125
0.700625
0.723775
0.744750
0.762300
0.779875
0.796325
0.817775
0.843400
0.864100
0.889875
0.925550
0.943300
0.965625
0.997650
1.018550
1.045925
1.073500
1.106800
1.140000
1.171275
1.197375
1.228425
1.249050
1.274400
1.305050
1.334900
1.361125
1.397625
1.458575
1.484825
1.507375
1.520525
1.531475
1.543325
1.553275
1.566625
1.579750
1.588175
1.599950
1.614550
1.629350
1.643925
1.663950
1.678775
1.692125
1.712025
1.734450
1.760350
1.782425
1.812025
1.839975
1.861250
1.890500
1.911400
1.942975
1.964900
1.996000
2.035600
2.066625
2.086175
2.106050
2.115575
2.127225
2.143075
2.155925
2.173950
2.193850
2.210750
2.226550
2.250725
2.273950
2.293800
2.324175
2.350300
2.389800
2.415750
2.441550
2.473100
2.498175
2.518775
2.551300
2.574475
2.600750
2.638325
2.670175
2.701525
2.724075
2.734625
2.748850
2.759725
2.767200
2.774775
2.784925
2.792425
2.801800
2.809275
2.817350
2.825550
2.833650
2.840350
2.855400
2.863775
2.875200
2.885850
2.895900
2.915950
2.931475
2.947125
2.968550
2.985675
2.999825
3.015425
3.041450
3.102225
3.126250
3.145550
3.177150
3.210650
3.236375
3.261325
3.280600
3.312600
3.336150
3.365900
3.380575
3.413075
3.440275
3.463600
3.503550
3.532825
3.565200
3.594850
3.617975
3.651275
3.685425
3.714650
3.739700
3.820900
3.851900
3.884175
3.914150
3.928150
3.949075
3.973850
4.017575
4.076800
4.111775
4.146025
4.194725
4.235975
4.268825
4.323800
4.358000
4.394275
4.425850
4.468850
4.503100
4.533775
4.556775
4.584625
4.621100
4.643500
4.682625
4.715775
4.743775
4.786025
4.811525
4.834725
4.890500
4.913975
4.941500
4.968950
5.001125
5.031750
5.082400
5.108825
5.149350
5.185475
5.219450
5.241975
5.269775
5.284575
5.308050
5.327625
5.341575
5.357775
5.369075
5.379075
5.386900
5.397300
5.404925
5.426050
5.448400
5.460175
5.469775
5.483150
5.498100
5.514800
5.530900
5.550975
5.569650
5.587025
5.608700
5.633350
5.662425
5.694925
5.716250
5.796100
5.831800
5.856450
5.888300
5.909750
5.930225
5.945550
5.957750
5.976100
5.996725
6.025750
6.070300
6.097675
6.124675
6.190450
6.237175
6.269325
6.308700
6.335650
6.381800
6.410675
6.438050
6.458400
6.477225
6.484700
6.495425
6.503150
6.511825
6.520200
6.529525
6.536650
6.545800
6.551225
6.557575
6.570900
6.575925
6.581225
6.595150
6.600425
6.611400
6.619025
6.628300
6.634450
6.641750
6.666275
6.676675
6.686000
6.705825
6.726700
6.734075
6.744700
6.756750
6.765850
6.779525
6.792400
6.808525
6.818625
6.834900
6.851100
6.873975
6.893800
6.915500
6.937000
6.958975
6.978675
7.002400
7.030700
7.060125
7.084525
7.113775
7.134000
7.154300
7.167350
7.177875
7.203600
7.235000
7.261775
7.282800
7.305650
7.332000
7.358150
7.382150
7.408775
7.431625
7.442650
7.459425
7.487850
7.506725
7.519475
7.541850
7.560325
7.577450
7.614450
7.634550
7.652700
7.681175
7.705775
7.733575
7.762225
7.784625
7.810950
7.829150
7.861300
7.898475
7.958775
7.995900
8.014400
8.032800
8.061000
8.093525
8.132450
8.176550
8.203275
8.225325
8.238900
8.247775
8.254075
8.259250
8.265925
8.271100
8.275575
8.280925
8.291800
8.295925
8.301325
8.308000
8.312800
8.318375
8.324025
8.329550
8.336175
8.342125
8.347250
8.352325
8.358425
8.365250
8.371825
8.377000
8.383450
8.389650
8.399775
8.406700
8.415225
8.421100
8.429525
8.434125
8.444150
8.457750
8.481200
8.489425
8.499250
8.520900
8.532575
8.548875
8.561450
8.580275
8.593875
8.607700
8.628300
8.649625
8.670000
8.692675
8.722500
8.748350
8.773025
8.799850
8.833600
8.852575
8.874900
8.891350
8.916825
8.938100
8.958400
8.984625
9.009850
9.040025
9.051850
9.075600
9.108950
9.134275
9.154100
9.180300
9.226775
9.241475
9.254250
9.266575
9.278475
9.302775
9.322775
9.342150
9.367875
9.390600
9.423850
9.455050
9.492800
9.525000
9.546750
9.580625
9.610800
9.632200
9.657725
9.687825
9.744600
9.783625
9.813475
9.832925
9.868100
9.890350
9.918900
9.947000
9.993150
10.020475
10.072150
10.106250
10.145800
10.174475
10.210550
10.241275
10.287075
10.316425
10.360050
10.395125
10.440650
10.458700
10.487725
10.524925
10.557750
10.585300
10.616275
10.659275
10.697775
10.720075
10.732225
10.741725
10.759600
10.774600
10.786600
10.807250
10.821250
10.830825
10.841100
10.848425
10.857875
10.864925
10.872825
10.882075
10.891525
10.901725
10.912350
10.926250
10.936425
10.966025
10.979800
11.005200
11.028200
11.041625
11.063700
11.126025
11.145525
11.158075
11.163150
11.166450
11.170075
11.174175
11.178275
11.183025
11.189800
11.195475
11.201525
11.211950
11.218900
11.230600
11.249800
11.262300
11.275375
11.286675
11.306050
11.318625
11.337850
11.356350
11.377625
11.399025
11.424225
11.449375
11.483500
11.495550
11.511125
11.520825
11.529725
11.538925
11.554525
11.565300
11.580125
11.600900
11.614375
11.629950
11.649700
11.665525
11.685350
11.702675
11.726825
11.745275
11.782550
11.796450
11.817900
11.840875
11.863800
11.894825
11.914250
11.938050
11.961875
11.988775
12.013750
12.037250
12.071775
12.106750
12.132900
12.170675
12.211275
12.234275
12.262450
12.294750
12.324725
12.347700
12.369325
12.387550
12.416825
12.440325
12.466875
12.511800
12.549400
12.585925
12.610625
12.649400
12.675375
12.703100
12.751950
12.773725
12.805375
12.821325
12.835850
12.844425
12.856025
12.871675
12.893225
12.919575
12.941675
12.974925
12.999525
13.034075
13.070025
13.096950
13.126575
13.153550
13.184725
13.211375
13.245875
13.268550
13.279850
13.289500
13.304375
13.320775
13.347800
13.367175
13.391500
13.407800
13.442725
13.483975
13.503925
13.524800
13.559825
13.584250
13.613175
13.642300
13.681300
13.713550
13.761200
13.799550
13.825850
13.859700
13.895725
13.926600
13.946525
13.965750
13.973150
13.985000
13.990750
13.996125
14.002800
14.011475
14.018025
14.024225
14.033425
14.044775
14.056725
14.066400
14.074550
14.093375
14.099425
14.110150
14.120075
14.127925
14.135575
14.142575
14.150700
14.165600
14.172275
14.180475
14.192625
14.225875
14.238075
14.251350
14.262950
14.277775
14.313075
14.335875
14.352725
14.368600
14.398225
14.420475
14.439250
14.478050
14.504450
14.538100
14.566800
14.593900
14.621075
14.650725
14.684000
14.711700
14.738975
14.766750
14.787150
14.818700
14.872025
14.883850
14.903950
14.927150
14.939175
14.955475
14.975325
14.996875
15.011800
15.034750
15.061800
15.081500
15.164200
15.193200
15.235075
15.259150
15.272700
15.296550
15.316850
15.336150
15.359750
15.386000
15.416000
15.446775
15.468125
15.497200
15.526275
15.549850
15.572550
15.604525
15.629625
15.661975
15.689000
15.717425
15.738950
15.779650
15.803150
15.822900
15.849925
15.875400
15.904875
15.927200
15.952300
15.964150
15.971700
15.976700
15.983700
15.987825
15.992625
15.997525
16.003125
16.009275
16.014150
16.019450
16.024200
16.032125
16.039125
16.044550
16.050875
16.059825
16.075325
16.081775
16.100675
16.109175
16.120225
16.129325
16.137875
16.144950
16.167875
16.180225
16.201750
16.207900
16.218400
16.229850
16.239425
16.249800
16.257300
16.265475
16.274675
16.283000
16.295400
16.304750
16.325300
16.339250
16.351550
16.367475
16.384000
16.401800
16.425775
16.446900
16.473675
16.508375
16.536600
16.573425
16.606175
16.629875
16.644375
16.659425
16.675100
16.690600
16.703725
16.722425
16.738250
16.756825
16.772575
16.793325
16.811800
16.834025
16.853275
16.881575
16.906000
16.929150
16.959125
16.987200
17.001850
17.022975
17.049825
17.072775
17.094725
17.115075
17.149425
17.171825
17.200325
17.221150
17.247150
17.275500
17.331475
17.358625
17.390975
17.432175
17.463150
17.493350
17.521450
17.556475
17.574550
17.597525
17.626375
17.647325
17.676925
17.733725
17.782275
17.811200
17.843325
17.873375
17.912250
17.940400
17.978925
18.008425
18.031525
18.065175
18.100475
18.124450
18.158525
18.191750
18.223250
18.273100
18.302000
18.322450
18.362525
18.402275
18.428100
18.452100
18.481500
18.507250
18.537850
18.586175
18.619425
18.652650
18.700525
18.743325
18.771725
18.799900
18.832975
18.856100
18.882675
18.914325
18.950725
18.983350
19.015125
19.044325
19.071475
19.103325
19.133700
19.174550
19.199675
19.221050
19.239825
19.256150
19.267125
19.279800
19.291000
19.305950
19.322125
19.335400
19.352300
19.364375
19.383650
19.406475
19.425025
19.444225
19.478150
19.499550
19.515300
19.537100
19.573875
19.600775
19.634325
19.666600
19.694900
19.721150
19.744000
19.782325
19.819150
19.840950
19.868300
19.883600
19.894550
19.910550
19.920625
19.939475
19.955850
19.972725
19.991650
20.013025
20.044875
20.076150
20.101500
20.128850
20.155125
20.187675
20.209750
20.234450
20.254625
20.278600
20.292300
20.319775
20.350750
20.379650
20.407200
20.429700
20.452850
20.495325
20.561400
20.578500
20.610175
20.622950
20.636800
20.648400
20.660450
20.673425
20.693450
20.712575
20.764850
20.790975
20.819725
20.850350
20.875150
20.910650
20.933900
20.957450
20.969925
20.978525
20.989100
21.001125
21.011600
21.026150
21.044500
21.073850
21.088850
21.100825
21.125000
21.143425
21.164000
21.190225
21.216175
21.238250
21.254275
21.275625
21.298275
21.324500
21.346750
21.367625
21.393425
21.434500
21.454850
21.469475
21.483175
21.502325
21.521575
21.538600
21.558625
21.576075
21.610950
21.634425
21.660000
21.685550
21.711725
21.737550
21.756225
21.782400
21.813125
21.826300
21.838650
21.854225
21.875325
21.901850
21.925000
21.945675
21.965950
21.988375
22.014625
22.043900
22.086925
22.105200
22.129050
22.138600
22.145425
22.150375
22.159075
22.165325
22.171525
22.179325
22.189525
22.198700
22.207975
22.217675
22.226825
22.238350
22.246875
22.261125
22.274025
22.286625
22.305450
22.319325
22.337475
22.361200
22.378975
22.403100
22.422150
22.450775
22.481625
22.499200
22.524925
22.548125
22.563150
22.575900
22.593100
22.605075
22.617025
22.635325
22.655100
22.666700
22.691925
22.706650
22.725800
22.747950
22.771425
22.789125
22.819800
22.838375
22.863275
22.887625
22.917450
22.946450
22.977575
23.004200
23.031675
23.053875
23.093625
23.126775
23.145875
23.164725
23.179575
23.186600
23.195125
23.202100
23.209575
23.218950
23.224900
23.233350
23.241425
23.252750
23.268925
23.286875
23.296000
23.309225
23.318300
23.326500
23.336625
23.347050
23.356475
23.369375
23.397600
23.413050
23.426150
23.468300
23.485775
23.509375
23.526775
23.537575
23.546825
23.553325
23.557650
23.563900
23.570975
23.576200
23.582225
23.598225
23.603675
23.609575
23.617700
23.625900
23.634425
23.644025
23.656675
23.666750
23.678500
23.689500
23.701575
23.714200
23.731000
23.761750
23.773200
23.793400
23.810450
23.845100
23.873575
23.896700
23.924450
23.947600
23.976100
24.000975
24.030075
24.049775
24.082825
24.115875
24.134950
24.150575
24.168475
24.182750
24.197725
24.212575
24.231750
24.253925
24.270800
24.288325
24.309200
24.328800
24.355950
24.379500
24.407075
24.454225
24.479800
24.503125
24.530425
24.558625
24.583525
24.607700
24.637400
24.674325
24.694900
24.724500
24.749725
24.774025
24.798800
24.817975
24.842100
24.870325
24.903175
24.937175
24.978500
25.038800
25.062125
25.097000
25.119650
25.141475
25.161075
25.181250
25.200250
25.229225
25.252875
25.273800
25.298900
25.335725
25.376075
25.405950
25.431475
25.456650
25.493575
25.522075
25.551400
25.572400
25.604325
25.625450
25.663975
25.694500
25.734775
25.772700
25.797300
25.815775
25.837150
25.854375
25.877050
25.895600
25.917125
25.938100
25.964950
25.991375
26.020125
26.052425
26.081225
26.107225
26.132850
26.149175
26.174825
26.192750
26.203700
26.210400
26.215425
26.226000
26.231325
26.235850
26.241375
26.255350
26.262050
26.268350
26.277325
26.284050
26.292475
26.299600
26.310150
26.317450
26.327175
26.340750
26.352125
26.361925
26.371825
26.385575
26.401575
26.415525
26.423675
26.439550
26.457400
26.471400
26.491725
26.521550
26.540975
26.561525
26.576575
26.598075
26.618900
26.647600
26.681650
26.705750
26.734550
26.764000
26.795150
26.812050
26.826050
26.838650
26.848900
26.862925
26.877900
26.898475
26.921950
26.943125
26.979950
27.006300
27.028375
27.052550
27.078800
27.114625
27.136550
27.151100
27.183000
27.202550
27.226775
27.253275
27.280500
27.298825
27.320525
27.342575
27.370800
27.401650
27.425275
27.454075
27.487650
27.513375
27.545625
27.573525
27.603275
27.626425
27.650575
27.675050
27.710000
27.731650
27.760200
27.798025
27.833600
27.853400
27.877875
27.916700
27.947575
27.976750
28.010775
28.041525
28.072500
28.096100
28.120600
28.145250
28.167150
28.188675
28.219425
28.254500
28.291000
28.324475
28.349350
28.371900
28.405875
28.429875
28.453100
28.475700
28.490925
28.519825
28.541525
28.568450
28.596400
28.608275
28.618450
28.624500
28.629750
28.637675
28.644025
28.649775
28.663825
28.671675
28.684575
28.691900
28.702025
28.711000
28.719625
28.728500
28.739225
28.754125
28.763075
28.775475
28.787725
28.800850
28.816475
28.830950
28.849175
28.863925
28.881700
28.907175
28.922000
28.963700
28.979500
29.003400
29.031300
29.048675
29.067750
29.084875
29.112525
29.156075
29.181800
29.211200
29.227200
29.245925
29.260325
29.276975
29.297250
29.318550
29.337475
29.355075
29.379925
29.398225
29.429600
29.446925
29.477125
29.506275
29.528625
29.554275
29.596650
29.622425
29.647950
29.685600
29.746225
29.775075
29.803825
29.828875
29.851750
29.887700
29.925850
29.959325
29.993375
