0.028600
0.053475
0.072450
0.135575
0.155525
0.203800
0.224375
0.262550
0.283900
0.331025
0.377650
0.396500
0.438300
0.456075
0.471050
0.533425
0.545425
0.560625
0.573650
0.588125
0.633925
0.659500
0.671925
0.683150
0.843550
0.904875
0.923500
0.971600
0.998125
1.018750
1.045750
1.060675
1.159950
1.184775
1.193300
1.208275
1.223575
1.238050
1.250600
1.264100
1.303250
1.342825
1.390400
1.450500
1.465875
1.480550
1.512775
1.563625
1.593575
1.662625
1.703850
1.724675
1.763400
1.785100
1.867550
1.899200
1.919600
1.935450
1.963650
1.978200
1.990600
2.098650
2.117000
2.138875
2.155000
2.177625
2.215475
2.280750
2.301200
2.355350
2.389125
2.406100
2.423125
2.447275
2.506250
2.544075
2.597175
2.657550
2.677450
2.697500
2.784425
2.801650
2.838675
2.889800
2.911900
2.945075
2.962325
3.108350
3.120975
3.144100
3.166525
3.179475
3.193600
3.237025
3.249075
3.293100
3.331425
3.347425
3.372375
3.393200
3.412925
3.431300
3.456200
3.483225
3.505300
3.511150
3.547850
3.566150
3.587125
3.635550
3.649375
3.663525
3.678300
3.693775
3.718675
3.739575
3.761100
3.788850
3.834675
3.895550
3.930400
3.970675
4.040000
4.064825
4.089425
4.107150
4.124575
4.239050
4.259150
4.281250
4.304100
4.344500
4.359900
4.383275
4.405750
4.472300
4.515275
4.559125
4.595250
4.634425
4.657525
4.680925
4.717900
4.758500
4.813825
4.829150
4.859075
4.897750
4.938950
5.038200
5.081200
5.092275
5.115875
5.129350
5.163700
5.240100
5.245125
5.271300
5.289025
5.302725
5.320675
5.354800
5.395400
5.434600
5.472825
5.506975
5.549725
5.575375
5.592700
5.608025
5.621975
5.652100
5.665150
5.710025
5.723600
5.759975
5.798450
5.814650
5.867525
5.907875
5.942425
5.959450
6.005800
6.022150
6.056350
6.078800
6.121625
6.145225
6.186300
6.209575
6.226700
6.234025
6.254275
6.333350
6.368325
6.383350
6.400450
6.413500
6.448750
6.464300
6.491225
6.552925
6.586550
6.638025
6.676500
6.739925
6.760550
6.779175
6.797900
6.819325
6.839525
6.861450
6.881200
6.894525
6.932325
6.959750
6.986950
7.000225
7.013900
7.029825
7.046850
7.093425
7.116300
7.128850
7.150150
7.168975
7.216275
7.236975
7.262350
7.282150
7.303300
7.340100
7.356250
7.407750
7.433600
7.451275
7.489375
7.529475
7.587425
7.680350
7.721525
7.738250
7.754100
7.811525
7.869500
7.889300
7.905350
7.947475
7.973600
7.993600
8.016700
8.038725
8.082650
8.100575
8.137150
8.173575
8.214775
8.234275
8.251475
8.272050
8.291475
8.308575
8.329950
8.357175
8.380900
8.421475
8.449775
8.518925
8.538375
8.558925
8.576050
8.594150
8.681500
8.707875
8.720825
8.752350
8.790425
8.830600
8.871075
8.991650
9.015525
9.027675
9.110375
9.123600
9.136250
9.150250
9.214975
9.225425
9.262750
9.274425
9.340975
9.393600
9.409500
9.421250
9.435075
9.477275
9.534700
9.551300
9.565175
9.650375
9.667650
9.684200
9.702375
9.722225
9.746875
9.765225
9.889050
9.924225
9.983300
10.029975
10.042650
10.058100
10.076925
10.093775
10.203200
10.214975
10.253950
10.290475
10.315675
10.329150
10.392925
10.404200
10.442925
10.467000
10.534425
10.614900
10.623800
10.636575
10.655975
10.695100
10.716925
10.749750
10.761800
10.772725
10.823075
10.850275
10.863875
10.888500
10.912650
10.993975
11.008875
11.058125
11.091725
11.193025
11.232075
11.276800
11.322350
11.345150
11.378550
11.394325
11.436850
11.447050
11.469700
11.514475
11.554275
11.658925
11.679900
11.709325
11.747550
11.773825
11.796725
11.822675
11.903550
11.913775
11.984650
11.995925
12.022500
12.056450
12.081225
12.118625
12.148325
12.162050
12.174000
12.204250
12.218600
12.228750
12.264300
12.275000
12.288050
12.313475
12.338750
12.369675
12.388225
12.442600
12.458025
12.490575
12.501000
12.513950
12.527275
12.539850
12.554075
12.565375
12.579100
12.605775
12.636450
12.652750
12.670475
12.683650
12.745050
12.800725
12.814725
12.945775
12.968550
12.986350
13.044875
13.098900
13.138725
13.161875
13.183450
13.204725
13.222450
13.257475
13.273925
13.283525
13.326375
13.406950
13.452650
13.470625
13.491100
13.514375
13.550550
13.591775
13.609450
13.656425
13.785375
13.832975
13.872000
13.898825
13.917050
14.029025
14.070525
14.083250
14.097550
14.211050
14.226650
14.257550
14.296475
14.317400
14.354650
14.433925
14.441525
14.467350
14.477775
14.487025
14.509750
14.572950
14.621950
14.656850
14.668900
14.672250
14.697400
14.725800
14.746425
14.823475
14.888625
14.961575
15.044900
15.078200
15.090875
15.108475
15.142625
15.158250
15.211850
15.225300
15.251575
15.266800
15.268600
15.315275
15.412525
15.427100
15.457625
15.471825
15.521500
15.594100
15.606875
15.637500
15.696825
15.735850
15.828500
15.939350
16.024825
16.038700
16.080075
16.107650
16.120900
16.169450
16.179625
16.272075
16.288375
16.413600
16.426375
16.467325
16.567800
16.586900
16.597875
16.627075
16.685000
16.812800
16.859150
16.895375
16.943750
17.110525
17.150300
17.187275
17.204100
17.248825
17.260925
17.313325
17.323750
17.369000
17.448225
17.468300
17.485525
17.503300
17.548550
17.595000
17.610150
17.645950
17.691950
17.703500
17.733250
17.763875
17.856650
17.925350
17.955825
17.983875
18.182600
18.304825
18.425525
18.668450
18.729325
18.809775
18.864225
18.877625
18.935750
19.003925
19.122925
19.149075
19.166800
19.211825
19.234725
19.246100
19.411550
19.429725
19.481325
19.697750
19.715275
19.773925
19.787575
19.913300
20.114675
20.244225
20.427400
20.565250
20.615225
20.634375
20.695725
20.712450
20.747350
20.782625
20.875775
20.913350
20.930225
21.787100
21.900475
22.044150
22.202525
22.218600
22.378525
22.436450
22.456575
22.542425
22.646575
22.745675
22.856575
22.908525
22.961225
23.136375
23.149750
23.443975
23.525175
23.565500
23.657675
23.714125
23.813375
23.947975
23.992625
24.310100
24.333175
24.822225
24.920975
24.934975
25.299750
25.456375
25.521975
25.831975
25.895775
25.937600
25.954550
26.024825
26.107225
26.243750
26.717400
26.870600
27.023525
27.182575
27.199850
27.237575
27.345675
27.382600
27.397150
27.434950
27.459875
27.754050
27.769500
27.781575
27.822125
27.940875
28.018875
28.063850
28.075175
28.158750
28.215475
28.492450
28.510700
28.559175
28.723150
29.135875
29.438375
29.891475
