0.030450
0.049200
0.083675
0.138300
0.209950
0.260975
0.275225
0.306725
0.338800
0.354050
0.379025
0.395200
0.420250
0.469525
0.515425
0.555100
0.586650
0.631800
0.648450
0.783150
0.807825
0.892225
0.933550
0.953525
0.978925
1.001075
1.029000
1.048925
1.072450
1.099900
1.104500
1.256050
1.280350
1.316275
1.338625
1.397800
1.439450
1.447700
1.514975
1.625725
1.629825
1.659250
1.679425
1.724650
1.766825
1.797175
1.851375
1.879850
1.927125
1.944950
2.168950
2.251250
2.270475
2.295850
2.342425
2.390075
2.440700
2.539525
2.566425
2.633750
2.676125
2.688900
2.772100
2.783000
2.833575
2.858875
2.888025
2.983300
3.144550
3.193125
3.246650
3.280525
3.362625
3.375900
3.508825
3.517450
3.571775
3.651500
3.682650
3.760225
3.766275
3.874550
3.925975
4.027925
4.053100
4.058925
4.107000
4.130500
4.205225
4.358925
4.374075
4.405600
4.486750
4.529650
4.577175
4.646675
4.664125
4.800575
4.930225
4.949625
5.006775
5.041800
5.200650
5.251325
5.263200
5.317125
5.350700
5.373675
5.507450
5.603275
5.627900
5.643000
5.859225
5.891525
5.917000
5.952325
6.201625
6.274825
6.287875
6.328100
6.337050
6.414300
6.505275
6.528275
6.742500
6.755025
6.995200
7.006450
7.114300
7.134825
7.168925
7.191200
7.425200
7.459150
7.605775
7.705925
7.826275
7.940625
8.143700
8.189150
8.287850
8.345875
8.385625
8.425950
8.551625
8.762575
8.792075
8.886050
8.912100
8.948900
9.004125
9.023825
9.116350
9.153900
9.431800
9.490075
9.562775
9.699425
9.824850
9.973825
10.035950
10.060850
10.121450
10.216425
10.265425
10.374050
10.460325
10.480600
10.550500
10.618275
10.649225
10.704625
10.755450
10.934675
10.954700
11.150750
11.196275
11.216150
11.329850
11.420675
11.436825
11.470150
11.517950
11.594675
11.630725
11.720675
11.893200
12.029900
12.047500
12.067400
12.119650
12.139350
12.214700
12.302450
12.351825
12.389500
12.419775
12.474525
12.494725
12.503350
12.644500
12.661075
12.873200
12.967850
12.980275
13.038950
13.062500
13.079325
13.188725
13.291475
13.483650
13.552250
13.563900
13.656300
13.671775
13.690425
14.015425
14.061250
14.084975
14.303200
14.414425
14.616425
14.664675
14.926925
15.041450
15.099425
15.254000
15.290000
15.304850
15.338825
15.391700
15.441600
15.493725
15.507175
15.678550
15.739800
15.763400
15.848650
15.899350
16.007325
16.026050
16.081900
16.236175
16.380025
16.487525
16.522675
16.534975
16.675625
16.757275
16.818850
16.854650
16.870875
17.247650
17.332750
17.359775
17.401775
17.618800
17.720100
17.862925
17.928475
18.123525
18.171425
18.225750
18.244875
18.284775
18.374725
18.429950
18.482550
18.558775
18.585925
18.717850
19.026850
19.170350
19.205200
19.228725
19.247800
19.697350
19.860100
19.885900
19.901475
20.269425
20.314550
20.535225
20.587050
20.593400
20.658950
20.692825
20.719300
20.729850
20.757400
20.882550
20.895050
21.071550
21.243825
21.322825
21.337975
21.352375
21.378075
21.469575
21.524725
21.609200
21.638575
21.879500
21.913700
21.961925
22.037525
22.059100
22.126900
22.248300
22.311975
22.370925
22.386150
22.394850
22.524325
22.555900
22.613075
22.680650
22.703975
22.791900
22.831700
22.861050
22.921175
22.941800
23.034200
23.068000
23.078950
23.084475
23.208675
23.238625
23.362050
23.450675
23.487150
23.567300
23.615750
23.697025
23.730525
23.751425
23.803950
23.898575
23.964200
24.223375
24.299400
24.384475
24.594725
24.761600
25.012325
25.054250
25.087600
25.108950
25.190800
25.296175
25.390775
25.436000
25.747975
25.810700
25.912475
26.074525
26.127825
26.199350
26.208950
26.509550
26.576775
26.662850
26.680675
26.984375
27.024275
27.126950
27.137275
27.147650
27.346650
27.431650
27.478225
27.569975
27.598900
27.681600
27.688750
27.742150
27.792050
27.826150
27.951350
28.079750
28.113450
28.142525
28.172600
28.218400
28.239775
28.365225
28.404175
28.431900
28.512575
28.603225
28.735700
28.752575
28.763400
28.809750
29.045975
29.059400
29.158125
29.283200
29.356350
29.584950
29.646875
29.938675
