0.029725
0.100125
0.129475
0.169900
0.215700
0.254525
0.286075
0.305950
0.326025
0.336250
0.347825
0.366475
0.417575
0.442600
0.468700
0.522975
0.558400
0.595575
0.643500
0.728625
0.767825
0.827125
0.852250
0.880775
0.926525
0.956925
0.974975
1.012200
1.036275
1.072850
1.123175
1.150750
1.170150
1.185325
1.205075
1.225175
1.246400
1.264425
1.279675
1.322600
1.378850
1.427375
1.490600
1.528700
1.559575
1.601600
1.644200
1.684475
1.710550
1.730825
1.739125
1.751800
1.762475
1.783625
1.816225
1.916500
1.941125
1.970100
1.988400
2.018750
2.046775
2.077550
2.137350
2.170300
2.223125
2.259100
2.286600
2.331400
2.363275
2.408425
2.478975
2.516075
2.545550
2.587700
2.621175
2.658825
2.697750
2.742975
2.773275
2.818750
2.839475
2.862725
2.883125
2.917650
2.936050
2.973575
2.995475
3.011225
3.028350
3.053325
3.077475
3.095225
3.129775
3.217025
3.243600
3.264450
3.283650
3.302000
3.338350
3.355475
3.369350
3.384475
3.428225
3.446300
3.469500
3.511150
3.545100
3.577325
3.610600
3.745825
3.779750
3.814850
3.828550
3.838225
3.851975
3.882050
3.906000
3.937725
3.949525
4.013425
4.089950
4.132425
4.204300
4.224100
4.231475
4.236300
4.243525
4.253575
4.266775
4.273900
4.286800
4.310625
4.326725
4.338700
4.354950
4.408350
4.428275
4.455175
4.478250
4.495225
4.515275
4.531200
4.546675
4.557025
4.567925
4.577625
4.591575
4.616025
4.637875
4.647075
4.657425
4.670550
4.683800
4.699775
4.725825
4.753225
4.774625
4.825900
4.852200
4.879550
4.909775
4.939550
4.968025
5.009325
5.060575
5.093000
5.120725
5.141125
5.165225
5.181150
5.199075
5.221925
5.237350
5.257350
5.275525
5.291775
5.317975
5.350100
5.381050
5.445825
5.478000
5.508275
5.542225
5.563150
5.569550
5.603200
5.611625
5.622000
5.627000
5.633875
5.642600
5.654150
5.666250
5.680150
5.700000
5.868450
5.892925
6.153175
6.166525
6.175850
6.197375
6.216050
6.226350
6.241500
6.252450
6.280400
6.296725
6.309675
6.329125
6.347825
6.377450
6.401775
6.438500
6.463475
6.504975
6.552525
6.614375
6.631900
6.649550
6.676600
6.682650
6.693650
6.705075
6.713575
6.728550
6.739750
6.751100
6.760075
6.770475
6.786525
6.794250
6.808825
6.853000
6.874975
6.895825
6.909725
6.923000
6.999450
7.024475
7.055850
7.109200
7.136450
7.172125
7.205325
7.312200
7.347875
7.375150
7.417475
7.429750
7.447450
7.458175
7.476575
7.502100
7.538650
7.560900
7.603225
7.643425
7.681525
7.722450
7.744375
7.769475
7.791600
7.816600
7.838775
7.881575
7.951225
8.020625
8.047300
8.053500
8.058725
8.074400
8.084800
8.092850
8.104850
8.117775
8.127250
8.131600
8.154850
8.170075
8.199650
8.228100
8.270500
8.306950
8.340075
8.363600
8.380500
8.394225
8.429150
8.439400
8.454150
8.477975
8.497525
8.530750
8.607125
8.638300
8.664150
8.692000
8.704850
8.728700
8.749575
8.781400
8.826700
8.885600
8.969225
8.986925
9.011500
9.038525
9.065500
9.104625
9.158950
9.213025
9.269200
9.289400
9.324700
9.363525
9.393175
9.416525
9.442150
9.455425
9.472550
9.490925
9.526650
9.547100
9.611400
9.633900
9.722125
9.755475
9.781225
9.816100
9.864900
9.907175
9.959200
9.998450
10.058725
10.090400
10.124475
10.159975
10.218525
10.256975
10.281075
10.340700
10.408275
10.432175
10.459750
10.489775
10.525050
10.607850
10.650475
10.682125
10.698300
10.716650
10.727950
10.736350
10.742600
10.750725
10.778725
10.799075
10.817925
10.863275
10.886675
10.942950
10.992700
11.031975
11.065150
11.102225
11.144125
11.180875
11.214175
11.241450
11.275075
11.305375
11.328500
11.357500
11.383050
11.408300
11.441000
11.474575
11.518350
11.540500
11.567975
11.604200
11.643550
11.676075
11.695850
11.743450
11.767675
11.806425
11.831200
11.862050
11.909700
11.956425
11.989550
12.046150
12.070425
12.113450
12.146650
12.180225
12.205350
12.232950
12.286750
12.317725
12.401700
12.438050
12.470800
12.499550
12.584225
12.621800
12.657025
12.687600
12.763125
12.776250
12.791775
12.827275
12.835975
12.852650
12.865450
12.887750
12.901425
12.913250
12.924950
12.941000
12.960350
12.972325
12.986000
13.035975
13.068800
13.100250
13.132675
13.192175
13.230450
13.267750
13.296175
13.326075
13.373350
13.399075
13.431800
13.458500
13.486825
13.542050
13.590700
13.644825
13.684300
13.717250
13.738400
13.761900
13.787500
13.831075
13.867775
13.905650
13.949700
13.988925
14.022625
14.053725
14.139750
14.196975
14.224950
14.252425
14.303475
14.307900
14.380850
14.447725
14.490750
14.544775
14.618400
14.663825
14.750475
14.776825
14.810700
14.832425
14.844975
15.060525
15.084225
15.115075
15.153000
15.180950
15.238375
15.255125
15.276250
15.298050
15.314050
15.326775
15.347900
15.362250
15.372050
15.383200
15.395375
15.404425
15.416500
15.425975
15.436500
15.453225
15.464350
15.471875
15.482500
15.498550
15.515975
15.531675
15.542400
15.558075
15.576900
15.594225
15.623125
15.637425
15.653900
15.671475
15.693750
15.711350
15.729675
15.773575
15.795550
15.831225
15.867550
15.901100
15.953300
16.030100
16.051950
16.072200
16.107050
16.122850
16.154175
16.189225
16.234825
16.253825
16.277775
16.312350
16.343525
16.391500
16.418500
16.447800
16.462825
16.476100
16.482875
16.508900
16.526300
16.544875
16.568100
16.596875
16.631425
16.664400
16.708125
16.789525
16.813075
16.853900
16.884700
16.921500
16.964175
17.016975
17.068175
17.138000
17.177825
17.218450
17.266575
17.297425
17.336500
17.380425
17.522675
17.567200
17.710125
17.761525
17.786950
17.825700
17.891675
17.970100
18.028050
18.068425
18.122850
18.164475
18.224825
18.250600
18.276825
18.342325
18.362575
18.386150
18.403425
18.420650
18.422375
18.436350
18.447250
18.463175
18.485325
18.499650
18.532225
18.550650
18.571425
18.610475
18.633225
18.665200
18.738425
18.782800
18.800100
18.821150
18.843350
18.867575
18.876625
18.919825
18.969775
19.002625
19.022650
19.052050
19.097425
19.141375
19.173425
19.188125
19.196650
19.207125
19.215200
19.219025
19.223550
19.247425
19.254650
19.281100
19.303275
19.328850
19.344450
19.376950
19.394950
19.411425
19.423725
19.432525
19.445600
19.462575
19.475800
19.493225
19.508650
19.526575
19.544625
19.563550
19.580950
19.610600
19.647450
19.701975
19.721775
19.769575
19.817500
19.857825
19.912925
19.922825
19.932675
19.963850
19.982100
19.996550
20.021775
20.040850
20.058900
20.081775
20.105300
20.157425
20.188775
20.215875
20.285850
20.327250
20.349575
20.376750
20.401125
20.437625
20.471550
20.499425
20.538925
20.555175
20.578350
20.592775
20.605325
20.639525
20.653675
20.671175
20.686825
20.707575
20.720850
20.762550
20.836850
20.871675
20.912950
20.965025
21.018175
21.043200
21.059100
21.102175
21.134650
21.172250
21.209700
21.223875
21.240900
21.261925
21.320500
21.360950
21.393350
21.439300
21.479875
21.522425
21.557650
21.576675
21.587450
21.623825
21.644525
21.669125
21.688775
21.710125
21.751000
21.784625
21.815750
21.849475
21.869000
21.884950
21.898550
21.920225
21.934925
21.976500
21.994400
22.011950
22.032600
22.115800
22.142650
22.173925
22.206525
22.224925
22.233700
22.263150
22.277425
22.300750
22.325400
22.448950
22.472550
22.479775
22.544400
22.577500
22.607925
22.630500
22.659250
22.685725
22.707850
22.751125
22.779650
22.809125
22.854550
22.886175
22.917500
22.935500
22.948075
22.968350
23.051575
23.076175
23.107875
23.147000
23.184675
23.224875
23.259725
23.298900
23.317150
23.356700
23.390400
23.413750
23.430450
23.461025
23.533000
23.563625
23.591775
23.629150
23.640450
23.659525
23.675050
23.685275
23.701750
23.725650
23.743050
23.767550
23.788125
23.812950
23.836800
23.858875
23.895950
23.923000
23.948675
23.975800
23.998325
24.043375
24.062725
24.081675
24.111050
24.126550
24.140250
24.177300
24.213175
24.234275
24.253950
24.277550
24.336275
24.376400
24.443750
24.476000
24.529675
24.557000
24.568775
24.585525
24.594800
24.609175
24.627650
24.678375
24.706625
24.747450
24.778300
24.893925
24.962975
25.052825
25.078800
25.108150
25.141150
25.168025
25.194400
25.231125
25.258150
25.289150
25.354600
25.407550
25.435800
25.503175
25.530350
25.568625
25.592525
25.621850
25.642225
25.654925
25.664550
25.671275
25.685350
25.704875
25.777500
25.805525
25.830675
25.855350
25.893850
25.922925
25.941400
25.970500
25.982750
25.996725
26.026250
26.036400
26.048475
26.062075
26.104250
26.121300
26.137175
26.155575
26.177275
26.208725
26.249950
26.272625
26.310375
26.369925
26.413025
26.453975
26.470475
26.493650
26.506875
26.527825
26.555850
26.575125
26.596800
26.611750
26.624425
26.674100
26.723025
26.768850
26.796800
26.830250
26.844100
26.891875
26.967175
26.987300
27.014050
27.041200
27.092350
27.108725
27.130825
27.154275
27.173850
27.191700
27.211625
27.242625
27.296650
27.329475
27.363325
27.392850
27.423725
27.448300
27.474475
27.492150
27.506700
27.573750
27.620550
27.645950
27.709450
27.742000
27.773275
27.805450
27.834825
27.849000
27.876525
27.891350
27.917950
27.940425
27.960600
27.990400
28.016000
28.075675
28.103775
28.128525
28.145000
28.161350
28.189375
28.216175
28.218100
28.241125
28.273125
28.325800
28.347650
28.394425
28.425475
28.442400
28.460225
28.472900
28.484350
28.501200
28.514950
28.526175
28.541725
28.560775
28.575725
28.602625
28.619175
28.634000
28.646975
28.696075
28.720700
28.751975
28.795400
28.823875
28.853400
28.915125
28.947200
28.974550
28.997900
29.084850
29.115425
29.144775
29.164725
29.184375
29.230975
29.251900
29.273775
29.302325
29.325675
29.358575
29.384575
29.424500
29.436925
29.471500
29.509675
29.519800
29.571775
29.588025
29.605625
29.629575
29.670075
29.685900
29.708025
29.733275
29.755250
29.783025
29.818750
29.844775
29.877350
29.905400
29.925750
29.962225
29.992125
