0.018050
0.044500
0.067050
0.088100
0.122875
0.148850
0.181825
0.209825
0.246200
0.272025
0.394975
0.453775
0.636175
0.671275
0.698175
0.733075
0.784950
0.836750
0.898325
0.925600
1.023500
1.067675
1.101475
1.136825
1.210650
1.266275
1.307500
1.391425
1.424625
1.446150
1.470100
1.488375
1.517575
1.534450
1.555300
1.568625
1.589100
1.609425
1.663675
1.684350
1.707025
1.725100
1.742250
1.765300
1.778250
1.853975
1.877125
1.893175
1.917150
1.944050
1.969850
1.992725
2.009800
2.023100
2.039200
2.066125
2.088950
2.122250
2.153150
2.168875
2.203100
2.221575
2.235400
2.255925
2.272475
2.292800
2.330575
2.360975
2.378475
2.395575
2.410550
2.420425
2.438475
2.449200
2.464150
2.506675
2.532025
2.566325
2.578825
2.593425
2.604375
2.677850
2.695825
2.708750
2.730000
2.751775
2.766900
2.803050
2.834350
2.851875
2.873550
2.940200
2.969200
2.979675
2.995300
3.023200
3.067925
3.096125
3.112200
3.135850
3.154925
3.181425
3.206375
3.223775
3.266925
3.292750
3.309675
3.329850
3.341325
3.362000
3.384825
3.407500
3.451900
3.467475
3.490725
3.513500
3.531575
3.557325
3.612725
3.656700
3.682850
3.725550
3.741825
3.785625
3.852850
3.867925
3.889575
3.983100
4.006725
4.028425
4.087625
4.207375
4.229475
4.249275
4.291425
4.319400
4.352675
4.371325
4.396900
4.433200
4.490300
4.537750
4.563250
4.583050
4.603075
4.642150
4.662425
4.686825
4.708250
4.825025
4.843250
4.865075
4.880775
4.902975
4.923950
4.942200
4.953500
4.968475
4.989125
5.045900
5.061725
5.080900
5.095125
5.117900
5.144775
5.164950
5.192950
5.217625
5.281375
5.407125
5.433000
5.451800
5.493525
5.526025
5.557125
5.583200
5.599775
5.612500
5.661000
5.675600
5.698325
5.731475
5.762050
5.789875
5.846525
5.875075
5.909275
5.923325
5.949625
5.969125
5.988900
6.006525
6.030550
6.069550
6.085675
6.103775
6.114400
6.133900
6.158350
6.196225
6.211950
6.304325
6.326475
6.361825
6.383400
6.439875
6.454950
6.477450
6.524175
6.547350
6.561950
6.583350
6.617225
6.642500
6.668925
6.691750
6.730475
6.752075
6.772700
6.801300
6.824250
6.860625
6.872600
6.897700
6.918925
6.938350
6.968550
6.988600
7.043225
7.059075
7.101075
7.123800
7.230125
7.299175
7.318150
7.343800
7.398025
7.423525
7.444150
7.470625
7.496275
7.548150
7.573375
7.600650
7.620350
7.640800
7.658700
7.697025
7.720025
7.733000
7.784500
7.807025
7.841200
7.863150
7.883125
7.921275
7.951500
7.971500
8.011250
8.046975
8.073675
8.109825
8.144175
8.183125
8.220225
8.237550
8.287975
8.316800
8.367575
8.395300
8.405900
8.423525
8.454725
8.485900
8.567925
8.584400
8.601225
8.623125
8.664300
8.691925
8.726250
8.756350
8.817300
8.843825
8.867500
8.883275
8.906200
8.934825
8.974300
9.041550
9.086125
9.116300
9.140100
9.160925
9.210750
9.267600
9.285575
9.377425
9.417125
9.476700
9.516850
9.539700
9.564300
9.589850
9.638925
9.664150
9.690950
9.709750
9.736075
9.780450
9.802075
9.822050
9.851725
9.877500
9.909850
10.008800
10.033200
10.076850
10.107200
10.128525
10.153725
10.218650
10.254525
10.286100
10.312550
10.325550
10.353100
10.375150
10.394750
10.409025
10.437500
10.458425
10.513800
10.539325
10.567125
10.596025
10.620025
10.662875
10.684750
10.704625
10.735625
10.756100
10.785475
10.809350
10.824800
10.867825
10.894125
10.910225
10.955175
11.001875
11.032350
11.055875
11.085475
11.108875
11.169675
11.250025
11.280225
11.298200
11.318100
11.408550
11.430775
11.448875
11.476175
11.494900
11.515100
11.538475
11.552125
11.580000
11.649600
11.667600
11.745100
11.759275
11.777850
11.799125
11.813300
11.856975
11.887500
11.911025
11.924350
11.940400
11.959900
11.989525
12.003975
12.051400
12.100350
12.119250
12.165975
12.210350
12.222700
12.280850
12.310050
12.321325
12.336725
12.429400
12.443975
12.464925
12.533100
12.545250
12.589750
12.617875
12.639375
12.649550
12.666850
12.687100
12.711425
12.762675
12.788650
12.805225
12.827575
12.851350
12.873800
12.908650
12.925350
12.959900
13.009925
13.038675
13.088150
13.104975
13.123000
13.169800
13.198950
13.257975
13.279275
13.308200
13.325400
13.387625
13.426125
13.534000
13.560500
13.572675
13.594875
13.720675
13.746075
13.792550
13.860750
13.911950
13.936725
13.977950
14.079550
14.095500
14.121800
14.187500
14.209125
14.235700
14.258075
14.280950
14.305525
14.324525
14.343850
14.366875
14.388000
14.403275
14.470825
14.495125
14.514150
14.548875
14.589850
14.671375
14.812750
14.845975
14.901300
14.951200
15.009700
15.069200
15.082525
15.148875
15.183075
15.230350
15.251975
15.278550
15.294225
15.321525
15.379675
15.396400
15.451300
15.464275
15.489575
15.511300
15.564200
15.586825
15.616450
15.640225
15.660250
15.729350
15.751400
15.784200
15.818950
15.837350
15.885000
15.911250
15.946375
15.972750
16.065875
16.118800
16.131125
16.143225
16.171950
16.197300
16.227225
16.245125
16.277175
16.292575
16.326375
16.365975
16.429900
16.444800
16.463900
16.497825
16.520450
16.543500
16.570950
16.592825
16.620200
16.658100
16.685650
16.704900
16.737450
16.755525
16.803225
16.830600
16.844000
16.862400
16.885750
16.917950
16.942675
16.967825
17.013700
17.032450
17.080050
17.103575
17.114525
17.147400
17.183850
17.235850
17.274125
17.327275
17.476400
17.509625
17.512100
17.526725
17.567850
17.607550
17.651775
17.740250
17.790475
17.817150
17.923975
17.944800
17.991600
18.073050
18.113350
18.153200
18.174600
18.191800
18.205600
18.239400
18.260550
18.280900
18.291300
18.425250
18.490825
18.518650
18.534100
18.550650
18.580425
18.614225
18.633950
18.693475
18.833075
18.942450
18.993875
19.017750
19.041450
19.057625
19.077225
19.118525
19.190525
19.236475
19.291300
19.312450
19.320375
19.354800
19.387450
19.463125
19.510525
19.531450
19.554350
19.582925
19.617200
19.667975
19.684850
19.740750
19.797375
19.827825
19.854425
19.868175
19.906875
19.931775
19.985075
20.018800
20.057700
20.100575
20.166650
20.201600
20.231725
20.263500
20.282975
20.300625
20.324100
20.340400
20.368875
20.428400
20.532550
20.568175
20.586150
20.637575
20.671175
20.687450
20.712975
20.729825
20.754150
20.777325
20.800075
20.846950
20.896525
20.916800
21.035800
21.078725
21.123575
21.140850
21.168025
21.225725
21.255850
21.320925
21.386650
21.416850
21.441675
21.493450
21.507050
21.525925
21.561575
21.583475
21.605100
21.631650
21.656750
21.686725
21.713600
21.742425
21.771650
21.805425
21.823950
21.850625
21.886525
21.935825
21.963175
21.991725
22.033150
22.111150
22.156075
22.220075
22.252800
22.317675
22.345200
22.376075
22.406475
22.435775
22.454300
22.470875
22.501125
22.565950
22.598975
22.630450
22.647550
22.666175
22.688650
22.711025
22.747625
22.772100
22.794850
22.853475
22.880100
22.904975
22.938500
22.994025
23.042625
23.115650
23.161525
23.200950
23.225875
23.266575
23.304600
23.331650
23.362625
23.394550
23.439275
23.483325
23.505800
23.539625
23.584300
23.600525
23.633700
23.665175
23.724550
23.758050
23.795625
23.822450
23.854900
23.894125
23.950050
23.980500
24.046275
24.079100
24.094700
24.118025
24.153775
24.179350
24.231300
24.255575
24.312950
24.347675
24.386600
24.433900
24.469350
24.493975
24.522025
24.546625
24.575750
24.616775
24.648825
24.713775
24.735875
24.757275
24.774450
24.840350
24.871525
24.909150
24.950375
24.976900
25.001825
25.025375
25.047925
25.071575
25.091400
25.117050
25.142250
25.173725
25.199050
25.230175
25.309925
25.349275
25.373125
25.401650
25.422975
25.443200
25.472975
25.494850
25.538150
25.577375
25.601225
25.644975
25.676225
25.751400
25.770175
25.807700
25.813925
25.832150
25.884725
25.915700
25.949125
25.977475
26.008000
26.042125
26.118775
26.160350
26.181975
26.238925
26.270925
26.291275
26.346575
26.372550
26.397325
26.411225
26.429875
26.453675
26.476400
26.506225
26.533450
26.553700
26.576600
26.605475
26.629550
26.666875
26.691850
26.722450
26.752575
26.779525
26.807575
26.869875
26.932600
26.958200
26.988725
27.013025
27.039550
27.074975
27.100850
27.127950
27.176850
27.192300
27.219775
27.244850
27.266950
27.303925
27.352125
27.383475
27.404050
27.433150
27.450250
27.471675
27.495575
27.519650
27.568600
27.619775
27.643975
27.664875
27.697175
27.723500
27.751225
27.765925
27.817425
27.833850
27.862025
27.881625
27.912125
27.931725
27.963925
27.985050
28.040150
28.082950
28.108400
28.146650
28.163150
28.207175
28.223300
28.245975
28.309550
28.328425
28.351100
28.395975
28.424925
28.448300
28.531000
28.566100
28.628275
28.654625
28.696025
28.720025
28.744650
28.770900
28.793150
28.819950
28.842075
28.893850
28.917800
28.938325
28.959550
29.047475
29.067125
29.118075
29.159925
29.230875
29.252450
29.278025
29.298700
29.323800
29.372725
29.389175
29.425125
29.484875
29.511475
29.529625
29.556000
29.581625
29.610650
29.643300
29.685875
29.735475
29.759525
29.779825
29.804500
29.839000
29.863575
29.910950
29.928475
29.952975
