0.006400
0.019525
0.037025
0.049250
0.061075
0.072025
0.081525
0.089850
0.102950
0.107350
0.112025
0.138900
0.145100
0.150125
0.159875
0.163875
0.176550
0.180325
0.186750
0.211700
0.227425
0.238975
0.270975
0.288350
0.306550
0.320825
0.336975
0.375800
0.394575
0.405600
0.433700
0.467800
0.473425
0.480125
0.487600
0.506225
0.518075
0.532025
0.543875
0.562200
0.571625
0.586750
0.598525
0.616575
0.628650
0.655225
0.674625
0.684075
0.692150
0.697325
0.716300
0.720725
0.744025
0.747700
0.766500
0.778625
0.786025
0.858575
0.870050
0.885000
0.896975
0.910000
0.929100
0.942125
0.955550
0.977725
0.988925
1.012725
1.025375
1.040525
1.057450
1.069375
1.079925
1.088125
1.095825
1.102825
1.109475
1.120975
1.132275
1.136775
1.141125
1.150450
1.155175
1.174725
1.195650
1.201325
1.227075
1.244025
1.256100
1.265750
1.275675
1.285825
1.294850
1.303400
1.316375
1.328650
1.355950
1.367325
1.383600
1.397775
1.432925
1.448575
1.464125
1.488775
1.507425
1.519275
1.525475
1.534400
1.542975
1.549100
1.569525
1.589775
1.596225
1.604300
1.619725
1.628650
1.634450
1.641225
1.649900
1.658950
1.666650
1.693275
1.709250
1.716125
1.724775
1.736725
1.771125
1.777800
1.785775
1.790800
1.794950
1.803750
1.809400
1.822200
1.829125
1.839000
1.879075
1.918025
1.921625
1.929425
1.933150
1.936750
1.978300
2.021825
2.093075
2.135075
2.147750
2.152175
2.167425
2.173925
2.191625
2.217225
2.229475
2.237950
2.250700
2.268100
2.297225
2.306475
2.369800
2.378775
2.393475
2.424175
2.438550
2.454825
2.467250
2.478200
2.497000
2.506675
2.532000
2.555625
2.569525
2.581175
2.595250
2.604400
2.612175
2.622175
2.633100
2.640875
2.650725
2.660000
2.669025
2.679950
2.694675
2.708775
2.720550
2.737925
2.749775
2.759775
2.773600
2.804275
2.815875
2.827375
2.845250
2.849975
2.859425
2.878475
2.883975
2.893750
2.913475
2.924150
2.935300
2.968500
2.981950
2.996325
3.009400
3.021875
3.036025
3.050350
3.066350
3.079075
3.090750
3.104075
3.115575
3.138750
3.149400
3.153550
3.159225
3.176525
3.180000
3.192800
3.202000
3.240475
3.248475
3.262000
3.283850
3.314475
3.351025
3.381750
3.423250
3.441000
3.451575
3.468525
3.485800
3.493950
3.515900
3.530525
3.564850
3.576700
3.588800
3.605525
3.615425
3.630400
3.642150
3.656250
3.691250
3.705250
3.730750
3.746625
3.788225
3.800775
3.821550
3.828900
3.834675
3.840825
3.846625
3.858350
3.870150
3.876100
3.890700
3.906125
3.914350
3.922125
3.929275
3.948600
3.965175
3.975050
3.982275
3.989600
3.995825
4.001850
4.025200
4.031825
4.038325
4.070550
4.081675
4.089525
4.101350
4.114000
4.123925
4.154325
4.175775
4.187025
4.198075
4.207425
4.242150
4.253925
4.267100
4.287700
4.309125
4.335300
4.362550
4.375775
4.391950
4.436650
4.470500
4.481075
4.494125
4.511850
4.538825
4.551875
4.568500
4.582525
4.594400
4.604575
4.626850
4.642175
4.661400
4.691925
4.704050
4.710625
4.723750
4.735100
4.739350
4.752700
4.765800
4.786725
4.803500
4.806550
4.820925
4.829850
4.854050
4.883725
4.906075
4.922975
4.927475
4.930425
4.945300
5.026925
5.066525
5.074800
5.102575
5.111425
5.180850
5.190075
5.198550
5.209675
5.247275
5.263700
5.279600
5.293100
5.317050
5.328950
5.345775
5.370450
5.379950
5.385225
5.410375
5.426825
5.452600
5.459600
5.468825
5.474625
5.483425
5.491975
5.495500
5.499625
5.506525
5.516425
5.583750
5.599400
5.617325
5.626375
5.639600
5.649975
5.661125
5.676600
5.689875
5.702325
5.720975
5.735850
5.746775
5.754875
5.759850
5.765425
5.774200
5.781800
5.791925
5.799350
5.807375
5.842800
5.882975
5.891425
5.900925
5.917825
5.927650
5.938325
5.948600
5.965525
5.991100
6.005375
6.022350
6.033625
6.048050
6.059475
6.071350
6.082100
6.095850
6.105350
6.114325
6.126775
6.164025
6.173325
6.189975
6.204325
6.210650
6.216850
6.228200
6.244650
6.259675
6.280925
6.306500
6.314075
6.328175
6.355600
6.371975
6.381775
6.395675
6.425600
6.439300
6.456200
6.470600
6.499375
6.511425
6.530475
6.552300
6.567475
6.585625
6.597075
6.607025
6.613675
6.625375
6.629725
6.638450
6.646625
6.651750
6.674250
6.691400
6.699400
6.708450
6.719650
6.732425
6.745050
6.759825
6.772950
6.804200
6.823075
6.861200
6.886175
6.904325
6.931150
6.945325
6.986050
7.001400
7.013400
7.022200
7.031700
7.041400
7.049275
7.053875
7.064550
7.071075
7.099925
7.109450
7.117650
7.131675
7.141900
7.156350
7.170225
7.185000
7.197600
7.227625
7.249050
7.286000
7.315350
7.332525
7.350325
7.367150
7.386475
7.401525
7.413750
7.423575
7.440225
7.455950
7.472850
7.487350
7.499400
7.508050
7.514475
7.523625
7.531250
7.538950
7.546025
7.556000
7.564400
7.575100
7.583600
7.592775
7.611550
7.619900
7.640925
7.652250
7.663275
7.679075
7.687475
7.690200
7.710350
7.712875
7.717200
7.754350
7.758825
7.779050
7.797475
7.801050
7.817600
7.827575
7.838425
7.842300
7.851700
7.864350
7.871450
7.910475
7.918250
7.927375
7.944425
7.956300
7.963650
7.999700
8.012425
8.032025
8.042075
8.060000
8.074550
8.090675
8.104500
8.126200
8.141650
8.155550
8.174575
8.189900
8.205675
8.220550
8.230550
8.239125
8.251675
8.256325
8.269525
8.278500
8.285525
8.302475
8.310675
8.320300
8.331525
8.340325
8.362375
8.375375
8.387575
8.397300
8.424700
8.438500
8.464600
8.503900
8.515225
8.525200
8.535600
8.554225
8.566725
8.570250
8.579600
8.584000
8.595100
8.610875
8.628050
8.633825
8.638875
8.660350
8.681200
8.691550
8.699025
8.706925
8.715900
8.726700
8.741050
8.758350
8.767025
8.788000
8.799075
8.811125
8.823500
8.835600
8.858575
8.869275
8.887250
8.895775
8.903600
8.926275
8.942450
8.953275
8.962550
8.974700
8.988450
9.001000
9.012550
9.028100
9.052100
9.079375
9.091225
9.106025
9.118200
9.144225
9.155825
9.174525
9.191050
9.220400
9.236175
9.251175
9.267000
9.282075
9.311050
9.327950
9.345775
9.376350
9.392875
9.421650
9.429500
9.435550
9.441050
9.466075
9.480400
9.483750
9.512475
9.516650
9.530925
9.538975
9.545075
9.561175
9.583575
9.605875
9.617425
9.624300
9.643825
9.655325
9.665400
9.673225
9.684725
9.694300
9.707025
9.715400
9.726475
9.737800
9.747950
9.765100
9.774375
9.788800
9.812750
9.823050
9.830300
9.839100
9.862275
9.870325
9.880925
9.888875
9.897800
9.909325
9.935850
9.946325
9.953350
9.963250
9.975225
9.993800
10.022950
10.039800
10.054800
10.066775
10.078250
10.094025
10.106450
10.117700
10.129600
10.141650
10.154150
10.166350
10.178125
10.192400
10.207450
10.220700
10.230800
10.240475
10.246125
10.251775
10.264000
10.269000
10.274325
10.279550
10.284900
10.298400
10.304725
10.311800
10.328575
10.339075
10.348750
10.361525
10.378475
10.388300
10.404725
10.421675
10.437750
10.449450
10.464925
10.481450
10.496250
10.513550
10.524850
10.540950
10.559825
10.578375
10.590975
10.610000
10.618975
10.630250
10.640375
10.650700
10.655875
10.672125
10.679200
10.698450
10.712900
10.720250
10.729350
10.740875
10.752875
10.765175
10.790450
10.805325
10.828725
10.861675
10.879925
10.894250
10.907800
10.918875
10.934725
10.951025
10.965050
10.984075
11.002325
11.014950
11.024100
11.037900
11.058000
11.071025
11.089875
11.107425
11.120875
11.133675
11.150100
11.191500
11.199250
11.208850
11.218475
11.223450
11.228125
11.232675
11.236875
11.242900
11.247375
11.251525
11.256025
11.277375
11.280800
11.286800
11.290750
11.335775
11.339425
11.343800
11.362175
11.384900
11.408900
11.414350
11.419325
11.433800
11.440575
11.468350
11.475950
11.484475
11.516425
11.533250
11.556600
11.570575
11.583100
11.595475
11.606475
11.650225
11.663275
11.688250
11.714150
11.725375
11.751550
11.758250
11.762425
11.766925
11.771150
11.774850
11.784575
11.788525
11.803875
11.844400
11.862575
11.870075
11.887325
11.902350
11.914000
11.922725
11.942550
11.965500
11.973500
11.986200
12.000050
12.015325
12.027225
12.040250
12.054325
12.067375
12.081575
12.102200
12.131025
12.139825
12.154725
12.167700
12.178975
12.196975
12.209500
12.215475
12.234850
12.244225
12.256175
12.263050
12.272000
12.279625
12.288400
12.297125
12.305275
12.317375
12.340700
12.369050
12.380200
12.397150
12.412525
12.424425
12.431475
12.442100
12.452650
12.470600
12.476250
12.479425
12.483600
12.507600
12.524650
12.531075
12.576025
12.589750
12.594000
12.614600
12.617800
12.643300
12.650950
12.662325
12.667400
12.686275
12.694550
12.707675
12.720050
12.723675
12.727300
12.758200
12.762400
12.796125
12.814375
12.828775
12.872250
12.911150
12.918700
12.945525
12.951975
12.971250
12.985175
12.997100
13.006075
13.016500
13.043850
13.056500
13.066100
13.093425
13.106100
13.130200
13.189550
13.203200
13.212500
13.222950
13.242525
13.252875
13.258875
13.265700
13.275825
13.290725
13.300100
13.312575
13.321900
13.337825
13.346925
13.355550
13.399900
13.419825
13.445825
13.460725
13.476175
13.497475
13.506725
13.515650
13.526250
13.539825
13.546750
13.553300
13.559275
13.565275
13.571050
13.582550
13.588750
13.593375
13.599875
13.623350
13.631900
13.645925
13.656300
13.671525
13.682600
13.692425
13.707325
13.720050
13.733225
13.743450
13.762625
13.771375
13.789675
13.806325
13.823025
13.857525
13.872075
13.879250
13.887100
13.895275
13.900225
13.915000
13.921675
13.937750
13.949775
13.958000
13.968650
13.976325
13.986350
13.996075
14.010350
14.021300
14.065075
14.078850
14.125650
14.142925
14.179875
14.201175
14.224075
14.253825
14.266725
14.288225
14.336975
14.357475
14.372975
14.383325
14.393000
14.401575
14.417525
14.426725
14.433150
14.440150
14.449575
14.458225
14.466025
14.479950
14.493750
14.505525
14.527400
14.561075
14.580325
14.595150
14.607050
14.624175
14.646575
14.664500
14.679000
14.697075
14.707475
14.719875
14.730525
14.734300
14.740075
14.746100
14.773525
14.814025
14.833700
14.840100
14.857875
14.862400
14.868800
14.875975
14.881300
14.888900
14.923950
14.941050
14.947500
14.959575
15.001425
15.013325
15.025450
15.041225
15.052400
15.062900
15.078225
15.091700
15.100000
15.124850
15.135650
15.144300
15.159550
15.168950
15.178750
15.189375
15.199625
15.213100
15.231550
15.245050
15.255250
15.266075
15.272925
15.299725
15.334675
15.347125
15.358750
15.372900
15.386375
15.400000
15.409450
15.447250
15.462700
15.484100
15.498900
15.514425
15.524800
15.537500
15.561350
15.574925
15.592300
15.601475
15.615575
15.624500
15.647175
15.652425
15.675025
15.679725
15.685175
15.694600
15.722925
15.761375
15.772075
15.792450
15.805650
15.822175
15.837500
15.848975
15.863200
15.877500
15.897775
15.906750
15.920875
15.930725
15.938100
15.956100
15.982200
15.988650
16.032500
16.067375
16.094250
16.125825
16.136100
16.147125
16.155675
16.170300
16.179100
16.186550
16.232325
16.245925
16.257175
16.266650
16.277600
16.288225
16.301625
16.314425
16.327025
16.337875
16.352375
16.371175
16.381450
16.421000
16.433125
16.447175
16.472650
16.497000
16.508775
16.519725
16.531450
16.548900
16.563250
16.582400
16.598150
16.610850
16.623675
16.640825
16.655075
16.670350
16.680550
16.691450
16.707425
16.722300
16.742200
16.772050
16.784300
16.833450
16.850250
16.861675
16.874200
16.883025
16.892525
16.900200
16.910275
16.927975
16.935550
16.941875
16.948125
16.966000
16.975725
16.988400
16.997350
17.007925
17.022725
17.039675
17.055625
17.091650
17.104050
17.124775
17.141725
17.157625
17.167575
17.188775
17.204700
17.217225
17.235125
17.280050
17.287100
17.291950
17.295800
17.310850
17.315075
17.319175
17.326025
17.334975
17.339800
17.350025
17.368000
17.375250
17.384300
17.390625
17.402925
17.412275
17.421750
17.445075
17.456900
17.467325
17.482200
17.496775
17.508300
17.520275
17.535950
17.552425
17.564400
17.574575
17.589975
17.618025
17.719275
17.730325
17.747625
17.783225
17.796325
17.800675
17.805150
17.812425
17.816150
17.819800
17.835600
17.853825
17.858800
17.872475
17.884300
17.891600
17.900500
17.911875
17.919825
17.930375
17.950225
17.963600
17.984700
17.995075
18.006675
18.024325
18.034975
18.043925
18.065150
18.079675
18.087925
18.105150
18.118750
18.134350
18.147375
18.168350
18.181250
18.197125
18.252925
18.272075
18.287175
18.299475
18.312375
18.330450
18.349675
18.367875
18.386575
18.402575
18.409650
18.427975
18.444900
18.456975
18.465850
18.477150
18.482650
18.486250
18.494450
18.505250
18.511575
18.515400
18.526150
18.552325
18.583525
18.598025
18.612500
18.642325
18.654275
18.673600
18.679575
18.690850
18.695450
18.705200
18.710575
18.729350
18.780225
18.805150
18.816900
18.824800
18.848025
18.860325
18.873750
18.881750
18.891875
18.910050
18.922525
18.945475
18.974200
18.986825
18.996050
19.021775
19.034450
19.050500
19.062125
19.077700
19.096825
19.130550
19.140600
19.152275
19.162450
19.169775
19.178850
19.190850
19.211400
19.217025
19.222375
19.226575
19.234900
19.242450
19.248500
19.260450
19.265725
19.300875
19.325575
19.335175
19.348975
19.359900
19.373350
19.391575
19.405500
19.439500
19.461675
19.476150
19.490500
19.528425
19.544150
19.560750
19.568475
19.577525
19.584575
19.595050
19.607250
19.610950
19.646225
19.650225
19.674675
19.679000
19.701125
19.718300
19.731300
19.743825
19.757450
19.766550
19.781500
19.806875
19.823725
19.839625
19.857375
19.877650
19.894725
19.916175
19.926300
19.935800
19.946375
19.960275
19.974850
19.983525
19.993775
20.002275
20.010100
20.021000
20.028450
20.032650
20.115525
20.125750
20.135275
20.145025
20.162500
20.171950
20.181650
20.190125
20.208925
20.219125
20.230750
20.244200
20.257900
20.284925
20.320925
20.336075
20.351725
20.363650
20.381425
20.393750
20.406900
20.425875
20.442950
20.471000
20.485025
20.493950
20.522225
20.534875
20.546650
20.555400
20.566850
20.573450
20.597275
20.611250
20.623125
20.631450
20.640575
20.648325
20.653425
20.682625
20.688525
20.692300
20.716900
20.725200
20.731750
20.740700
20.748575
20.761575
20.781675
20.792700
20.815050
20.831475
20.845750
20.882625
20.900475
20.972100
20.994600
21.013225
21.033575
21.051200
21.091050
21.106825
21.127525
21.145400
21.158350
21.171550
21.182950
21.194325
21.221950
21.234925
21.252600
21.261950
21.273775
21.292300
21.303900
21.311700
21.327375
21.334650
21.346100
21.352450
21.359450
21.372175
21.383200
21.390500
21.408275
21.419975
21.432450
21.463525
21.472100
21.479300
21.489675
21.497800
21.527225
21.553000
21.564125
21.576175
21.615050
21.628650
21.644325
21.667325
21.680550
21.692600
21.708775
21.721800
21.738925
21.754900
21.769250
21.785250
21.799125
21.813475
21.830800
21.840075
21.848100
21.852200
21.857200
21.874225
21.886525
21.892900
21.897600
21.940700
21.954775
21.965475
21.978850
21.992850
21.999775
22.026025
22.036950
22.047150
22.060475
22.071700
22.099975
22.116250
22.131375
22.168400
22.180400
22.202450
22.223225
22.240300
22.258125
22.277100
22.295175
22.310625
22.326425
22.342375
22.374400
22.390825
22.404300
22.416925
22.433000
22.451175
22.469300
22.481775
22.505500
22.518725
22.533450
22.545300
22.552325
22.562575
22.563975
22.569725
22.576150
22.581825
22.595550
22.599250
22.603025
22.615775
22.620125
22.664325
22.668650
22.682425
22.709375
22.727050
22.733325
22.740350
22.778575
22.786700
22.810750
22.824125
22.836325
22.844750
22.860100
22.869950
22.882375
22.895375
22.909450
22.919100
22.933650
22.943575
22.956900
22.972225
22.984825
22.995450
23.021700
23.034250
23.046750
23.066100
23.077900
23.088700
23.110750
23.117825
23.125075
23.132100
23.137450
23.142600
23.146925
23.153050
23.156950
23.165675
23.169300
23.184450
23.199400
23.203425
23.218675
23.237275
23.245775
23.257600
23.268400
23.272550
23.289750
23.308300
23.333075
23.355125
23.374475
23.387825
23.403075
23.410300
23.435725
23.449950
23.460725
23.478650
23.492025
23.522775
23.556375
23.574525
23.598825
23.611250
23.624300
23.631175
23.648125
23.653300
23.691450
23.695025
23.704375
23.709375
23.721950
23.727050
23.761475
23.783650
23.796100
23.820675
23.831275
23.843300
23.859375
23.871550
23.886150
23.895800
23.908725
23.919800
23.931225
23.938900
23.953475
23.975425
23.990550
24.003775
24.034225
24.051700
24.060650
24.084675
24.100750
24.116925
24.126650
24.143775
24.159250
24.166125
24.176450
24.192400
24.208275
24.215450
24.222550
24.230200
24.267550
24.278875
24.290675
24.301800
24.313350
24.327250
24.346775
24.387150
24.407750
24.424700
24.444775
24.459025
24.480375
24.518725
24.534050
24.540350
24.545475
24.551350
24.558225
24.561950
24.565200
24.579225
24.586750
24.614375
24.636950
24.644850
24.662875
24.670825
24.694100
24.709425
24.722275
24.730775
24.739275
24.753450
24.767125
24.786150
24.816800
24.833850
24.847500
24.875500
24.893275
24.934200
24.954100
24.970225
24.985475
24.994400
25.001475
25.009675
25.018425
25.023875
25.030000
25.037700
25.054550
25.065400
25.073625
25.081850
25.095925
25.106825
25.114275
25.122025
25.132400
25.140100
25.146125
25.158875
25.163475
25.168300
25.171775
25.177400
25.180825
25.184400
25.187825
25.203775
25.212200
25.242875
25.251650
25.270800
25.276550
25.293225
25.319375
25.334250
25.346525
25.360850
25.372500
25.388025
25.401575
25.412850
25.427275
25.440850
25.452600
25.466250
25.481675
25.496550
25.527875
25.540875
25.556825
25.572500
25.593925
25.613625
25.622175
25.631200
25.636525
25.641100
25.645675
25.649600
25.654550
25.663850
25.672000
25.685775
25.694050
25.701825
25.716000
25.727200
25.752700
25.779225
25.803225
25.818450
25.840275
25.873125
25.887375
25.897075
25.909700
25.919500
25.925575
25.932275
25.941775
25.948375
25.972250
25.982100
25.992450
26.000975
26.019850
26.027750
26.036875
26.045700
26.055300
26.061400
26.070500
26.080900
26.092525
26.105575
26.120825
26.146875
26.177900
26.232300
26.260225
26.272950
26.303750
26.321550
26.342375
26.361375
26.366475
26.372325
26.374475
26.380825
26.385425
26.390825
26.393900
26.398000
26.418800
26.452525
26.462725
26.488150
26.498700
26.502775
26.509300
26.521575
26.542375
26.546500
26.556750
26.561700
26.575025
26.589275
26.613975
26.629500
26.646800
26.652075
26.661350
26.665500
26.681575
26.690250
26.698350
26.707875
26.718175
26.728500
26.743475
26.753575
26.757950
26.768275
26.773625
26.780150
26.815475
26.821575
26.829775
26.837075
26.846250
26.852525
26.861950
26.868325
26.886875
26.893275
26.901475
26.909175
26.926550
26.932700
26.938325
26.950800
26.970200
26.978625
26.999850
27.016100
27.027875
27.061100
27.083275
27.100450
27.115475
27.130450
27.141925
27.177125
27.194000
27.203975
27.210000
27.216225
27.229275
27.233750
27.237400
27.240400
27.245475
27.272500
27.304950
27.313150
27.320200
27.333150
27.343850
27.366850
27.377325
27.384725
27.392175
27.396725
27.424850
27.438425
27.480950
27.545550
27.572200
27.600200
27.611425
27.633725
27.644675
27.662900
27.674325
27.688850
27.702150
27.726800
27.742525
27.774325
27.784575
27.802725
27.818200
27.833250
27.850500
27.865125
27.883925
27.896775
27.910400
27.927475
27.940100
27.957875
27.968925
27.976900
27.985200
27.990700
27.995475
28.005550
28.012100
28.025200
28.035500
28.048675
28.057575
28.066700
28.080200
28.092425
28.129025
28.145350
28.173525
28.189950
28.212425
28.228750
28.247150
28.270075
28.281800
28.305775
28.321900
28.331375
28.337975
28.348550
28.349825
28.353975
28.358200
28.393725
28.399550
28.407125
28.413575
28.421900
28.443825
28.501700
28.516800
28.534025
28.547325
28.567050
28.584625
28.607275
28.621950
28.642575
28.660450
28.668575
28.682300
28.686875
28.705950
28.707675
28.714275
28.726950
28.757650
28.769050
28.785025
28.802950
28.818275
28.825375
28.841850
28.851000
28.865550
28.874050
28.888575
28.896000
28.909350
28.919325
28.935150
28.962775
28.976850
28.990050
29.001950
29.012100
29.031350
29.044100
29.055275
29.076550
29.091375
29.115025
29.134325
29.157425
29.183425
29.203225
29.218600
29.241250
29.263775
29.301875
29.312725
29.325575
29.340750
29.352750
29.363475
29.376800
29.392975
29.416700
29.431625
29.452125
29.486050
29.511375
29.526750
29.558725
29.584400
29.603175
29.623575
29.641275
29.657675
29.670525
29.706775
29.713925
29.720650
29.726225
29.735650
29.741075
29.750550
29.754525
29.758100
29.779800
29.791825
29.827075
29.836775
29.857400
29.865025
29.884450
29.892750
29.903200
29.916100
29.928450
29.941475
29.951500
29.967700
29.988725
29.998875
