0.015675
0.093225
0.160650
0.197300
0.230950
0.280025
0.337875
0.366850
0.419125
0.470300
0.517750
0.574250
0.710325
0.749175
0.783150
0.830375
0.860850
0.884075
0.903325
0.925025
0.947975
0.969675
0.991325
1.020025
1.037075
1.065325
1.121425
1.191825
1.239175
1.270850
1.301600
1.320100
1.344675
1.369850
1.406225
1.462000
1.510425
1.555675
1.616250
1.692250
1.798100
1.846225
1.906425
2.013400
2.045725
2.079050
2.101525
2.126525
2.144500
2.164150
2.188200
2.214950
2.262000
2.293675
2.317450
2.364750
2.451325
2.568100
2.626150
2.657175
2.711575
2.778100
2.883325
2.929200
3.022550
3.154375
3.251150
3.339150
3.392825
3.522950
3.566500
3.597225
3.636450
3.682050
3.749925
3.878975
3.910725
3.957325
4.007075
4.083075
4.128975
4.187200
4.335825
4.453700
4.584950
4.714750
4.750325
4.773025
4.825725
4.852025
4.881225
4.904225
4.937225
4.962325
5.017450
5.097800
5.203250
5.234150
5.256575
5.304975
5.360600
5.426375
5.483025
5.516950
5.570625
5.663100
5.750350
5.830200
5.989225
6.055925
6.084900
6.111025
6.160425
6.192325
6.227925
6.268125
6.334050
6.409375
6.491825
6.623950
6.692125
6.713025
6.750675
6.781125
6.841450
6.904150
6.930200
6.953850
6.979175
7.013925
7.045550
7.094350
7.136200
7.196550
7.258975
7.342250
7.382475
7.432100
7.480750
7.524650
7.569400
7.648475
7.691025
7.737375
7.836500
7.900875
7.948950
7.983025
8.026250
8.069475
8.121125
8.168000
8.253150
8.483125
8.534250
8.563775
8.585225
8.617175
8.644575
8.664575
8.691600
8.711550
8.737800
8.756450
8.789825
8.816075
8.846450
8.880125
8.920500
8.956125
8.987725
9.017625
9.049700
9.104700
9.147150
9.228450
9.292275
9.356075
9.414000
9.464325
9.523850
9.580175
9.710025
9.874550
9.927725
9.978075
10.012900
10.032225
10.058250
10.084275
10.112600
10.141000
10.186350
10.217375
10.249325
10.322375
10.459650
10.485525
10.529300
10.614750
10.758675
10.820975
10.890925
10.915800
10.944850
10.973250
11.000000
11.048275
11.110825
11.154250
11.207325
11.269025
11.319725
11.366550
11.426000
11.493900
11.579300
11.718750
11.768875
11.813075
11.885275
11.935775
12.107650
12.162600
12.209625
12.258375
12.299775
12.348625
12.398500
12.467225
12.640175
12.686300
12.735275
12.787025
12.846050
12.986425
13.114950
13.224000
13.285500
13.389950
13.424125
13.456250
13.524050
13.601250
13.708775
13.791025
13.894200
13.925325
13.981275
14.030525
14.074175
14.154450
14.233400
14.310975
14.367825
14.401500
14.456925
14.532900
14.573475
14.634225
14.672700
14.726550
14.770725
14.850600
14.945075
14.994300
15.059500
15.142350
15.226800
15.264975
15.306175
15.336025
15.383325
15.449475
15.519625
15.713625
15.744500
15.774650
15.793750
15.819625
15.837150
15.857250
15.875650
15.944625
15.997000
16.093600
16.158575
16.208700
16.298375
16.380450
16.478600
16.515750
16.561475
16.610925
16.656950
16.786475
16.893300
16.925925
16.959575
17.007950
17.025950
17.057400
17.077875
17.120550
17.154450
17.182575
17.228900
17.411950
17.444500
17.476750
17.515400
17.554950
17.607225
17.661875
17.776250
17.846275
17.890150
17.951325
18.048025
18.136550
18.227125
18.269725
18.328950
18.383575
18.437350
18.507375
18.593925
18.718200
18.801825
18.840500
18.866475
18.897350
18.933025
18.959500
18.991300
19.017375
19.069725
19.093700
19.123875
19.157475
19.197200
19.225350
19.267650
19.326100
19.368975
19.407300
19.466875
19.532550
19.562200
19.594300
19.626275
19.648875
19.674675
19.698025
19.719975
19.743325
19.766375
19.791400
19.806850
19.838950
19.854325
19.897675
19.921300
19.936900
19.953650
19.970175
19.992500
20.004550
20.036350
20.057775
20.075275
20.095075
20.130300
20.147300
20.161900
20.186800
20.212525
20.233450
20.250550
20.278500
20.303225
20.371325
20.405850
20.459975
20.490425
20.515250
20.558475
20.592500
20.623525
20.655900
20.688700
20.738300
20.786825
20.862225
20.918700
20.981800
21.040500
21.101125
21.160225
21.209400
21.276225
21.316925
21.390475
21.458000
21.580100
21.624575
21.680300
21.760100
21.823225
21.936300
22.106350
22.176425
22.266300
22.344225
22.416300
22.466925
22.503275
22.542200
22.597300
22.651000
22.694750
22.719600
22.746325
22.783350
22.808825
22.837475
22.866275
22.889400
22.914775
22.939725
22.962750
22.990550
23.021325
23.056775
23.080875
23.109475
23.112950
23.143275
23.160125
23.178000
23.206850
23.236900
23.261125
23.280750
23.305350
23.328075
23.344125
23.371750
23.400450
23.428525
23.451675
23.506925
23.544025
23.589500
23.695675
23.746125
23.802250
23.854650
23.928850
23.956275
24.006375
24.074775
24.123750
24.172500
24.231750
24.324350
24.436100
24.504350
24.609100
24.746450
24.975200
25.091125
25.161950
25.238625
25.354500
25.535300
25.613750
25.761000
25.828425
25.953900
26.084675
26.226250
26.477500
26.560300
26.638400
26.670575
26.746475
26.832675
26.913975
26.985600
27.080975
27.167775
27.275975
27.445200
27.517750
27.627775
27.720725
27.943250
28.162925
28.342375
28.387400
28.418075
28.474175
28.549475
28.614425
28.671775
28.731400
28.791775
28.839000
28.873100
28.918875
28.945900
28.976550
29.031925
29.085850
29.161325
29.221075
29.273250
29.297000
29.313350
29.342150
29.362700
29.383425
29.399775
29.430550
29.455500
29.479050
29.501275
29.530450
29.558100
29.592450
29.648225
29.718150
29.772175
29.834475
29.866550
29.897125
29.976550
