0.026900
0.049875
0.131300
0.137300
0.174850
0.195375
0.210650
0.226200
0.252050
0.264050
0.270150
0.281525
0.317775
0.371750
0.398175
0.446750
0.503725
0.578975
0.610625
0.658875
0.686400
0.713175
0.734100
0.781550
0.851800
0.902950
1.063700
1.097000
1.129300
1.145250
1.192200
1.237325
1.268175
1.296575
1.301375
1.305925
1.325325
1.359925
1.389350
1.456675
1.467675
1.491475
1.561425
1.619525
1.743350
1.781300
1.782925
1.829200
1.888825
2.019375
2.029325
2.039675
2.063025
2.102000
2.190325
2.230975
2.350125
2.422900
2.462750
2.496900
2.550875
2.567500
2.585975
2.602425
2.639375
2.669225
2.723775
2.786300
2.797375
2.835050
2.958850
3.017150
3.050025
3.069800
3.086225
3.132800
3.236150
3.273325
3.330750
3.379550
3.418250
3.462800
3.503025
3.614725
3.648075
3.682350
3.713875
3.778200
3.831625
3.899525
3.993450
4.042300
4.161925
4.202075
4.259175
4.301225
4.327575
4.348175
4.378575
4.391600
4.430950
4.535125
4.581500
4.618050
4.647325
4.733250
4.792175
4.831475
4.884425
4.913375
4.959350
4.972825
5.056400
5.150075
5.187900
5.284650
5.301375
5.329375
5.470750
5.557925
5.602100
5.636925
5.798050
5.880250
5.926925
6.118350
6.236750
6.284100
6.362950
6.441800
6.558825
6.580775
6.628400
6.668950
6.696525
6.745425
6.811750
6.825350
6.865825
6.887025
6.898650
6.919225
6.931025
7.029900
7.229950
7.290075
7.357425
7.377875
7.396950
7.448750
7.482625
7.586550
7.652975
7.746750
7.795650
7.849300
8.008825
8.077800
8.123275
8.170575
8.249050
8.280325
8.323700
8.391900
8.410100
8.429175
8.447100
8.455175
8.472475
8.482400
8.556125
8.620225
8.651175
8.759150
8.834225
8.893975
8.911000
8.952000
8.996225
9.041800
9.049550
9.239975
9.286975
9.410000
9.467050
9.477150
9.486325
9.541975
9.614925
9.628900
9.715425
9.794025
9.884575
9.941800
9.965975
9.969450
9.998425
10.027825
10.118975
10.188875
10.244800
10.259025
10.296250
10.330375
10.339825
10.394475
10.416000
10.439475
10.476525
10.536600
10.583750
10.606350
10.675750
10.738425
10.783600
10.831750
10.877550
10.895325
10.934575
11.004950
11.051775
11.101075
11.128725
11.156450
11.208850
11.282625
11.374825
11.429100
11.481000
11.540875
11.574700
11.618350
11.640425
11.674350
11.721725
11.823125
11.850025
11.888700
11.902650
11.929150
11.969825
11.996050
12.007650
12.019225
12.032975
12.048200
12.095825
12.104350
12.111375
12.129975
12.149100
12.269650
12.299450
12.318550
12.575100
12.659550
12.668850
12.685500
12.786300
12.849475
13.061650
13.110025
13.234200
13.347600
13.375600
13.389150
13.398150
13.467950
13.523725
13.585975
13.648100
13.697225
13.730000
13.796100
14.071350
14.130075
14.141600
14.163875
14.222525
14.312525
14.481500
14.615475
14.643850
14.705075
14.859375
15.059700
15.344025
15.419850
15.462950
15.562825
15.619000
15.688175
15.779325
15.922775
15.951300
15.984475
16.008875
16.038175
16.114525
16.156000
16.168300
16.178000
16.198475
16.232900
16.257475
16.367325
16.437250
16.497250
16.555425
16.570000
16.581750
16.592425
16.604875
16.642300
16.661775
16.694675
16.856875
17.015375
17.043650
17.111475
17.159850
17.296675
17.490225
17.522400
17.568925
17.579400
17.661725
17.679975
17.752475
17.807400
17.897250
17.972275
18.022625
18.055875
18.137700
18.155100
18.174000
18.185300
18.209050
18.276450
18.514450
18.627550
18.684825
18.758875
18.772325
18.783925
18.794450
18.840300
18.889650
19.011000
19.159900
19.215100
19.252875
19.359250
19.393300
19.418600
19.490900
19.579675
19.979425
20.006450
20.009650
20.037350
20.068975
20.100100
20.116000
20.147500
20.209125
20.212675
20.245300
20.272125
20.327575
20.373150
20.694925
20.726225
20.762050
20.800475
20.848825
21.048750
21.173150
21.276950
21.342275
21.387425
21.452250
21.534000
21.539850
21.580050
21.755175
21.859600
21.897025
21.952600
22.081425
22.306175
22.422000
22.487875
22.504000
22.632375
22.931825
23.052625
23.063600
23.269100
23.274525
23.422275
23.544100
23.839150
24.045600
24.060750
24.243675
24.428125
24.432600
24.457700
24.480325
24.549375
24.571925
24.589825
24.641850
24.792575
24.866825
24.990525
25.224750
25.347500
25.364100
25.434225
25.466825
25.516725
25.545475
25.632175
25.735425
25.802000
26.080425
26.152150
26.221625
26.452500
26.501375
26.608625
26.635125
26.654900
26.714650
26.884225
26.995225
27.210350
27.395150
27.544875
27.613675
27.665525
27.732500
27.765750
27.784800
27.924500
27.962200
28.170825
28.269325
28.331700
28.346825
28.445025
28.460100
28.513975
28.775625
28.989400
29.010550
29.174075
29.212550
29.256500
29.325525
29.368150
29.490100
29.537325
29.752575
29.793150
29.906725
29.955000
