0.019525
0.066200
0.091950
0.106625
0.117200
0.184000
0.203925
0.215850
0.284275
0.329050
0.400025
0.426800
0.454625
0.485875
0.495300
0.501725
0.545325
0.563000
0.584625
0.640300
0.713500
0.791125
0.806575
0.828850
0.842350
0.861950
0.867325
0.925125
0.932750
0.939800
0.952725
0.999675
1.070525
1.114300
1.149750
1.191675
1.287575
1.363200
1.378525
1.432225
1.482900
1.499525
1.521175
1.530000
1.554950
1.645725
1.687000
1.858450
1.880025
1.910625
1.945375
1.978100
1.989025
2.000550
2.020925
2.045075
2.105225
2.129475
2.177875
2.197325
2.233725
2.398525
2.413850
2.439950
2.471950
2.493375
2.562175
2.570525
2.605175
2.654325
2.677975
2.694850
2.707725
2.797225
2.811050
2.862775
3.098175
3.148425
3.156250
3.234225
3.247750
3.262075
3.350425
3.445250
3.586800
3.607900
3.623550
3.647725
3.708775
3.747675
3.773025
3.793250
3.821700
3.941675
3.966175
4.018275
4.081525
4.195875
4.225550
4.309200
4.377875
4.447800
4.452600
4.461875
4.486975
4.493625
4.515775
4.536575
4.618400
4.673525
4.852875
4.909825
4.926425
5.008200
5.032125
5.059550
5.167775
5.179500
5.185700
5.189475
5.222000
5.257125
5.283025
5.340950
5.355025
5.383500
5.459950
5.589650
5.618850
5.666600
5.750950
5.761325
5.773150
5.793300
5.889525
5.915850
5.981450
6.014975
6.074175
6.123775
6.173075
6.204475
6.276275
6.295900
6.388500
6.417100
6.596425
6.607975
6.614400
6.644000
6.766225
6.791975
6.811900
6.861625
6.881775
7.179350
7.257225
7.266000
7.287075
7.345775
7.465925
7.502150
7.578175
7.589375
7.592975
7.627650
7.655000
7.688275
7.728475
7.743275
7.775050
7.822825
7.849750
7.933225
7.991500
8.017700
8.028400
8.067300
8.179450
8.203250
8.240125
8.263375
8.357600
8.401325
8.417775
8.480075
8.535625
8.568500
8.585800
8.610800
8.627600
8.728225
9.151100
9.162300
9.185625
9.244325
9.269200
9.364600
9.398425
9.433125
9.467300
9.558450
9.590550
9.694475
9.723450
9.741775
9.768950
9.784650
9.793675
9.818275
9.854200
9.911050
9.979325
10.038975
10.066000
10.135300
10.173775
10.184150
10.265975
10.335550
10.392500
10.432250
10.504875
10.562650
10.642550
10.776300
10.952700
11.150600
11.167175
11.178675
11.188750
11.258550
11.604850
11.657925
11.785625
11.881650
11.896800
12.009425
12.081025
12.133075
12.171225
12.197025
12.254275
12.345700
12.356900
12.505700
12.633750
12.757075
12.830375
12.850425
12.857350
12.869100
12.896850
12.935250
12.981725
13.078250
13.117125
13.151200
13.165175
13.205925
13.226300
13.267775
13.312525
13.338600
13.410650
13.440875
13.465000
13.484750
13.520625
13.539375
13.567975
13.614650
13.716600
13.742425
13.783825
13.800575
13.824450
13.848575
13.889350
13.921350
13.964800
14.028825
14.081350
14.107150
14.125400
14.159400
14.171725
14.200275
14.249025
14.312750
14.337175
14.367075
14.391900
14.425275
14.471175
14.514150
14.544625
14.637150
14.741450
14.756275
14.799450
14.812525
14.835825
14.859800
14.868675
14.905625
14.991350
15.004375
15.031500
15.071050
15.116100
15.215125
15.279975
15.343900
15.358550
15.400950
15.412800
15.498575
15.534825
15.561325
15.583800
15.659550
15.688000
15.707800
15.725375
15.780725
15.802250
15.952025
15.969725
16.029125
16.052725
16.091325
16.105875
16.128750
16.159925
16.179425
16.195700
16.313225
16.345850
16.378800
16.409175
16.434850
16.467050
16.479050
16.570475
16.590850
16.642700
16.655450
16.690175
16.747650
16.762975
16.783225
16.858025
16.905250
16.959775
16.999900
17.020250
17.082400
17.097000
17.131000
17.156075
17.180175
17.219950
17.267950
17.302725
17.330325
17.453875
17.493300
17.520325
17.544500
17.578750
17.619125
17.649825
17.697425
17.717875
17.756925
17.780175
17.806175
17.844875
17.871775
17.896775
17.913350
17.948975
18.025425
18.034225
18.061725
18.080775
18.101675
18.126850
18.158000
18.187350
18.214575
18.245975
18.262875
18.286750
18.356925
18.396100
18.423300
18.442050
18.473550
18.524625
18.552250
18.587450
18.630750
18.646275
18.671900
18.753150
18.774775
18.796850
18.807000
18.859650
18.887900
18.903625
18.925375
18.977650
19.012325
19.194650
19.228475
19.257750
19.326175
19.362600
19.456400
19.505750
19.539650
19.550000
19.587175
19.671425
19.686700
19.722275
19.796700
19.949950
19.998000
20.011350
20.076400
20.166675
20.252550
20.303875
20.317100
20.347450
20.418675
20.431100
20.440550
20.476400
20.506875
20.518700
20.532325
20.560225
20.572100
20.614625
20.629975
20.726500
20.883825
20.903750
20.942350
20.954650
20.990525
21.055925
21.146575
21.185650
21.219025
21.237200
21.273075
21.296950
21.315875
21.351275
21.393575
21.443200
21.467975
21.490075
21.572750
21.655325
21.789200
21.798150
21.800900
21.844300
21.869725
21.911750
21.989975
22.107450
22.138725
22.156750
22.162900
22.215825
22.269475
22.307925
22.336400
22.361150
22.397025
22.433375
22.515800
22.548550
22.566025
22.696775
22.749475
22.814700
22.893100
22.922875
22.945450
22.964125
22.975200
23.062925
23.074075
23.087975
23.108850
23.174625
23.243100
23.276450
23.338825
23.361300
23.380350
23.430950
23.544325
23.616675
23.634275
23.658900
23.719600
23.782050
23.861800
23.911500
23.972275
24.025150
24.073700
24.121000
24.165325
24.205400
24.307325
24.328175
24.338100
24.347725
24.357475
24.407675
24.476850
24.503250
24.570975
24.593750
24.645975
24.713100
24.738375
24.797900
24.837850
24.895175
24.918450
24.977650
25.048325
25.139025
25.213725
25.248175
25.289250
25.299975
25.344000
25.436550
25.478150
25.506750
25.643600
25.672675
25.752475
25.763100
25.799300
25.854750
25.896750
25.935425
26.019700
26.093000
26.175625
26.186500
26.204300
26.205550
26.269325
26.314625
26.413225
26.458025
26.571650
26.613775
26.625425
26.658325
26.733825
26.858050
26.890775
26.957800
26.990225
27.068000
27.087400
27.150075
27.173925
27.226550
27.294825
27.344925
27.390200
27.443500
27.452725
27.498325
27.524625
27.668675
27.684200
27.714350
27.725275
27.745825
27.781125
27.941750
28.027700
28.097625
28.138325
28.144550
28.155975
28.210600
28.228500
28.268025
28.295800
28.482050
28.494525
28.505800
28.536000
28.628700
28.671675
28.697825
28.755575
28.778575
28.798475
28.808150
28.828050
28.852100
28.922850
28.943225
28.989300
29.112650
29.148825
29.246125
29.272875
29.289050
29.325100
29.332925
29.373675
29.426400
29.536800
29.559725
29.574150
29.590075
29.622425
29.631850
29.679900
29.696425
29.727125
29.804050
29.895275
29.904200
29.924125
29.989550
