0.023550
0.037525
0.071825
0.107025
0.154000
0.202625
0.283075
0.316275
0.346200
0.379050
0.397225
0.432725
0.543175
0.561050
0.595500
0.659450
0.694625
0.710750
0.727600
0.742775
0.761550
0.806575
0.857475
0.891600
0.944825
0.999825
1.075625
1.121775
1.138075
1.150650
1.170375
1.183675
1.202350
1.250000
1.267875
1.296525
1.330900
1.394900
1.413075
1.465825
1.485100
1.513925
1.533650
1.637900
1.655575
1.703375
1.776225
1.793000
1.838275
1.887450
1.904225
2.098225
2.131100
2.171100
2.194625
2.224900
2.240650
2.264850
2.278300
2.313875
2.381575
2.398325
2.465025
2.534100
2.592275
2.656775
2.739400
2.754275
2.838250
2.877925
2.893900
2.950775
2.985950
3.008250
3.118725
3.219200
3.264225
3.341550
3.420725
3.444025
3.466700
3.602750
3.639750
3.679250
3.694025
3.708800
3.725400
3.767050
3.824875
3.861475
3.883950
3.905325
4.004725
4.044825
4.058025
4.074575
4.094550
4.114375
4.132325
4.152450
4.226100
4.288500
4.312350
4.416875
4.434700
4.450825
4.538075
4.555900
4.594650
4.654550
4.676200
4.742800
4.756800
4.777600
4.794300
4.837450
4.855450
4.934625
4.953625
5.011200
5.052300
5.092575
5.114925
5.131375
5.209925
5.234000
5.339725
5.363075
5.403500
5.421425
5.441900
5.460550
5.500225
5.540050
5.606625
5.644225
5.814475
5.894675
5.949800
6.063550
6.082825
6.258700
6.292075
6.382775
6.397425
6.465850
6.625425
6.643550
6.664675
6.700800
6.762875
6.777425
6.821575
6.837375
6.894200
7.080625
7.095600
7.112400
7.175925
7.191750
7.250175
7.294025
7.370950
7.412450
7.428725
7.521200
7.537525
7.619775
7.740450
7.757125
7.776700
7.794900
7.810550
7.897125
7.913550
7.928025
8.001375
8.077350
8.097775
8.120200
8.180650
8.337375
8.399825
8.578600
8.722525
8.791700
8.854425
8.922300
8.946425
8.991525
9.052375
9.074350
9.231625
9.287250
9.306700
9.348725
9.402525
9.456475
9.470750
9.510400
9.564425
9.707075
9.726725
9.801725
9.817350
9.843675
9.880500
9.915300
9.953525
9.972250
10.014525
10.034900
10.053900
10.070825
10.118725
10.132600
10.156900
10.208550
10.242000
10.359350
10.411300
10.467875
10.537750
10.593150
10.650775
10.702975
10.723575
10.745350
10.780325
10.804650
10.896525
10.930650
10.983350
11.014750
11.103350
11.128025
11.149625
11.173975
11.336125
11.392075
11.464950
11.488725
11.509525
11.555300
11.652575
11.678700
11.699200
11.819675
11.892475
11.937600
12.026750
12.048650
12.141350
12.169600
12.203425
12.243425
12.261375
12.305550
12.326625
12.351950
12.375750
12.420625
12.527000
12.549000
12.561775
12.636850
12.651550
12.731775
12.800200
12.833250
12.844925
12.884550
12.903675
12.924100
12.943400
12.965525
12.986975
13.088300
13.115450
13.140800
13.163675
13.188025
13.210100
13.245475
13.333375
13.446275
13.482125
13.541200
13.579150
13.592575
13.628925
13.661225
13.698775
13.735175
13.748550
13.802525
13.833025
13.848175
13.864900
13.879925
13.967700
13.990100
14.024225
14.144700
14.182350
14.207550
14.235900
14.256975
14.295250
14.322150
14.335400
14.351850
14.365875
14.394150
14.408525
14.435075
14.480725
14.498925
14.565425
14.584750
14.688450
14.726675
14.758050
14.807375
14.858350
14.889025
14.942650
15.008025
15.041025
15.083975
15.180850
15.235350
15.252225
15.269775
15.321775
15.481625
15.541725
15.557875
15.575550
15.623450
15.640775
15.652150
15.670450
15.687975
15.700725
15.716900
15.729425
15.742575
15.755150
15.776750
15.806600
15.835625
15.880675
15.914150
15.950150
15.966675
15.982725
16.033125
16.052025
16.077275
16.146225
16.194825
16.244775
16.262675
16.313100
16.347625
16.364875
16.381875
16.446250
16.463325
16.515675
16.552450
16.570850
16.626550
16.643300
16.662275
16.681075
16.701850
16.796150
16.817625
16.835400
16.866300
16.928100
16.946575
16.968025
16.996400
17.013525
17.064400
17.128725
17.163200
17.217700
17.236600
17.276700
17.323850
17.454775
17.522350
17.562600
17.627350
17.640250
17.691200
17.715925
17.735025
17.756050
17.801175
17.834575
17.871325
17.930525
17.968050
18.007525
18.024550
18.060050
18.079600
18.115725
18.127525
18.145400
18.168550
18.246000
18.262875
18.278375
18.339825
18.361250
18.381525
18.442275
18.458350
18.481800
18.592625
18.607700
18.623525
18.633550
18.656625
18.688350
18.732950
18.749975
18.764825
18.795775
18.888125
19.051250
19.135250
19.153925
19.208100
19.226000
19.314725
19.383350
19.401000
19.418750
19.437650
19.518250
19.537675
19.589650
19.624325
19.701600
19.724475
19.738775
19.755850
19.771475
19.817250
19.834875
19.863775
19.986875
20.056650
20.086525
20.112350
20.176950
20.187950
20.258975
20.271475
20.284600
20.300825
20.313650
20.362525
20.393150
20.413900
20.428650
20.533700
20.552675
20.566975
20.581275
20.599225
20.651325
20.684225
20.795325
20.837900
20.858975
20.878475
20.915825
20.947650
20.964400
20.977400
21.048675
21.062450
21.077825
21.092400
21.105150
21.131075
21.148150
21.196150
21.254425
21.274550
21.292425
21.368850
21.403925
21.422675
21.475925
21.494350
21.525950
21.539600
21.574100
21.591525
21.642025
21.661600
21.680600
21.699350
21.832450
21.847325
21.879775
21.946350
21.982975
22.001850
22.079875
22.117400
22.146350
22.162075
22.173750
22.185000
22.205975
22.222950
22.234325
22.248025
22.294300
22.304525
22.327475
22.349375
22.360875
22.372225
22.421525
22.433575
22.444775
22.468425
22.516600
22.584650
22.623675
22.652800
22.818050
22.848250
22.862750
22.907700
22.955725
22.984300
23.041475
23.057250
23.073350
23.086350
23.100425
23.142700
23.174675
23.216625
23.229825
23.307850
23.326450
23.338675
23.385050
23.459875
23.666450
23.724700
23.796125
23.802175
23.814600
23.829175
23.853475
23.875800
23.887550
23.899700
23.909350
23.935450
23.973825
23.986625
24.007350
24.019800
24.031150
24.060375
24.074500
24.152775
24.176350
24.199200
24.222050
24.257375
24.283900
24.301200
24.312575
24.357175
24.367550
24.394750
24.422800
24.477900
24.507825
24.527000
24.553875
24.587475
24.598525
24.619175
24.633075
24.653850
24.670275
24.722475
24.786350
24.822400
24.899875
24.917225
24.947025
24.985250
25.003325
25.064175
25.082825
25.131350
25.152575
25.213600
25.235075
25.254550
25.271225
25.294675
25.347850
25.365900
25.388175
25.409525
25.471300
25.515625
25.591600
25.609800
25.628125
25.664825
25.684125
25.759125
25.816200
25.832725
25.866675
25.936500
25.952075
25.965800
25.980300
25.999475
26.017075
26.034525
26.134425
26.187725
26.206725
26.244175
26.259425
26.288000
26.303200
26.343625
26.363125
26.382425
26.401050
26.416825
26.474125
26.488950
26.510900
26.587375
26.602050
26.614600
26.646275
26.682050
26.700150
26.717350
26.734325
26.796250
26.872900
26.896600
26.912700
26.972000
27.005425
27.040925
27.057900
27.077700
27.148800
27.194950
27.210675
27.253700
27.301375
27.328575
27.374250
27.436375
27.461650
27.504475
27.528150
27.549650
27.563125
27.588700
27.616725
27.633600
27.657775
27.679150
27.706875
27.753925
27.775425
27.853575
27.932325
27.950750
28.041575
28.103250
28.127225
28.293425
28.389550
28.493750
28.508500
28.530775
28.571175
28.612875
28.639600
28.728800
28.755325
28.818675
28.846700
28.865775
28.890425
28.916025
28.934875
29.000300
29.024450
29.050300
29.124875
29.146175
29.168725
29.193175
29.241175
29.304050
29.385150
29.435675
29.468650
29.486750
29.507400
29.556075
29.626200
29.644225
29.675325
29.705975
29.720925
29.736925
29.770725
29.792150
