1.767400
1.782750
2.652800
2.685975
2.758250
4.188100
4.249250
4.291075
4.467000
5.902300
5.959975
6.274875
7.473250
7.850025
7.865425
7.890600
9.020300
9.508700
10.108675
11.663650
12.375725
13.799675
14.146500
14.315100
14.609475
14.624750
14.693000
15.133825
15.216825
15.383275
15.534050
15.965100
17.630150
18.314775
19.278650
20.053200
20.059450
20.064550
20.070425
20.081325
20.747625
21.027650
21.098550
24.235100
24.241025
24.244575
24.600725
24.987700
25.438000
25.558850
25.622000
25.856125
25.910925
26.567575
26.698325
27.082550
