0.034725
0.060275
0.088550
0.140625
0.176325
0.217350
0.245700
0.308075
0.337225
0.390825
0.478200
0.621100
0.649925
0.677050
0.721800
0.769675
0.801075
0.837775
0.884375
1.049200
1.117225
1.167350
1.189675
1.214875
1.250275
1.292825
1.358150
1.483875
1.543700
1.615400
1.642925
1.676925
1.711700
1.760100
1.800600
1.969700
2.022225
2.058250
2.084000
2.180675
2.235625
2.323800
2.353825
2.458400
2.519100
2.544475
2.561425
2.579925
2.598650
2.631275
2.755475
2.848025
2.914800
2.942425
2.970850
3.006125
3.052050
3.094950
3.137300
3.198575
3.264325
3.385300
3.406075
3.450550
3.487625
3.545175
3.666075
3.769325
3.799475
3.829675
3.849950
3.912325
4.089575
4.121600
4.162375
4.199700
4.254100
4.414125
4.446425
4.496075
4.556425
4.633550
4.697250
4.728550
4.750425
4.774300
4.835100
5.207675
5.245325
5.269775
5.296200
5.343675
5.363475
5.407525
5.463100
5.657150
5.772475
5.815200
6.050500
6.137175
6.177975
6.220425
6.252925
6.553500
6.590525
6.621700
6.678250
6.827025
6.893675
6.956375
6.990725
7.019950
7.047825
7.133900
7.326775
7.362550
7.393300
7.433250
7.471125
7.584075
7.666800
7.903125
7.938225
7.972850
8.003825
8.036050
8.076750
8.136300
8.244025
8.431125
8.454550
8.477450
8.551800
8.586425
8.624650
8.728775
8.802750
8.831000
8.859600
8.889800
8.922500
8.957325
8.994925
9.039200
9.150275
9.228625
9.414900
9.550825
9.594025
9.629200
9.657925
9.682100
9.700625
9.720700
9.747400
9.781700
9.875450
9.970025
9.990925
10.017050
10.042675
10.069625
10.109950
10.189850
10.336425
10.366325
10.404150
10.428325
10.491550
10.540250
10.585775
10.623025
10.652800
10.682050
10.833100
10.947900
10.981850
11.012075
11.046975
11.171950
11.302025
11.334175
11.413625
11.486225
11.548475
11.593325
11.624700
11.681900
11.749800
11.793850
11.834150
11.855800
11.887050
11.918475
11.990250
12.076775
12.147650
12.176450
12.198300
12.234650
12.266675
12.292850
12.351250
12.478175
12.686925
12.721450
12.743325
12.788100
12.862125
12.988475
13.025775
13.047700
13.077600
13.197425
13.298450
13.332950
13.360650
13.385625
13.422350
13.447375
13.485300
13.528575
13.761475
13.797475
13.817500
13.843800
13.862550
13.887475
13.925400
14.035375
14.201150
14.225925
14.265650
14.290150
14.332125
14.382700
14.545325
14.584650
14.611925
14.641500
14.690675
14.726775
14.824950
14.851725
14.879200
14.941250
15.049600
15.099825
15.129100
15.154150
15.272400
15.321950
15.358300
15.391250
15.427650
15.455300
15.518975
15.647400
15.727850
15.763650
15.828525
15.901275
15.916100
15.935650
15.959725
15.973275
15.997225
16.030425
16.061275
16.123975
16.242750
16.291525
16.341875
16.469450
16.578825
16.619225
16.658575
16.694375
16.722150
16.756950
16.776775
16.823250
16.856675
16.948400
16.995375
17.103550
17.128200
17.164725
17.214200
17.298675
17.376000
17.466725
17.489175
17.519950
17.553650
17.586000
17.612200
17.636625
17.677300
17.697125
17.741350
17.760600
17.860825
17.913925
17.954950
17.982175
18.013175
18.038900
18.069250
18.131125
18.192375
18.287175
18.339950
18.384450
18.429050
18.475325
18.525225
18.611500
18.676675
18.756425
18.825025
18.855250
18.889325
18.949575
19.000250
19.106950
19.171225
19.200025
19.223550
19.247150
19.327650
19.360750
19.455050
19.516075
19.581975
19.662850
19.734425
19.843275
20.000525
20.026300
20.049625
20.080250
20.106225
20.142900
20.170800
20.211675
20.261650
20.284200
20.305650
20.338650
20.366200
20.453825
20.510200
20.593500
20.616325
20.633850
20.665075
20.711450
20.788850
20.896675
20.927025
20.952300
20.982125
21.091400
21.235800
21.299875
21.328525
21.377125
21.410150
21.459075
21.490300
21.552575
21.588625
21.614000
21.647250
21.668050
21.700650
21.739575
21.777925
21.969150
22.037400
22.075375
22.122525
22.161000
22.188025
22.256225
22.414225
22.518725
22.582775
22.619075
22.644875
22.667125
22.711250
22.738675
22.765950
22.820325
22.883100
22.993700
23.027650
23.054175
23.084650
23.116525
23.142575
23.176875
23.193750
23.222200
23.246575
23.265750
23.281725
23.303100
23.354800
23.406950
23.471925
23.538825
23.596900
23.640100
23.663300
23.691250
23.735100
23.767200
23.850425
23.971200
24.104750
24.159925
24.183150
24.233725
24.256200
24.294150
24.334650
24.378900
24.587700
24.622825
24.656425
24.732700
24.763950
24.784325
24.831100
24.960400
25.105300
25.143150
25.170250
25.201025
25.233025
25.249300
25.269425
25.290525
25.308975
25.331775
25.376100
25.460575
25.502575
25.532175
25.557050
25.574200
25.592725
25.607575
25.633725
25.658275
25.743075
25.866625
25.903300
25.926625
25.954475
25.980100
26.008500
26.089625
26.179625
26.262900
26.295275
26.319550
26.343675
26.389675
26.409675
26.438100
26.497100
26.609550
26.653500
26.674100
26.699650
26.725600
26.746800
26.778225
26.797575
26.811725
26.831975
26.860700
26.960625
27.077675
27.105600
27.127625
27.149575
27.180600
27.230175
27.316775
27.428450
27.454325
27.474700
27.495175
27.517575
27.537175
27.575425
27.722475
27.885275
27.905550
27.929425
27.958950
27.988050
28.019575
28.111150
28.192625
28.220650
28.257850
28.301475
28.405275
28.470875
28.513350
28.547125
28.579150
28.620675
28.634375
28.668350
28.707525
28.753625
28.814275
28.959650
28.984750
29.003600
29.019575
29.064425
29.109375
29.151500
29.216825
29.274875
29.356325
29.378250
29.393100
29.410825
29.478200
29.573675
29.598875
29.628725
29.656625
29.688775
29.756950
29.833850
29.876550
29.915725
29.970725
