0.094275
0.158175
0.344275
0.479950
0.610900
0.620350
0.675225
0.803100
0.874100
0.905825
1.022000
1.079275
1.229975
1.274650
1.321775
1.333100
1.448275
1.489275
1.598925
1.713450
1.814550
1.881425
1.953150
2.053850
2.226675
2.311575
2.423650
2.444175
2.534125
2.567325
2.619500
2.628775
2.792925
2.797200
2.866050
2.957775
2.962600
3.057475
3.067100
3.149125
3.190775
3.297775
3.311150
3.322775
3.476000
3.481525
3.558575
3.610825
3.632150
3.720625
3.743000
3.844150
3.874775
4.041675
4.106650
4.109700
4.187150
4.277575
4.327775
4.425500
4.503300
4.510875
4.646275
4.702600
4.744575
4.907700
4.926650
4.987100
5.128100
5.153925
5.259300
5.287950
5.352375
5.532600
5.545700
5.646850
5.652575
5.817975
5.870775
5.934950
5.956175
5.962125
6.240425
6.341100
6.344800
6.428475
6.499575
6.559975
6.579225
6.640225
6.787325
6.823500
6.897925
7.001300
7.044100
7.093075
7.171125
7.214975
7.393250
7.444600
7.582100
7.647475
7.663625
7.754850
7.888225
7.988900
8.035250
8.049475
8.137425
8.219225
8.305225
8.479800
8.491050
8.512850
8.662450
8.761575
8.810275
8.829075
8.931425
9.004125
9.016250
9.103575
9.158375
9.210475
9.290375
9.299950
9.316600
9.470225
9.590375
9.629850
9.646525
9.694850
9.703950
9.927000
9.997575
10.048625
10.087575
10.174975
10.228175
10.321700
10.343675
10.372250
10.443550
10.593350
10.762200
10.864475
10.903725
10.913325
11.092700
11.189600
11.304325
11.388275
11.530950
11.541625
11.673350
11.716125
11.729150
11.858425
11.874650
11.974625
12.014625
12.069100
12.179600
12.186050
12.256925
12.261975
12.349475
12.410250
12.427550
12.526275
12.534425
12.648525
12.731825
12.756075
12.900400
12.976600
12.989725
13.006975
13.085300
13.304225
13.312150
13.389150
13.395275
13.475500
13.512475
13.671100
13.715300
13.750550
13.843300
13.856725
13.973325
13.983275
14.079375
14.099550
14.153375
14.211050
14.269675
14.296300
14.513200
14.595075
14.712000
14.736725
14.844350
14.955300
15.051775
15.062125
15.135925
15.147100
15.221800
15.242825
15.308650
15.429875
15.439625
15.530875
15.564500
15.633775
15.769075
15.775025
15.836025
15.844475
15.942425
16.008975
16.082125
16.244950
16.297450
16.312375
16.531400
16.620825
16.633475
16.765050
16.833825
16.856325
16.871775
16.881125
17.148850
17.181275
17.186650
17.263350
17.295800
17.403850
17.471925
17.532200
17.728975
17.789525
17.805000
17.895425
17.935075
17.983325
18.116625
18.229300
18.233325
18.327600
18.340300
18.415675
18.420375
18.508125
18.606725
18.663025
18.667025
18.852350
18.866250
18.932425
19.090350
19.145500
19.188400
19.217825
19.268625
19.277550
19.429950
19.553325
19.675600
19.711550
19.721475
19.828150
19.834425
19.930100
20.012925
20.027500
20.071325
20.234025
20.286900
20.306200
20.356250
20.452750
20.478475
20.622825
20.707800
20.744725
20.796075
20.835800
20.904600
21.041525
21.050625
21.182225
21.243225
21.245350
21.304950
21.319650
21.463475
21.472900
21.542825
21.550100
21.681425
21.700600
21.767900
21.772325
21.832875
21.854725
22.053425
22.222450
22.232950
22.286900
22.376600
22.396675
22.418775
22.498625
22.581725
22.784225
22.810800
22.901300
22.981600
23.060300
23.086600
23.110275
23.248000
23.253700
23.344275
23.391150
23.421025
23.640850
23.655250
23.733450
23.805650
23.889750
23.949575
23.953750
23.960150
24.159000
24.208775
24.276900
24.354000
24.445025
24.465500
24.616250
24.690425
24.732600
24.818275
25.015875
25.028625
25.032425
25.096050
25.103675
25.278775
25.368825
25.373725
25.424700
25.472825
25.481325
25.747600
25.808800
25.824350
25.844125
25.996925
26.036675
26.071650
26.094250
26.268375
26.273900
26.348750
26.415475
26.474825
26.515500
26.587875
26.597875
26.718400
26.730075
26.839600
26.849500
26.911725
26.947225
27.032400
27.066550
27.077875
27.205100
27.259125
27.341750
27.430300
27.704075
27.809225
27.852175
27.858600
27.936950
28.040725
28.100375
28.233650
28.316725
28.373450
28.472975
28.483950
28.493275
28.626175
28.639800
28.726200
28.754950
28.841950
28.849950
28.934150
29.021075
29.100350
29.203675
29.264475
29.354625
29.373575
29.407125
29.494075
29.544900
29.639025
29.674250
29.690275
29.866950
29.887200
29.949150
29.966225
