0.072225
0.075975
0.163000
0.188925
0.288325
0.305875
0.353525
0.410650
0.425125
0.528650
0.614225
0.679175
0.726625
0.734300
0.753200
0.779750
0.862625
0.877400
0.906775
0.958600
0.972050
0.980825
1.008675
1.098025
1.193600
1.264875
1.271025
1.322300
1.352850
1.419300
1.452950
1.495775
1.540975
1.549175
1.556100
1.582475
1.588075
1.711200
1.715100
1.787950
1.812975
1.862700
1.887075
1.901500
1.935950
2.005625
2.020675
2.084475
2.115550
2.143950
2.244025
2.264250
2.276625
2.409350
2.430850
2.441575
2.488775
2.494250
2.529150
2.533525
2.598800
2.695950
2.729475
2.753100
2.846075
2.870750
2.909600
2.927825
2.997675
3.006500
3.025025
3.034525
3.041400
3.073350
3.080750
3.121425
3.130675
3.246875
3.333850
3.448950
3.489250
3.617825
3.707875
3.717350
3.731375
3.747075
3.857975
4.012425
4.022475
4.071525
4.083775
4.093250
4.117325
4.123150
4.195050
4.211625
4.240625
4.244975
4.325350
4.369100
4.374125
4.407150
4.437450
4.446175
4.477650
4.499500
4.535600
4.559325
4.674600
4.750600
4.837975
5.018300
5.099050
5.104950
5.178350
5.242825
5.249475
5.277475
5.337250
5.367925
5.426250
5.489725
5.573325
5.582325
5.746650
5.783525
5.808100
5.832225
5.917950
5.923225
5.993550
6.112050
6.136350
6.184325
6.261125
6.290425
6.345900
6.384475
6.438200
6.456250
6.505850
6.520625
6.585900
6.622000
6.676025
6.719225
6.764400
6.838575
6.842125
6.954525
6.973450
7.005700
7.057800
7.072750
7.094950
7.125475
7.224350
7.420225
7.457950
7.587225
7.607800
7.847325
7.875375
7.976650
8.002950
8.009375
8.190200
8.240400
8.289850
8.312000
8.344850
8.370375
8.411825
8.421225
8.475400
8.507250
8.524125
8.538675
8.636900
8.685900
8.748200
8.836175
8.892650
8.998350
9.075650
9.136500
9.218525
9.243100
9.265575
9.371675
9.379075
9.500200
9.995375
10.055375
10.098275
10.102675
10.120075
10.264075
10.284225
10.319075
10.459075
10.470425
10.504775
10.620825
10.686400
10.762625
10.842275
10.874075
11.033200
11.170125
11.174050
11.230450
11.236050
11.604950
11.768400
11.848475
11.901225
11.954575
12.055325
12.069200
12.224950
12.240600
12.278875
12.297125
12.362425
12.416775
12.499825
12.526175
12.546075
12.584975
12.675100
12.717475
12.724525
13.058450
13.335675
13.407625
13.735525
13.838350
13.933700
14.084575
14.318600
14.400575
14.536175
14.565300
14.669550
15.032750
15.763225
15.998500
16.033600
16.122625
16.225625
17.091425
17.524350
17.810250
17.876525
18.162400
18.296850
18.695975
18.720375
18.830250
18.947225
19.089975
19.220225
19.873200
20.042675
20.418875
20.638900
20.649950
20.666750
20.685425
20.745700
20.770775
20.780325
20.796950
20.823325
20.954650
20.958875
21.059950
21.333025
21.340725
21.531450
21.558600
21.727575
21.732875
21.821300
21.969550
22.006850
22.032275
22.088600
22.257575
22.317225
22.407725
22.528075
22.561450
22.642975
22.680575
22.771500
22.823450
22.884275
22.906325
22.942400
23.043125
23.106700
23.158900
23.249500
23.387450
23.432600
23.441100
23.445350
23.486675
23.528375
23.674675
23.829325
23.945950
24.172975
24.182600
24.189625
24.212825
24.247250
24.275575
24.325050
24.342700
24.398750
24.444100
24.504625
24.606975
24.645675
24.705850
24.714650
24.744300
24.756125
24.771975
24.917025
24.931600
25.078125
25.305875
25.327950
25.336600
25.375250
25.389150
25.422600
25.545225
25.639400
25.732650
25.800050
25.904825
26.119550
26.165250
26.187225
26.228075
26.245250
26.447300
26.516850
26.623700
26.668750
26.767200
26.786675
26.870325
26.890175
26.951175
26.993575
27.054500
27.069850
27.226600
27.288575
27.438375
27.500475
27.545475
27.569750
27.626025
27.785450
27.808250
27.863725
27.936475
28.093825
28.129650
28.301475
28.414250
28.458150
28.591650
28.668225
28.831100
29.012075
29.081200
29.141375
29.192825
29.307350
29.521275
29.617175
29.632400
29.643900
29.767250
29.796775
29.820950
29.833025
29.843150
29.851875
29.866200
29.960225
