0.019825
0.040750
0.060725
0.109075
0.123225
0.134375
0.158375
0.183975
0.192450
0.200975
0.233300
0.237200
0.247150
0.265250
0.294875
0.312475
0.345000
0.373150
0.395575
0.423200
0.468875
0.483850
0.503275
0.520775
0.543050
0.580600
0.588900
0.608950
0.615800
0.623225
0.624350
0.633600
0.650725
0.655450
0.667050
0.674150
0.675500
0.680400
0.687350
0.702525
0.742750
0.803425
0.835775
0.893675
0.918250
0.958475
0.988075
1.005850
1.026950
1.040400
1.111700
1.118700
1.127075
1.134775
1.147850
1.156300
1.161325
1.168900
1.188825
1.197475
1.239200
1.248000
1.265050
1.275350
1.311975
1.313500
1.328375
1.353025
1.370375
1.399175
1.479425
1.492575
1.515175
1.541675
1.588150
1.606925
1.628975
1.637675
1.658050
1.695500
1.753850
1.790425
1.836425
1.874125
1.899550
1.906575
1.915925
1.939800
1.948700
1.958875
1.969975
1.990925
2.015175
2.044100
2.056325
2.071100
2.129975
2.168675
2.187400
2.220225
2.236975
2.257875
2.293775
2.310800
2.332750
2.367325
2.380625
2.386675
2.401900
2.409350
2.417800
2.469650
2.493075
2.533400
2.593750
2.677875
2.699525
2.739275
2.831275
2.854150
2.879700
2.903550
2.911725
2.919525
2.927525
2.951325
2.958050
2.970300
2.980275
2.997725
3.005625
3.010475
3.015625
3.025775
3.039650
3.047700
3.055625
3.071650
3.085000
3.100875
3.108175
3.116525
3.126050
3.170600
3.199775
3.215375
3.230950
3.246450
3.294200
3.340375
3.354625
3.390825
3.392425
3.420725
3.429750
3.472725
3.478550
3.482100
3.489250
3.506625
3.568525
3.627575
3.644675
3.663425
3.686625
3.745550
3.763525
3.819050
3.833425
3.841675
3.864375
3.873325
3.880550
3.884825
3.886225
3.893250
3.902275
3.914000
3.930150
3.942450
3.980675
3.994275
4.002950
4.021975
4.050925
4.062325
4.074050
4.089200
4.099950
4.126475
4.143925
4.223725
4.241575
4.252625
4.263025
4.272450
4.287375
4.294050
4.320825
4.332300
4.346325
4.379350
4.386575
4.408275
4.438625
4.483225
4.499400
4.543950
4.556525
4.569850
4.638900
4.658450
4.667725
4.689450
4.701400
4.710275
4.720875
4.733100
4.759300
4.773125
4.788075
4.884100
4.896350
4.947175
4.969425
4.981100
4.990925
4.995650
5.004625
5.010675
5.018950
5.027750
5.054825
5.088700
5.101450
5.108450
5.120000
5.183175
5.197325
5.198025
5.212100
5.220125
5.228200
5.252725
5.324975
5.345825
5.357850
5.396700
5.414275
5.461600
5.470325
5.475275
5.507325
5.557275
5.574200
5.599025
5.624575
5.664950
5.702825
5.730225
5.747150
5.749500
5.760550
5.781700
5.838000
5.849700
5.860800
5.874400
5.888300
5.907850
5.935250
5.971850
6.084975
6.099375
6.115100
6.123150
6.160375
6.192325
6.203750
6.221300
6.233275
6.259525
6.272425
6.287650
6.303075
6.314350
6.325850
6.340525
6.352975
6.360700
6.370225
6.424625
6.446175
6.457500
6.465350
6.475725
6.484200
6.495325
6.581425
6.594775
6.604800
6.619375
6.643575
6.657100
6.691200
6.716175
6.854900
6.872650
6.893575
6.900800
6.911075
6.938050
6.950775
6.959225
7.003650
7.018725
7.037100
7.102000
7.116375
7.130525
7.143925
7.161350
7.267700
7.278225
7.307900
7.334175
7.345250
7.355150
7.367725
7.379575
7.416200
7.441925
7.451775
7.462475
7.495000
7.512075
7.538700
7.556375
7.576875
7.632925
7.663850
7.684150
7.730325
7.747075
7.756175
7.788050
7.800525
7.806775
7.824825
7.859800
7.863525
7.875800
7.904500
7.943950
7.962550
7.978900
7.990175
8.005450
8.016650
8.026775
8.036800
8.058625
8.060675
8.094500
8.139550
8.167700
8.185750
8.202975
8.236050
8.261625
8.275050
8.297400
8.356950
8.371575
8.384325
8.395050
8.400425
8.403650
8.424775
8.425775
8.437225
8.457525
8.513075
8.560225
8.584250
8.599725
8.625475
8.640650
8.656925
8.725075
8.775300
8.794750
8.815100
8.835275
8.851075
8.872900
8.892875
8.920200
8.963350
8.981875
9.001000
9.020400
9.059825
9.084075
9.109850
9.129150
9.143425
9.164175
9.184325
9.203275
9.231875
9.257025
9.276675
9.284150
9.334800
9.338225
9.347050
9.356550
9.370575
9.381125
9.391325
9.401850
9.410925
9.418925
9.434925
9.457625
9.459900
9.483775
9.495925
9.521325
9.540825
9.558975
9.641600
9.667350
9.751475
9.775925
9.783650
9.793350
9.803725
9.813550
9.825400
9.858850
9.871625
9.917350
10.045575
10.065225
10.091025
10.106250
10.127925
10.134800
10.176775
10.185525
10.199850
10.220100
10.233500
10.243375
10.256500
10.267800
10.340700
10.405325
10.477525
10.501275
10.523450
10.575400
10.594800
10.635000
10.642500
10.679350
10.680200
10.716375
10.741075
10.753900
10.766975
10.775625
10.798625
10.805725
10.821750
10.836525
10.844825
10.856825
10.949300
10.992450
11.011800
11.030525
11.054025
11.073500
11.107475
11.168725
11.213775
11.227175
11.235675
11.256550
11.278425
11.288250
11.300725
11.357750
11.372825
11.390450
11.410575
11.447200
11.491675
11.536325
11.562200
11.579975
11.596350
11.619600
11.640800
11.695225
11.710025
11.749725
11.762625
11.775125
11.791800
11.809275
11.823800
11.841475
11.861475
11.892275
11.924300
11.941075
11.960300
11.990575
12.009750
12.053600
12.123150
12.156100
12.173775
12.193450
12.214425
12.231525
12.249000
12.267600
12.284450
12.309650
12.422975
12.469325
12.488025
12.496975
12.556175
12.575275
12.583125
12.590100
12.598425
12.606800
12.639975
12.648775
12.671150
12.684550
12.697025
12.711975
12.725825
12.744500
12.760800
12.781825
12.864925
12.886500
12.908125
12.934700
12.959375
12.975850
12.999375
13.015600
13.042475
13.055400
13.072900
13.081525
13.188250
13.206725
13.235225
13.255125
13.280000
13.327375
13.346775
13.363000
13.398725
13.445850
13.525900
13.533975
13.551425
13.624575
13.662250
13.680750
13.698375
13.721150
13.757000
13.790325
13.928400
13.955400
13.970625
13.980200
13.999475
14.007150
14.019025
14.026025
14.038200
14.049250
14.061625
14.074300
14.085575
14.104450
14.114675
14.126000
14.147650
14.175400
14.194725
14.223825
14.283075
14.342425
14.379200
14.398050
14.423150
14.454550
14.474100
14.496150
14.574050
14.588900
14.607250
14.660675
14.677150
14.707675
14.733425
14.746800
14.769775
14.777525
14.795925
14.805350
14.819375
14.830700
14.855175
14.872850
14.911400
14.931650
14.966000
15.011850
15.028650
15.069525
15.091225
15.113175
15.133775
15.196050
15.223500
15.227275
15.247100
15.269525
15.320525
15.362700
15.426050
15.483850
15.498150
15.520725
15.566350
15.624525
15.641025
15.658375
15.681175
15.692200
15.703100
15.708675
15.715550
15.726000
15.735350
15.736975
15.739125
15.755525
15.828700
15.937525
15.953200
15.983200
16.004025
16.021600
16.040250
16.095500
16.165325
16.183925
16.201500
16.211075
16.217275
16.252775
16.270825
16.290175
16.314275
16.335625
16.356775
16.379250
16.398475
16.422625
16.435200
16.447275
16.456750
16.480900
16.491050
16.505400
16.523375
16.543550
16.558025
16.578900
16.642950
16.671250
16.712175
16.731675
16.747425
16.770425
16.806825
16.822475
16.833775
16.846200
16.909550
16.939050
16.957375
16.967575
16.980825
16.985825
17.004950
17.016275
17.029850
17.043800
17.071175
17.107950
17.133225
17.150200
17.175650
17.207725
17.208350
17.215425
17.233900
17.263400
17.274325
17.284925
17.305450
17.382550
17.434500
17.457750
17.464525
17.469450
17.488175
17.511300
17.555500
17.595750
17.611800
17.662300
17.704225
17.711675
17.736525
17.755075
17.778800
17.831050
17.872775
17.888700
17.898700
17.909700
17.934750
17.976525
17.993375
18.012175
18.028850
18.065800
18.079575
18.100900
18.126725
18.150350
18.171875
18.194375
18.292575
18.316375
18.336200
18.370425
18.378275
18.402600
18.415025
18.419875
18.423725
18.446125
18.471500
18.473125
18.482100
18.490400
18.500100
18.510000
18.516900
18.525850
18.542775
18.572775
18.586050
18.596050
18.607975
18.696025
18.722125
18.743725
18.766675
18.789000
18.807500
18.823600
18.859800
18.880150
18.887475
18.895750
18.903375
18.918325
18.922000
18.926450
18.941975
18.949125
18.956600
18.973175
18.977825
18.988850
19.000150
19.006750
19.016250
19.120850
19.140875
19.160600
19.192250
19.213175
19.231925
19.238325
19.244500
19.249325
19.288325
19.318250
19.337125
19.347825
19.358550
19.384375
19.401250
19.423275
19.443075
19.458450
19.500675
19.535325
19.581450
19.616600
19.650050
19.696050
19.712225
19.722025
19.758425
19.771750
19.810600
19.822200
19.855300
19.882600
19.903200
19.914275
19.927925
19.938925
19.948700
19.965400
19.981950
19.994775
20.034400
20.063375
20.084550
20.125200
20.237150
20.255550
20.282025
20.296150
20.329950
20.369375
20.421450
20.452775
20.471075
20.488550
20.525075
20.581100
20.610450
20.626125
20.644925
20.662500
20.677325
20.689975
20.714275
20.740650
20.753900
20.768325
20.779875
20.832050
20.874050
20.881375
20.898525
20.932150
20.951525
20.965050
20.988650
21.062250
21.078050
21.097300
21.121800
21.145175
21.169625
21.185575
21.207725
21.219950
21.234575
21.247400
21.261850
21.277850
21.291250
21.309150
21.327675
21.338800
21.356975
21.388625
21.425650
21.454100
21.526725
21.557100
21.577750
21.607200
21.646500
21.701475
21.740900
21.749625
21.764200
21.781725
21.792750
21.795925
21.813950
21.829725
21.851775
21.908125
21.927800
21.954125
21.976850
22.000425
22.077075
22.096775
22.100750
22.104850
22.114525
22.124950
22.150300
22.166900
22.206200
22.242975
22.299800
22.323550
22.338525
22.342625
22.389450
22.425225
22.443825
22.484500
22.499100
22.518600
22.532150
22.547100
22.570575
22.590175
22.594750
22.595775
22.605150
22.612200
22.644900
22.697875
22.728850
22.744700
22.763925
22.780025
22.794150
22.806550
22.820400
22.870825
22.942850
22.976825
22.988350
23.014625
23.031450
23.044850
23.101900
23.119425
23.160050
23.181825
23.195775
23.246925
23.252025
23.284575
23.293675
23.314650
23.332425
23.347475
23.350800
23.359775
23.381525
23.404200
23.426700
23.498775
23.523650
23.535975
23.571975
23.594450
23.615125
23.635525
23.655200
23.698900
23.738850
23.759075
23.772275
23.789400
23.798925
23.807175
23.822425
23.826975
23.837950
23.851475
23.882550
23.899025
23.913875
23.948100
23.968450
23.997800
24.023125
24.037250
24.048000
24.077275
24.099600
24.117400
24.138775
24.156500
24.173175
24.243050
24.289875
24.329350
24.341825
24.369075
24.380475
24.392600
24.401100
24.415900
24.436250
24.481050
24.488000
24.490925
24.533075
24.552275
24.560175
24.569300
24.602900
24.617675
24.623825
24.641925
24.655375
24.708825
24.760900
24.783125
24.797800
24.816025
24.848950
24.853225
24.870725
24.921325
24.963950
24.988750
25.009875
25.031025
25.043150
25.061800
25.073800
25.078550
25.098275
25.106675
25.129675
25.139200
25.153400
25.176975
25.197850
25.248100
25.270225
25.283600
25.306425
25.351000
25.370350
25.405500
25.416925
25.448300
25.457700
25.458925
25.516125
25.569925
25.634925
25.651175
25.669150
25.704750
25.759025
25.776100
25.792025
25.801625
25.808100
25.824000
25.825275
25.829350
25.832775
25.867975
25.887850
25.902675
25.923350
25.932175
25.937075
25.942925
25.957650
25.965500
26.011825
26.026575
26.041600
26.042850
26.088125
26.106550
26.119250
26.133150
26.146200
26.203425
26.213950
26.234725
26.251025
26.302425
26.315650
26.344675
26.380400
26.401150
26.486300
26.512275
26.527825
26.546800
26.562375
26.576900
26.638475
26.647450
26.656875
26.694375
26.738925
26.761150
26.772175
26.874375
27.014275
27.063925
27.099125
27.127475
27.141250
27.148200
27.158475
27.167000
27.187400
27.195250
27.210950
27.217250
27.243800
27.289275
27.310725
27.332225
27.366800
27.448400
27.470375
27.498375
27.508700
27.509750
27.530350
27.575950
27.587125
27.618550
27.640825
27.667275
27.680500
27.693550
27.707325
27.724950
27.759600
27.792350
27.808775
27.835475
27.851500
27.886575
27.909800
27.947600
27.966275
27.994750
28.029700
28.044250
28.076525
28.104500
28.113475
28.131550
28.148775
28.171475
28.190375
28.212025
28.227000
28.240900
28.286075
28.303600
28.360800
28.403225
28.444450
28.485750
28.530000
28.615725
28.636025
28.651850
28.681575
28.696625
28.711000
28.716450
28.725825
28.741125
28.755275
28.765450
28.777650
28.788925
28.795775
28.799300
28.805775
28.810875
28.825000
28.840650
28.867125
28.893275
28.913075
28.931200
28.959050
28.975950
29.034375
29.049825
29.069825
29.099600
29.221325
29.246400
29.279425
29.312525
29.328900
29.352050
29.370000
29.396725
29.412050
29.457550
29.510425
29.604325
29.612950
29.617675
29.626350
29.656650
29.677650
29.717075
29.767300
29.793325
29.854650
29.873750
29.964450
29.976450
