0.018125
0.026850
0.047375
0.060800
0.065725
0.072000
0.076250
0.089850
0.099100
0.125550
0.130300
0.171350
0.197000
0.227200
0.242900
0.260750
0.275125
0.290725
0.303350
0.312150
0.339450
0.353850
0.369525
0.404300
0.429350
0.440825
0.460425
0.482450
0.495325
0.521650
0.541700
0.554825
0.580475
0.597875
0.636600
0.654225
0.670600
0.695600
0.712950
0.730675
0.750225
0.759600
0.774375
0.792050
0.813850
0.830975
0.852450
0.866850
0.891375
0.911875
0.930825
0.947725
0.964850
0.980275
0.995475
1.019600
1.036825
1.052850
1.075675
1.098475
1.135175
1.151600
1.178875
1.205600
1.242875
1.259975
1.270525
1.281175
1.296425
1.305125
1.317225
1.341950
1.355675
1.368450
1.377450
1.395175
1.413675
1.428800
1.455750
1.475075
1.501950
1.526625
1.560075
1.571175
1.596575
1.611600
1.626400
1.643000
1.671125
1.689525
1.708050
1.725625
1.743200
1.759625
1.771375
1.791200
1.820375
1.838750
1.859025
1.882025
1.899850
1.929100
1.950675
1.970575
1.985575
2.018075
2.039525
2.057725
2.069775
2.084050
2.097275
2.111175
2.126325
2.135225
2.144550
2.155250
2.161875
2.166300
2.187200
2.193200
2.207475
2.216375
2.232550
2.249275
2.258350
2.284775
2.301475
2.327475
2.335775
2.350050
2.381650
2.399625
2.413550
2.424975
2.441825
2.459225
2.475800
2.513300
2.527425
2.544925
2.574050
2.587275
2.612775
2.636775
2.658725
2.679050
2.700825
2.721250
2.740875
2.759400
2.774100
2.788450
2.805175
2.822875
2.842050
2.857900
2.902850
2.922625
2.948400
2.965075
2.983225
3.002925
3.021625
3.033650
3.045925
3.058825
3.076250
3.088075
3.105925
3.127350
3.136575
3.157950
3.170725
3.197275
3.219350
3.245200
3.274950
3.291025
3.327400
3.349550
3.365050
3.381850
3.393675
3.402175
3.419900
3.430700
3.449825
3.461900
3.477725
3.505775
3.523125
3.534850
3.550725
3.555050
3.578175
3.585800
3.599000
3.620050
3.655700
3.670950
3.687500
3.711875
3.732500
3.749325
3.770050
3.789800
3.812975
3.832300
3.848800
3.874550
3.883575
3.898750
3.913950
3.936975
3.951375
3.965250
3.982325
4.021400
4.040650
4.053300
4.070400
4.093125
4.119175
4.139750
4.159375
4.179500
4.200100
4.219225
4.235625
4.247325
4.284700
4.305550
4.322700
4.340975
4.351525
4.363850
4.404025
4.417825
4.435825
4.450775
4.471775
4.493150
4.511375
4.540325
4.559525
4.585275
4.609825
4.626925
4.650825
4.687100
4.705600
4.727875
4.731750
4.747000
4.766875
4.774425
4.784325
4.801725
4.813600
4.819125
4.830150
4.836400
4.851400
4.865025
4.878575
4.906675
4.928475
4.937600
4.949600
4.962225
4.975300
4.982075
4.994900
5.008950
5.036400
5.050300
5.063975
5.079375
5.093300
5.110525
5.125275
5.151225
5.171950
5.194125
5.214125
5.240600
5.262800
5.275000
5.291225
5.307450
5.316075
5.327450
5.343275
5.356275
5.371575
5.382775
5.395600
5.409375
5.425025
5.438225
5.459925
5.478950
5.497900
5.508825
5.522325
5.532725
5.540000
5.557425
5.567800
5.580000
5.587300
5.600925
5.610750
5.627300
5.636425
5.660250
5.675375
5.698325
5.712275
5.727550
5.749200
5.765225
5.783175
5.799600
5.822125
5.866500
5.882550
5.907100
5.928450
5.954750
5.985650
5.998375
6.008650
6.020450
6.028800
6.036725
6.047750
6.059275
6.068000
6.081325
6.095675
6.113575
6.125850
6.148750
6.175275
6.196575
6.212500
6.241225
6.253525
6.292875
6.307600
6.324700
6.333600
6.345975
6.359075
6.369225
6.391050
6.399000
6.424250
6.429175
6.439425
6.453000
6.460625
6.473275
6.487075
6.516575
6.528200
6.553400
6.568700
6.575425
6.589325
6.600075
6.609350
6.620825
6.635100
6.650575
6.657600
6.671200
6.682925
6.692525
6.702150
6.711425
6.720700
6.731100
6.737450
6.767100
6.788775
6.806275
6.818725
6.835025
6.858050
6.873000
6.889275
6.904325
6.919425
6.935700
6.951400
6.964475
6.975225
6.994900
7.010000
7.029000
7.049050
7.061550
7.079150
7.115425
7.130650
7.145725
7.159425
7.177525
7.193725
7.209425
7.223925
7.242825
7.255925
7.271700
7.287625
7.306625
7.328925
7.367000
7.384225
7.401150
7.418650
7.434175
7.461450
7.477875
7.505550
7.513350
7.527825
7.540775
7.550675
7.581950
7.601225
7.612100
7.629200
7.645775
7.661250
7.675800
7.690725
7.715200
7.730475
7.742300
7.774300
7.793575
7.813725
7.833175
7.846625
7.870275
7.886750
7.909550
7.929900
7.949775
7.959775
7.970975
7.978875
7.991250
8.000300
8.009750
8.023225
8.030275
8.039375
8.049050
8.057100
8.093000
8.104575
8.124675
8.146725
8.180850
8.220650
8.256800
8.266425
8.277800
8.289475
8.308050
8.328425
8.346050
8.363475
8.398675
8.414625
8.441000
8.459050
8.478675
8.495550
8.516075
8.542275
8.557225
8.566950
8.575950
8.585725
8.593250
8.603450
8.618275
8.648875
8.655225
8.668750
8.682200
8.705425
8.718250
8.736000
8.750525
8.768450
8.787275
8.801525
8.813050
8.829250
8.851525
8.873800
8.896625
8.910800
8.925175
8.940475
8.952300
8.971350
8.982925
8.998725
9.020125
9.039825
9.060225
9.077225
9.091575
9.100625
9.125900
9.141550
9.163425
9.182450
9.192625
9.213425
9.226450
9.245400
9.263375
9.278900
9.296550
9.311700
9.329950
9.342625
9.354850
9.376400
9.409975
9.423600
9.448050
9.462500
9.490875
9.504175
9.534750
9.570675
9.590975
9.612350
9.626425
9.646900
9.668050
9.681625
9.712900
9.735675
9.763425
9.786725
9.802325
9.821575
9.836100
9.854925
9.872200
9.888925
9.937475
9.959500
9.974800
9.996850
10.017625
10.036450
10.048225
10.066125
10.084500
10.093850
10.106525
10.126675
10.136400
10.153150
10.167725
10.183300
10.201600
10.223775
10.237825
10.253425
10.280275
10.294275
10.311125
10.338475
10.371675
10.399275
10.420325
10.441725
10.467150
10.479575
10.488775
10.502700
10.507900
10.550925
10.560625
10.587475
10.602475
10.617300
10.625850
10.647150
10.658325
10.672800
10.685225
10.702850
10.715800
10.735075
10.765400
10.789350
10.801200
10.814425
10.825000
10.842500
10.860600
10.870550
10.891300
10.940375
10.951225
10.967350
10.984725
11.003075
11.023075
11.043475
11.060075
11.085050
11.103000
11.146000
11.161600
11.178250
11.190775
11.198475
11.229600
11.253650
11.266775
11.273150
11.295425
11.316450
11.332325
11.338475
11.354100
11.366075
11.380050
11.393975
11.411825
11.429850
11.448025
11.459600
11.493650
11.513600
11.530275
11.548600
11.569175
11.589775
11.601275
11.611800
11.622975
11.633950
11.668600
11.679850
11.693450
11.720225
11.735350
11.751225
11.769975
11.788850
11.809850
11.826725
11.848550
11.856200
11.870675
11.887675
11.902725
11.918250
11.938025
11.991750
11.999475
12.009625
12.022400
12.039750
12.053975
12.067825
12.077675
12.097925
12.112200
12.130875
12.143375
12.155475
12.170925
12.181050
12.197000
12.220750
12.242175
12.260200
12.280400
12.299175
12.335175
12.354650
12.383675
12.401175
12.420175
12.430875
12.446025
12.465875
12.481275
12.500550
12.513925
12.526650
12.540275
12.546225
12.564875
12.579550
12.589675
12.603875
12.613450
12.623500
12.632125
12.645550
12.659850
12.676925
12.688700
12.698775
12.713575
12.723625
12.746525
12.756200
12.768975
12.794725
12.806125
12.819025
12.829475
12.846025
12.863875
12.881575
12.897700
12.914525
12.930400
12.953475
12.971875
12.998600
13.007425
13.019825
13.039375
13.058500
13.085550
13.097250
13.110200
13.126225
13.134425
13.149200
13.161350
13.178150
13.188075
13.205725
13.222100
13.240175
13.261975
13.278500
13.292475
13.307600
13.334925
13.354875
13.368975
13.387250
13.403375
13.421825
13.433400
13.450700
13.461700
13.473125
13.485350
13.496225
13.508450
13.527300
13.546425
13.564825
13.579650
13.597200
13.614475
13.633775
13.668900
13.685275
13.701650
13.716050
13.733025
13.763900
13.783850
13.793575
13.808025
13.818925
13.829825
13.840400
13.854275
13.864800
13.875975
13.886425
13.891025
13.903975
13.908975
13.927800
13.939900
13.966625
13.980525
13.990325
14.007775
14.029550
14.045375
14.060825
14.072675
14.093525
14.116450
14.129600
14.160400
14.181000
14.201775
14.216075
14.229650
14.239500
14.250050
14.272525
14.281275
14.292475
14.307975
14.318825
14.336275
14.350925
14.367600
14.392275
14.410700
14.432400
14.450300
14.461300
14.480575
14.496400
14.510050
14.523475
14.539400
14.549925
14.568775
14.583000
14.606525
14.619625
14.626075
14.641725
14.654550
14.667450
14.679800
14.693225
14.707850
14.721475
14.739975
14.755075
14.772000
14.788800
14.803400
14.822600
14.835575
14.850225
14.889450
14.903275
14.920525
14.943450
14.991825
15.027775
15.042625
15.064875
15.083700
15.095200
15.111275
15.127025
15.139900
15.155975
15.175625
15.196250
15.213225
15.248600
15.266725
15.283425
15.314550
15.330400
15.344075
15.355925
15.388625
15.413475
15.428650
15.445050
15.468575
15.483100
15.508925
15.539650
15.552725
15.562775
15.569725
15.575225
15.584525
15.614025
15.637450
15.652075
15.713225
15.727250
15.734925
15.740800
15.762050
15.774050
15.786275
15.807575
15.843175
15.869850
15.886850
15.908725
15.917900
15.934700
15.946875
15.956675
15.970225
15.999350
16.011925
16.029675
16.041050
16.058775
16.079250
16.096825
16.109950
16.122275
16.142300
16.162400
16.182800
16.204150
16.219850
16.242050
16.259050
16.276450
16.291350
16.315200
16.338875
16.368600
16.383025
16.398550
16.410850
16.428475
16.444700
16.455100
16.469425
16.494075
16.505775
16.518700
16.531775
16.544550
16.559200
16.586625
16.598825
16.610875
16.625550
16.641700
16.682025
16.714975
16.739075
16.757675
16.771700
16.799350
16.813600
16.839050
16.854675
16.868075
16.888175
16.908450
16.930125
16.945400
16.962075
16.971800
16.978450
16.997675
17.020800
17.042800
17.058975
17.085025
17.106300
17.131050
17.152075
17.167125
17.185075
17.197825
17.207550
17.226200
17.250925
17.265975
17.280600
17.297575
17.309075
17.321850
17.344925
17.359050
17.378575
17.396675
17.416600
17.431500
17.483425
17.497150
17.514150
17.526725
17.540150
17.566700
17.580350
17.597075
17.614300
17.646175
17.657525
17.669675
17.680325
17.713225
17.729675
17.742300
17.769100
17.780100
17.803975
17.820075
17.837025
17.857425
17.874025
17.899300
17.915700
17.937975
17.956325
17.969000
17.976950
17.988650
18.001175
18.014375
18.025425
18.043475
18.057200
18.089425
18.103250
18.113325
18.129525
18.145550
18.157075
18.167975
18.186425
18.212025
18.228075
18.245900
18.261900
18.278050
18.294350
18.338525
18.348150
18.362700
18.384775
18.398350
18.418875
18.435700
18.451150
18.468375
18.481675
18.493400
18.504525
18.519000
18.539775
18.553175
18.570650
18.590875
18.606775
18.622725
18.640850
18.653825
18.689225
18.706500
18.731750
18.755625
18.775250
18.785450
18.798500
18.813950
18.830950
18.847000
18.865425
18.895250
18.907475
18.924425
18.938450
18.952900
18.972000
19.001550
19.024475
19.038250
19.055925
19.073200
19.094050
19.110700
19.135075
19.169725
19.184300
19.207075
19.230975
19.245750
19.267225
19.277800
19.291775
19.307075
19.323025
19.339350
19.355150
19.396575
19.415950
19.428700
19.454750
19.471900
19.487225
19.512425
19.531825
19.547150
19.560200
19.582775
19.606125
19.626075
19.643025
19.663250
19.682550
19.692925
19.711200
19.731475
19.747075
19.769050
19.783275
19.792825
19.818975
19.832900
19.852200
19.870950
19.896625
19.909500
19.929025
19.953100
19.977300
19.995700
20.022800
20.041225
20.062700
20.087950
20.101900
20.113450
20.122175
20.150200
20.159000
20.164400
20.176125
20.186550
20.193475
20.204400
20.213350
20.223450
20.243200
20.257825
20.274450
20.286975
20.307350
20.325275
20.348675
20.365875
20.382875
20.395975
20.433625
20.450675
20.473650
20.493925
20.518025
20.532275
20.553900
20.579300
20.602400
20.623450
20.639800
20.654375
20.663850
20.676325
20.687700
20.702075
20.717875
20.738975
20.754725
20.771925
20.791775
20.809525
20.828225
20.848525
20.863600
20.886175
20.906575
20.934600
20.960375
20.981075
21.016475
21.035700
21.053650
21.074000
21.087725
21.099600
21.117900
21.132825
21.150325
21.158225
21.174075
21.192950
21.211200
21.228950
21.237375
21.266075
21.281225
21.302425
21.321350
21.341900
21.357025
21.375075
21.401475
21.422800
21.441925
21.465400
21.484650
21.499575
21.514325
21.528075
21.533975
21.546100
21.561950
21.576825
21.590375
21.603675
21.642925
21.661250
21.667100
21.685100
21.697225
21.707350
21.719350
21.730050
21.738775
21.754175
21.772125
21.787125
21.805150
21.823550
21.839250
21.852900
21.887500
21.899300
21.923650
21.944975
21.975375
21.991825
22.015650
22.034950
22.056450
22.080050
22.111600
22.122775
22.133700
22.145500
22.159150
22.175025
22.197775
22.212200
22.236375
22.251650
22.270175
22.301875
22.318575
22.335950
22.359650
22.385525
22.408650
22.432200
22.444700
22.482375
22.509225
22.535125
22.555125
22.568725
22.587425
22.603800
22.624725
22.639500
22.658600
22.677950
22.702100
22.728625
22.747850
22.779975
22.808125
22.817175
22.847625
22.878650
22.896325
22.908675
22.923900
22.952075
22.967775
22.985900
23.001150
23.022900
23.031725
23.049950
23.073275
23.096575
23.115750
23.137925
23.157100
23.186175
23.200725
23.221575
23.243875
23.260700
23.283050
23.306925
23.325575
23.343125
23.361825
23.379750
23.394600
23.406875
23.419525
23.434300
23.445225
23.469475
23.485700
23.508300
23.520250
23.548650
23.568500
23.582225
23.601000
23.618475
23.635275
23.648350
23.659000
23.680200
23.695225
23.705925
23.712525
23.725775
23.743800
23.753725
23.768775
23.781050
23.798250
23.811375
23.833900
23.853475
23.866000
23.876900
23.886125
23.900125
23.928975
23.944150
23.964875
23.972250
23.985100
24.014150
24.026775
24.042050
24.071550
24.095675
24.118025
24.134600
24.152300
24.168800
24.192775
24.211825
24.231150
24.252500
24.266075
24.281850
24.293575
24.304875
24.319125
24.332600
24.345350
24.357725
24.376300
24.393225
24.407575
24.426700
24.452850
24.473850
24.493500
24.510575
24.530100
24.547000
24.560675
24.594400
24.602600
24.619275
24.633000
24.647175
24.666850
24.682600
24.695775
24.733825
24.754600
24.782675
24.800850
24.821950
24.847025
24.861800
24.886125
24.901550
24.916500
24.925750
24.933625
24.946025
24.955625
24.969050
24.986250
24.998750
25.011450
25.024200
25.035250
25.051250
25.060900
25.074375
25.086775
25.091275
25.108675
25.129625
25.147650
25.164275
25.185025
25.198325
25.220700
25.235850
25.259925
25.278425
25.299775
25.325100
25.335475
25.358450
25.378525
25.397000
25.417750
25.436250
25.456125
25.472975
25.482375
25.498050
25.513900
25.524825
25.538825
25.556200
25.573350
25.591350
25.607700
25.621025
25.651575
25.673125
25.687450
25.708175
25.745450
25.762950
25.779450
25.796150
25.814650
25.824350
25.833600
25.843000
25.863275
25.869900
25.875800
25.892550
25.906925
25.917950
25.930525
25.938225
25.945800
25.968100
25.981300
25.989425
26.004650
26.032250
26.043850
26.050100
26.063925
26.091300
26.107800
26.115350
26.136850
26.141425
26.152450
26.170125
26.181575
26.196800
26.207675
26.225350
26.238825
26.262675
26.276000
26.292750
26.299000
26.317950
26.330425
26.347975
26.370475
26.385925
26.402575
26.430275
26.462675
26.473325
26.480550
26.499150
26.517525
26.535225
26.550350
26.562350
26.578175
26.591325
26.607450
26.631275
26.648000
26.664950
26.687350
26.712075
26.757100
26.765825
26.776725
26.787950
26.802325
26.812625
26.828875
26.857800
26.872450
26.886875
26.906075
26.928675
26.953850
26.972775
26.982100
26.991050
27.001650
27.010625
27.029425
27.069325
27.078250
27.117275
27.136675
27.150475
27.168050
27.173925
27.188800
27.196000
27.203825
27.227550
27.235725
27.244600
27.251625
27.301600
27.316250
27.329725
27.345300
27.371350
27.422325
27.427150
27.432950
27.477450
27.517100
27.538000
27.543775
27.627700
27.638275
27.645300
27.660900
27.674225
27.717900
27.732400
27.758325
27.775175
27.784825
27.810700
27.862850
27.880800
27.895500
27.916600
27.941025
27.950050
27.964450
27.980775
27.993950
28.017450
28.032525
28.038725
28.060000
28.073300
28.089775
28.101375
28.112950
28.140550
28.155775
28.167025
28.196850
28.209900
28.224500
28.235450
28.251225
28.276850
28.289475
28.316200
28.338800
28.352425
28.380700
28.395775
28.416250
28.438200
28.448750
28.461475
28.479175
28.504400
28.517175
28.529225
28.568850
28.581550
28.608025
28.617050
28.628300
28.659850
28.674675
28.690550
28.729975
28.751150
28.768375
28.783175
28.790450
28.808850
28.824500
28.833275
28.848625
28.861200
28.875875
28.901550
28.915975
28.929675
28.946750
28.965225
28.979425
28.999100
29.019275
29.036550
29.052950
29.066775
29.079750
29.113025
29.120900
29.134300
29.149875
29.160525
29.177050
29.192700
29.205650
29.239175
29.257900
29.285500
29.307825
29.324000
29.330775
29.340100
29.345450
29.355100
29.362325
29.398400
29.412950
29.429325
29.444525
29.476075
29.490900
29.513675
29.528400
29.542450
29.558750
29.578950
29.596800
29.622150
29.643375
29.657325
29.686150
29.700750
29.725000
29.746450
29.766000
29.776500
29.799175
29.810675
29.824725
29.838175
29.854150
29.868550
29.882550
29.898850
29.910750
29.936550
29.953075
29.970150
29.984925
