0.085525
0.120950
0.152275
0.190175
0.223675
0.246200
0.252325
0.262350
0.273500
0.279275
0.288825
0.363000
0.386025
0.466350
0.525575
0.560850
0.608200
0.635975
0.656425
0.676775
0.693325
0.703425
0.709325
0.819375
0.846275
0.870250
0.916225
0.928500
0.976425
1.003050
1.050700
1.074550
1.097925
1.179475
1.240600
1.273450
1.289400
1.324350
1.345375
1.353800
1.363450
1.373050
1.424400
1.441850
1.465350
1.515650
1.536200
1.578925
1.603650
1.623150
1.675900
1.700200
1.710850
1.737675
1.746400
1.754125
1.767875
1.775300
1.789850
1.812875
1.841175
1.893675
1.908600
1.973225
2.030525
2.063775
2.082175
2.112825
2.134325
2.161250
2.187425
2.232300
2.257050
2.264875
2.272500
2.287775
2.293025
2.297700
2.305975
2.309800
2.317925
2.321850
2.362050
2.376025
2.424150
2.446775
2.485675
2.508400
2.539475
2.618625
2.657725
2.687925
2.719000
2.753175
2.773800
2.791050
2.801650
2.809925
2.815825
2.822550
2.829400
2.835225
2.853950
2.862475
2.878675
2.986250
2.993550
3.023300
3.038550
3.081675
3.141125
3.161875
3.203425
3.221250
3.250925
3.284675
3.301250
3.323600
3.341550
3.357975
3.403975
3.420350
3.434075
3.457200
3.471825
3.476050
3.486800
3.493425
3.496475
3.501900
3.507900
3.524200
3.573600
3.614025
3.622225
3.670600
3.687125
3.697400
3.743050
3.777475
3.802875
3.836825
3.851200
3.886400
3.912950
4.000650
4.076750
4.105200
4.136375
4.184500
4.210725
4.246850
4.323700
4.366100
4.390125
4.407325
4.425375
4.442350
4.468775
4.474175
4.479775
4.511525
4.574975
4.630325
4.723175
4.771875
4.806925
4.853175
4.888025
4.905900
4.936675
4.961900
5.001150
5.034200
5.082650
5.108125
5.117275
5.127575
5.135650
5.149725
5.157225
5.178350
5.198400
5.222550
5.233475
5.281075
5.317700
5.359550
5.420725
5.439950
5.485050
5.510100
5.535525
5.555200
5.585825
5.599875
5.618725
5.640600
5.681525
5.696875
5.711875
5.729700
5.738775
5.779800
5.794800
5.822250
5.872100
5.880825
5.894125
5.904800
5.914050
5.934300
6.030925
6.090675
6.104125
6.140900
6.172925
6.185950
6.202200
6.218975
6.239500
6.289750
6.319450
6.344875
6.369025
6.396300
6.403900
6.416975
6.422100
6.484150
6.489050
6.590825
6.705100
6.755500
6.788725
6.812225
6.830625
6.837375
6.849900
6.876625
6.886225
6.905525
6.916650
6.933350
6.974750
6.994575
7.009150
7.083100
7.100250
7.117100
7.129375
7.142875
7.165225
7.178550
7.287625
7.298800
7.319925
7.338000
7.349175
7.355525
7.365175
7.392750
7.465525
7.490375
7.578950
7.598150
7.632650
7.653700
7.677050
7.699475
7.710600
7.720225
7.731925
7.748425
7.786175
7.807925
7.837950
7.851075
7.868275
7.899625
7.911425
7.960700
7.999900
8.009600
8.013325
8.088350
8.124000
8.172875
8.225825
8.265500
8.288425
8.305175
8.317825
8.327875
8.368750
8.380900
8.407825
8.416125
8.540800
8.582875
8.612800
8.675325
8.689700
8.706050
8.734450
8.745825
8.763125
8.770300
8.785175
8.825075
8.847775
8.853900
8.868975
8.933025
8.993000
9.038750
9.073225
9.105875
9.126250
9.153850
9.164900
9.185300
9.222275
9.251300
9.262450
9.303650
9.327575
9.343825
9.376500
9.387150
9.401200
9.453525
9.495900
9.522150
9.545400
9.584125
9.630825
9.655425
9.695325
9.714575
9.756925
9.766075
9.775125
9.790650
9.798275
9.809925
9.850700
9.949875
9.996725
10.077900
10.092675
10.118375
10.138550
10.170750
10.186800
10.222275
10.236775
10.257075
10.275150
10.283975
10.320675
10.345725
10.387000
10.411650
10.463750
10.474950
10.495825
10.519300
10.544525
10.587100
10.611025
10.636325
10.649875
10.672275
10.713225
10.728775
10.752675
10.780875
10.792475
10.812250
10.820850
10.873525
10.891000
10.913150
10.927950
10.943275
10.967875
10.984925
10.996075
11.109575
11.125800
11.143725
11.174950
11.223700
11.246500
11.266050
11.280800
11.305675
11.341275
11.345500
11.383825
11.444675
11.458750
11.474000
11.520275
11.540925
11.573425
11.627550
11.656125
11.694300
11.756850
11.764925
11.769775
11.782700
11.809325
11.833175
11.891450
11.934350
11.955650
11.976100
12.039100
12.065575
12.084475
12.101075
12.116200
12.148375
12.153675
12.179200
12.186450
12.225525
12.277825
12.354225
12.397600
12.423650
12.450175
12.470525
12.499350
12.521825
12.541025
12.548150
12.557950
12.571850
12.578725
12.647525
12.668025
12.686350
12.710200
12.739850
12.787800
12.809775
12.829225
12.842050
12.848850
12.853100
12.885200
12.891950
12.906075
12.914925
12.958900
12.975725
12.995650
13.034125
13.055250
13.102825
13.113650
13.126225
13.234425
13.258875
13.282175
13.314875
13.343825
13.365875
13.397400
13.417650
13.425725
13.432800
13.440825
13.488825
13.518275
13.532400
13.547925
13.615500
13.635625
13.659225
13.674125
13.686050
13.711050
13.724400
13.770175
13.792575
13.808300
13.845250
13.873300
13.908825
13.950925
13.976975
14.015325
14.035625
14.048650
14.061350
14.073875
14.080225
14.094100
14.150800
14.189800
14.253375
14.273150
14.300250
14.324075
14.358800
14.376575
14.394425
14.414450
14.447475
14.525100
14.545900
14.571350
14.607900
14.627750
14.641250
14.651375
14.656200
14.662650
14.668775
14.675850
14.690950
14.699025
14.721450
14.728575
14.754200
14.763750
14.781950
14.799425
14.890300
14.917525
14.947450
14.968375
14.998125
15.008350
15.018250
15.033925
15.054775
15.061825
15.069025
15.078950
15.084625
15.108875
15.122725
15.138975
15.181200
15.197575
15.214450
15.304575
15.325350
15.342800
15.360200
15.366375
15.445550
15.466075
15.495925
15.524200
15.558725
15.582000
15.598900
15.624425
15.648500
15.657200
15.673250
15.701850
15.714100
15.728775
15.740800
15.751000
15.768375
15.811750
15.845150
15.857200
15.870275
15.878250
15.900150
15.917125
15.977125
16.002325
16.060450
16.065975
16.069325
16.082300
16.091825
16.102675
16.113625
16.154500
16.175950
16.197700
16.222975
16.286750
16.307900
16.333975
16.360325
16.384575
16.406725
16.426500
16.440350
16.449300
16.455175
16.476625
16.490400
16.551425
16.575150
16.588575
16.594075
16.642400
16.676950
16.719975
16.744275
16.806275
16.818800
16.868225
16.913825
16.940900
16.956500
16.973100
17.030675
17.047150
17.061750
17.091525
17.111850
17.143950
17.180000
17.249700
17.277600
17.378750
17.427725
17.464475
17.486450
17.509250
17.547725
17.566525
17.585925
17.614525
17.632375
17.659100
17.678850
17.710850
17.736275
17.785400
17.815275
17.831375
17.877175
17.920100
17.947875
17.976275
18.037975
18.077300
18.109025
18.115925
18.128100
18.144775
18.211250
18.234925
18.298475
18.355950
18.377450
18.415275
18.441550
18.481625
18.501600
18.529025
18.593050
18.621025
18.632075
18.656450
18.670475
18.680650
18.707650
18.740525
18.756200
18.808600
18.842675
18.880500
18.909375
18.945000
18.997075
19.013925
19.031825
19.046925
19.100825
19.110925
19.172875
19.189125
19.200800
19.263475
19.280800
19.288225
19.309525
19.329800
19.343750
19.372675
19.402425
19.452150
19.475450
19.499475
19.559975
19.586350
19.596975
19.626300
19.637875
19.679875
19.688675
19.700100
19.712325
19.724775
19.735200
19.749000
19.758975
19.769025
19.791225
19.807325
19.829850
19.843800
19.864925
19.884000
19.899675
19.912650
19.929625
19.960650
19.985425
20.017800
20.066925
20.119775
20.139725
20.162500
20.204375
20.218900
20.232925
20.274150
20.281150
20.314450
20.328250
20.359325
20.380075
20.397575
20.453050
20.477450
20.511075
20.534625
20.571900
20.630225
20.658050
20.691700
20.707625
20.718000
20.729825
20.739650
20.753925
20.775850
20.805425
20.837225
20.854600
20.871850
20.897650
20.919225
20.933700
21.000175
21.027625
21.058675
21.079750
21.115750
21.141525
21.235050
21.256225
21.328800
21.354350
21.371875
21.388450
21.401200
21.423750
21.456200
21.485125
21.509600
21.517775
21.544775
21.553100
21.564350
21.575875
21.591675
21.643275
21.657075
21.687850
21.724200
21.757850
21.783725
21.813250
21.838625
21.864250
21.895925
21.936025
21.948950
21.959075
21.973775
21.982825
21.994875
22.025100
22.043675
22.054275
22.074525
22.138575
22.156700
22.185875
22.198500
22.213325
22.217550
22.221375
22.308075
22.350475
22.419050
22.440150
22.464425
22.477600
22.485850
22.491875
22.513750
22.524000
22.564675
22.603175
22.690575
22.704925
22.717700
22.725775
22.745950
22.800875
22.822275
22.848900
22.934225
22.962850
23.021175
23.043700
23.087700
23.107975
23.139400
23.216725
23.274475
23.288700
23.327425
23.342150
23.378550
23.395550
23.415200
23.445225
23.482525
23.507175
23.525300
23.564950
23.585450
23.604650
23.616350
23.623300
23.628675
23.635825
23.648450
23.664650
23.670675
23.681325
23.701225
23.736575
23.752200
23.767600
23.779675
23.810950
23.821150
23.847775
23.864150
23.874100
23.889250
23.906575
23.923725
23.940200
23.959250
24.021575
24.044175
24.063350
24.099850
24.139100
24.157250
24.181550
24.197250
24.213225
24.280950
24.300025
24.320975
24.349425
24.366450
24.380700
24.420900
24.433375
24.442400
24.451650
24.467150
24.486400
24.505000
24.522275
24.549850
24.584000
24.611475
24.645750
24.686000
24.724825
24.759150
24.789875
24.800000
24.857525
24.871725
24.881425
24.894000
24.909450
24.926550
24.940100
24.980100
25.003475
25.031100
25.057100
25.084575
25.102625
25.114875
25.142000
25.172775
25.188925
25.206350
25.214750
25.229175
25.269500
25.279100
25.293350
25.317300
25.346875
25.395850
25.407425
25.419300
25.433350
25.459725
25.522500
25.535725
25.556175
25.571750
25.584425
25.612450
25.633900
25.681175
25.691475
25.780775
25.793625
25.814325
25.846950
25.858075
25.911150
25.942275
25.951500
25.986050
25.997900
26.014525
26.032350
26.048700
26.061525
26.074175
26.101175
26.179200
26.194225
26.204900
26.223075
26.233550
26.267475
26.278150
26.293750
26.308125
26.348750
26.381300
26.436075
26.452425
26.469025
26.526775
26.538875
26.548250
26.556375
26.571375
26.608050
26.616800
26.629075
26.638675
26.670700
26.684100
26.766125
26.789850
26.806550
26.857450
26.871775
26.895950
26.919250
26.970900
27.032500
27.078375
27.089550
27.106125
27.117400
27.141550
27.179975
27.191025
27.215775
27.268725
27.280175
27.294325
27.303225
27.321925
27.335875
27.362325
27.373475
27.459875
27.473000
27.523750
27.543350
27.567000
27.588350
27.609200
27.622925
27.655650
27.672175
27.706025
27.719250
27.742300
27.751075
27.773450
27.813625
27.826700
27.845950
27.864400
27.905825
27.949675
27.976125
27.999650
28.022125
28.041525
28.057650
28.096225
28.108150
28.118475
28.130925
28.170800
28.213275
28.275600
28.294900
28.310075
28.332675
28.364175
28.407575
28.447425
28.462725
28.480750
28.500475
28.526150
28.547100
28.570975
28.594600
28.614875
28.657150
28.732000
28.764950
28.784600
28.802675
28.812125
28.822875
28.836150
28.846650
28.861250
28.873750
28.890625
28.911550
28.925500
28.942750
28.997100
29.018375
29.083500
29.097175
29.115350
29.132425
29.145300
29.165600
29.189925
29.218575
29.232550
29.269825
29.295400
29.316275
29.333075
29.363425
29.387825
29.398925
29.427700
29.485850
29.507850
29.522100
29.532600
29.538350
29.543600
29.553825
29.576900
29.583550
29.612700
29.624425
29.701575
29.727975
29.749850
29.771675
29.778475
29.788100
29.812350
29.824850
29.925875
29.962925
29.994375
