0.071975
0.126550
0.170325
0.205325
0.258500
0.429575
0.596300
0.629475
0.729625
0.779575
0.802025
0.870150
1.112225
1.131525
1.154325
1.269575
1.309750
1.652225
1.728100
1.980975
2.038275
2.076900
2.379900
2.591050
3.186425
4.091300
4.189950
4.248900
4.303275
4.311025
4.336325
4.587650
4.764025
4.829050
4.853325
4.885900
4.901300
5.617400
6.779275
7.267275
7.296750
7.316000
7.390175
7.590600
7.663025
7.761425
7.812525
7.830975
7.842825
7.909875
8.059725
8.208925
8.369750
8.589775
8.612225
8.735425
9.064825
9.195625
9.286625
9.324650
9.367675
9.649750
9.660275
9.682850
9.734875
9.887875
10.066600
10.197250
10.303025
10.447250
10.470200
10.605300
10.927675
10.984200
11.031375
11.234025
11.268425
11.318500
11.570275
11.604975
11.783675
11.849800
11.937125
12.016450
12.103600
12.228500
12.357300
12.394200
12.536975
12.693475
12.727800
12.809950
12.869750
12.894325
12.925400
12.993800
13.053975
13.158300
13.201800
13.255225
13.613175
13.649925
13.675100
14.233850
14.244275
14.702600
14.735275
14.781275
14.825300
14.889200
14.902375
14.929925
14.956425
15.862875
16.033800
16.377050
16.546150
16.682375
16.834525
16.887550
16.984350
17.045850
17.133625
17.241125
17.309400
17.565150
17.700175
17.755950
17.821900
18.166650
18.230000
18.294375
18.319125
18.426125
18.480350
18.517325
18.565525
18.586450
18.619925
18.718550
18.832925
19.254150
19.356900
19.431225
19.574575
19.651750
19.725400
19.825500
19.871275
19.960500
19.989100
20.047700
20.091325
20.103050
20.149925
20.502150
20.512000
20.981275
21.399475
21.452700
21.573400
22.058900
22.098325
22.373650
22.456075
22.617200
22.685000
22.688400
22.796575
22.807450
22.832525
22.869350
22.920850
22.977375
23.121850
23.229175
23.303800
23.326775
23.436675
23.463000
23.983925
24.074600
24.108175
24.166450
24.281975
24.579300
25.057600
25.194525
25.252925
25.459150
25.948125
26.800100
26.906850
27.335850
27.894850
28.058350
28.249600
28.288525
28.318350
28.387575
28.643250
28.711375
28.774400
28.806850
29.029775
29.143225
29.168975
29.438875
29.527075
29.628750
29.663425
29.681025
29.745525
29.770825
29.980950
