0.152675
0.215075
0.225350
0.237350
0.247950
0.265175
0.327150
0.350175
0.431500
0.440175
0.452150
0.464400
0.485975
0.502400
0.523150
0.554950
0.619925
0.654100
0.682725
0.694350
0.700125
0.707250
0.730450
0.738275
0.747675
0.771200
0.791950
0.878300
0.909575
1.001850
1.016250
1.037850
1.066925
1.083450
1.102450
1.109650
1.114700
1.118900
1.127175
1.132825
1.152600
1.186900
1.265350
1.399575
1.463775
1.490850
1.519975
1.628700
1.640700
1.670025
1.691575
1.788275
1.810650
1.866025
1.925100
2.146375
2.180350
2.273400
2.317950
2.340425
2.390850
2.462800
2.561375
2.687875
2.705375
2.716025
2.728000
2.756925
2.765850
2.801450
2.811475
2.838825
2.859975
2.864750
2.877300
2.914500
2.943700
2.998800
3.072525
3.127150
3.170975
3.231975
3.312800
3.318400
3.332250
3.339250
3.366075
3.383875
3.449000
3.509650
3.546800
3.628000
3.652750
3.672225
3.687775
3.699025
3.766475
3.822675
3.963775
4.002200
4.120375
4.145275
4.159975
4.171600
4.185075
4.199350
4.215275
4.226825
4.249075
4.270925
4.322100
4.359950
4.401950
4.458925
4.499975
4.533925
4.597200
4.652375
4.679950
4.689025
4.717025
4.727325
4.735600
4.743400
4.757825
4.764050
4.782275
4.788525
4.824825
4.863975
4.895225
5.046725
5.062750
5.070250
5.076750
5.103025
5.141025
5.150575
5.203600
5.220450
5.231425
5.238600
5.246925
5.260225
5.393525
5.426175
5.457050
5.582475
5.626825
5.670950
5.678775
5.688775
5.703650
5.718000
5.742625
5.799800
5.836000
5.864625
5.929050
5.992275
6.005525
6.034025
6.056500
6.066300
6.113350
6.129975
6.150600
6.160850
6.170750
6.205225
6.262550
6.330000
6.377750
6.395225
6.426000
6.457900
6.478875
6.507400
6.594775
6.668975
6.682625
6.689675
6.699800
6.711400
6.718550
6.728825
6.742825
6.752350
6.770300
6.781750
6.847950
6.952050
7.060850
7.117375
7.150525
7.168550
7.189250
7.210950
7.283025
7.301575
7.346600
7.384725
7.466650
7.578750
7.614225
7.668000
7.684250
7.692000
7.730325
7.740850
7.762375
7.808175
8.026950
8.114525
8.166175
8.232875
8.286875
8.331675
8.369375
8.474075
8.489150
8.501300
8.540850
8.654100
8.749425
8.770250
8.787350
8.812600
8.834050
8.918575
8.935775
9.003475
9.030150
9.037750
9.098450
9.204375
9.226825
9.252925
9.290050
9.307650
9.521550
9.659950
9.735650
9.751425
9.763725
9.806150
9.857400
9.866775
9.880400
9.907725
9.918550
9.958775
10.047150
10.609600
10.804050
11.098475
11.153650
11.312325
11.329575
11.347225
11.371575
11.390275
11.406400
11.423175
11.434050
11.451175
11.490700
11.537625
11.555425
11.574375
11.625075
11.966700
12.026700
12.134150
12.169025
12.253950
12.294700
12.320350
12.611800
12.624575
12.651250
12.663900
12.674225
12.682725
12.716425
12.723650
12.735475
12.745375
12.752125
12.760150
12.765300
12.777525
12.781600
12.814350
12.880225
12.900875
13.069150
13.097850
13.132300
13.191550
13.206925
13.231975
13.314875
13.347625
13.416775
13.461325
13.686400
13.857150
13.872250
13.892900
13.910600
13.928475
14.005250
14.027875
14.068375
14.113300
14.219975
14.404625
14.757650
14.797075
14.830200
15.144825
15.166250
15.202550
15.229375
15.676525
15.911475
15.924500
15.941300
15.957175
15.978400
15.998225
16.015250
16.062050
16.239375
16.364550
16.391075
16.420325
16.446850
16.469100
16.498150
16.727375
16.741225
16.755425
16.764875
16.785100
16.802650
16.841575
16.899000
17.176650
17.195950
17.339175
17.358750
17.637025
17.653025
17.694475
17.743250
17.772500
17.781850
17.790750
17.803100
17.813875
17.825775
17.844975
17.898350
18.169875
18.178575
18.226025
18.278350
18.294825
18.304525
18.318275
18.334125
18.369125
18.394000
18.874450
18.911950
19.146475
19.189925
19.238725
19.276275
19.294225
19.314200
19.361250
19.373525
19.409425
19.445450
19.603425
19.700875
19.787950
19.862475
19.883575
19.905375
19.975225
20.153200
20.344375
20.376875
20.392850
20.405350
20.423375
20.441925
20.490675
20.554325
20.667575
20.802325
20.825150
20.859075
20.897850
20.931575
20.950050
20.964325
21.004850
21.213750
21.233525
21.277325
21.315750
21.383450
21.477750
21.576825
21.623375
21.632775
21.648275
21.667500
21.675450
21.722000
21.747650
21.830300
21.935750
21.977775
21.998750
22.024400
22.123975
22.158300
22.205075
22.229900
22.253875
22.277875
22.287350
22.306000
22.316675
22.346575
22.362325
22.384125
22.397925
22.412000
22.439450
22.469900
22.489825
22.546500
22.624075
22.709825
22.771275
22.802850
22.812875
22.863475
22.890050
22.903150
22.916475
22.929925
22.954075
22.981675
22.988450
23.148225
23.213550
23.322100
23.422400
23.433900
23.444075
23.460775
23.469950
23.477275
23.557225
23.585425
23.601775
23.669400
23.828975
23.862725
23.874600
23.887275
23.893375
23.950100
23.963275
23.977175
23.995650
24.012075
24.028000
24.117950
24.198750
24.352750
24.366575
24.382750
24.422650
24.440700
24.465500
24.480450
24.522750
24.657100
24.737525
24.836975
24.851025
24.876950
24.889375
24.903475
24.979050
25.048350
25.108450
25.196350
25.205225
25.208550
25.211350
25.216350
25.219775
25.226050
25.247650
25.269550
25.310225
25.344900
25.350750
25.388175
25.396175
25.427550
25.437325
25.454150
25.461825
25.472225
25.482875
25.506100
25.544725
25.611150
25.761000
25.806825
25.872075
25.887125
25.924975
26.006025
26.073150
26.139750
26.157175
26.218975
26.279325
26.302175
26.326975
26.343525
26.368675
26.387900
26.490850
26.656025
26.772125
26.824850
26.844375
26.882250
26.915525
26.962300
26.985250
27.019350
27.043950
27.109050
27.198275
27.218325
27.271475
27.330750
27.401775
27.438650
27.473100
27.511775
27.674175
27.707025
27.722100
27.764550
27.788125
27.842800
27.856250
27.955900
28.026150
28.044825
28.059550
28.076025
28.093450
28.108600
28.125175
28.133725
28.143575
28.166200
28.178925
28.194150
28.227000
28.271100
28.378150
28.466400
28.526250
28.607100
28.640775
28.665075
28.718750
28.736725
28.773325
28.788725
28.899050
28.947075
28.984200
29.029575
29.063775
29.103875
29.108300
29.121825
29.130975
29.135275
29.147075
29.155675
29.182575
29.195700
29.209325
29.278450
29.367150
29.424700
29.481050
29.551400
29.568625
29.580500
29.594225
29.625500
29.720575
29.739300
29.809950
29.838275
29.867950
29.884775
29.914925
29.969850
