0.029400
0.119950
0.180475
0.224800
0.258000
0.271875
0.289700
0.304700
0.326075
0.393125
0.439300
0.469400
0.500475
0.591650
0.617650
0.628300
0.653650
0.662125
0.695650
0.715300
0.747675
0.773300
0.855925
0.906800
0.928425
0.966375
0.974275
1.034300
1.045275
1.065225
1.074150
1.105025
1.217775
1.240950
1.258300
1.319700
1.347550
1.402800
1.472850
1.570200
1.577025
1.586700
1.592450
1.601050
1.634350
1.645225
1.688675
1.706425
1.738075
1.804525
1.863125
1.906250
1.981125
2.012150
2.034500
2.083475
2.097575
2.104825
2.118150
2.123300
2.140500
2.148725
2.178700
2.189150
2.229000
2.270725
2.327200
2.365975
2.394375
2.418050
2.456900
2.496525
2.516125
2.530125
2.555450
2.610375
2.651850
2.674400
2.735025
2.790500
2.817150
2.837700
2.862100
2.881450
2.907550
2.929225
2.992775
3.082500
3.120750
3.154225
3.234000
3.274325
3.316350
3.335900
3.355125
3.370300
3.393225
3.433075
3.464150
3.480600
3.505525
3.569550
3.632125
3.697475
3.739200
3.759700
3.793450
3.819500
3.846925
3.863850
3.879275
3.913750
3.934200
3.950300
3.962000
3.975400
4.005725
4.070100
4.091625
4.136300
4.155250
4.246525
4.329200
4.364350
4.405975
4.462450
4.509900
4.524050
4.542650
4.559075
4.575100
4.631525
4.710600
4.784400
4.820125
4.843225
4.866275
4.892150
4.900075
4.922725
4.958150
4.990350
5.013800
5.036675
5.048925
5.151925
5.251250
5.305850
5.361125
5.397775
5.423875
5.440025
5.454400
5.469625
5.501275
5.542175
5.566275
5.593700
5.644250
5.744975
5.805375
5.845200
5.895300
5.951475
5.969225
6.005975
6.096825
6.132100
6.175600
6.205575
6.215425
6.243375
6.250500
6.292550
6.384500
6.429575
6.482775
6.506225
6.527200
6.541775
6.551950
6.570475
6.585775
6.592775
6.604350
6.651100
6.672200
6.711975
6.746575
6.765575
6.786000
6.818200
6.846175
6.891250
6.927075
6.953900
7.001200
7.029450
7.051400
7.084300
7.094975
7.105950
7.115625
7.152975
7.173800
7.193775
7.289025
7.304525
7.323925
7.365475
7.557725
7.601875
7.638175
7.665375
7.690925
7.708225
7.744050
7.781600
7.811400
7.818450
7.835250
7.923800
8.008550
8.031575
8.065525
8.132050
8.157775
8.171600
8.181000
8.191525
8.198575
8.208250
8.217575
8.244175
8.253900
8.270575
8.293975
8.324000
8.359225
8.385700
8.416125
8.454600
8.506100
8.540500
8.564300
8.577950
8.599925
8.614250
8.670000
8.686800
8.723250
8.744625
8.781675
8.798925
8.811025
8.849975
8.864400
8.898475
8.944850
8.957800
9.099700
9.127300
9.165325
9.205625
9.224025
9.235950
9.249600
9.277800
9.319825
9.350650
9.410000
9.430050
9.505875
9.532375
9.557425
9.625075
9.637225
9.656500
9.667100
9.676025
9.702950
9.719850
9.731750
9.750950
9.764500
9.767200
9.785350
9.803050
9.811025
9.820925
9.866950
9.879425
9.887850
9.902175
9.936850
10.003350
10.025700
10.070425
10.143000
10.221825
10.243050
10.258275
10.272550
10.291325
10.329850
10.407025
10.504200
10.595775
10.680875
10.718450
10.731575
10.736600
10.744775
10.756625
10.762800
10.769050
10.787800
10.810500
10.830875
10.974125
11.027425
11.092100
11.115075
11.142850
11.154375
11.171675
11.184775
11.203150
11.220650
11.352625
11.380000
11.425675
11.494725
11.621675
11.666450
11.713125
11.735975
11.823475
11.836450
11.854350
11.924400
11.947650
11.974750
11.986275
11.997350
12.016275
12.026225
12.047625
12.082950
12.093875
12.148500
12.167350
12.193400
12.223850
12.261225
12.284875
12.322700
12.391600
12.433000
12.460575
12.474000
12.486575
12.513625
12.533950
12.558050
12.577575
12.600550
12.658925
12.726300
12.781675
12.826400
12.858500
12.881025
12.898925
12.908325
12.940625
12.954125
12.963700
12.977250
12.985600
13.038100
13.108825
13.121400
13.151350
13.159900
13.167175
13.177700
13.224150
13.234450
13.307200
13.317650
13.328500
13.371900
13.400350
13.413900
13.425100
13.451425
13.470500
13.498275
13.553025
13.579175
13.695700
13.729775
13.743300
13.753650
13.763625
13.771275
13.782275
13.789925
13.858650
13.890850
13.931475
13.967550
13.994500
14.019725
14.045500
14.071325
14.159900
14.168000
14.188700
14.200525
14.210025
14.218475
14.237075
14.325975
14.361325
14.416200
14.483425
14.667425
14.689975
14.701100
14.714375
14.737925
14.766375
14.829950
14.874875
14.900525
14.923275
14.941400
14.949700
14.957175
15.039625
15.052250
15.068175
15.075775
15.082100
15.096850
15.113425
15.125275
15.142875
15.156375
15.176200
15.242125
15.299800
15.311075
15.323175
15.334925
15.347075
15.355375
15.391350
15.450000
15.532225
15.585000
15.609450
15.628750
15.642325
15.653650
15.668425
15.702600
15.733800
15.813650
15.836600
15.888800
15.922075
15.955175
15.979075
15.991450
15.996750
16.030500
16.068300
16.104400
16.114875
16.152675
16.179450
16.208775
16.219100
16.233925
16.247575
16.279700
16.293925
16.334950
16.449575
16.492475
16.506150
16.548900
16.615725
16.649600
16.697200
16.754575
16.800100
16.840725
16.855400
16.871025
16.893975
16.926525
16.959750
17.055825
17.106975
17.160050
17.185725
17.236525
17.260800
17.273025
17.314150
17.327850
17.340125
17.356850
17.384000
17.428300
17.492325
17.502050
17.525550
17.540875
17.565100
17.575850
17.588075
17.599475
17.612875
17.629400
17.643900
17.660750
17.684750
17.694225
17.729175
17.744625
17.826900
17.886875
17.922700
17.947250
17.978600
18.020400
18.051575
18.076950
18.115950
18.127950
18.139175
18.195400
18.213300
18.372375
18.444975
18.475350
18.508600
18.531150
18.546900
18.562400
18.570800
18.579950
18.604625
18.622325
18.669750
18.692475
18.732550
18.792625
18.838650
18.874725
18.907325
18.941050
18.972825
18.996350
19.044250
19.073825
19.097975
19.148550
19.208750
19.303125
19.365350
19.377950
19.392875
19.409700
19.440475
19.453050
19.474275
19.511725
19.562600
19.576625
19.607300
19.656250
19.714400
19.765850
19.792825
19.816450
19.836000
19.845725
19.862975
19.894050
19.922525
19.950650
20.012925
20.044225
20.072700
20.131575
20.176125
20.213000
20.255175
20.291500
20.336825
20.360125
20.377575
20.413925
20.433125
20.461125
20.474425
20.482550
20.517325
20.572325
20.591325
20.649450
20.678775
20.713050
20.750150
20.799600
20.820525
20.840775
20.857975
20.923475
20.944550
20.964250
20.985100
21.003775
21.059550
21.117650
21.174250
21.206225
21.246475
21.289550
21.327525
21.397375
21.415450
21.424875
21.432200
21.441150
21.447800
21.467700
21.475775
21.487725
21.498575
21.562150
21.585750
21.604450
21.625625
21.642950
21.686200
21.740675
21.810975
21.860175
21.902400
21.941350
21.968425
21.999150
22.012275
22.040850
22.075225
22.082825
22.091400
22.098700
22.105825
22.132275
22.194050
22.206050
22.243875
22.258750
22.296875
22.328800
22.341900
22.371050
22.408950
22.420775
22.437025
22.484500
22.515000
22.558700
22.608425
22.634375
22.678150
22.721825
22.811000
22.851125
22.886075
22.888400
22.897700
22.915225
22.929600
22.940525
23.035325
23.111075
23.138100
23.235900
23.260275
23.275775
23.297125
23.316925
23.376700
23.410375
23.440350
23.539800
23.652325
23.681700
23.698375
23.731150
23.747575
23.753950
23.775050
23.778850
23.800425
23.815875
23.880025
23.911900
23.922900
24.009850
24.065375
24.101175
24.168550
24.242475
24.279750
24.302325
24.324725
24.338025
24.356975
24.376675
24.408725
24.425750
24.451150
24.463225
24.477400
24.507150
24.537900
24.570475
24.600550
24.626900
24.700825
24.729100
24.750775
24.796950
24.829175
24.845875
24.897625
24.944975
25.026400
25.077550
25.118200
25.183475
25.216300
25.242750
25.275925
25.293400
25.349975
25.377475
25.461675
25.503025
25.522350
25.551200
25.578050
25.612075
25.646150
25.664800
25.697475
25.709150
25.737675
25.750075
25.763550
25.779300
25.798375
25.816500
25.838075
25.856650
25.955975
25.992450
26.042100
26.079250
26.116675
26.167925
26.193200
26.232900
26.259400
26.284875
26.296675
26.308575
26.320200
26.387425
26.457550
26.485250
26.499150
26.577000
26.626175
26.665525
26.692400
26.765975
26.818425
26.847175
26.878300
26.893675
26.916925
26.944350
26.990675
27.026950
27.093825
27.111925
27.128500
27.138975
27.154100
27.223750
27.240175
27.272150
27.293125
27.335400
27.382075
27.415225
27.445000
27.484800
27.514075
27.553675
27.584225
27.628225
27.649125
27.658325
27.668025
27.686850
27.695225
27.721525
27.746850
27.757550
27.770675
27.780025
27.791625
27.817225
27.834450
27.890925
27.935675
27.955950
27.974225
27.988300
28.003400
28.028550
28.048950
28.072075
28.094075
28.142900
28.187825
28.214500
28.249675
28.286125
28.316425
28.375350
28.409075
28.429775
28.482000
28.547800
28.576650
28.593100
28.616225
28.625975
28.654675
28.671675
28.695900
28.779800
28.812350
28.840700
28.868075
28.898325
28.940875
28.974750
29.002350
29.030825
29.046750
29.071225
29.094950
29.130700
29.160300
29.210825
29.308300
29.354375
29.393000
29.419300
29.497325
29.512225
29.526225
29.537475
29.695725
29.728400
29.770450
29.800575
29.824275
29.864075
29.887025
29.897725
29.904975
29.924300
29.929875
29.948225
29.958125
29.968200
29.989625
