0.034275
0.467100
0.505525
0.671375
1.214425
1.247250
1.281425
1.312500
1.318450
1.329975
1.608700
1.647275
1.679500
1.710975
1.728875
1.736225
1.762375
1.792000
2.146625
2.168375
2.212250
2.219850
2.276900
2.282525
2.352275
2.387500
2.412350
2.427575
2.454600
2.477700
2.494525
2.532575
2.555975
2.621200
2.701175
2.763850
2.769325
2.812700
2.835900
2.945050
3.031675
3.058975
3.088575
3.098450
3.111100
3.140850
3.149550
3.165125
3.185975
3.225400
3.262125
3.284700
3.342850
3.403125
3.437000
3.491800
3.524450
3.531375
3.566875
3.593550
3.609000
3.682550
3.695275
3.715700
3.727450
3.742825
3.791750
3.805550
3.836500
3.870300
3.920450
3.938550
3.952100
3.971625
3.983575
4.044600
4.133225
4.189275
4.201275
4.207700
4.241750
4.256000
4.272475
4.319850
4.375600
4.413700
4.589575
4.611075
4.654650
4.797975
4.814300
4.842800
4.885575
4.993875
5.181225
5.231575
5.980550
6.299050
6.393475
7.070775
7.109700
7.681775
7.708550
7.724450
7.780750
7.804200
7.822050
7.859575
7.901950
8.237050
8.321775
8.346325
8.402575
8.412700
8.423000
8.470825
8.520175
8.536075
8.562450
8.585050
8.602825
8.612350
8.629025
8.650375
8.691550
8.713200
8.742575
8.752350
8.758275
8.792325
8.801400
9.181825
9.204675
9.217650
9.237850
9.291175
9.295900
9.340675
9.352225
9.371000
9.374100
9.514125
9.525875
9.543625
9.635675
9.652125
9.685325
9.726675
9.755750
9.779725
9.820200
9.824500
9.835975
9.857450
9.908675
9.924000
10.211750
10.241225
10.298775
10.329675
10.373425
10.737550
10.775925
10.800900
10.829150
10.857675
10.877175
10.904275
10.941875
10.950875
11.019850
11.038100
11.070975
11.089150
11.121225
11.125200
11.159700
11.184950
11.224125
11.240350
11.372875
11.392650
11.410350
11.470725
11.477050
11.559350
11.600925
11.622225
11.640300
11.659000
11.692025
11.721950
11.739275
11.748050
11.754325
11.830025
11.841650
11.872125
11.882425
11.889675
11.894825
12.022025
12.118025
12.169275
12.201250
12.211950
12.228675
12.255250
12.414925
12.467500
12.499600
12.634125
12.639900
12.769700
12.774500
12.789300
12.797225
12.806625
12.817425
12.841925
12.870350
12.921425
12.987700
12.997700
13.023075
13.045000
13.146975
13.168725
13.185450
13.194525
13.229450
13.247650
13.287100
13.292100
13.332100
13.344175
13.569175
13.587600
13.620400
13.636600
13.641325
13.698300
13.719175
13.762750
13.769825
13.801975
13.815875
13.821775
13.845800
13.889100
13.899550
13.927475
14.141250
14.173725
14.239325
14.273375
14.286475
14.292975
14.484575
14.519475
14.540275
14.572750
14.583225
14.607350
14.640725
14.884975
14.907100
14.971525
15.005625
15.018100
15.027575
15.047875
15.059300
15.100650
15.121425
15.253125
15.287700
15.327300
15.355300
15.392825
15.471100
15.691475
15.711950
15.891300
15.911375
15.936250
15.957400
15.965325
15.979725
15.999650
16.014300
16.020350
16.038525
16.058800
16.069000
16.234500
16.345150
16.360450
16.380375
16.444375
16.469425
16.473825
16.605900
16.701250
16.716300
16.725650
16.763250
16.791425
16.828400
16.842275
17.017100
17.040400
17.073550
17.093075
17.134450
17.182100
17.405525
17.447050
17.484575
17.529375
17.587175
17.784650
17.818075
17.893825
17.928525
17.947025
17.963075
17.985725
18.200400
18.238175
18.273525
18.307125
18.371950
18.575125
18.608550
18.653875
18.703150
19.129150
19.145400
19.162425
19.189150
19.485825
19.517800
19.749300
19.804000
19.810250
19.814175
19.864025
19.880175
19.938525
19.946800
19.995925
20.016700
20.075575
20.092250
20.137375
20.178450
20.181975
20.191300
20.210525
20.248650
20.267875
20.333475
20.345375
20.369225
20.383025
20.638525
20.704325
20.763525
20.786400
20.824425
21.109625
21.138850
21.183200
21.243175
21.264100
21.294725
21.329850
21.357750
21.577150
21.597250
21.640500
21.650800
21.664225
21.687375
21.700000
21.779725
21.786700
21.840725
21.856550
22.175475
22.204150
22.236000
22.240350
22.624500
22.665225
22.681650
22.720150
22.757900
22.765025
22.774400
22.803425
22.861650
23.056600
23.119125
23.149275
23.159775
23.178225
23.213575
23.264575
23.467275
23.488050
23.522850
23.556625
23.592250
23.616300
23.624625
23.939575
23.956175
23.988075
24.013100
24.048325
24.114600
24.356375
24.448250
24.472500
24.880300
24.922325
24.932275
24.957975
24.995275
25.063475
25.322975
25.356425
25.408375
25.437125
25.462675
25.468325
25.501125
25.828950
25.847200
25.858325
25.887250
25.900900
25.928250
25.964325
25.993475
26.028750
26.058250
26.256500
26.315525
26.343900
26.400950
26.433375
26.460725
26.474075
26.483725
26.517525
26.538400
26.593850
26.872725
26.888975
26.907975
26.927900
26.958375
27.008075
27.021475
27.039375
27.046675
27.082800
27.118575
27.134825
27.190050
27.359275
27.374250
27.448100
27.468450
27.623300
27.736925
27.766625
27.797150
27.800925
27.831450
27.860075
27.893225
27.902750
28.156275
28.196425
28.254975
28.271875
28.329900
28.529200
28.541325
28.558225
28.620100
28.633375
28.651150
28.690150
28.739125
28.743350
28.746575
28.779650
28.806750
29.061925
29.219400
29.234700
29.291375
29.303775
29.335625
29.340350
29.382250
29.821650
