0.158275
0.188550
0.239600
0.280525
0.313925
0.470525
0.517050
0.694425
0.743000
0.757350
0.773625
0.807000
0.862075
0.939175
1.072875
1.085650
1.098600
1.113075
1.190775
1.210950
1.302250
1.353350
1.445550
1.510400
1.720925
1.812625
1.857675
1.874575
1.889575
1.907575
1.919875
2.004550
2.148600
2.222675
2.235625
2.253500
2.347825
2.385125
2.422700
2.554175
2.645850
2.732000
2.813700
2.842425
2.996575
3.010975
3.024425
3.050775
3.062325
3.083800
3.287125
3.303550
3.317300
3.323800
3.346175
3.465675
3.557925
3.604050
3.628850
3.676625
4.021700
4.051125
4.079800
4.102425
4.138200
4.164250
4.458075
4.489600
4.563700
4.645975
4.661050
4.702850
4.818150
4.842050
4.998800
5.025775
5.046650
5.154500
5.224250
5.252500
5.272025
5.283625
5.309675
5.334125
5.350775
5.386800
5.501500
5.570725
5.610275
5.636725
5.944900
6.011925
6.061700
6.221350
6.274775
6.488050
6.502600
6.520250
6.647000
6.713350
6.772400
6.860800
6.905825
6.938300
7.167625
7.360200
7.408000
7.438400
7.461825
7.649250
8.137550
8.154425
8.190450
8.247950
8.373625
8.393900
8.473325
8.545025
8.760675
8.773875
8.886825
8.941800
9.117950
9.286625
9.371725
9.405825
9.435725
9.467225
9.486625
9.587225
9.601875
9.858975
9.902000
9.988925
10.093075
10.378050
10.395425
10.438950
10.600975
10.614825
10.850800
10.959950
11.757150
11.791075
11.854500
11.983125
12.158325
12.235500
12.316675
12.352450
12.688750
12.777700
12.925300
12.963275
13.012250
13.117375
13.182675
13.288475
13.497700
13.515775
13.608550
13.867225
13.889875
13.951050
14.008875
14.163475
14.182350
14.262075
14.613675
15.176300
15.200275
15.217050
15.233600
15.284325
15.505325
15.574050
15.802600
15.951625
16.226625
16.441575
16.485750
16.739900
16.889975
17.145825
17.211400
17.298725
18.013550
18.100600
18.382275
18.456550
18.481025
18.540900
18.798300
18.841000
18.860300
18.908750
19.024075
19.139925
19.311675
19.342475
19.817100
19.848350
19.868925
20.028250
20.055675
20.075050
20.096325
20.127500
20.343750
20.609325
20.640850
20.669300
20.684950
20.727700
20.944150
21.197675
21.213625
21.230650
21.291700
21.427775
21.543550
21.584175
21.787075
22.038100
22.057675
22.068000
22.403250
22.589075
22.649350
22.956125
22.984200
23.008800
23.027375
23.099100
23.214950
23.247000
23.559800
23.654250
23.778450
23.799525
23.857075
23.959275
23.994675
24.072600
24.356350
24.387200
24.414825
24.473425
24.520500
24.553800
24.568175
24.826500
24.843875
24.904775
25.018200
25.076200
25.198425
25.213450
25.251425
25.298400
25.688075
25.714050
25.835450
25.850975
26.036650
26.074650
26.087175
26.192050
26.242725
26.636725
26.699125
26.783325
27.069075
27.482725
27.510125
27.535625
27.555775
27.576300
27.779150
27.992050
28.009575
28.032350
28.155550
28.331750
28.362275
28.373450
28.461300
28.612225
28.797725
28.826225
28.889900
28.917200
29.066150
29.185750
29.277375
29.310725
29.363975
29.425875
29.543200
29.554650
29.570425
29.638575
29.734000
