0.291725
0.508250
0.520025
0.552050
0.593200
0.849350
0.857725
0.931300
1.018150
1.828575
2.618025
2.829825
3.300225
3.574075
3.613550
3.986200
4.485875
5.209050
5.357425
5.573775
5.602775
5.653225
5.695225
5.791875
6.073325
6.166150
6.241800
6.450575
7.244325
7.334250
7.589100
8.357575
8.644125
8.780000
8.880250
9.109700
9.152500
9.209600
9.297250
9.408925
9.512700
9.620400
9.765975
9.990275
10.203725
10.304650
10.832100
11.632925
11.697425
11.898875
12.447950
12.755075
12.837400
13.231750
13.287400
14.128500
14.593200
15.382675
15.512825
15.573725
15.671825
15.840350
16.554425
17.606225
17.813000
17.977525
18.376725
18.568300
18.658875
18.711550
18.744675
18.762925
19.379950
19.407300
19.541450
20.097600
20.722525
20.931425
21.378950
21.722200
23.568325
23.944625
24.424250
24.589700
24.783450
24.877125
25.320375
25.702825
26.224800
26.447275
26.855875
27.095950
27.288225
27.711325
27.798375
28.492675
29.320825
29.386425
29.437475
29.570350
29.706100
