0.056700
0.133600
0.191650
0.227525
0.259950
0.294625
0.333250
0.371400
0.383350
0.450000
0.490000
0.830850
0.893125
1.026375
1.052500
1.077350
1.113375
1.129175
1.192875
1.280925
1.360425
1.392625
1.420650
1.458775
1.480050
1.587325
1.671500
1.700475
1.712475
1.748350
1.771050
1.803075
1.935425
2.061950
2.210025
2.246150
2.279800
2.329150
2.441350
2.576775
2.593000
2.683925
2.737050
2.927625
2.952575
2.978600
2.999075
3.015075
3.080375
3.128900
3.319200
3.344925
3.363925
3.380325
3.407250
3.465175
3.550900
3.598575
3.705250
3.711925
3.727375
3.763525
3.793075
3.946900
4.013725
4.025825
4.165200
4.188225
4.225425
4.390300
4.398800
4.500500
4.590825
4.804475
4.819650
4.862125
4.874900
4.895675
4.915750
4.940125
5.002250
5.212600
5.226500
5.248700
5.260775
5.377375
5.519800
5.618700
5.643300
5.733075
5.762650
5.811550
5.917800
5.966350
6.018975
6.056700
6.114175
6.237700
6.342850
6.366125
6.395625
6.409025
6.446300
6.470075
6.506825
6.593100
6.753775
6.815400
6.871825
6.884875
6.910300
6.957175
7.058000
7.170100
7.181600
7.235600
7.265750
7.509775
7.520800
7.543025
7.572300
7.634625
7.724750
7.779700
7.900850
7.920650
7.936225
7.979975
8.034675
8.325125
8.340700
8.488550
8.556025
8.611525
8.631800
8.658550
8.714725
8.749025
8.778800
8.966525
9.001425
9.033300
9.083725
9.102425
9.127250
9.156600
9.170550
9.226000
9.250675
9.544250
9.561100
9.605000
9.672000
9.694800
9.750825
9.797850
9.856900
9.954375
9.989675
10.007350
10.030775
10.053475
10.082600
10.107950
10.185375
10.232875
10.275700
10.299900
10.351975
10.414925
10.455100
10.471475
10.497625
10.537725
10.571675
10.681150
10.857650
10.895350
10.949875
10.969750
11.053975
11.137100
11.160200
11.215150
11.267350
11.288625
11.557825
11.606725
11.630925
11.729500
11.899300
11.960200
11.979525
12.000375
12.011075
12.042300
12.139075
12.154500
12.221475
12.263175
12.289575
12.330150
12.358675
12.379550
12.406500
12.481350
12.539675
12.556375
12.782150
12.817450
12.860125
12.897925
12.960900
13.000225
13.049675
13.073700
13.091700
13.113625
13.129300
13.145800
13.262250
13.285175
13.335150
13.412525
13.429050
13.472500
13.527175
13.563725
13.631950
13.676625
13.720100
13.743025
13.818950
13.850450
13.896275
13.920725
13.929325
13.994275
14.016850
14.054875
14.067675
14.127575
14.255700
14.322575
14.388875
14.404150
14.434325
14.451175
14.473625
14.513525
14.542175
14.617725
14.832575
14.852375
14.870100
14.902100
14.945550
14.972975
15.009400
15.159475
15.197575
15.205125
15.251250
15.292425
15.367925
15.519175
15.553525
15.575100
15.674550
15.714150
15.733825
15.758950
15.792850
15.829925
15.853125
15.932225
15.954800
15.995050
16.022350
16.192575
16.279900
16.300500
16.322700
16.330575
16.340325
16.349825
16.360800
16.378875
16.448100
16.490925
16.625475
16.681900
16.702800
16.715400
16.809900
16.839075
16.847725
16.881200
16.944050
16.987875
17.215900
17.231925
17.257100
17.345425
17.498725
17.511850
17.546175
17.553950
17.567150
17.591875
17.700325
17.753125
17.878850
17.914800
17.927625
17.955725
18.069400
18.117800
18.213500
18.269125
18.297625
18.347250
18.387950
18.543325
18.593725
18.603825
18.631375
18.718100
18.762200
18.823525
18.957325
18.976175
18.985575
19.013025
19.080250
19.110575
19.149050
19.408325
19.438200
19.447025
19.492025
19.672000
19.826825
19.864275
19.895150
19.926900
19.939300
19.967800
19.978600
20.051025
20.094125
20.114725
20.144050
20.184500
20.247300
20.325500
20.367300
20.411200
20.466700
20.479575
20.523250
20.538075
20.553250
20.622950
20.667875
20.746200
20.844500
20.872750
20.951750
21.043625
21.057400
21.100875
21.250650
21.274025
21.322975
21.446150
21.502725
21.626750
21.648475
21.660575
21.678950
21.721625
21.822825
21.841050
21.953050
22.093300
22.122050
22.168875
22.219325
22.255900
22.353650
22.398900
22.462600
22.494050
22.511100
22.567650
22.581625
22.740875
22.759425
22.904225
22.924350
22.930950
22.947825
22.967850
22.980375
23.014975
23.035075
23.157675
23.330725
23.335475
23.343250
23.382425
23.454825
23.682800
23.707700
23.836300
23.968850
23.995600
24.001375
24.016525
24.036700
24.051000
24.138875
24.223275
24.301650
24.325750
24.361825
24.432200
24.490550
24.654125
24.678300
24.689675
24.702425
24.731750
24.761275
24.875650
24.967175
25.039225
25.092875
25.137475
25.164250
25.180325
25.211275
25.270575
25.310425
25.499875
25.709450
25.800625
25.880625
25.890375
25.913450
25.942650
25.968175
25.986375
26.002975
26.072600
26.136300
26.294025
26.306275
26.313275
26.344500
26.360975
26.403800
26.421800
26.442675
26.469775
26.550300
26.612700
26.756825
26.774750
26.872075
26.891225
26.902850
27.004725
27.198700
27.214300
27.255375
27.324500
27.344575
27.380900
27.442150
27.623850
27.664800
27.687125
27.699600
27.714925
27.729800
27.737275
27.798225
27.811400
27.827500
27.850500
28.204150
28.228600
28.238425
28.317125
28.394400
28.445000
28.684350
28.809675
28.824375
28.843175
28.854100
28.866400
28.879800
28.936475
29.101150
29.182775
29.256075
29.281125
29.288150
29.316275
29.324650
29.335850
29.527050
29.591750
29.662250
29.676850
29.691775
29.708725
29.727225
29.762250
29.935750
29.985600
