0.042375
0.061875
0.130150
0.187625
0.237750
0.282100
0.324975
0.383025
0.452875
0.519200
0.535400
0.589125
0.758625
0.855625
0.865950
0.873800
0.893425
0.911150
0.947200
0.978250
1.002000
1.078500
1.124525
1.248725
1.259900
1.273850
1.284775
1.295750
1.310800
1.351625
1.384950
1.399475
1.484650
1.660600
1.668350
1.686425
1.732725
1.745425
1.775650
1.867750
1.926000
1.999175
2.017375
2.057125
2.071025
2.080800
2.104125
2.120800
2.133450
2.180250
2.252700
2.360150
2.440725
2.474200
2.496850
2.568125
2.620400
2.671175
2.845900
2.867000
2.878850
2.890325
2.900425
2.956825
2.979050
3.031175
3.086100
3.247925
3.290450
3.365225
3.499500
3.515975
3.576325
3.656275
3.726575
3.760325
3.785525
3.825775
3.856150
3.887950
3.954725
3.992575
4.050850
4.093375
4.115750
4.150250
4.190175
4.214225
4.240075
4.281875
4.309600
4.474350
4.505450
4.515225
4.539450
4.599425
4.617150
4.649975
4.799150
4.838250
4.883025
4.919500
4.931375
4.983800
5.190875
5.219925
5.315575
5.360075
5.402150
5.414850
5.431000
5.447975
5.498650
5.522625
5.617725
5.639800
5.658725
5.836450
5.871375
5.886375
5.929375
5.973775
6.123900
6.182800
6.206450
6.304500
6.333950
6.395500
6.417850
6.457525
6.480050
6.505050
6.523525
6.578250
6.631100
6.656250
6.679375
6.707175
6.738425
6.814975
6.858575
6.896150
6.950075
6.992775
7.020000
7.048975
7.078900
7.155225
7.232950
7.270275
7.296525
7.317950
7.561950
7.600825
7.613975
7.642775
7.713475
7.732325
7.807950
7.830350
7.855800
7.872400
7.904975
7.924225
8.019650
8.080900
8.111350
8.128725
8.150825
8.177600
8.287375
8.430175
8.466725
8.534475
8.625025
8.634275
8.726325
8.808700
8.822050
8.834575
8.868750
8.937575
8.991600
9.017175
9.155100
9.283250
9.354925
9.446075
9.469825
9.532575
9.565925
9.588950
9.643500
9.685475
9.730625
9.862500
9.876550
9.902475
9.994825
10.123250
10.269200
10.286350
10.489025
10.545975
10.588500
10.626150
10.721075
10.774025
10.874900
10.991175
11.001825
11.015250
11.079600
11.130750
11.229150
11.321950
11.341025
11.353600
11.368025
11.467700
11.591825
11.634950
11.664675
11.692700
11.704375
11.742375
11.796000
11.828075
11.859775
11.892250
11.924700
12.075700
12.113300
12.146550
12.198950
12.321875
12.435200
12.482650
12.552525
12.578675
12.613675
12.818225
12.868675
12.884400
12.906475
13.007000
13.036875
13.115500
13.190775
13.224025
13.283725
13.302350
13.395450
13.409700
13.453100
13.485675
13.537425
13.559675
13.648175
13.690225
13.720875
13.783925
13.825625
13.940525
13.970850
13.993100
14.059725
14.094450
14.118375
14.144425
14.159300
14.277325
14.429925
14.780825
14.809625
14.828425
14.946075
15.029425
15.048925
15.281050
15.522175
15.527625
15.560875
15.594525
15.790575
15.877675
15.919375
15.975175
16.000200
16.028775
16.048125
16.155675
16.243675
16.260575
16.277975
16.378850
16.487800
16.536900
16.593200
16.657300
16.785675
16.812300
16.864775
16.885050
17.062700
17.092325
17.178925
17.433550
17.453825
17.498500
17.545850
17.562025
17.576450
17.597775
17.826250
17.914275
17.986825
18.028750
18.051300
18.087225
18.261950
18.282375
18.308425
18.384175
18.419425
18.447625
18.614575
18.690450
18.707600
18.731125
18.836925
18.911350
18.989775
19.050750
19.069100
19.097450
19.127550
19.157850
19.246700
19.475000
19.506225
19.567050
19.607375
19.760325
19.846450
19.874925
19.980925
20.086950
20.205275
20.263225
20.289025
20.317900
20.343050
20.488350
20.512250
20.611300
20.678750
20.813050
20.897150
20.996875
21.003550
21.086125
21.181525
21.222075
21.246425
21.331925
21.355550
21.399175
21.566925
21.606875
21.637025
21.672200
21.701925
21.729075
21.762175
21.810725
21.840625
21.900950
21.934600
21.954225
21.979175
22.010425
22.038050
22.064625
22.086450
22.120325
22.198000
22.220700
22.246000
22.263100
22.275975
22.299875
22.385725
22.418525
22.465250
22.525025
22.574850
22.625700
22.644475
22.712475
22.734750
22.755300
22.799875
22.811825
22.845675
22.892700
22.956300
23.021575
23.056425
23.103900
23.155725
23.198350
23.255850
23.292925
23.316175
23.362150
23.453050
23.488025
23.524375
23.558625
23.622850
23.698450
23.802250
23.834050
23.890400
23.914375
23.929750
24.204350
24.225850
24.247250
24.275025
24.318950
24.398875
24.502250
24.538775
24.560650
24.628450
24.666775
24.684600
24.719075
24.745450
24.858250
24.900925
24.944175
24.966025
25.064225
25.326000
25.339225
25.397475
25.465325
25.550150
25.604825
25.640725
25.717450
25.779450
25.829625
25.905225
26.002025
26.028875
26.068975
26.104200
26.154300
26.192925
26.207300
26.280350
26.342100
26.372650
26.417000
26.520375
26.540175
26.562500
26.598975
26.618575
26.641650
26.656350
26.674075
26.677950
26.732675
26.786225
26.815800
26.884250
26.924825
26.944250
27.047475
27.109900
27.149275
27.175475
27.201450
27.224325
27.246525
27.259050
27.279225
27.301725
27.325125
27.354375
27.385200
27.408100
27.426925
27.452375
27.467725
27.479175
27.507650
27.523400
27.549575
27.577600
27.606450
27.623325
27.665125
27.751375
27.839375
27.939875
27.991700
28.216725
28.281575
28.310250
28.363550
28.424025
28.473075
28.485400
28.598900
28.665625
28.704475
28.750900
28.768325
28.791650
28.859625
28.873125
28.909850
28.964675
28.975275
29.013225
29.077400
29.083625
29.572400
29.644425
29.891150
29.929100
29.950050
29.978575
29.990125
29.998275
