0.166625
0.170075
0.419600
0.448375
0.484100
0.814725
0.840925
0.895825
0.993500
1.142100
1.220225
1.238250
1.327750
1.375075
1.647600
1.672200
1.695050
1.723225
1.747200
1.784875
1.894225
2.063700
2.084275
2.109000
2.153950
2.181250
2.444225
2.482400
2.518025
2.805600
2.911500
2.994875
3.475225
3.506725
3.533125
3.557550
3.615850
3.668700
3.947225
4.032700
4.059925
4.093800
4.314900
4.369300
4.402925
4.445775
4.482250
4.525200
4.541500
4.641825
4.835600
5.012425
5.043675
5.069750
5.155025
5.203950
5.431475
5.458650
5.482550
5.533225
5.567125
5.594975
5.847225
5.880025
5.916125
5.943650
5.974925
6.028675
6.318600
6.327300
6.684275
6.735150
6.869050
7.245025
7.316350
7.379475
7.412675
7.488800
7.547500
7.589800
7.678425
8.034825
8.066050
8.113050
8.205300
8.248050
8.287150
8.351950
8.442850
8.534800
8.582950
9.052750
9.055175
9.135750
9.172550
9.200550
9.233600
9.405050
9.503850
9.586700
9.627225
9.961600
9.996500
10.027775
10.057975
10.080600
10.288400
10.359550
10.402800
10.461100
10.759875
10.778850
10.811250
10.994925
11.037000
11.066850
11.210725
11.508800
11.825800
11.872250
11.902950
11.928975
11.968700
12.032050
12.307600
12.385825
12.407850
12.429875
12.504275
12.802350
12.850425
13.178050
13.206075
13.230175
13.257650
13.284375
13.340200
13.386500
13.650825
13.692400
13.720200
13.755950
13.833575
13.875750
13.937650
14.139350
14.168675
14.209425
14.240800
14.276225
14.411450
14.462775
14.631275
14.744300
14.779450
14.806250
14.879125
15.120700
15.237250
15.343425
15.402850
15.441850
15.483725
15.484750
15.587575
15.643600
15.678625
15.764700
15.939825
16.048675
16.075950
16.128275
16.214600
16.330600
16.477825
16.524700
16.545625
16.730725
16.782325
17.099575
17.207800
17.251025
17.443925
17.571175
17.663425
17.768300
17.947650
17.981475
18.006600
18.141800
18.473275
18.553700
18.875050
18.906200
18.930575
19.156525
19.276175
19.299300
19.401075
19.722825
19.748975
19.769250
19.791200
19.842800
19.902875
20.029325
20.049725
20.088325
20.110300
20.202650
20.236300
20.251750
20.565750
20.624800
20.642525
20.695950
20.943775
21.010250
21.030600
21.107775
21.361250
21.388325
21.403925
21.421900
21.443800
21.471475
21.504175
21.823625
21.867750
21.888975
22.257625
22.356700
22.440175
22.734600
22.762050
22.789675
22.831925
22.854550
22.874225
23.042100
23.084625
23.117050
23.142750
23.185100
23.224850
23.242325
23.268800
23.580175
23.595050
23.685825
23.719850
24.014050
24.085200
24.113400
24.391275
24.419100
24.477650
24.498125
24.861700
24.905625
24.949625
25.208725
25.375300
25.399250
25.427650
25.448725
25.462225
25.555100
25.621125
25.703000
25.730500
25.839850
26.071350
26.107150
26.148025
26.329625
26.565500
26.591900
26.637275
26.688100
26.703850
26.989100
27.016125
27.050600
27.088700
27.133350
27.256175
27.328875
27.368500
27.525350
27.551775
27.592875
27.753400
27.794700
27.829525
27.861475
27.890875
27.913725
27.949025
27.984300
28.206200
28.263700
28.321050
28.626250
28.657100
28.712425
28.758225
29.047100
29.145200
29.178775
29.460975
29.510000
29.559375
29.595575
29.868350
29.887650
29.924950
29.960550
29.989650
