0.026775
0.050925
0.068725
0.079650
0.087225
0.093775
0.100925
0.108975
0.122675
0.131050
0.138200
0.143625
0.150900
0.184875
0.198175
0.205725
0.220625
0.226450
0.241625
0.253225
0.258925
0.279500
0.298350
0.312025
0.324675
0.325650
0.339500
0.345550
0.357150
0.370650
0.380025
0.410200
0.441975
0.455175
0.496125
0.555975
0.588275
0.602350
0.634625
0.725525
0.736100
0.746250
0.758025
0.767150
0.776650
0.786450
0.805175
0.812350
0.820175
0.839850
0.850125
0.869375
0.886800
0.900100
0.914775
0.936750
0.947075
0.960650
0.969925
0.991425
1.015475
1.044025
1.058675
1.071750
1.088800
1.122900
1.179800
1.199450
1.234050
1.247875
1.275325
1.299950
1.315225
1.331550
1.362450
1.368200
1.382600
1.393925
1.416850
1.444825
1.478150
1.511750
1.542825
1.567025
1.586950
1.603950
1.613275
1.627800
1.635175
1.642100
1.657175
1.665825
1.673125
1.686475
1.703925
1.710225
1.728350
1.733925
1.740450
1.760500
1.767300
1.784175
1.790000
1.815975
1.840400
1.863375
1.869250
1.877475
1.896875
1.913800
1.923275
1.935125
1.949700
1.981850
2.011900
2.156575
2.172800
2.184850
2.210200
2.222700
2.247250
2.268600
2.294250
2.306275
2.318775
2.345675
2.391625
2.404725
2.416350
2.442275
2.468850
2.527725
2.572800
2.640300
2.665300
2.676125
2.688650
2.699975
2.721975
2.732350
2.749450
2.760200
2.770000
2.788375
2.796575
2.844225
2.849575
2.859400
2.878650
2.887200
2.896500
2.905525
2.920200
2.977375
2.997575
3.014775
3.021850
3.029750
3.039825
3.113900
3.145075
3.184050
3.241050
3.290425
3.294225
3.381475
3.395875
3.417925
3.507875
3.519525
3.533875
3.546300
3.568975
3.606750
3.648725
3.658050
3.665175
3.675750
3.682925
3.689100
3.696575
3.704725
3.711525
3.720150
3.727950
3.734800
3.742575
3.760775
3.776700
3.783275
3.788625
3.800175
3.805700
3.823525
3.849550
3.861075
3.866850
3.872675
3.879350
3.895000
3.903800
3.908525
3.920675
3.937800
3.945600
3.951200
3.968250
3.974600
3.980375
3.990975
3.997675
4.004175
4.009600
4.016975
4.023650
4.058800
4.110100
4.148850
4.170450
4.184700
4.198450
4.238025
4.280425
4.309925
4.319150
4.338225
4.349800
4.369450
4.388875
4.411025
4.461775
4.484375
4.495450
4.505250
4.529875
4.546825
4.572375
4.583550
4.591725
4.599975
4.621075
4.635400
4.656650
4.667175
4.676800
4.701325
4.708800
4.716625
4.728000
4.752800
4.812325
4.875550
4.944825
4.954275
4.984300
4.994525
5.003025
5.012725
5.021925
5.030575
5.037600
5.045250
5.051900
5.061075
5.069725
5.086025
5.096550
5.107275
5.132975
5.146625
5.186175
5.195300
5.203225
5.210250
5.219525
5.227875
5.235275
5.243775
5.252325
5.261150
5.268850
5.274550
5.282175
5.315525
5.351500
5.362150
5.377700
5.406650
5.442650
5.469850
5.504325
5.578000
5.586300
5.598800
5.612950
5.631800
5.643325
5.649100
5.656700
5.667475
5.678175
5.687300
5.721350
5.742375
5.769425
5.779925
5.805675
5.818900
5.830850
5.850875
5.860600
5.874325
5.895600
5.909000
5.936425
5.954475
5.966775
5.975500
5.983575
5.991975
6.036300
6.057075
6.125025
6.159575
6.189250
6.209950
6.259500
6.314050
6.384025
6.421300
6.458950
6.504575
6.558725
6.605450
6.630475
6.658275
6.667450
6.680525
6.690250
6.701925
6.731950
6.753625
6.764575
6.782025
6.792950
6.816775
6.825400
6.838100
6.854375
6.866475
6.892450
6.914325
6.929000
6.946200
6.956350
6.981375
7.003750
7.052625
7.074925
7.093050
7.099100
7.137825
7.188600
7.197550
7.247425
7.300550
7.332275
7.346800
7.362450
7.373525
7.380775
7.388100
7.394525
7.401650
7.411450
7.418900
7.428125
7.449200
7.459725
7.473450
7.486850
7.499650
7.504425
7.520100
7.524650
7.529825
7.541275
7.562800
7.572225
7.578000
7.600575
7.607850
7.618050
7.625800
7.633800
7.643625
7.659950
7.669075
7.691500
7.703925
7.715100
7.732725
7.758850
7.768425
7.779875
7.788550
7.795900
7.802575
7.824725
7.869775
7.888300
7.900400
7.921925
7.959225
7.978500
7.983950
8.003425
8.010850
8.021100
8.028150
8.060700
8.077700
8.084675
8.099325
8.106100
8.111775
8.121850
8.127425
8.140725
8.146950
8.153675
8.159500
8.165225
8.170475
8.180550
8.186350
8.195150
8.201300
8.216375
8.217675
8.244325
8.256550
8.263500
8.287775
8.293900
8.307825
8.316350
8.320425
8.348975
8.368325
8.379725
8.394925
8.404400
8.414825
8.425275
8.439775
8.460700
8.472850
8.519850
8.542750
8.560950
8.630250
8.646800
8.699625
8.737000
8.743800
8.789100
8.857525
8.877850
8.888900
8.906375
8.916200
8.922850
8.929850
8.939325
8.946225
8.967800
8.975200
8.999825
9.015725
9.038875
9.057525
9.069350
9.090175
9.104650
9.132450
9.143325
9.159225
9.176275
9.215700
9.256700
9.270200
9.311825
9.320475
9.328650
9.348325
9.401125
9.410325
9.427275
9.441275
9.458400
9.474125
9.488325
9.506750
9.534375
9.561200
9.585925
9.638750
9.686300
9.726575
9.735875
9.742250
9.749925
9.757825
9.776425
9.782150
9.790300
9.796575
9.803975
9.825350
9.833075
9.863400
9.878850
9.887525
9.895550
9.904425
9.913650
9.931400
9.941850
9.963500
9.980800
10.002125
10.010650
10.019750
10.025700
10.036175
10.071500
10.087850
10.095275
10.110500
10.121150
10.131350
10.139325
10.175350
10.197725
10.209225
10.244775
10.260125
10.344425
10.430875
10.445275
10.468425
10.476825
10.487800
10.497650
10.509700
10.518650
10.528875
10.544950
10.553825
10.563750
10.571875
10.596150
10.611650
10.620625
10.632475
10.673375
10.694900
10.703150
10.715575
10.728550
10.761300
10.817325
10.836925
10.859550
10.891400
10.916400
10.935075
10.951675
10.964100
11.003800
11.019925
11.041500
11.065700
11.092750
11.119350
11.166275
11.173175
11.179800
11.191000
11.200925
11.219000
11.227425
11.252050
11.259200
11.272775
11.277925
11.283875
11.298200
11.305150
11.313850
11.322900
11.328225
11.352650
11.372525
11.386025
11.415925
11.442025
11.453550
11.464800
11.473550
11.482550
11.504850
11.512750
11.546175
11.560550
11.576750
11.606300
11.630425
11.678625
11.695200
11.702825
11.734800
11.769650
11.807750
11.859725
11.891400
11.931925
11.969700
11.986125
11.998900
12.014375
12.023875
12.040500
12.049600
12.063625
12.071150
12.079250
12.085850
12.094600
12.101275
12.107550
12.123725
12.130025
12.139225
12.144950
12.163725
12.170300
12.191925
12.197750
12.213700
12.221050
12.229950
12.252050
12.259725
12.281325
12.292550
12.297550
12.306725
12.313550
12.326650
12.346150
12.360775
12.370450
12.377500
12.393900
12.406525
12.431350
12.462575
12.528925
12.553175
12.575525
12.626475
12.691200
12.739675
12.770550
12.783250
12.816575
12.834000
12.849375
12.858525
12.876050
12.893000
12.900050
12.903300
12.918150
12.923475
12.934450
12.940825
12.960625
12.973675
12.980150
12.994325
13.007600
13.014225
13.019725
13.026100
13.048025
13.077250
13.089950
13.113175
13.123650
13.132950
13.149725
13.174525
13.197825
13.226725
13.236050
13.250050
13.258500
13.266375
13.283250
13.291225
13.297975
13.305675
13.313450
13.319975
13.333350
13.340125
13.346000
13.411800
13.422650
13.442500
13.464250
13.474000
13.503575
13.507300
13.522000
13.531750
13.550425
13.591150
13.625900
13.654500
13.678575
13.713050
13.733450
13.743350
13.773200
13.792475
13.806625
13.817375
13.829825
13.843400
13.867250
13.883475
13.896125
13.910650
13.916950
13.924300
13.931500
13.938450
13.959025
13.966525
13.990375
13.997500
14.003550
14.015975
14.023350
14.029050
14.044200
14.057300
14.085600
14.114650
14.127450
14.129950
14.136925
14.145300
14.156650
14.163375
14.172400
14.178150
14.198350
14.239375
14.257100
14.264225
14.271250
14.360325
14.379175
14.427025
14.479925
14.507975
14.533850
14.552725
14.564075
14.576500
14.594500
14.612525
14.622300
14.652250
14.671750
14.682750
14.683775
14.717000
14.729500
14.741225
14.747700
14.757925
14.765850
14.775100
14.788175
14.806650
14.823300
14.851425
14.861125
14.885250
14.910025
14.920950
14.942150
14.949750
14.973825
14.980675
14.992350
14.998375
15.005275
15.021725
15.048075
15.107425
15.185850
15.215550
15.226700
15.235250
15.245175
15.252650
15.261925
15.276025
15.295425
15.300925
15.313525
15.358300
15.369525
15.374600
15.405825
15.433975
15.443825
15.497125
15.513275
15.530975
15.535550
15.541400
15.592050
15.607100
15.617500
15.686625
15.744425
15.797625
15.818925
15.839575
15.865100
15.895400
15.918650
15.935025
15.969325
15.981800
16.003525
16.016000
16.047100
16.053800
16.061050
16.072050
16.086900
16.152925
16.167700
16.176475
16.192450
16.217100
16.224100
16.234400
16.259125
16.266925
16.275175
16.285250
16.348725
16.359775
16.390750
16.408800
16.430175
16.475125
16.483500
16.520125
16.533425
16.545050
16.562275
16.579000
16.600875
16.618575
16.634550
16.658475
16.674675
16.691225
16.707750
16.801750
16.831500
16.869550
16.895075
16.938775
16.967375
17.027850
17.036950
17.047225
17.074200
17.084100
17.094500
17.101525
17.109875
17.121875
17.132475
17.162525
17.177025
17.203300
17.216825
17.242000
17.265100
17.283375
17.294025
17.325925
17.376725
17.403650
17.422850
17.453750
17.497000
17.526825
17.568750
17.584450
17.624125
17.633225
17.646175
17.654200
17.671650
17.674025
17.680200
17.686375
17.693500
17.701650
17.707250
17.714350
17.729950
17.736000
17.742475
17.758525
17.772725
17.795300
17.823800
17.859575
17.872725
17.922600
17.932350
17.941050
17.952050
17.965800
17.989250
18.051000
18.084925
18.126450
18.246550
18.271275
18.286975
18.303275
18.319725
18.344900
18.365500
18.392825
18.414025
18.437625
18.460925
18.474225
18.489975
18.500300
18.520925
18.569425
18.580800
18.594300
18.608175
18.663775
18.674300
18.682250
18.690400
18.698525
18.708350
18.716050
18.737275
18.765975
18.793250
18.832450
18.840725
18.856800
18.864450
18.872650
18.882775
18.891450
18.914850
18.919400
18.925900
18.946125
18.973025
18.982250
19.014975
19.025550
19.041175
19.052075
19.078075
19.106450
19.143725
19.183625
19.227200
19.236500
19.253350
19.269275
19.289850
19.301950
19.324000
19.344875
19.355625
19.398475
19.410900
19.448725
19.468850
19.479625
19.507225
19.521875
19.544475
19.568250
19.629400
19.649550
19.688775
19.703750
19.732200
19.744275
19.757000
19.785750
19.802075
19.810600
19.829700
19.838825
19.851775
19.854875
19.863200
19.872875
19.890825
19.897550
19.905375
19.931125
19.947425
19.952675
19.960725
19.975125
19.987800
19.993725
20.012550
20.019175
20.026475
20.032850
20.055500
20.064150
20.107375
20.120125
20.144850
20.162475
20.207100
20.222600
20.272725
20.284625
20.294725
20.304750
20.314050
20.323775
20.333475
20.339500
20.345375
20.353100
20.376750
20.387725
20.397475
20.416600
20.424700
20.427850
20.434250
20.447375
20.463575
20.470450
20.479875
20.504325
20.528750
20.552600
20.562250
20.573675
20.583550
20.603500
20.633175
20.652125
20.672075
20.680875
20.698000
20.708700
20.743100
20.760875
20.787175
20.796000
20.820275
20.827325
20.835475
20.845625
20.864450
20.900100
20.913375
20.925425
20.948075
20.961125
20.967175
21.008625
21.014625
21.022575
21.028850
21.058725
21.067500
21.109000
21.118625
21.140950
21.191775
21.201275
21.209975
21.224375
21.235375
21.244800
21.254750
21.290375
21.300500
21.347625
21.348625
21.358750
21.378325
21.410750
21.429650
21.450500
21.464775
21.479125
21.491125
21.501800
21.510675
21.519925
21.543575
21.565350
21.576075
21.599700
21.619725
21.629600
21.641425
21.660500
21.666150
21.689100
21.690700
21.722000
21.733800
21.775925
21.783325
21.796775
21.809100
21.816275
21.829450
21.837150
21.841600
21.844075
21.850200
21.878650
21.893275
21.908750
21.927300
21.935175
21.963975
21.981550
22.054750
22.070900
22.080400
22.088525
22.105925
22.114025
22.123925
22.143400
22.151800
22.162225
22.217425
22.230950
22.238425
22.246800
22.254950
22.278450
22.306675
22.318150
22.348525
22.354250
22.368400
22.411150
22.426025
22.433000
22.528250
22.564250
22.574750
22.586825
22.596825
22.611600
22.628150
22.646175
22.674775
22.682000
22.762900
22.793275
22.809400
22.834400
22.873650
22.913775
22.930525
22.958650
22.968200
23.007700
23.029650
23.049000
23.085875
23.139250
23.151750
23.191550
23.197725
23.228225
23.237600
23.276875
23.285775
23.296900
23.329700
23.342400
23.359250
23.368250
23.399275
23.418025
23.425300
23.440350
23.441625
23.488425
23.500700
23.528500
23.535375
23.566750
23.597325
23.649925
23.661925
23.671400
23.684600
23.704550
23.719975
23.757700
23.770525
23.828200
23.846700
23.856275
23.865050
23.873225
23.883250
23.890275
23.906700
23.934625
23.944150
23.950075
23.974175
24.004300
24.030750
24.086900
24.110350
24.156100
24.179250
24.191325
24.208600
24.217175
24.223950
24.232725
24.240125
24.254950
24.261900
24.274450
24.282775
24.291125
24.362400
24.384500
24.418925
24.457025
24.465075
24.488850
24.494850
24.510825
24.521225
24.567850
24.579725
24.588325
24.595750
24.602850
24.610550
24.665450
24.676050
24.727425
24.755050
24.766250
24.779625
24.802550
24.820100
24.863375
24.881150
24.906725
24.918200
24.926925
24.933800
24.959650
24.969025
24.978950
25.022625
25.047075
25.060100
25.074350
25.103875
25.111525
25.196450
25.204625
25.215700
25.222575
25.238225
25.264475
25.272800
25.294325
25.317900
25.327125
25.348575
25.361000
25.368175
25.378600
25.386225
25.401625
25.411900
25.446300
25.457175
25.466775
25.490825
25.504775
25.521700
25.531900
25.547825
25.559900
25.572675
25.594750
25.608150
25.623450
25.632525
25.661050
25.670400
25.680950
25.702500
25.728200
25.737500
25.748075
25.757450
25.767375
25.794875
25.820275
25.837325
25.882325
25.908075
25.918550
25.928025
25.937550
25.948675
25.965450
25.973450
26.016400
26.031925
26.037825
26.076400
26.084425
26.091075
26.105450
26.158550
26.163950
26.174725
26.195800
26.223725
26.267400
26.278750
26.292425
26.310250
26.339375
26.348225
26.392575
26.418950
26.428525
26.441025
26.466025
26.496975
26.511375
26.536325
26.543425
26.549675
26.556650
26.568725
26.582650
26.623150
26.660625
26.666625
26.673575
26.767175
26.807200
26.819450
26.844950
26.860750
26.869550
26.881375
26.891325
26.916025
26.923075
26.948400
26.956425
26.962275
27.000700
27.005675
27.151650
27.160775
27.177525
27.191275
27.202225
27.221875
27.272300
27.290500
27.319025
27.343600
27.352750
27.367400
27.391425
27.414050
27.458500
27.498025
27.528475
27.548350
27.582375
27.662850
27.683000
27.706525
27.723000
27.731750
27.741125
27.762600
27.776825
27.804925
27.843400
27.862575
27.868050
27.879800
27.885800
27.918750
27.951425
27.992675
28.082875
28.122000
28.143125
28.151325
28.159325
28.177275
28.181225
28.187600
28.205700
28.229850
28.240325
28.272650
28.285175
28.313350
28.330025
28.340925
28.359375
28.368675
28.387375
28.422650
28.508375
28.538375
28.545300
28.584950
28.617575
28.629650
28.641900
28.650850
28.656400
28.677550
28.690550
28.717550
28.749950
28.767575
28.775675
28.785975
28.793900
28.846175
28.872225
28.901575
28.909075
28.915575
28.928900
28.953150
28.960625
28.976725
28.977900
29.025750
29.040575
29.104500
29.118900
29.126425
29.202550
29.218300
29.223950
29.231550
29.264425
29.278125
29.350475
29.356600
29.382975
29.411225
29.444000
29.462450
29.495500
29.519000
29.579400
29.598175
29.628550
29.644000
29.683525
29.706450
29.736600
29.748925
29.758400
29.766100
29.775775
29.801525
29.825525
29.834150
29.880825
29.890100
29.912350
29.917875
29.930375
29.971475
