0.264300
0.373625
0.580000
0.755975
0.821550
1.204200
1.361450
1.447075
1.503675
1.613200
1.849850
2.014200
2.351350
2.480475
2.512125
2.549950
2.618025
2.850875
3.218325
3.353100
3.610425
3.669925
3.762175
3.896600
4.097225
4.166475
4.569325
4.997400
5.049575
5.144525
5.191625
5.230625
5.487075
5.738200
5.781675
5.824175
5.858575
6.178325
6.214350
6.776100
6.823900
6.866175
6.985300
7.037500
7.094500
7.324200
7.410350
7.557150
7.616725
7.849575
7.898150
7.930825
8.295950
8.402525
8.482650
8.505525
8.753750
8.784900
8.818950
9.206600
9.313400
9.506600
9.561950
9.629350
9.709450
9.814275
10.010250
10.271250
10.304650
10.789200
10.949900
10.995975
11.062000
11.450475
11.501325
11.535150
11.589275
11.997675
12.118000
12.223425
12.273250
12.776850
12.845750
12.915850
12.973675
13.267650
13.307575
13.562450
13.616450
13.646125
13.696675
14.035475
14.097675
14.122625
14.163575
14.399350
14.451825
14.711400
14.842725
14.906050
15.047400
15.147300
15.402150
15.456400
15.489875
15.532775
15.880225
16.041675
16.128800
16.212400
16.266275
16.637650
16.694650
16.810000
17.035350
17.103300
17.392150
17.684025
17.734450
17.786200
17.918525
18.174800
18.234825
18.348900
18.693850
18.929475
19.050575
19.121425
19.182625
19.303825
19.342575
19.674875
19.921575
19.977700
20.010825
20.055525
20.098125
20.373625
20.423325
20.473950
20.835600
20.866150
20.900975
21.270000
21.318000
21.361025
21.403400
21.438100
21.806850
21.867425
21.927300
21.960250
21.995300
22.278775
22.307625
22.342375
22.667675
22.702425
22.737850
22.785050
23.093350
23.131900
23.180925
23.232625
23.552900
23.929475
23.997200
24.072500
24.158325
24.200750
24.420450
24.457150
24.655600
24.747500
24.828825
25.044150
25.105750
25.283275
25.653050
25.712475
25.754325
26.202575
26.274075
26.420625
26.582500
26.618175
26.656425
26.679625
26.906375
27.659775
27.721950
27.846475
27.981650
28.036975
28.125975
28.258225
28.349250
28.638925
28.706450
28.881450
28.985875
29.188700
29.233350
29.263725
29.294325
29.572800
29.640000
29.699475
29.961900
