0.083725
0.279250
0.299525
0.409800
0.737700
0.766750
0.812800
1.304825
1.449475
1.497275
1.579700
1.784000
1.938650
2.038650
2.096075
2.148800
2.171525
2.199850
2.223150
2.263075
2.389600
2.493200
2.618850
2.685675
2.758850
2.777500
2.868050
2.903100
2.990800
3.193000
3.301725
3.368625
3.763775
4.526725
4.741750
4.845300
5.063800
5.074375
5.110975
5.233925
5.324225
5.403325
5.543500
5.841975
5.879150
5.921525
5.952500
6.100425
6.203050
6.284575
6.450175
6.540200
6.668975
6.927175
7.049450
7.071225
7.334025
7.711025
7.817850
7.901925
8.239475
8.631650
8.669925
8.681675
8.708750
8.747650
8.782025
8.842450
9.075025
9.480175
9.524325
9.782500
9.917675
9.959025
10.048850
10.134475
10.204100
10.262975
10.539900
10.702025
10.804250
10.975075
11.198175
11.260750
11.341250
11.437050
11.565225
11.824550
11.935575
11.983900
12.009975
12.061050
12.089725
12.134650
12.249925
12.301425
12.409050
12.435775
12.484075
12.490775
12.525800
12.602575
12.713525
12.879350
12.907000
12.984025
13.029875
13.421875
13.742100
13.819550
13.935750
13.951600
13.999550
14.042050
14.062250
14.183475
14.190625
14.277450
14.626900
14.968125
15.018675
15.038425
15.093500
15.118100
15.273325
15.276150
15.434825
15.484025
15.920900
16.080025
16.233925
16.503925
16.673375
16.820950
16.991650
17.937450
17.975575
18.662150
19.117175
19.600125
19.826850
19.892325
19.971225
20.477325
20.742425
20.939725
21.044650
21.136550
21.494925
21.550150
21.943050
22.202775
22.313675
22.369150
22.507850
22.647675
22.699450
22.897675
23.368850
23.561075
23.596025
23.931150
23.966900
24.083975
24.204550
24.493700
24.545375
25.375475
25.654450
25.802375
26.078500
26.230750
26.315950
26.576050
26.864725
27.221400
27.373725
27.420275
27.448150
27.921675
27.958750
28.031675
28.078350
28.228450
28.263575
28.293625
28.707000
28.837975
29.158550
29.314600
29.381150
29.705500
29.787125
29.958575
