0.028175
0.047750
0.064750
0.107025
0.148050
0.171300
0.186875
0.238100
0.259000
0.278625
0.294825
0.355450
0.392425
0.476875
0.499400
0.543800
0.577550
0.639050
0.651650
0.687925
0.732125
0.748625
0.772375
0.815175
0.947525
0.984425
1.141175
1.153975
1.220025
1.311525
1.377700
1.405300
1.478375
1.500525
1.540525
1.560525
1.605950
1.616825
1.679375
1.709850
1.725350
1.740475
1.782550
1.834550
1.842550
1.857400
1.874775
1.890925
1.903850
1.916400
1.957400
2.024725
2.072300
2.133750
2.168000
2.253675
2.282225
2.323850
2.361200
2.489525
2.499950
2.544850
2.557325
2.581800
2.653800
2.702100
2.730425
2.753350
2.779950
2.850725
2.872250
2.886500
2.921125
2.954775
3.001625
3.018075
3.032625
3.175175
3.233450
3.241900
3.248600
3.256400
3.288550
3.301600
3.362075
3.426925
3.440450
3.522525
3.545725
3.624100
3.646175
3.724500
3.828325
3.851100
3.884025
3.926275
3.982375
3.991425
3.999875
4.017175
4.038100
4.074425
4.090425
4.117575
4.137325
4.184950
4.198300
4.252825
4.289675
4.341025
4.358500
4.460950
4.486100
4.500025
4.536475
4.634475
4.693150
4.715475
4.738550
4.746425
4.814200
4.874900
4.905350
4.972125
4.997075
5.013425
5.045150
5.066425
5.077425
5.102725
5.152625
5.194925
5.214300
5.305300
5.319350
5.357900
5.442650
5.460350
5.472700
5.488375
5.501925
5.520500
5.535825
5.560475
5.585775
5.603875
5.693950
5.715000
5.743925
5.754800
5.787350
5.834750
5.856275
5.866225
5.876750
5.908275
5.940525
5.989200
6.010800
6.029875
6.047600
6.085075
6.108500
6.162900
6.190950
6.213725
6.228025
6.235050
6.248625
6.308225
6.345525
6.367275
6.394175
6.405225
6.481900
6.496225
6.534650
6.610425
6.619125
6.666850
6.691875
6.744675
6.789600
6.829700
6.860550
6.907550
6.950375
6.960300
6.989075
7.004525
7.056975
7.067100
7.112325
7.162950
7.177425
7.228650
7.263050
7.278825
7.339925
7.437075
7.463450
7.518300
7.626725
7.644800
7.664300
7.693425
7.813950
7.833525
7.848075
7.915600
7.935400
7.954125
7.968900
8.002750
8.040900
8.071150
8.125725
8.168025
8.232475
8.292625
8.329950
8.394350
8.410500
8.422375
8.475100
8.503125
8.537900
8.588100
8.604425
8.620725
8.674325
8.687500
8.721250
8.731750
8.767525
8.805775
8.830250
8.851975
8.859650
8.876625
8.918450
9.077925
9.176075
9.185375
9.199850
9.221125
9.245625
9.255575
9.321400
9.338375
9.405075
9.432350
9.465275
9.495525
9.511550
9.560150
9.613875
9.670025
9.799100
9.811550
9.860825
9.898200
9.944975
9.967750
9.990125
10.009700
10.069125
10.137325
10.145650
10.196950
10.219925
10.250400
10.429450
10.447025
10.490200
10.507575
10.519075
10.534575
10.620075
10.631050
10.756700
10.766525
10.810900
10.825750
10.901050
10.922900
10.936700
10.962925
10.974750
11.011250
11.097475
11.108925
11.125100
11.167600
11.190250
11.219300
11.263150
11.293775
11.307125
11.321300
11.340575
11.448450
11.510725
11.523875
11.549075
11.566025
11.610550
11.655750
11.757625
11.769800
11.799750
11.818025
11.868100
11.885525
11.901100
11.917575
12.030125
12.067525
12.192275
12.204175
12.247875
12.255725
12.276625
12.290375
12.309875
12.326325
12.342600
12.387050
12.400750
12.424750
12.443800
12.459200
12.546600
12.600550
12.627850
12.640950
12.718200
12.742000
12.774800
12.792400
12.811750
12.859775
12.891700
12.912925
12.934225
12.952550
12.992450
13.071800
13.266600
13.332025
13.344100
13.368425
13.398775
13.412150
13.420450
13.434450
13.452475
13.555550
13.620650
13.658875
13.703600
13.762900
13.779025
13.794075
13.819650
13.897025
13.907275
13.928925
14.003550
14.109175
14.168225
14.214525
14.228825
14.265100
14.302950
14.311925
14.346500
14.366850
14.378625
14.398425
14.405675
14.414750
14.433025
14.443425
14.468475
14.493075
14.504900
14.512825
14.581750
14.611525
14.623400
14.633775
14.753175
14.792525
14.824100
14.862300
14.875525
14.984300
14.999875
15.036950
15.050350
15.078950
15.151975
15.186125
15.222800
15.317525
15.369100
15.402175
15.416075
15.436025
15.486925
15.501575
15.513675
15.594375
15.606325
15.616625
15.625675
15.638050
15.653850
15.679350
15.704350
15.745300
15.810475
15.816825
15.827300
15.837825
15.886500
15.894275
15.917525
15.972675
16.003475
16.034600
16.066775
16.078750
16.118225
16.134350
16.155275
16.181525
16.221750
16.266025
16.429525
16.489300
16.562650
16.571725
16.581800
16.600275
16.621600
16.656325
16.667875
16.679500
16.724350
16.733200
16.747725
16.790075
16.818625
16.842875
16.859025
16.878625
16.915650
16.948700
17.050100
17.058350
17.143000
17.159925
17.177200
17.218900
17.233025
17.290175
17.356325
17.382050
17.408150
17.463350
17.544275
17.561600
17.673875
17.688875
17.724025
17.768225
17.804875
17.843025
17.922550
17.940000
17.967900
17.984575
18.031700
18.052975
18.069775
18.118900
18.136075
18.170825
18.182775
18.209150
18.249475
18.273050
18.329825
18.379700
18.531000
18.555700
18.575750
18.633075
18.646175
18.658050
18.668850
18.702125
18.723100
18.796525
18.808425
18.846025
18.863075
18.906625
18.925175
18.939325
19.008375
19.019575
19.033825
19.059050
19.071875
19.090725
19.145350
19.173425
19.187275
19.218625
19.237125
19.394200
19.411200
19.452425
19.521275
19.679225
19.744000
19.801525
19.824850
19.897000
19.922325
19.936975
19.967375
20.018825
20.053400
20.062450
20.106575
20.116000
20.131175
20.194600
20.209175
20.252325
20.287900
20.308975
20.331450
20.379850
20.395575
20.424275
20.436575
20.494800
20.580625
20.592700
20.629350
20.664875
20.714850
20.733125
20.798300
20.820400
20.836850
20.912650
20.979125
21.024525
21.094675
21.107525
21.136700
21.164400
21.178675
21.213025
21.232975
21.256875
21.273025
21.290450
21.338400
21.371525
21.398750
21.456275
21.474075
21.484800
21.504350
21.516925
21.593000
21.615575
21.640350
21.651300
21.661100
21.691875
21.729575
21.813275
21.845925
21.865650
21.917150
21.936450
21.991175
22.072225
22.106700
22.114525
22.125800
22.181650
22.229800
22.273525
22.367225
22.381025
22.401700
22.442825
22.460150
22.569875
22.702450
22.727000
22.792200
22.835450
22.909625
22.947125
22.998875
23.031600
23.068825
23.094225
23.155350
23.172275
23.185450
23.231850
23.272600
23.338150
23.348275
23.372250
23.409800
23.470325
23.508700
23.573250
23.590825
23.636250
23.648675
23.713525
23.728475
23.735025
23.748150
23.759025
23.770150
23.784125
23.793825
23.841125
23.855625
23.888325
23.917725
24.004700
24.016525
24.029825
24.071600
24.077800
24.125100
24.131675
24.139325
24.151950
24.219125
24.241875
24.283675
24.293650
24.308025
24.325525
24.362575
24.399250
24.432750
24.464800
24.539475
24.587175
24.618600
24.655925
24.663450
24.683550
24.721650
24.756450
24.826825
24.840000
24.848500
24.971425
24.989550
25.005925
25.042575
25.053825
25.183400
25.193775
25.199800
25.212400
25.223650
25.281025
25.293600
25.308800
25.435250
25.457450
25.467425
25.529400
25.545900
25.568375
25.628200
25.669225
25.689375
25.752950
25.826125
25.848875
25.900950
25.912425
25.933400
25.962700
26.006625
26.018875
26.086350
26.105225
26.122025
26.175475
26.229675
26.292950
26.303050
26.312100
26.354350
26.432975
26.447400
26.463375
26.494275
26.514725
26.721225
26.751025
26.790750
26.798675
26.825725
26.839325
26.855625
26.872200
26.888500
26.906725
26.944350
26.958525
27.032875
27.139925
27.152275
27.175925
27.187050
27.223175
27.275375
27.319100
27.333425
27.356125
27.479925
27.520200
27.654750
27.706925
27.726675
27.786350
27.848550
27.879950
27.943525
27.989350
28.025050
28.053850
28.065025
28.080625
28.161625
28.253300
28.289275
28.340250
28.388975
28.402950
28.416225
28.440375
28.585525
28.681425
28.695800
28.708625
28.880225
28.927950
28.941500
28.987475
29.002900
29.033975
29.081925
29.142125
29.188150
29.212225
29.268425
29.295850
29.343650
29.360450
29.429600
29.440950
29.455350
29.472200
29.484025
29.525050
29.582250
29.656875
29.716650
29.739825
29.807900
29.850950
29.877075
29.891475
29.925550
29.932800
29.945525
29.956050
29.981300
