0.018700
0.029425
0.070550
0.079050
0.277100
0.458225
0.493175
0.527800
0.664600
0.691625
0.712250
0.918550
1.010150
1.097425
1.106075
1.153325
1.501450
1.539750
1.543275
1.647950
1.649525
1.913425
1.917725
1.961650
2.002075
2.009800
2.054550
2.329400
2.341900
2.400275
2.412225
2.497075
2.529650
2.649250
2.700450
2.740475
2.748700
2.792200
2.806125
2.838225
2.906450
3.045425
3.069375
3.095900
3.140550
3.175800
3.207825
3.615075
3.640900
3.678375
3.760275
3.792300
3.795200
3.842850
3.847825
4.260600
4.329450
4.351450
4.446325
4.494900
4.527050
4.554425
4.629775
4.756125
4.761825
4.956025
4.992775
5.002800
5.046975
5.166150
5.399825
5.437950
5.535650
5.557525
5.613250
5.661050
5.716550
5.852850
5.981950
6.045000
6.075650
6.124525
6.180425
6.321725
6.407475
6.494850
6.515100
6.521875
6.560750
6.611675
6.803875
6.913525
7.011775
7.054100
7.153425
7.164700
7.207275
7.587325
7.606200
7.709575
7.730100
7.977050
8.109100
8.177700
8.203950
8.253275
8.300725
8.483225
8.549500
8.610725
8.661725
8.782825
8.848800
9.025650
9.099225
9.125250
9.157900
9.199950
9.271825
9.552425
9.571400
9.594900
9.597400
9.629125
9.672075
9.721225
9.920525
10.040525
10.086000
10.121675
10.619675
10.724225
10.787000
10.999525
11.026150
11.107725
11.156500
11.205925
11.248025
11.439700
11.609675
11.679525
11.739325
11.769475
11.785700
11.819250
11.857850
11.915600
12.033150
12.053225
12.129200
12.138725
12.185925
12.315350
12.476700
12.525450
12.579700
12.660275
12.821650
12.920975
12.946125
12.989400
13.012375
13.035250
13.112350
13.119275
13.349200
13.402950
13.435775
13.568975
13.637500
13.689700
13.727300
14.177050
14.210075
14.291625
14.293150
14.332300
14.378575
14.590800
14.631175
14.777175
14.878400
14.938050
14.996525
15.024375
15.137650
15.324075
15.372500
15.490650
15.502825
15.658625
15.756725
16.042325
16.073300
16.114775
16.420800
16.479925
16.554075
16.586050
16.766900
16.867950
16.902125
16.916225
16.960625
17.231125
17.292075
17.420175
17.484375
17.510200
17.549025
17.725200
17.815400
17.901525
17.939025
18.011350
18.078375
18.118725
18.305300
18.344875
18.404175
18.747325
18.797750
18.849025
18.905675
19.023050
19.210575
19.227775
19.298900
19.336750
19.470600
19.513700
19.650925
19.662775
19.828475
19.908100
19.961975
19.994950
20.020800
20.054150
20.088750
20.390725
20.458125
20.502450
20.545850
20.978125
21.066900
21.123325
21.274400
21.403325
21.426600
21.429425
21.471975
21.532975
21.629275
21.681175
21.756950
21.759175
21.790575
21.792350
21.827225
21.840025
21.912300
22.172625
22.236450
22.248575
22.326550
22.349700
22.395450
22.451950
22.727000
22.757675
22.870025
22.943050
22.994800
23.043425
23.074575
23.116975
23.180375
23.266950
23.315175
23.407400
23.428625
23.456100
23.536450
23.574300
23.635600
23.676125
23.899675
23.932450
23.972475
24.089850
24.287900
24.342500
24.408700
24.529775
24.573125
24.613975
24.672300
24.737075
24.811750
24.873500
24.920375
25.187625
25.302850
25.342225
25.390725
25.405000
25.538100
25.597475
25.648975
25.652475
25.700750
25.707650
25.771650
26.094300
26.185625
26.270775
26.317150
26.351100
26.376550
26.703900
26.725025
26.898175
26.983725
27.010875
27.035175
27.112075
27.135375
27.357450
27.391425
27.431100
27.461775
27.554650
27.765900
27.791225
27.802025
27.830075
27.852600
28.197050
28.219950
28.275450
28.278875
28.351925
28.478000
28.521625
28.691775
28.982150
29.205725
29.242200
29.272300
29.580225
29.609150
29.691725
29.907500
29.939125
29.990500
