0.039675
0.316625
0.343125
0.416875
0.543725
0.599025
0.646875
0.740750
0.844425
0.951700
0.973100
1.018950
1.062725
1.078000
1.117675
1.154575
1.203725
1.262675
1.369025
1.406675
1.571750
1.718325
1.749075
1.808900
1.845300
2.027925
2.119550
2.206850
2.278250
2.316650
2.361775
2.424450
2.552900
2.689325
2.762975
2.796900
2.831275
2.905650
2.958600
2.997175
3.097900
3.135050
3.225925
3.274650
3.368525
3.418300
3.486650
3.531950
3.576650
3.657000
3.693025
3.749125
3.781100
3.828375
4.045000
4.098500
4.143300
4.234775
4.292775
4.321225
4.370975
4.457600
4.535475
4.598975
4.647000
4.749500
4.891150
4.915900
4.918725
5.013525
5.052125
5.131850
5.162400
5.197850
5.319650
5.380225
5.423400
5.456400
5.694325
5.765750
5.844300
6.090400
6.168650
6.294475
6.390050
6.477800
6.559950
6.732825
6.790000
6.838975
6.887350
6.935675
6.967325
6.993725
7.058350
7.083075
7.113375
7.143825
7.199675
7.224550
7.254375
7.358100
7.501425
7.542050
7.626250
7.661225
7.730125
7.807500
7.900900
7.925375
7.976750
8.009800
8.024475
8.050350
8.066275
8.105300
8.120575
8.151225
8.165375
8.206550
8.280325
8.334875
8.350050
8.353225
8.384525
8.431400
8.450525
8.460975
8.542500
8.557100
8.794700
8.823425
8.927850
9.017850
9.046950
9.143500
9.173725
9.221450
9.244775
9.280350
9.342700
9.377325
9.430175
9.480400
9.561175
9.596700
9.608475
9.680075
9.771075
9.853125
9.951775
10.051325
10.109925
10.148650
10.192100
10.231850
10.309050
10.395600
10.444500
10.482275
10.557925
10.606450
10.680675
10.718325
10.726525
10.760675
10.829250
10.867950
10.901950
10.930750
10.979725
11.000050
11.088850
11.158950
11.227425
11.276425
11.332625
11.381050
11.414900
11.433550
11.490425
11.535475
11.577400
11.617625
11.696400
11.752200
11.760875
11.775450
11.815875
11.896125
11.977650
12.036325
12.225325
12.285050
12.352175
12.545600
12.593900
12.686850
12.767450
12.862525
12.956250
13.021175
13.079525
13.160425
13.302275
13.424450
13.483825
13.501525
13.509850
13.576850
13.621850
13.695825
13.726050
13.769825
13.823450
13.873825
13.913000
13.984725
14.311175
14.356200
14.398650
14.436425
14.477125
14.517375
14.604750
14.645700
14.716375
14.745675
14.804675
14.854250
14.880250
14.938925
15.012375
15.128100
15.256125
15.312725
15.361375
15.435175
15.530725
15.655700
15.789100
15.853375
15.880175
15.955250
16.016725
16.139500
16.290900
16.316675
16.614600
16.760725
16.780825
16.834825
16.923700
16.962425
17.020525
17.107725
17.156600
17.244300
17.334700
17.377525
17.449050
17.542375
17.619400
17.652825
17.687300
17.722525
17.757550
17.811325
17.833500
17.886050
17.951525
17.999725
18.025150
18.099875
18.142825
18.175700
18.235725
18.290200
18.322700
18.401900
18.457450
18.497075
18.536875
18.552825
18.602950
18.663025
18.745050
18.805575
18.882925
18.937625
18.972250
19.003150
19.041200
19.064825
19.183275
19.283025
19.333425
19.393125
19.464000
19.509575
19.578025
19.637425
19.704275
19.833425
19.911925
19.980425
20.116200
20.168675
20.210450
20.259125
20.319750
20.342750
20.389950
20.422775
20.507100
20.665975
20.690650
20.738225
20.892900
20.894050
20.941800
20.995250
21.084200
21.202925
21.280925
21.317450
21.385900
21.395000
21.628475
21.694975
21.760525
21.787325
21.859625
21.915475
22.072150
22.103900
22.216075
22.262075
22.361400
22.517350
22.643525
22.687000
22.831875
22.881325
22.932450
23.057550
23.085250
23.167425
23.227600
23.324575
23.442950
23.516425
23.537875
23.562400
23.676350
23.694600
23.789025
23.825500
23.840625
23.908925
23.972975
24.040500
24.091400
24.152050
24.171850
24.206450
24.255600
24.285500
24.324650
24.364200
24.420150
24.536675
24.580350
24.698025
24.771775
24.830000
24.872275
24.902525
24.930300
24.972875
25.014025
25.068050
25.132925
25.186500
25.211550
25.285275
25.348400
25.443875
25.488600
25.537825
25.561900
25.597600
25.657725
25.725850
25.811550
25.895750
25.939875
25.968650
26.007975
26.055100
26.218875
26.234300
26.380350
26.466850
26.523750
26.647400
26.701825
26.739100
26.777050
26.816750
26.890650
26.972175
26.977200
27.010150
27.032425
27.102450
27.154750
27.205600
27.234175
27.295775
27.389125
27.409175
27.481900
27.558475
27.638375
27.674600
27.728075
27.834825
27.862375
27.904000
27.944525
27.984700
28.017950
28.054825
28.126325
28.165850
28.191475
28.258450
28.370075
28.452300
28.489725
28.548800
28.581850
28.631975
28.683525
28.702650
28.803050
28.884550
29.151450
29.183575
29.250600
29.393075
29.477200
29.564000
29.659625
29.721600
29.784175
29.926900
29.983275
