0.001725
0.015875
0.039300
0.051000
0.080225
0.108500
0.132150
0.139675
0.151425
0.169175
0.217275
0.223500
0.246600
0.253425
0.279975
0.288375
0.296700
0.306200
0.315400
0.380250
0.413200
0.462250
0.478900
0.501325
0.546450
0.578625
0.589575
0.595175
0.617900
0.661325
0.713700
0.730100
0.769475
0.783550
0.805650
0.827000
0.854975
0.867075
0.887100
0.906775
0.918875
0.940475
0.956825
0.968625
0.983925
0.997900
1.044800
1.108125
1.120900
1.187250
1.204425
1.283575
1.300725
1.324375
1.335500
1.343050
1.352425
1.370775
1.376525
1.440325
1.467150
1.475100
1.493900
1.509175
1.550150
1.563625
1.624075
1.775850
1.822075
1.887875
1.905100
1.963775
1.984650
2.019450
2.096775
2.106675
2.114975
2.179675
2.258450
2.270250
2.279325
2.290325
2.306875
2.327700
2.332150
2.357925
2.366750
2.388925
2.442225
2.463125
2.509525
2.549100
2.575100
2.603300
2.666075
2.688325
2.746050
2.761950
2.787875
2.800200
2.812525
2.854675
2.865425
2.875225
2.893425
2.937300
2.971925
3.005575
3.052125
3.076175
3.108175
3.131625
3.159675
3.185825
3.208825
3.227875
3.244425
3.259950
3.274825
3.297300
3.325150
3.353250
3.367875
3.386350
3.394525
3.401750
3.418925
3.428825
3.473025
3.494300
3.544200
3.578875
3.626025
3.649450
3.680275
3.700200
3.716275
3.736700
3.750650
3.772775
3.782325
3.795850
3.814175
3.833375
3.851300
3.876050
3.894050
3.922275
3.967750
3.994975
4.018600
4.056925
4.084025
4.109450
4.139300
4.173425
4.205225
4.229425
4.259800
4.286450
4.319725
4.350075
4.375550
4.412275
4.436150
4.476650
4.507700
4.536250
4.557950
4.570950
4.586925
4.602225
4.619275
4.637400
4.655275
4.665775
4.679500
4.699150
4.718900
4.735500
4.775050
4.796625
4.832950
4.853275
4.896800
4.930625
4.956600
4.972975
4.989025
5.003025
5.021200
5.037100
5.048500
5.060550
5.070150
5.079775
5.089325
5.095925
5.104725
5.129200
5.147300
5.161100
5.193350
5.211175
5.243150
5.277250
5.313650
5.337475
5.354200
5.387050
5.417700
5.450175
5.485775
5.516500
5.534500
5.546900
5.561075
5.591075
5.608375
5.654650
5.668150
5.683475
5.698800
5.712425
5.729375
5.754975
5.802025
5.829800
5.847700
5.865100
5.904875
5.924375
5.938150
5.953800
5.972950
5.995200
6.006075
6.017650
6.031975
6.043850
6.064225
6.077225
6.090575
6.117975
6.131975
6.144575
6.156650
6.195300
6.210950
6.235525
6.257325
6.290125
6.320475
6.341775
6.396100
6.420500
6.476075
6.496925
6.514650
6.544100
6.564200
6.577250
6.602750
6.618150
6.634900
6.652825
6.678400
6.691275
6.707325
6.722750
6.756350
6.776175
6.793875
6.804350
6.824625
6.853625
6.871200
6.907300
6.943575
6.991375
7.016375
7.039250
7.052325
7.069650
7.085050
7.104475
7.117450
7.132850
7.148400
7.169275
7.185025
7.201875
7.223075
7.252075
7.274525
7.298775
7.328900
7.350050
7.369350
7.386475
7.431775
7.456250
7.485325
7.504025
7.518875
7.556600
7.579850
7.592350
7.605400
7.641200
7.653600
7.673975
7.686150
7.698050
7.718100
7.739675
7.762750
7.773950
7.807050
7.830550
7.862775
7.876800
7.900250
7.929650
7.951025
7.976100
7.995025
8.012000
8.034050
8.053075
8.088400
8.106075
8.119625
8.137250
8.149350
8.160850
8.174925
8.192550
8.235300
8.245900
8.268650
8.287300
8.300875
8.315450
8.337900
8.356975
8.375625
8.394450
8.414625
8.430100
8.446900
8.462775
8.479325
8.495575
8.518850
8.536050
8.555550
8.592750
8.618500
8.647225
8.661475
8.698075
8.724150
8.749325
8.766650
8.781150
8.794175
8.812375
8.826900
8.846850
8.869875
8.884050
8.898000
8.913100
8.930425
8.960525
8.988250
9.005050
9.016475
9.042725
9.061300
9.083800
9.108650
9.126150
9.148675
9.188575
9.221550
9.257725
9.280200
9.303950
9.320325
9.345950
9.369100
9.406325
9.445300
9.463350
9.481350
9.494600
9.506675
9.517500
9.528100
9.541525
9.556300
9.565175
9.574250
9.584250
9.596850
9.612925
9.631875
9.657025
9.678900
9.689775
9.700125
9.707325
9.716925
9.726150
9.741475
9.753875
9.764925
9.781825
9.812175
9.835125
9.854200
9.879825
9.920125
9.952475
9.983925
9.987050
10.009475
10.037400
10.073725
10.096875
10.116250
10.132750
10.152200
10.161750
10.171500
10.182875
10.202375
10.215400
10.244425
10.264275
10.292625
10.304875
10.336700
10.350100
10.359500
10.378600
10.388125
10.406900
10.421325
10.439050
10.464850
10.507025
10.532650
10.570075
10.645200
10.660900
10.688450
10.708025
10.719675
10.731750
10.745225
10.760500
10.773800
10.793550
10.804725
10.819650
10.849375
10.877050
10.895875
10.914625
10.930525
10.942075
10.976900
10.992300
11.005825
11.028650
11.047700
11.066850
11.085400
11.107800
11.125300
11.151150
11.167250
11.204050
11.238625
11.258700
11.287200
11.314600
11.334175
11.353125
11.383700
11.413575
11.441225
11.479325
11.514100
11.546875
11.564000
11.577175
11.586375
11.599900
11.628775
11.653725
11.690575
11.712350
11.714100
11.735800
11.767750
11.786100
11.811075
11.852250
11.876775
11.892000
11.924725
11.944325
11.961575
11.973425
11.986625
12.002550
12.015975
12.031850
12.049400
12.073475
12.085925
12.104625
12.115800
12.137950
12.162150
12.174025
12.192875
12.207850
12.219475
12.236950
12.248300
12.266750
12.279275
12.295725
12.313775
12.335575
12.363900
12.395225
12.414950
12.449900
12.467550
12.490750
12.510650
12.520625
12.538125
12.556000
12.570225
12.598925
12.619250
12.633525
12.660325
12.684175
12.704350
12.723025
12.735975
12.752700
12.767925
12.789875
12.811625
12.825100
12.844675
12.859400
12.877925
12.899725
12.917075
12.931350
12.946000
12.971275
12.989350
13.018525
13.040500
13.064350
13.098550
13.147375
13.167475
13.183675
13.205100
13.217700
13.244550
13.266325
13.296750
13.315125
13.335675
13.375800
13.405125
13.426275
13.448475
13.481575
13.499500
13.517175
13.545550
13.562600
13.587475
13.604050
13.626900
13.640425
13.654500
13.699900
13.722950
13.741475
13.760200
13.808225
13.840675
13.878025
13.908400
13.956025
13.973525
13.992975
14.024400
14.042575
14.067600
14.088100
14.115525
14.140575
14.164200
14.185525
14.208775
14.225550
14.244300
14.268650
14.289750
14.316525
14.338150
14.403650
14.450075
14.474400
14.523800
14.563225
14.596650
14.626550
14.645200
14.667800
14.685825
14.702125
14.728200
14.747175
14.771425
14.800250
14.817250
14.839325
14.858050
14.871500
14.885875
14.908775
14.958675
15.000600
15.025975
15.045300
15.077400
15.107150
15.133475
15.159925
15.171375
15.184425
15.203925
15.223400
15.232875
15.246975
15.262475
15.280725
15.306850
15.323300
15.351075
15.376550
15.404375
15.416250
15.431675
15.463800
15.485025
15.502475
15.517000
15.538100
15.551550
15.580675
15.620700
15.652775
15.702175
15.721250
15.742725
15.768600
15.801925
15.813750
15.832000
15.845150
15.854475
15.861875
15.872550
15.905450
15.935875
15.968075
15.995725
16.028675
16.051725
16.076575
16.099225
16.110975
16.128125
16.154600
16.166225
16.181550
16.200175
16.224725
16.250900
16.278150
16.309875
16.341325
16.356425
16.363025
16.378150
16.394575
16.413525
16.424200
16.437350
16.450900
16.467025
16.482550
16.500375
16.515500
16.534975
16.554700
16.583750
16.615875
16.635150
16.670900
16.700775
16.722850
16.740950
16.751600
16.756475
16.761750
16.768350
16.775250
16.782825
16.788500
16.802300
16.817325
16.852275
16.868175
16.889875
16.933400
16.970925
17.005500
17.039575
17.058825
17.085850
17.111025
17.122200
17.128400
17.142025
17.150875
17.161850
17.172375
17.182950
17.193050
17.202375
17.219725
17.231625
17.248200
17.268450
17.294250
17.315875
17.342425
17.364750
17.393150
17.421550
17.445650
17.456700
17.462000
17.466425
17.478275
17.488675
17.505050
17.515750
17.530150
17.546100
17.562800
17.580550
17.599075
17.627400
17.647500
17.691550
17.719850
17.750525
17.777100
17.792075
17.806075
17.817700
17.833475
17.849050
17.865925
17.883850
17.908300
17.935825
17.961525
17.993725
18.016925
18.055450
18.085300
18.110325
18.131025
18.152275
18.161175
18.171675
18.184000
18.198250
18.219800
18.232225
18.257600
18.274925
18.310275
18.330825
18.362025
18.388575
18.412575
18.436175
18.450900
18.469525
18.512500
18.531200
18.553275
18.575975
18.596075
18.609575
18.625975
18.645725
18.672800
18.697200
18.710350
18.724600
18.739575
18.760400
18.785425
18.813375
18.848400
18.900350
18.921075
18.944575
18.961900
18.987400
18.988850
18.999875
19.010200
19.025775
19.063225
19.076200
19.102300
19.124500
19.148300
19.167725
19.194050
19.216975
19.237600
19.250850
19.271350
19.287800
19.314800
19.351850
19.374350
19.393125
19.407700
19.436100
19.450250
19.474200
19.502150
19.539450
19.572200
19.604575
19.632175
19.657375
19.703200
19.722225
19.744900
19.764400
19.790625
19.817550
19.840275
19.857300
19.907550
19.932625
19.965925
19.984650
20.008325
20.034450
20.061575
20.128850
20.178075
20.195150
20.215150
20.227550
20.249650
20.269300
20.289850
20.308650
20.327050
20.339050
20.356925
20.370100
20.386475
20.405925
20.429925
20.475000
20.513525
20.547650
20.572450
20.597575
20.649000
20.675950
20.751375
20.768525
20.800675
20.818700
20.831950
20.843325
20.854275
20.864050
20.876750
20.914925
20.946025
20.979825
21.005500
21.078500
21.116975
21.135050
21.151650
21.169325
21.182800
21.199075
21.216325
21.234550
21.270850
21.335475
21.366550
21.405825
21.447000
21.481800
21.502525
21.514275
21.533575
21.548550
21.566725
21.579200
21.600300
21.636200
21.672575
21.710400
21.765225
21.804675
21.836800
21.856175
21.871925
21.884325
21.900825
21.915425
21.947275
21.968125
21.988100
22.021625
22.040225
22.115175
22.170150
22.210475
22.233075
22.244425
22.253875
22.270200
22.281275
22.294975
22.312675
22.325725
22.340775
22.361000
22.389650
22.431200
22.449750
22.484550
22.509600
22.542600
22.590225
22.602700
22.615750
22.626750
22.641350
22.653275
22.665375
22.679500
22.692200
22.706375
22.719675
22.739700
22.767000
22.804475
22.842050
22.859375
22.881775
22.914600
22.945150
22.985150
23.007750
23.021275
23.034050
23.048100
23.060550
23.072825
23.087575
23.100900
23.117750
23.140700
23.151200
23.187150
23.217650
23.260575
23.301700
23.332625
23.361225
23.393250
23.427750
23.451650
23.468275
23.480475
23.497825
23.508000
23.523225
23.534875
23.548350
23.550025
23.560025
23.569300
23.583150
23.600575
23.624250
23.678225
23.708425
23.747600
23.776950
23.804300
23.824575
23.859625
23.891150
23.915875
23.931525
23.946500
23.966400
23.983075
23.997725
24.014075
24.026525
24.041575
24.058750
24.088725
24.116975
24.139825
24.165025
24.187400
24.209775
24.235450
24.260625
24.287325
24.312200
24.350100
24.379800
24.392400
24.403650
24.417725
24.429500
24.438900
24.454575
24.466900
24.476575
24.487625
24.505950
24.532150
24.564175
24.606975
24.622950
24.656400
24.675550
24.694175
24.709800
24.726425
24.751225
24.766800
24.802550
24.850775
24.892475
24.923225
24.959500
24.990200
25.017025
25.046850
25.070425
25.085675
25.122025
25.155825
25.184125
25.227925
25.302375
25.324575
25.348300
25.370400
25.384400
25.399775
25.416900
25.434775
25.452100
25.472700
25.489725
25.513250
25.535700
25.566250
25.593725
25.637675
25.672525
25.722975
25.776175
25.796875
25.827725
25.844300
25.860375
25.876875
25.892600
25.911250
25.927175
25.943525
25.956775
25.972000
25.998775
26.032325
26.057525
26.087375
26.113325
26.131375
26.155775
26.158600
26.207475
26.250575
26.266650
26.286125
26.307825
26.333100
26.349150
26.378125
26.413250
26.437575
26.458025
26.493800
26.516725
26.542325
26.601650
26.615175
26.639025
26.655175
26.669750
26.685675
26.708825
26.736300
26.754975
26.772550
26.795875
26.814300
26.838825
26.873375
26.896450
26.932425
26.965650
27.019500
27.068950
27.104775
27.131000
27.161225
27.206000
27.221900
27.234750
27.255375
27.297000
27.335350
27.353925
27.390600
27.422850
27.445750
27.475725
27.500775
27.533050
27.576450
27.617800
27.653275
27.673625
27.700800
27.716350
27.731450
27.744200
27.759175
27.776950
27.798075
27.808575
27.813025
27.831850
27.858625
27.880050
27.918100
27.947450
27.975625
28.012350
28.055825
28.100375
28.128075
28.165450
28.185875
28.199925
28.213150
28.226975
28.239100
28.253800
28.268450
28.280900
28.291900
28.303650
28.313600
28.324550
28.337800
28.356150
28.376650
28.405200
28.432625
28.478025
28.519475
28.551300
28.576625
28.605025
28.632600
28.661725
28.674125
28.698525
28.713275
28.725400
28.737250
28.769575
28.805650
28.831300
28.868825
28.892450
28.918250
28.922700
28.938325
28.974025
29.005000
29.025775
29.060975
29.089700
29.143950
29.159150
29.174150
29.192500
29.206350
29.221250
29.236925
29.248625
29.273925
29.284050
29.293075
29.303200
29.316250
29.325425
29.348300
29.361600
29.374750
29.396200
29.423125
29.450275
29.476400
29.524600
29.561700
29.586450
29.608625
29.644600
29.658825
29.686075
29.697925
29.710050
29.726450
29.736175
29.746050
29.758875
29.768000
29.779275
29.788550
29.797225
29.805450
29.812450
29.820175
29.831100
29.845425
29.856500
29.878950
29.919525
29.959250
