0.012175
0.072625
0.205675
0.218850
0.222700
0.228200
0.231100
0.293750
0.331025
0.364325
0.382350
0.410675
0.429400
0.475650
0.482500
0.548175
0.598450
0.624225
0.630175
0.633300
0.716550
0.756200
0.790725
0.844300
0.889925
0.900500
0.951025
0.975350
1.080225
1.131600
1.145625
1.172900
1.201350
1.249925
1.348575
1.390175
1.440675
1.458600
1.523025
1.529700
1.560575
1.577975
1.593100
1.686925
1.854525
1.897825
1.911400
1.967750
2.041500
2.067275
2.089250
2.114925
2.158100
2.256775
2.306900
2.343150
2.366600
2.475375
2.503925
2.549575
2.563900
2.604800
2.673025
2.691250
2.730925
2.797900
2.841350
2.875850
2.886475
2.952275
2.996575
3.031675
3.054025
3.079650
3.098600
3.119700
3.174800
3.226950
3.309850
3.357125
3.381900
3.418650
3.434400
3.453100
3.468100
3.503500
3.559275
3.628050
3.641100
3.654475
3.739300
3.776950
3.838200
3.860850
3.870700
3.921300
3.948275
3.992725
4.056875
4.174125
4.242775
4.261600
4.390675
4.412900
4.466675
4.478800
4.533525
4.635525
4.651300
4.671975
4.709975
4.746200
4.755975
4.796725
4.827850
4.839625
4.865600
4.911025
4.938025
4.964850
5.047675
5.100550
5.142825
5.189300
5.229350
5.262150
5.323725
5.358550
5.475000
5.515525
5.542325
5.560825
5.630625
5.671950
5.716350
5.782300
5.835525
5.845375
5.868475
5.923950
5.948025
5.974350
5.991875
6.007625
6.035475
6.191675
6.267825
6.303875
6.330425
6.343450
6.372250
6.446675
6.497250
6.516975
6.545650
6.618100
6.644075
6.733525
6.753650
6.767250
6.820625
6.863875
6.909900
6.990500
7.040500
7.075825
7.129225
7.182000
7.212650
7.290825
7.326300
7.351175
7.376800
7.379925
7.534800
7.559425
7.590725
7.615125
7.680125
7.752600
7.775975
7.781550
7.864025
7.871250
7.885025
7.900575
7.925625
7.962500
7.973925
7.983700
8.035050
8.104350
8.182575
8.187975
8.213100
8.317675
8.342025
8.363025
8.416175
8.442200
8.448225
8.505850
8.694975
8.731750
8.793025
8.832850
8.882425
8.909300
8.949675
8.959025
8.994525
9.096125
9.125450
9.145050
9.186675
9.233025
9.258500
9.286750
9.352225
9.365250
9.412200
9.461775
9.513825
9.556625
9.752150
9.801900
9.900900
9.943575
9.990775
10.001600
10.038525
10.077350
10.092750
10.117175
10.132600
10.175150
10.207500
10.241875
10.259525
10.285650
10.381550
10.407450
10.492825
10.634225
10.759875
10.862250
10.892000
11.041525
11.053950
11.091225
11.110775
11.152850
11.183925
11.196000
11.214900
11.258000
11.353000
11.424700
11.520325
11.544350
11.600225
11.617550
11.680625
11.723225
11.766700
11.800600
11.839275
11.893350
11.924250
11.968350
11.981400
12.037625
12.067525
12.079300
12.198250
12.238850
12.267175
12.286075
12.346275
12.434950
12.542500
12.588025
12.646825
12.680100
12.689000
12.733025
12.762750
12.779050
12.817375
12.868450
12.996175
13.032750
13.073875
13.123875
13.246075
13.292225
13.310100
13.388350
13.492425
13.572350
13.600225
13.644250
13.694175
13.723275
13.781675
13.840350
13.883425
13.955025
14.007500
14.029125
14.056975
14.070125
14.173350
14.189675
14.269575
14.321350
14.363925
14.387750
14.439625
14.487900
14.517925
14.570800
14.575950
14.593500
14.608250
14.677825
14.712450
14.735650
14.761275
14.784750
14.828700
14.852425
14.864375
14.882400
14.977800
14.997575
15.142275
15.155625
15.203500
15.217625
15.252375
15.307400
15.367400
15.448700
15.487300
15.516025
15.543550
15.582325
15.643800
15.676775
15.719300
15.765300
15.812050
15.848400
15.967450
16.001900
16.010725
16.046800
16.275475
16.303675
16.384350
16.404975
16.491550
16.500725
16.585050
16.674075
16.901575
17.022625
17.116425
17.173700
17.229425
17.332550
17.351975
17.373600
17.463050
17.582900
17.688375
17.724675
17.858850
17.889325
17.940525
18.026050
18.124475
18.164550
18.268000
18.296250
18.335275
18.354175
18.395925
18.419500
18.461325
18.476025
18.598250
18.720625
18.774200
18.803075
18.990075
19.014850
19.037025
19.096950
19.248775
19.282950
19.328050
19.375925
19.466700
19.538475
19.607275
19.648300
19.674050
19.719525
19.835050
19.891800
19.961900
20.034900
20.043975
20.085900
20.186500
20.311250
20.367675
20.385450
20.397675
20.426725
20.511475
20.593375
20.633575
20.665700
20.699575
20.715325
20.760175
20.887225
20.954450
20.978300
21.017175
21.046725
21.055675
21.251775
21.293900
21.334550
21.379050
21.409125
21.456150
21.489500
21.577975
21.607575
21.635375
21.675400
21.697300
21.730425
21.748750
21.766750
21.824675
21.895100
21.904625
21.947850
21.968200
21.987975
22.006300
22.039500
22.123125
22.177550
22.400300
22.423775
22.474725
22.560425
22.592425
22.628775
22.702700
22.747875
22.818675
22.893125
22.918075
22.935525
22.996900
23.084350
23.116625
23.130150
23.146500
23.157900
23.182975
23.204500
23.233450
23.279200
23.346950
23.383200
23.439275
23.522575
23.703675
23.737300
23.826600
23.844050
23.893450
23.956175
23.977150
24.025375
24.048800
24.069250
24.141850
24.202600
24.239200
24.281975
24.334325
24.399325
24.418925
24.452500
24.484025
24.545425
24.636875
24.684650
24.725500
24.793750
24.840325
24.871775
24.969675
25.017150
25.038625
25.157075
25.178950
25.337075
25.372600
25.391200
25.512200
25.581800
25.641900
25.673675
25.735100
25.783900
25.836900
25.875775
25.932150
25.999675
26.107700
26.132025
26.191750
26.266975
26.347975
26.366825
26.418000
26.438300
26.523100
26.552450
26.579250
26.602250
26.629250
26.654225
26.718700
26.778525
26.799800
26.939800
27.017150
27.045575
27.065225
27.087250
27.110500
27.122125
27.150225
27.218625
27.247125
27.256175
27.327225
27.344075
27.376525
27.446650
27.638925
27.702200
27.721450
27.793350
27.842425
27.862850
27.970425
28.044100
28.056950
28.090725
28.148500
28.173150
28.232300
28.266775
28.298950
28.320200
28.357200
28.367200
28.403725
28.412075
28.436800
28.449075
28.521825
28.567400
28.582125
28.636825
28.676225
28.699350
28.747775
28.777475
28.904775
28.959725
28.971100
28.981450
28.991000
29.074175
29.123375
29.138950
29.237275
29.254725
29.365800
29.435150
29.450400
29.594025
29.624325
29.645900
29.679150
29.857325
29.905100
29.939575
29.948425
