0.007850
0.035350
0.043475
0.050000
0.056075
0.066250
0.075950
0.090350
0.098200
0.115325
0.130075
0.145850
0.190775
0.214525
0.256475
0.289700
0.305475
0.332325
0.369700
0.400150
0.420075
0.432825
0.443375
0.453725
0.472575
0.494525
0.508375
0.521550
0.532275
0.542250
0.556025
0.568925
0.594625
0.622950
0.668125
0.686725
0.709100
0.725975
0.753825
0.771500
0.808725
0.823975
0.851875
0.869250
0.882550
0.895800
0.908750
0.922750
0.930850
0.938200
0.947300
0.952125
0.967600
0.978375
0.992475
1.009800
1.030325
1.061475
1.119700
1.146375
1.170225
1.186450
1.227900
1.255625
1.273000
1.282975
1.296275
1.307650
1.320225
1.332450
1.345075
1.375825
1.393925
1.455025
1.511875
1.534725
1.568175
1.608275
1.620600
1.638300
1.651950
1.671225
1.689300
1.701950
1.710125
1.722925
1.732750
1.745975
1.760200
1.774750
1.803150
1.880375
1.903550
1.924675
1.947000
1.962225
2.006950
2.037075
2.046975
2.062175
2.081075
2.094375
2.114725
2.143950
2.165525
2.181950
2.197600
2.205100
2.210875
2.220325
2.231575
2.244300
2.315225
2.348200
2.366325
2.418575
2.439425
2.450500
2.456700
2.466250
2.477500
2.491100
2.515825
2.545975
2.574550
2.607375
2.628900
2.649750
2.673600
2.704275
2.721500
2.729800
2.747000
2.754200
2.765850
2.779450
2.804050
2.825700
2.836800
2.844500
2.854650
2.864875
2.876400
2.887850
2.921725
2.942800
2.965425
2.995175
3.002925
3.018075
3.029575
3.059500
3.073450
3.082075
3.093500
3.104900
3.117725
3.134000
3.150175
3.170525
3.187200
3.207250
3.232175
3.247025
3.260875
3.272700
3.283025
3.301150
3.308200
3.327600
3.346575
3.367775
3.401000
3.428050
3.456025
3.507975
3.537375
3.567000
3.581800
3.594525
3.600525
3.613925
3.634500
3.655800
3.672250
3.679075
3.692425
3.714550
3.725025
3.735075
3.757325
3.789625
3.814575
3.855725
3.905400
3.947950
3.975950
4.007325
4.027425
4.040875
4.055825
4.069625
4.079300
4.090800
4.106725
4.121325
4.134750
4.166875
4.186050
4.215300
4.255525
4.272250
4.302000
4.328650
4.355150
4.385475
4.405475
4.430625
4.449225
4.484000
4.535975
4.593925
4.624225
4.691125
4.736150
4.749425
4.762575
4.782750
4.802325
4.821675
4.832050
4.850600
4.868775
4.910775
4.944625
4.987525
5.005100
5.048100
5.117825
5.140275
5.201350
5.216350
5.230900
5.237625
5.246575
5.263700
5.286375
5.304050
5.316200
5.345725
5.366125
5.388300
5.398450
5.428650
5.463725
5.492225
5.543800
5.585675
5.608725
5.643275
5.692625
5.717425
5.741175
5.773900
5.793450
5.822425
5.834975
5.851850
5.867175
5.884375
5.898125
5.919025
5.937525
6.005125
6.022750
6.068800
6.088100
6.110975
6.162675
6.196550
6.245725
6.260350
6.266100
6.277050
6.279175
6.294725
6.322575
6.346575
6.398500
6.438575
6.481825
6.523025
6.552500
6.573825
6.612650
6.649675
6.722400
6.780750
6.816100
6.828675
6.837025
6.853550
6.878575
6.896775
6.920300
6.948400
7.015450
7.033550
7.057100
7.070575
7.100600
7.112950
7.126450
7.152500
7.176575
7.190300
7.206600
7.226475
7.258900
7.281700
7.299300
7.314325
7.362050
7.394775
7.442125
7.484550
7.508175
7.542125
7.581725
7.597200
7.626225
7.644575
7.669900
7.700200
7.733050
7.761100
7.778375
7.802600
7.825300
7.885925
7.915450
7.965250
7.968375
7.981000
7.989075
8.000350
8.006100
8.021250
8.028775
8.039600
8.047075
8.057175
8.069700
8.084300
8.100350
8.118850
8.155375
8.184075
8.197725
8.211525
8.230725
8.245300
8.258350
8.281875
8.325825
8.361025
8.378300
8.397200
8.409075
8.416825
8.428875
8.441400
8.457025
8.463775
8.476850
8.488450
8.494425
8.503600
8.516175
8.525350
8.536375
8.546025
8.553400
8.563400
8.590300
8.602300
8.617225
8.627725
8.638825
8.652525
8.660850
8.672625
8.682800
8.695650
8.707750
8.718525
8.728000
8.736750
8.747075
8.758450
8.767675
8.779700
8.795275
8.801400
8.824650
8.836950
8.848525
8.860450
8.868350
8.876025
8.886750
8.896500
8.906950
8.918125
8.927000
8.955975
8.982475
8.997750
9.014550
9.025050
9.039650
9.057600
9.069025
9.088825
9.107200
9.138500
9.156350
9.185475
9.191725
9.202700
9.215950
9.231425
9.244675
9.250675
9.266875
9.284975
9.301725
9.319625
9.338075
9.363250
9.386100
9.411275
9.442900
9.483275
9.507875
9.524300
9.540925
9.554400
9.574425
9.593025
9.606475
9.621325
9.641725
9.660975
9.688775
9.730000
9.752000
9.777950
9.804700
9.830625
9.844575
9.893425
9.902975
9.919675
9.938975
9.963900
9.990400
10.009775
10.030150
10.037625
10.052075
10.066250
10.093350
10.110825
10.125500
10.157750
10.193875
10.218275
10.242500
10.268875
10.278050
10.287050
10.320750
10.331825
10.343500
10.359400
10.377950
10.387975
10.398000
10.417200
10.438500
10.464525
10.526575
10.562775
10.578250
10.591100
10.606550
10.626425
10.640275
10.654025
10.666275
10.671825
10.687400
10.699000
10.703400
10.713275
10.726775
10.757900
10.804800
10.840750
10.871775
10.894325
10.911525
10.926675
10.933650
10.952550
10.961675
10.977075
10.988950
11.000925
11.018725
11.056550
11.077425
11.097675
11.127875
11.163750
11.206925
11.254450
11.272275
11.282425
11.296400
11.304325
11.316075
11.325025
11.338500
11.351075
11.379250
11.395375
11.412275
11.441500
11.461250
11.498700
11.518300
11.536200
11.563675
11.581775
11.596650
11.612400
11.628300
11.657625
11.677600
11.694700
11.728550
11.750300
11.769850
11.786575
11.798275
11.817600
11.833925
11.865800
11.894250
11.917350
11.936300
11.951725
11.971900
11.996075
12.009725
12.018825
12.031025
12.046950
12.065475
12.125775
12.146600
12.167200
12.179275
12.193350
12.210325
12.218450
12.225550
12.234150
12.247975
12.264250
12.277925
12.307625
12.323175
12.334650
12.345425
12.377875
12.393575
12.401625
12.427775
12.449600
12.472000
12.518100
12.537800
12.585775
12.596325
12.605800
12.616575
12.628175
12.640100
12.650425
12.669925
12.696525
12.718625
12.757575
12.784775
12.805025
12.823925
12.854375
12.871400
12.895150
12.918375
12.957375
13.008150
13.036325
13.077250
13.085925
13.116300
13.137150
13.151250
13.157350
13.167175
13.178475
13.196100
13.277075
13.310825
13.345300
13.371950
13.384400
13.392025
13.400325
13.409925
13.415950
13.420750
13.438375
13.448075
13.456925
13.476100
13.485350
13.495000
13.500500
13.522025
13.593075
13.610900
13.622000
13.638125
13.654525
13.681225
13.702200
13.713425
13.732725
13.747750
13.769075
13.795250
13.819550
13.846600
13.891950
13.905200
13.914850
13.932800
13.950100
13.966225
13.986425
14.005875
14.028900
14.041775
14.052325
14.064925
14.087600
14.107650
14.119125
14.134475
14.162100
14.190800
14.245825
14.296425
14.330800
14.343550
14.354600
14.370475
14.380875
14.392025
14.398050
14.411025
14.421150
14.428100
14.437725
14.448300
14.454325
14.463275
14.479075
14.498625
14.509025
14.524450
14.536050
14.552275
14.566950
14.586875
14.614975
14.652975
14.673550
14.691075
14.706575
14.724700
14.746700
14.763525
14.782900
14.788600
14.814800
14.823725
14.833650
14.841200
14.847000
14.857025
14.865350
14.877225
14.888350
14.904875
14.929350
14.947775
14.971550
14.992675
15.041150
15.064600
15.088650
15.126725
15.143725
15.159500
15.170025
15.177425
15.185650
15.191675
15.198550
15.204700
15.214100
15.222900
15.247425
15.268050
15.299550
15.314750
15.338300
15.367725
15.416800
15.457275
15.486675
15.533500
15.546625
15.573450
15.591875
15.628800
15.662275
15.685200
15.745950
15.901750
15.915425
15.927700
15.941350
15.953475
15.966700
15.975075
15.984950
16.002850
16.020475
16.051250
16.099650
16.124525
16.188725
16.220275
16.253350
16.280700
16.334075
16.342125
16.348725
16.361075
16.370475
16.378000
16.388775
16.425500
16.444825
16.453050
16.472725
16.517675
16.563275
16.669300
16.700750
16.724125
16.748275
16.774775
16.789675
16.806375
16.827050
16.846225
16.865550
16.908800
16.960050
17.006675
17.029700
17.048725
17.089975
17.117550
17.127600
17.155000
17.198175
17.269950
17.317600
17.375950
17.413200
17.447825
17.489100
17.517750
17.542100
17.569325
17.590475
17.630325
17.657700
17.824425
17.865400
17.956675
17.992925
18.011050
18.026900
18.051300
18.072750
18.095325
18.126475
18.154500
18.169950
18.190800
18.217875
18.258125
18.277525
18.302950
18.330775
18.360125
18.434125
18.511550
18.549325
18.563675
18.571975
18.578300
18.587350
18.598175
18.623375
18.661075
18.738025
18.832125
18.882150
18.942525
18.952050
18.960375
18.970150
18.989375
18.997225
19.008775
19.020325
19.031825
19.040325
19.049500
19.070150
19.087925
19.109275
19.136400
19.158675
19.245825
19.306775
19.337475
19.350600
19.364350
19.371275
19.387850
19.404650
19.467950
19.479125
19.486125
19.495075
19.519800
19.539600
19.550900
19.558800
19.571350
19.584075
19.631400
19.661350
19.696325
19.736525
19.790375
19.817025
19.845825
19.868800
19.890000
19.904075
19.923000
19.948950
20.002125
20.045550
20.131225
20.201800
20.244000
20.280850
20.307425
20.326000
20.349725
20.404400
20.442150
20.468125
20.481350
20.495950
20.509950
20.521850
20.536775
20.554400
20.573600
20.590150
20.606300
20.637350
20.677225
20.754500
20.858525
20.898850
20.919900
20.928800
20.945625
20.951400
20.957075
20.965875
20.973275
20.980875
20.987375
20.991750
20.994950
21.002300
21.009000
21.018000
21.022450
21.028725
21.035275
21.041650
21.051800
21.072800
21.113125
21.165425
21.191150
21.211425
21.228850
21.256775
21.272675
21.313125
21.330650
21.344300
21.359100
21.366150
21.416050
21.443000
21.504025
21.538200
21.601600
21.648550
21.673400
21.690000
21.706850
21.718100
21.729650
21.736925
21.775550
21.862800
21.918375
21.961800
21.998250
22.007400
22.019525
22.030300
22.040775
22.054800
22.062875
22.069700
22.084350
22.091050
22.099175
22.124725
22.161775
22.243225
22.282300
22.320350
22.327950
22.338225
22.350600
22.367325
22.380000
22.403250
22.441275
22.457850
22.493300
22.640225
22.685450
22.701500
22.716650
22.739875
22.766700
22.819350
22.837850
22.855225
22.878150
22.919275
22.948450
22.973875
23.015650
23.091925
23.148075
23.178100
23.209150
23.242475
23.261450
23.274025
23.283025
23.291850
23.299575
23.308750
23.313125
23.323100
23.330400
23.341325
23.352325
23.357850
23.371425
23.388100
23.399025
23.419750
23.428375
23.474025
23.515775
23.558700
23.566175
23.577125
23.583250
23.594200
23.604450
23.609275
23.615600
23.622875
23.630075
23.634750
23.640725
23.643950
23.651950
23.658350
23.663650
23.667725
23.676975
23.685275
23.702300
23.725850
23.767250
23.805025
23.839150
23.883550
23.901275
23.936375
23.968875
23.985975
24.000300
24.015500
24.025000
24.035000
24.043750
24.049900
24.057300
24.061325
24.067575
24.069475
24.082175
24.093325
24.107450
24.129825
24.174975
24.225325
24.264875
24.312625
24.322800
24.349800
24.364775
24.380725
24.399300
24.452275
24.494425
24.536475
24.557750
24.567150
24.573425
24.578725
24.582400
24.586825
24.588725
24.594425
24.600475
24.605225
24.611800
24.625525
24.654125
24.697925
24.754050
24.823250
24.840800
24.854275
24.862875
24.870150
24.878950
24.885075
24.892975
24.900825
24.905800
24.934925
24.959375
24.982350
24.990175
25.018825
25.057925
25.080525
25.134125
25.157500
25.177725
25.196050
25.210450
25.220150
25.244550
25.306600
25.322875
25.338775
25.348425
25.357725
25.369150
25.375750
25.384225
25.394525
25.407500
25.423075
25.438375
25.456425
25.468475
25.487875
25.501275
25.519000
25.533800
25.545500
25.556875
25.570125
25.580375
25.589775
25.598075
25.610500
25.623025
25.648975
25.672225
25.686075
25.701200
25.714350
25.733950
25.774075
25.808925
25.828700
25.848600
25.860350
25.866575
25.881275
25.891775
25.902100
25.913125
25.928925
25.946825
25.986650
26.022700
26.049775
26.081875
26.103025
26.114525
26.130375
26.142825
26.156200
26.169575
26.182225
26.206400
26.223075
26.359675
26.386375
26.413300
26.428950
26.454675
26.468875
26.482200
26.492450
26.500475
26.505050
26.517500
26.525425
26.535300
26.546425
26.556600
26.576775
26.590450
26.623750
26.656550
26.703850
26.748825
26.792675
26.817075
26.827925
26.842050
26.870400
26.902975
26.938150
26.965650
26.991975
27.009975
27.038025
27.066025
27.081675
27.094450
27.114750
27.131250
27.140625
27.153600
27.181400
27.208800
27.248625
27.284175
27.310775
27.334425
27.350975
27.369050
27.387575
27.417650
27.448125
27.507375
27.529375
27.551050
27.621175
27.689250
27.734225
27.751375
27.760850
27.775275
27.788350
27.801225
27.808925
27.814950
27.825250
27.842775
27.856600
27.886250
27.902150
27.928600
27.943275
27.964500
27.987700
28.009875
28.040125
28.079950
28.133575
28.184400
28.232075
28.248400
28.266400
28.286250
28.302000
28.310850
28.320400
28.334900
28.354800
28.370450
28.387200
28.427475
28.456225
28.511325
28.581900
28.621000
28.653150
28.663300
28.672725
28.683150
28.694275
28.707775
28.719125
28.732950
28.746750
28.761150
28.780325
28.801600
28.825575
28.859275
28.889925
28.955650
29.007400
29.060150
29.097450
29.108300
29.114150
29.121550
29.127600
29.135175
29.137825
29.154300
29.170425
29.185225
29.205300
29.235175
29.289975
29.367600
29.432475
29.470325
29.483925
29.492225
29.505625
29.516625
29.527725
29.546675
29.569450
29.601475
29.642000
29.682700
29.719900
29.894425
29.923675
29.935550
29.942300
29.954650
29.964975
29.980525
29.991575
