0.040225
0.098150
0.136825
0.205400
0.265700
0.298575
0.335425
0.381925
0.449075
0.490625
0.508300
0.558400
0.630150
0.759600
0.798275
0.849175
1.018600
1.063250
1.111375
1.140125
1.154675
1.245375
1.271800
1.361825
1.438975
1.563250
1.606325
1.634400
1.658000
1.685550
1.716100
1.742475
1.828775
1.860950
1.976350
2.004500
2.233575
2.250875
2.255300
2.263000
2.503750
2.518125
2.596575
2.669875
2.695400
2.752875
2.804275
2.847150
3.016525
3.039650
3.121875
3.152650
3.205900
3.329800
3.364075
3.412625
3.577225
3.625475
3.639475
3.720400
3.738975
3.786400
3.843775
3.863875
3.892025
3.937000
4.003275
4.039600
4.062700
4.094000
4.273050
4.306800
4.368275
4.380175
4.405975
4.416600
4.537375
4.562225
4.646025
4.683300
4.772175
4.851125
5.000775
5.039350
5.101075
5.160800
5.188875
5.202925
5.289625
5.309325
5.325900
5.357350
5.385900
5.556550
5.577175
5.636225
5.758925
5.786700
5.861650
5.909550
5.960725
5.984825
6.070050
6.095525
6.135200
6.142875
6.176900
6.225850
6.329075
6.443850
6.476000
6.500600
6.541500
6.598600
6.721000
6.831250
6.849100
6.879150
6.969450
6.981950
7.022000
7.059025
7.076950
7.137475
7.358125
7.391200
7.400025
7.426200
7.477300
7.498575
7.535325
7.564925
7.930800
7.975000
7.993450
8.077425
8.130875
8.182475
8.208450
8.277725
8.293525
8.315550
8.444250
8.472950
8.493950
8.582800
8.589725
8.729825
8.888550
8.962775
8.994550
9.071275
9.113150
9.121100
9.158300
9.171325
9.378125
9.451500
9.484750
9.497950
9.599700
9.619800
9.684900
9.734600
9.770750
9.787925
9.829325
9.866700
9.901275
9.952225
9.976675
10.045325
10.064100
10.169875
10.381800
10.462000
10.533350
10.547375
10.563950
10.580125
10.693900
10.708575
10.809825
10.888025
10.922300
10.960100
11.102450
11.157875
11.174175
11.221800
11.292900
11.360350
11.406725
11.418750
11.598625
11.624700
11.671350
11.741700
11.860875
11.925500
11.940700
12.005225
12.153000
12.230025
12.351300
12.423700
12.523350
12.540550
12.652425
12.686075
12.723050
12.730775
12.774775
12.965475
13.001875
13.218550
13.230325
13.333250
13.435775
13.450275
13.457950
13.482050
13.562075
13.629050
13.861250
13.963350
14.039575
14.284800
14.337600
14.514325
14.605600
14.698650
14.804500
14.839375
14.901675
15.008375
15.077250
15.159550
15.186750
15.202675
15.225325
15.249075
15.304825
15.359575
15.403325
15.496600
15.582400
15.611175
15.652775
15.763400
15.804900
15.829575
15.903725
15.944050
15.981000
16.102875
16.280625
16.430725
16.483825
16.504250
16.596375
16.758200
16.816750
16.859500
16.888500
16.914350
16.940325
16.973050
16.990925
17.025050
17.038700
17.071350
17.118925
17.417375
17.447975
17.474800
17.507475
17.538850
17.606750
17.676575
17.762550
17.800950
17.824400
17.856125
17.866225
17.878625
17.892725
17.957250
18.159400
18.203925
18.270475
18.338450
18.435425
18.487825
18.499250
18.526625
18.577650
18.593850
18.606300
18.644125
18.714125
18.756400
18.894275
18.921975
18.955375
18.974300
19.022375
19.179825
19.250925
19.349025
19.458875
19.521475
19.595525
19.723300
19.775725
19.811200
19.882250
19.911075
19.932450
19.956225
20.096950
20.384500
20.521725
20.548550
20.558125
20.729550
20.782500
20.825700
20.854400
20.879700
20.973250
20.987300
21.040600
21.121575
21.221900
21.239600
21.376975
21.397450
21.423525
21.428750
21.481275
21.502875
21.555875
21.604000
21.695500
21.746650
21.790700
22.023675
22.136550
22.287425
22.377950
22.548025
22.593400
22.641525
22.752775
22.956550
22.984625
23.031125
23.124525
23.274925
23.286975
23.296975
23.337150
23.391150
23.408550
23.429300
23.496525
23.534425
23.610800
23.646800
23.654300
23.661450
23.821900
23.829875
23.892650
24.038400
24.124825
24.196050
24.212975
24.234050
24.327850
24.361000
24.380150
24.392825
24.421875
24.435725
24.651450
24.704825
24.729800
24.741875
24.766425
24.827900
24.852750
25.160350
25.238200
25.266150
25.293625
25.357775
25.601650
25.623100
25.634825
25.645075
25.691000
25.704000
25.761425
25.770825
25.860050
26.010775
26.055175
26.133650
26.164425
26.193750
26.219625
26.233400
26.253225
26.337325
26.408700
26.444375
26.458500
26.488550
26.577525
26.629800
26.668150
26.701575
26.824875
26.839625
26.930150
26.956125
27.151325
27.176625
27.374475
27.384350
27.402800
27.504725
27.576125
27.677300
27.708200
27.739350
27.938975
28.003200
28.111525
28.147775
28.274150
28.303600
28.316175
28.362625
28.393925
28.482125
28.508125
28.598625
28.759875
28.780200
28.823700
28.972550
29.096550
29.187525
29.353450
29.420150
29.602200
29.638900
29.681900
29.854775
29.895000
