0.209225
0.215150
0.222950
0.232775
0.255850
0.275450
0.298925
0.352225
0.367425
0.394325
0.573425
0.577750
0.631700
0.640500
0.676625
0.699500
0.740950
0.780700
0.803400
1.003850
1.022275
1.039625
1.048550
1.058275
1.066875
1.085475
1.098375
1.133800
1.171050
1.244450
1.270150
1.577375
1.592425
1.682775
1.716150
1.912700
1.956000
1.962875
1.971300
2.026975
2.035275
2.080850
2.087625
2.103075
2.121600
2.295900
2.352725
2.365750
2.388650
2.424900
2.545200
2.631525
2.883625
2.950300
2.989950
2.999675
3.013150
3.028100
3.103775
3.117300
3.173050
3.523600
3.563800
3.580150
3.609050
3.619400
3.750775
3.767650
3.836225
4.120875
4.134575
4.158750
4.173750
4.227225
4.250075
4.414625
4.430825
4.461875
4.485325
4.499650
4.559050
4.583450
4.614650
4.778725
4.816050
4.830800
5.016600
5.051325
5.058400
5.077775
5.132825
5.283675
5.295700
5.320100
5.332575
5.380925
5.695900
5.705200
5.731150
5.793725
5.829375
5.881900
6.095000
6.103875
6.120200
6.135700
6.186150
6.249750
6.305950
6.316800
6.329025
6.556375
6.572075
6.633275
6.658750
6.681225
7.011325
7.048475
7.113175
7.168225
7.184200
7.198350
7.315800
7.637075
7.762175
7.913400
7.930925
7.943550
8.002525
8.011400
8.102775
8.151875
8.187975
8.406475
8.496725
8.507375
8.525375
8.540100
8.559100
8.572475
8.581850
8.593225
8.610875
8.655875
8.763125
8.895125
8.929100
9.303175
9.330325
9.341275
9.380450
9.410300
9.420075
9.437425
9.489525
9.519000
9.529800
9.601050
9.886500
9.904975
9.925575
9.938300
9.976900
10.017450
10.148300
10.377350
10.389700
10.406975
10.455550
10.464375
10.490325
10.501225
10.535250
10.553325
10.565775
10.630600
10.969325
10.994800
11.004750
11.035225
11.093825
11.131600
11.402400
11.409500
11.421475
11.426950
11.502050
11.514325
11.675300
11.684600
11.700975
11.966775
12.021050
12.030200
12.038775
12.111025
12.149375
12.533575
12.561175
12.579475
12.591550
12.596100
12.605925
12.716150
12.809200
12.816125
12.850225
12.858025
12.899225
12.908925
13.044250
13.144925
13.317750
13.352550
13.400300
13.592700
13.610825
13.630950
13.646600
13.665075
13.673475
13.776925
13.858175
13.930000
13.992925
14.001100
14.011275
14.026725
14.041975
14.065900
14.163850
14.177650
14.301550
14.328900
14.370725
14.636250
14.733950
14.777425
14.793350
14.821175
14.850150
14.865600
14.929350
15.030350
15.066775
15.076975
15.106625
15.119650
15.137725
15.210175
15.251975
15.264725
15.410775
15.649100
15.713850
15.782600
16.204525
16.213600
16.273600
16.552225
16.569225
16.608025
16.644300
16.719900
16.952075
16.960850
16.970450
17.045300
17.078800
17.097300
17.106600
17.161175
17.226925
17.244425
17.254875
17.275775
17.381275
17.450625
17.509850
17.737875
17.774650
17.790575
17.971025
18.006625
18.350350
18.412900
18.426900
18.480400
18.644625
18.679925
18.706225
18.774950
18.787550
18.835600
18.868275
18.874550
18.883875
18.913125
18.925125
19.302850
19.314100
19.351625
19.359350
19.406075
19.450600
19.588200
19.686500
19.718975
19.724600
19.741475
19.950200
20.029125
20.038150
20.047550
20.056950
20.109400
20.136375
20.474800
20.483075
20.497050
20.671650
20.696650
20.774825
20.788025
20.808775
20.837175
20.855600
21.180700
21.189625
21.226700
21.251250
21.337300
21.682175
21.699800
21.759200
21.830425
21.846825
21.879175
22.196650
22.227675
22.253350
22.271925
22.282825
22.294500
22.304475
22.337175
22.346800
22.376325
22.404250
22.441125
22.643625
22.698450
22.715575
22.782575
22.851125
23.383275
23.409025
23.418100
23.476100
23.491025
23.677575
23.777300
23.864650
23.886525
23.902675
23.930250
24.048125
24.072275
24.094400
24.107575
24.152750
24.346375
24.436125
24.879575
24.959225
24.984625
24.996975
25.111300
25.185450
25.262450
25.617000
25.658325
25.668975
25.774775
25.945975
25.982675
26.451475
26.498475
26.517025
26.548300
26.574275
26.601500
26.613775
26.901350
26.950700
27.011175
27.046800
27.069850
27.279625
27.301625
27.306725
27.377175
27.453950
27.464425
27.494000
27.521850
27.757000
27.991875
28.074025
28.105825
28.533375
28.541525
28.576275
28.593400
28.603175
28.634975
28.647250
28.660325
28.692500
28.753675
28.867850
28.905975
29.199675
29.208575
29.277900
29.507525
29.601075
29.631050
29.685225
29.749775
29.955650
29.963200
29.971300
29.982600
