0.130450
0.327250
0.568000
0.822600
0.892925
1.022300
1.294975
1.356100
1.432300
1.928500
2.087800
2.201400
2.374775
2.649650
2.722000
2.872700
3.131275
3.211775
3.234800
3.477850
3.546275
3.659700
3.705800
3.793975
3.961675
4.650025
5.338125
5.470550
5.721750
5.983250
6.324900
6.398350
6.550050
6.717325
6.772350
6.843050
6.917300
7.267800
7.402375
7.667725
7.706375
7.792425
7.954150
8.068575
8.109925
8.201825
8.319450
8.343950
8.408250
9.085975
9.184825
9.601625
9.969000
10.225350
10.878875
11.280450
11.587475
11.826600
11.914575
12.139550
12.330475
12.805375
12.941525
13.220325
13.308275
13.328850
13.366675
13.383175
13.458575
13.882225
14.916700
15.055275
15.076025
15.321150
15.362200
15.412575
15.492175
15.539075
15.786250
16.230400
16.312575
16.377725
16.476325
16.588200
16.887675
17.412550
17.533250
17.587025
17.647700
18.313850
18.334500
18.368100
18.746825
18.830425
19.059225
19.216900
19.626200
20.274850
20.474375
20.518950
20.902900
21.108025
21.402950
21.432325
21.730900
21.998925
22.017600
22.068000
22.156900
22.266600
22.591450
22.862275
23.146475
23.257050
23.321600
23.729700
23.768475
23.876975
24.029575
24.080000
24.219475
24.601400
24.752725
24.904300
25.013100
25.146700
25.200025
25.260600
25.453150
25.508250
25.568500
25.614100
25.681125
25.936300
26.629000
26.801350
26.908625
26.978675
27.032025
27.313850
27.374125
27.779825
28.090425
28.257100
28.567400
28.718150
28.756600
28.827550
29.033325
29.421150
29.739950
29.886050
