0.206125
0.218150
0.519375
0.799425
1.058775
1.093525
1.152400
1.469925
1.697150
1.740975
1.758100
1.770050
1.824975
1.840100
1.900700
2.025000
2.106375
2.191650
2.323600
2.336325
2.365925
2.401625
2.420150
2.715375
2.871300
2.900875
2.928375
3.005075
3.056475
3.107450
3.155650
3.261225
3.287650
3.317775
3.541950
3.655050
3.693675
3.872600
4.022075
4.033100
4.086950
4.312375
4.332375
4.378550
4.390500
4.399350
4.615850
4.641075
4.713850
4.945275
5.143925
5.175825
5.217250
5.245350
5.339775
5.364825
5.539150
5.729600
5.743700
6.080200
6.136800
6.167800
6.297725
6.390250
6.402825
6.443750
6.462600
6.621600
7.277900
7.331075
7.522950
7.541325
7.663500
7.875400
7.933575
8.094625
8.109925
8.211300
8.243525
8.597875
8.761050
8.771500
8.818450
8.867450
9.006000
9.026025
9.035175
9.055775
9.088375
9.121925
9.272625
9.450725
9.474150
9.497650
9.536125
9.660675
9.684150
10.016925
10.060975
10.098850
10.125900
10.229275
10.414275
10.465625
10.660175
10.707750
10.831450
10.914900
10.981475
11.032450
11.227475
11.349625
11.359550
11.390675
11.401175
11.437325
11.499550
11.571975
11.762300
11.883625
11.948825
11.961250
11.985250
12.012300
12.027175
12.142300
12.230725
12.250375
12.549575
12.683700
12.693650
12.812825
12.825350
12.854850
12.888025
13.069975
13.328750
13.411600
13.796500
13.888875
13.907775
13.995875
14.005700
14.047075
14.149725
14.222825
14.445750
14.495175
14.622025
14.692225
14.754675
14.862975
14.893050
14.921275
15.027775
15.033400
15.090900
15.335000
15.416600
15.651100
16.088100
16.148975
16.347525
16.924325
17.138625
17.611625
17.726600
17.895675
18.001450
18.040350
18.260800
18.844025
19.066025
19.185425
19.397450
19.476775
19.586025
19.625950
19.635600
19.776075
19.914450
19.931700
20.472100
20.527850
20.539250
20.551650
20.561300
20.709575
20.785650
20.962300
20.992225
21.166275
21.430800
21.488550
21.542850
21.871625
21.889900
21.970700
21.987875
22.202875
22.301625
22.399975
22.651025
22.834275
22.921825
23.005200
23.093050
23.406200
23.489625
23.648025
23.964900
24.069825
24.081275
24.110875
24.131025
24.281375
24.325700
24.396250
24.450225
24.529350
24.644075
24.873300
25.027050
25.453975
25.505750
25.700775
25.850925
25.860925
26.066275
26.120250
26.146475
26.154425
26.179350
26.313650
26.415675
26.451950
26.518850
26.621250
26.754400
26.929325
27.288750
27.380325
27.414725
27.653375
28.638150
29.084675
29.106425
29.168075
29.413400
