0.272975
0.300000
0.343100
0.384075
0.778250
1.029450
1.182975
1.194275
1.310975
1.321100
1.386775
1.558700
1.619850
1.699950
1.728075
2.168500
2.418675
2.515375
2.565775
2.676925
2.720400
3.645350
3.909275
4.045325
4.055950
4.130200
4.428250
4.717200
5.028775
5.058375
5.453575
5.529425
5.706075
6.452250
6.526250
6.809875
6.811950
7.039075
7.158225
7.219400
7.254500
7.520375
7.580650
7.804575
8.160550
8.734350
9.346250
9.812725
9.829250
10.206850
10.971025
11.120425
11.156675
11.727750
11.753175
11.791100
11.957150
12.149175
12.314950
13.142000
13.796100
13.878275
14.010250
14.218400
15.058150
15.415625
15.752475
15.815300
15.900525
15.948950
16.009525
16.458625
16.987575
17.067750
17.148550
17.665150
17.715125
18.011650
18.655800
18.993500
19.007275
19.582750
20.109075
20.167625
20.245550
20.331250
20.379925
20.443600
20.514525
20.546400
21.228225
21.393525
21.466950
21.560250
21.981450
22.226250
22.343100
22.468775
22.797075
22.940125
22.991750
23.048850
23.053225
23.229200
23.331975
23.492450
23.532875
23.696025
24.489400
24.589125
24.666475
24.905625
25.579625
26.325350
26.440600
26.628250
26.823500
27.052250
27.201975
27.730225
27.925750
28.059675
28.229900
28.644100
29.493375
29.560200
