0.038325
0.094875
0.241500
0.493500
0.537325
0.573675
0.615125
0.829725
0.882425
0.956175
1.038575
1.150575
1.171300
1.221275
1.292125
1.345225
1.413575
1.460000
1.560375
1.602675
1.624000
1.864575
2.005400
2.052975
2.094075
2.123600
2.153900
2.286025
2.400775
2.477300
2.559850
2.648450
2.677975
2.774200
2.909400
2.947400
3.056175
3.115725
3.148025
3.300450
3.434350
3.509050
3.812875
3.855750
3.913050
3.957450
4.079325
4.214275
4.298050
4.360900
4.593400
4.661700
4.700375
4.768475
4.872800
4.907150
5.087125
5.356125
5.381300
5.673600
5.901625
5.926075
5.983750
6.014275
6.052000
6.232475
6.348625
6.430225
6.541300
6.644675
6.754750
7.020175
7.199800
7.246825
7.321625
7.379575
7.483675
7.502725
7.729600
7.818650
7.977225
8.069675
8.151875
8.260000
8.334725
8.371900
8.404275
8.467300
8.521350
8.613725
8.651875
8.709100
8.857075
8.913375
9.021850
9.086675
9.281000
9.346150
9.503875
9.534950
9.736300
9.813125
9.830150
10.303400
10.680750
10.886100
10.990075
11.133825
11.294100
11.370075
11.471700
11.521750
11.610875
11.646375
11.734175
11.833425
11.879625
12.082875
12.320000
12.378500
12.505825
12.614150
12.905525
13.153550
13.170800
13.183925
13.247150
13.371325
13.446575
13.489825
13.510400
13.585850
13.682975
13.781775
13.898900
13.970475
14.046875
14.115675
14.147475
14.203175
14.230000
14.495850
14.612725
14.677250
14.958450
15.223100
16.037125
16.204850
16.571725
17.582700
17.746475
17.776625
17.839550
17.893500
17.967775
18.305950
18.484925
18.599450
18.852575
18.936675
19.102525
19.274575
19.393200
19.443950
19.550700
19.586675
19.670850
19.915475
19.952425
20.142850
20.339225
20.748775
20.879250
21.198200
21.309900
21.447150
21.592600
21.660875
21.729025
21.830450
21.850025
22.395850
22.774600
22.965900
23.006500
23.379525
23.604900
24.090200
24.125425
24.367225
24.582900
25.348050
25.613125
26.086150
26.254300
26.397700
26.415325
26.645250
26.740075
26.875950
27.178350
27.339775
27.478825
27.574000
27.668625
27.745750
28.007575
28.385375
28.801875
28.851100
29.459000
29.538325
29.556950
29.698950
