0.024000
0.051100
0.091600
0.107325
0.130925
0.167250
0.183500
0.199375
0.220675
0.248800
0.262200
0.279100
0.348575
0.420425
0.446800
0.458625
0.480075
0.505375
0.520575
0.559750
0.571950
0.587200
0.616000
0.635150
0.680950
0.733325
0.763950
0.782675
0.803025
0.825900
0.843475
0.885050
0.905125
0.914700
0.949775
0.999675
1.010700
1.026250
1.046025
1.061900
1.115150
1.142100
1.202050
1.233675
1.309525
1.342800
1.360100
1.429750
1.459275
1.481975
1.494300
1.505300
1.545300
1.643375
1.686725
1.710300
1.789100
1.852950
1.874425
1.931400
1.999025
2.009950
2.025800
2.037550
2.044575
2.087900
2.143225
2.251750
2.288375
2.365200
2.381525
2.393750
2.425350
2.463400
2.530575
2.536950
2.589700
2.618000
2.649975
2.664675
2.692025
2.713125
2.767000
2.793800
2.833625
2.857600
2.878475
2.939300
3.003850
3.036075
3.085450
3.107075
3.216450
3.250275
3.269475
3.307075
3.340275
3.405100
3.443125
3.477450
3.500975
3.563250
3.586000
3.604700
3.669875
3.745250
3.765675
3.819750
3.864175
3.885125
3.907375
3.925900
3.959775
3.990475
4.006150
4.059900
4.088600
4.118025
4.124575
4.141450
4.164525
4.186750
4.217225
4.224700
4.283400
4.331325
4.355825
4.384550
4.443700
4.511525
4.536525
4.571225
4.644175
4.670900
4.710225
4.761575
4.808925
4.822125
4.842525
4.920700
4.934800
4.951775
4.987025
5.004950
5.021600
5.035800
5.048800
5.061625
5.099300
5.118900
5.175225
5.222975
5.239150
5.259225
5.277850
5.297050
5.315125
5.348900
5.362725
5.392075
5.421900
5.516825
5.567525
5.582250
5.631075
5.663975
5.698925
5.716925
5.728625
5.745375
5.771575
5.781750
5.845825
5.886950
5.900550
5.915300
5.930700
5.973250
5.986700
6.047500
6.059725
6.077575
6.090425
6.172825
6.182425
6.213550
6.234375
6.248950
6.306550
6.330550
6.353875
6.401900
6.421125
6.480775
6.544075
6.555175
6.611700
6.636275
6.660425
6.692275
6.712350
6.748950
6.830475
6.885050
6.897250
7.014550
7.046475
7.110450
7.153900
7.173575
7.190775
7.221000
7.233050
7.246200
7.329325
7.403675
7.416200
7.435500
7.483175
7.503350
7.513050
7.566250
7.586650
7.620650
7.654075
7.675200
7.693400
7.787250
7.885175
7.926575
7.947900
7.966700
7.984325
8.001525
8.055800
8.068350
8.089425
8.106125
8.120525
8.153000
8.174575
8.220025
8.277725
8.320075
8.332975
8.373125
8.412500
8.425775
8.441625
8.475200
8.495300
8.671150
8.691450
8.718275
8.745050
8.775775
8.792200
8.885300
8.899725
8.923400
8.956350
9.002525
9.022275
9.086675
9.101825
9.128425
9.158175
9.186400
9.200100
9.213225
9.240775
9.296600
9.412525
9.462225
9.501925
9.524725
9.552575
9.559900
9.608225
9.627950
9.648075
9.679150
9.713925
9.727875
9.784375
9.794650
9.811100
9.830875
9.854375
9.866275
9.885525
9.902225
9.929575
9.945825
9.962650
9.975125
9.987825
10.012250
10.136525
10.167300
10.214625
10.230425
10.247975
10.304725
10.318875
10.335950
10.356800
10.399300
10.407100
10.424075
10.470825
10.517875
10.559300
10.577325
10.595300
10.681375
10.707700
10.761350
10.788150
10.811525
10.849025
10.886425
10.931900
10.951150
10.984400
11.003925
11.024225
11.039725
11.048850
11.064600
11.084250
11.131675
11.178575
11.252875
11.304850
11.321275
11.361350
11.386950
11.407750
11.433975
11.451250
11.462725
11.504750
11.540275
11.614050
11.615175
11.706150
11.721525
11.759000
11.772750
11.780075
11.804500
11.812400
11.852475
11.897975
11.937675
11.958750
11.975050
12.047475
12.102825
12.122625
12.141175
12.165675
12.265125
12.306200
12.325700
12.396850
12.414700
12.466700
12.487125
12.576125
12.595350
12.603000
12.626025
12.665725
12.699000
12.739925
12.765125
12.781600
12.850250
12.890725
12.905525
12.914375
12.933925
13.026900
13.055575
13.093275
13.110350
13.128925
13.159375
13.174050
13.205425
13.222950
13.241050
13.272650
13.288425
13.313900
13.333975
13.366425
13.397425
13.409350
13.421800
13.436100
13.530650
13.589225
13.606450
13.667225
13.690500
13.717050
13.785325
13.796150
13.840325
13.851950
13.903375
13.942925
13.955150
14.028875
14.047300
14.065475
14.097825
14.133800
14.148900
14.167550
14.182525
14.232175
14.272450
14.293050
14.315750
14.327075
14.368500
14.387125
14.429225
14.499275
14.527450
14.566650
14.584150
14.604150
14.646250
14.663650
14.680050
14.697050
14.717875
14.733125
14.785050
14.799000
14.828400
14.862050
14.875550
14.894925
14.918250
14.938425
14.958350
14.967775
14.994775
15.008725
15.026525
15.055300
15.079225
15.097675
15.116275
15.135000
15.157500
15.190150
15.232525
15.292675
15.341350
15.384375
15.401075
15.439575
15.454850
15.491900
15.532900
15.582550
15.597550
15.613450
15.633125
15.648800
15.664900
15.675150
15.694275
15.713625
15.729125
15.828175
15.880400
15.894350
15.930400
15.943100
15.986550
16.027950
16.043050
16.058225
16.120250
16.134550
16.152625
16.169075
16.185550
16.217600
16.245625
16.268475
16.278300
16.330400
16.398975
16.416400
16.432775
16.490725
16.533175
16.542825
16.587525
16.631325
16.654900
16.719275
16.757850
16.773700
16.910025
16.934250
16.945800
16.958375
16.995400
17.125850
17.177950
17.185150
17.209150
17.227775
17.281675
17.344525
17.362300
17.378175
17.493900
17.522175
17.536100
17.556000
17.580650
17.594750
17.639525
17.692850
17.728000
17.802025
17.948450
17.967075
17.978350
17.987275
18.022900
18.112450
18.157400
18.201875
18.251550
18.322150
18.377850
18.409200
18.511050
18.683525
18.750050
18.802775
18.844000
18.869400
18.933575
18.985000
19.004625
19.030275
19.100375
19.143375
19.207300
19.258900
19.280800
19.310450
19.387100
19.416100
19.431125
19.456275
19.478400
19.520125
19.576575
19.649275
19.658450
19.671600
19.696050
19.721725
19.767325
19.841600
19.878850
19.899150
19.926175
19.961450
19.983875
20.036750
20.069925
20.095750
20.119300
20.152400
20.170425
20.186600
20.215425
20.250475
20.334625
20.356100
20.408150
20.465350
20.494975
20.517200
20.562550
20.605700
20.654400
20.670500
20.708275
20.769300
20.804850
20.869500
20.899100
20.938625
20.973600
20.986500
21.088550
21.140525
21.231925
21.241650
21.281150
21.327800
21.388400
21.426150
21.478350
21.519700
21.606850
21.632125
21.661425
21.723125
21.750775
21.807400
21.851675
21.866525
21.896375
21.936925
21.976300
21.996100
22.020225
22.049825
22.103525
22.162200
22.201000
22.235100
22.272200
22.299950
22.313775
22.396050
22.443350
22.481775
22.523950
22.554075
22.595175
22.627525
22.656050
22.670175
22.677925
22.689875
22.732600
22.760750
22.817900
22.878000
22.895200
22.919975
22.946250
22.971325
22.991500
23.028375
23.057425
23.101300
23.143950
23.159150
23.183175
23.194375
23.207775
23.223675
23.243275
23.328975
23.369800
23.409175
23.421100
23.438625
23.450350
23.465275
23.506700
23.526950
23.563025
23.576800
23.591550
23.607575
23.623150
23.643175
23.656075
23.666775
23.700850
23.716125
23.754950
23.793100
23.817075
23.830925
23.846075
23.867125
23.879425
23.923050
23.948600
23.963475
24.045900
24.086375
24.160250
24.232350
24.284000
24.305175
24.325025
24.345675
24.372625
24.397675
24.444775
24.499700
24.520075
24.538500
24.576975
24.645750
24.671400
24.702750
24.726475
24.758600
24.781675
24.866000
24.943125
24.969100
25.001525
25.045225
25.137425
25.190675
25.236150
25.248325
25.284175
25.372300
25.425475
25.454925
25.503975
25.594975
25.648975
25.667350
25.674975
25.690550
25.723325
25.735300
25.753825
25.757350
25.768175
25.777425
25.781500
25.814450
25.822350
25.834450
25.892675
25.899425
25.922700
25.931950
25.946050
25.973400
25.985250
26.047350
26.051725
26.093125
26.115650
26.134775
26.148775
26.169900
26.230700
26.247950
26.294975
26.323575
26.389950
26.399025
26.411975
26.425700
26.446750
26.533175
26.706625
26.834375
26.863025
26.894150
26.911800
26.953600
27.019625
27.078250
27.098375
27.218975
27.246825
27.283000
27.369500
27.385350
27.416250
27.518300
27.566475
27.620850
27.678750
27.735225
27.836400
27.925600
28.051075
28.091025
28.224050
28.276150
28.300375
28.318375
28.468050
28.577675
28.607250
28.638250
28.644025
28.676225
28.693175
28.750875
28.778275
28.790150
28.847500
28.862400
28.909150
29.012575
29.036300
29.089375
29.096525
29.110550
29.169625
29.199575
29.207800
29.235525
29.257125
29.284900
29.403025
29.509050
29.535325
29.615500
29.644675
29.807225
29.829175
29.851375
29.931150
29.975650
29.984975
