0.018550
0.034450
0.041425
0.048275
0.067050
0.072900
0.080050
0.091950
0.096350
0.103625
0.114250
0.146625
0.209125
0.258450
0.382675
0.416500
0.653000
0.905575
0.918700
1.107975
1.120475
1.304225
1.332325
1.342275
1.379950
1.552550
1.607200
1.625225
1.647750
1.655600
1.667400
1.744350
1.808400
1.879925
1.908950
1.929525
2.020100
2.134175
2.215825
2.256100
2.382300
2.468275
2.502225
2.621650
2.631300
2.646425
2.666025
2.686225
2.813725
2.858425
3.101050
3.109225
3.123475
3.127200
3.143750
3.179225
3.198675
3.264650
3.271100
3.298775
3.301100
3.415775
3.565975
3.690975
3.777775
3.812750
3.843975
3.854575
3.924050
3.993825
4.020700
4.226700
4.233125
4.254725
4.424125
4.515975
4.745475
4.809650
4.868500
4.871475
4.913675
4.918500
4.921875
4.969425
5.039425
5.104975
5.175025
5.413900
5.535175
5.564775
5.570600
5.589850
5.690950
5.704800
5.725650
5.735900
5.748675
5.761950
5.774200
5.817025
5.909725
6.079525
6.102875
6.397700
6.422350
6.475675
6.605550
6.629925
6.661900
6.774375
6.905300
6.952600
7.076575
7.103650
7.132700
7.160450
7.232350
7.313150
7.360000
7.399200
7.438275
7.451725
7.463225
7.470000
7.480700
7.485575
7.492275
7.535525
7.567850
7.605175
7.635375
7.702375
7.813150
7.878400
8.131025
8.181325
8.205400
8.227425
8.250250
8.537900
8.555650
8.573550
8.588875
8.606550
8.651850
8.661325
8.662900
8.717900
8.736075
8.739275
8.759800
8.783000
8.798675
8.809400
8.817100
8.828725
8.860325
8.875975
8.984300
9.204100
9.223800
9.230875
9.367525
9.392400
9.428725
9.463925
9.518975
9.628150
9.653150
9.850400
9.945600
9.966525
10.040200
10.140900
10.195775
10.198725
10.252600
10.273600
10.304375
10.346900
10.380800
10.437350
10.462850
10.481950
10.499825
10.523900
10.617875
10.626525
10.672150
10.707975
10.715150
10.753525
10.773800
10.785225
10.858925
10.888600
10.950075
11.010175
11.131225
11.181700
11.233250
11.276650
11.315700
11.431550
11.552475
11.583350
11.585650
11.719325
11.758775
11.761775
11.777650
11.811150
11.839475
11.864350
11.884275
11.965100
11.978450
12.074850
12.331575
12.368425
12.396600
12.408950
12.416900
12.436300
12.600075
12.649000
12.713750
12.766075
12.815350
12.874200
12.887900
12.972225
13.018150
13.037500
13.063125
13.296475
13.340825
13.373900
13.629775
13.673600
13.730725
13.800800
13.856550
13.935850
13.994125
14.124525
14.159000
14.186350
14.257475
14.287700
14.321400
14.407200
14.458975
14.485050
14.567325
14.601075
14.611975
14.647675
14.656800
14.675375
14.679800
14.694575
14.756950
14.838325
14.905125
15.048275
15.081775
15.209350
15.340800
15.455450
15.492150
15.595225
15.639375
15.850125
15.870475
15.880625
15.890775
15.894825
15.948550
15.966550
15.999075
16.027625
16.251875
16.263350
16.331125
16.347500
16.359525
16.427275
16.439675
16.451000
16.519475
16.588900
16.657700
16.718150
16.787275
16.935275
16.955725
17.170500
17.184700
17.189725
17.239975
17.358850
17.368825
17.416050
17.574600
17.690250
17.752500
17.790575
17.891750
17.996175
18.015375
18.096650
18.154800
18.179200
18.318325
18.452525
18.509825
18.527650
18.543775
18.575000
18.632300
18.666525
18.689875
18.696650
18.761425
18.765125
18.804825
18.928225
18.939650
18.958125
18.990400
19.016800
19.028625
19.098000
19.148375
19.171850
19.186275
19.220100
19.259400
19.272025
19.281825
19.316800
19.373950
19.377625
19.380450
19.500400
19.527725
19.675175
19.712825
19.748000
19.759750
19.794425
19.862075
19.965725
20.022000
20.066650
20.069750
20.083900
20.179650
20.309500
20.502050
20.517975
20.526650
20.553025
20.598175
20.712725
20.754575
20.769975
20.774300
20.814100
20.844325
20.849150
20.854700
20.918250
20.985450
21.022400
21.048425
21.227650
21.303375
21.316600
21.330175
21.347000
21.361650
21.453900
21.475000
21.959225
21.977525
21.992800
22.000350
22.052325
22.068075
22.180500
22.189275
22.208600
22.227850
22.241100
22.293975
22.421725
22.443150
22.470400
22.581750
22.610625
22.694550
22.721250
22.752925
22.780925
22.944450
22.966300
22.979825
22.990525
22.999225
23.072400
23.094375
23.101475
23.112000
23.150400
23.190025
23.218800
23.279025
23.283975
23.445775
23.527225
23.578175
23.768650
23.829700
23.863450
23.984050
24.081425
24.212900
24.255250
24.265875
24.424775
24.499225
24.511025
24.532350
24.582400
24.596275
24.625475
24.640050
24.647325
24.650175
24.677300
24.689125
24.694325
24.702375
24.712700
24.718350
24.769125
24.847500
24.864450
24.907900
24.934500
24.963750
25.010675
25.041600
25.078825
25.126150
25.130450
25.165575
25.234850
25.258350
25.267825
25.280125
25.297575
25.313300
25.339875
25.362600
25.515475
25.645575
25.662200
25.694750
25.704200
25.753275
25.831900
25.849725
25.873150
26.090500
26.116975
26.223625
26.252025
26.274825
26.392350
26.503725
26.528075
26.543000
26.570575
26.572775
26.635550
26.637400
26.696950
26.791325
26.812775
26.888475
26.916525
26.948275
26.992450
27.029800
27.035350
27.102950
27.253350
27.303250
27.358350
27.382000
27.421500
27.472150
27.506425
27.545575
27.630000
27.651550
27.680350
27.704650
27.749125
27.757450
27.801925
27.829000
27.858775
27.883175
27.920625
27.928525
27.932575
27.941850
27.957950
27.960850
27.977450
27.984375
27.999650
28.019650
28.041675
28.058875
28.083900
28.201925
28.229650
28.395450
28.411475
28.429300
28.475975
28.494350
28.599600
28.603425
28.688525
28.719800
28.891000
28.936975
28.960225
28.973025
28.990950
28.995450
29.013925
29.069050
29.082175
29.088400
29.102575
29.153425
29.165000
29.202300
29.257775
29.371275
29.446200
29.465250
29.549500
29.581925
29.639275
29.781700
29.810925
29.830075
29.858075
29.878825
29.916750
29.926100
