0.118550
0.166925
0.349075
0.540550
0.720150
0.760550
0.971400
1.131325
1.533625
1.613825
2.149125
2.208625
2.292725
2.362700
2.385625
2.682225
2.944875
3.013375
3.702125
3.742850
3.791200
3.819850
3.936425
4.184725
4.298950
4.985650
5.025700
5.262675
5.310850
5.437900
5.544175
5.547000
5.586525
5.654675
5.696800
5.723150
5.738450
5.878025
6.162175
6.883525
6.928350
7.042875
7.439075
7.453575
8.038675
9.095800
9.208750
9.296925
9.835025
9.967225
10.914050
11.810525
11.916150
11.969575
12.421875
12.440975
12.462000
12.651600
13.022600
13.130400
13.210800
13.282525
13.302650
13.521825
13.546825
13.655100
13.690525
13.719225
13.993925
14.083475
14.176975
14.340525
14.388425
14.413850
14.608675
14.734025
15.411250
15.644925
15.957100
16.277350
16.292525
16.610425
16.763775
17.118000
17.314875
17.629350
17.656225
17.830875
18.437925
18.559625
18.576250
18.694200
19.325125
19.403975
20.236900
20.264375
20.884075
21.373600
21.432225
21.487950
21.887125
22.447350
22.680475
22.692475
23.031200
23.786325
24.327500
25.206850
25.753150
25.814625
26.163950
26.380950
26.550775
26.679750
26.764200
27.311550
27.459200
27.494575
27.514025
28.490875
28.517600
28.688025
28.835975
28.899825
29.081325
29.134925
29.191875
29.507575
29.617325
29.663400
29.698625
29.721625
29.874050
