0.048850
0.058025
0.072950
0.145900
0.184350
0.256575
0.377375
0.397925
0.424400
0.443600
0.463200
0.586150
0.712275
0.765375
0.779800
0.811975
0.851450
0.857225
0.945025
0.965150
0.996950
1.096325
1.134050
1.386975
1.400675
1.417275
1.443000
1.453150
1.481100
1.490350
1.502325
1.532575
1.610650
1.813400
1.863300
1.913125
1.932700
1.986250
2.274225
2.287400
2.296700
2.344100
2.379825
2.444875
2.508825
2.589400
2.615150
2.629775
2.643525
2.749150
2.852725
2.867800
2.895075
2.902400
3.008950
3.192300
3.335625
3.389925
3.404875
3.451075
3.576975
3.661075
3.755200
3.780500
3.824700
4.086500
4.096000
4.112100
4.155250
4.166150
4.179225
4.325625
4.423375
4.463525
4.478600
4.503875
4.523975
4.544000
4.554500
4.692325
4.765950
4.835950
4.857000
4.896875
4.907275
4.951275
5.026875
5.058325
5.213925
5.268175
5.465750
5.483900
5.557425
5.625750
5.643700
5.656550
5.704950
5.746950
5.821125
5.894725
5.954775
5.964875
5.995450
6.019800
6.093625
6.115350
6.131725
6.145200
6.163825
6.180500
6.289000
6.315650
6.347300
6.360850
6.412525
6.462350
6.486600
6.520750
6.540675
6.581325
6.604300
6.638675
6.781275
6.999525
7.035825
7.119775
7.176375
7.196725
7.216200
7.253975
7.468250
7.490400
7.512275
7.538600
7.570625
7.611300
7.688225
7.923650
7.961700
8.000475
8.056250
8.115700
8.212650
8.240425
8.258900
8.303975
8.319000
8.340650
8.411800
8.430050
8.443950
8.457750
8.467900
8.499075
8.518125
8.541825
8.559700
8.667600
8.703500
8.783225
8.843950
8.909525
8.952375
8.957075
9.029650
9.160975
9.181100
9.206025
9.252675
9.283150
9.309225
9.350750
9.451400
9.509200
9.514125
9.534625
9.596600
9.610700
9.653325
9.679600
9.936850
9.979400
10.067625
10.103875
10.212775
10.219550
10.253525
10.270300
10.410300
10.438950
10.498300
10.589175
10.652200
10.690350
10.744300
10.748025
10.759900
10.790500
10.829425
10.910625
10.982775
11.021075
11.045475
11.090675
11.163350
11.259400
11.357700
11.439900
11.463175
11.577050
11.709325
11.740450
11.805975
11.836425
12.078425
12.127825
12.173525
12.195225
12.292650
12.304425
12.321575
12.345775
12.415775
12.437100
12.472900
12.636350
12.686000
12.740725
12.769650
12.786250
12.919975
12.955200
12.982150
12.997400
13.046575
13.190450
13.252000
13.289450
13.322475
13.341800
13.406500
13.433700
13.459225
13.541275
13.572250
13.628725
13.681500
13.714675
13.750675
13.845200
13.919575
13.947275
13.975350
14.029325
14.044000
14.070300
14.127000
14.198150
14.220650
14.330075
14.362100
14.386375
14.532775
14.568500
14.596850
14.659600
14.691500
14.759250
14.769875
14.878975
14.900225
14.919625
15.020700
15.059200
15.086650
15.119075
15.225600
15.326000
15.377350
15.405700
15.437025
15.465625
15.497400
15.551450
15.573450
15.595825
15.657125
15.703825
15.864425
15.885575
15.914800
16.074375
16.193050
16.218050
16.259350
16.296900
16.357850
16.395775
16.429725
16.451250
16.512800
16.588125
16.628350
16.725600
16.755700
16.826000
16.930150
16.995725
17.176625
17.189950
17.214025
17.238300
17.322550
17.373600
17.408375
17.432200
17.483550
17.551475
17.634025
17.721700
17.793425
17.819475
17.849350
17.982550
18.029875
18.128000
18.177600
18.210350
18.241850
18.273575
18.296450
18.332400
18.357975
18.390850
18.452450
18.629100
18.654875
18.690250
18.730225
18.808750
18.834500
18.861725
18.947350
18.966925
18.979425
19.010575
19.027025
19.044075
19.259400
19.351650
19.365725
19.546325
19.567900
19.585650
19.603400
19.629650
19.671900
19.700300
19.782950
19.961100
20.164700
20.192150
20.224150
20.246250
20.270800
20.297100
20.390900
20.476150
20.500675
20.525450
20.535900
20.547150
20.557675
20.789150
20.820600
20.837500
20.873025
20.891075
20.926125
20.935375
20.947625
20.957800
20.966875
20.993475
21.106475
21.155125
21.189650
21.352425
21.381500
21.392225
21.406625
21.430700
21.457050
21.630350
21.660975
21.672500
21.675150
21.760900
21.817450
21.906625
21.998675
22.058750
22.067225
22.129325
22.162525
22.198425
22.249975
22.383975
22.402150
22.420925
22.442000
22.474025
22.491150
22.565750
22.631500
22.746100
22.811075
22.884725
22.908100
23.049725
23.172200
23.208525
23.216200
23.254925
23.262875
23.322600
23.350550
23.402300
23.425500
23.442025
23.530250
23.631900
23.642225
23.645650
23.657825
23.683150
23.700650
23.724375
23.759950
23.826725
23.890500
24.030175
24.039150
24.200050
24.273650
24.310425
24.339975
24.383950
24.472950
24.564625
24.618250
24.652250
24.671675
24.731750
24.809950
24.856700
24.980550
25.073375
25.102625
25.130175
25.147675
25.164125
25.192425
25.204625
25.228050
25.304900
25.349025
25.386075
25.497750
25.534625
25.554825
25.585850
25.618625
25.631225
25.677775
25.699850
25.739550
25.759275
25.781200
25.795700
25.818275
25.873125
26.005275
26.032100
26.080400
26.225650
26.240625
26.279050
26.376475
26.434650
26.459600
26.589550
26.610600
26.627225
26.655625
26.669500
26.736075
26.776325
26.797300
26.823350
26.848350
26.869500
26.896325
27.007475
27.101575
27.164900
27.190950
27.220525
27.231800
27.241225
27.255875
27.468000
27.510350
27.543775
27.635750
27.752325
27.768425
27.783425
27.808900
27.842375
27.886500
27.942275
28.025775
28.095625
28.107450
28.136600
28.143825
28.157150
28.240600
28.257300
28.270850
28.296625
28.323150
28.475400
28.665650
28.712750
28.750250
28.759425
28.766600
28.781225
28.794650
28.818425
28.846725
28.887625
28.939400
29.056650
29.097000
29.162825
29.378700
29.439325
29.449750
29.487525
29.507400
29.528100
29.559650
29.579000
29.593800
29.601950
29.655550
29.700200
29.764700
29.848275
29.878350
29.966575
29.972975
29.982300
29.992575
