0.035375
0.240700
0.444900
0.516725
0.550725
0.586875
0.638375
0.924850
1.000275
1.121950
1.453550
1.739525
1.814400
1.874200
2.022000
2.237325
2.415450
2.599050
2.791350
2.915025
3.005075
3.315075
3.384250
3.488625
3.541625
3.621375
4.024350
4.054400
4.101175
4.155800
4.231700
4.497425
4.583200
4.992725
5.270175
5.363275
5.410850
5.452800
5.810100
6.164825
6.320050
6.460925
6.522200
6.748325
7.006225
7.369750
7.443275
7.667275
8.097575
8.278850
8.445300
8.841550
8.941475
8.991325
9.043925
9.197200
9.372100
9.411125
9.462200
9.615350
9.710825
9.757075
9.928950
10.017975
10.064625
10.150125
10.230200
10.444425
10.518600
10.589150
10.715675
10.796400
10.841575
10.875850
11.065525
11.149850
11.209900
11.474825
11.659925
11.953900
12.025025
12.114925
12.197225
12.305500
12.403550
12.452175
12.554000
12.666975
12.738175
12.788225
12.820650
13.017950
13.072525
13.338975
13.451075
13.793825
13.830450
13.882350
13.929075
14.007275
14.292250
14.416200
14.540825
14.691625
14.727225
14.779975
14.853425
14.994300
15.305300
15.479250
15.539350
15.804925
15.842375
15.884575
15.918900
16.249275
16.296300
16.339300
16.391825
16.533050
16.654175
16.692850
16.736500
16.816550
16.883625
17.048075
17.118375
17.184300
17.244925
17.484925
17.543750
17.572200
17.600525
17.629900
17.646600
17.796050
17.919100
17.961800
18.020900
18.323300
18.385800
18.477800
18.671100
18.896225
19.054725
19.206550
19.529375
19.594250
19.685875
19.765075
19.934400
20.006150
20.069075
20.178700
20.343600
20.422250
20.567000
20.721425
20.780525
20.832300
20.985525
21.059425
21.092300
21.133775
21.236650
21.459525
21.509650
21.847425
21.983050
22.024875
22.055575
22.094075
22.245875
22.393300
22.479600
22.664575
22.708800
22.755925
23.188775
23.290025
23.347950
23.422425
23.596675
23.658400
23.707275
23.755275
24.004100
24.041400
24.096625
24.146700
24.218200
24.358800
24.395125
24.449675
24.539275
24.668175
24.750350
24.839625
25.243925
25.347075
25.535375
25.741975
25.942650
26.114550
26.196125
26.337125
26.538475
26.581600
26.660925
26.816575
26.949625
27.055225
27.097450
27.163000
27.261375
27.493400
27.544975
27.773125
27.862275
28.035575
28.124675
28.332050
28.381550
28.443550
28.543600
28.790275
29.110700
29.501275
29.562675
29.603475
29.661700
29.700500
29.845975
29.997325
