0.005125
0.034975
0.051075
0.083425
0.150175
0.163325
0.187650
0.197025
0.240400
0.259875
0.276850
0.292275
0.309700
0.325300
0.340625
0.358925
0.376050
0.411350
0.438825
0.480700
0.554875
0.580475
0.594850
0.607325
0.638075
0.667650
0.696275
0.709750
0.729050
0.761300
0.790300
0.802625
0.815675
0.827775
0.859050
0.868350
0.881350
0.899300
0.933650
0.955825
0.976450
0.997875
1.024675
1.059850
1.079675
1.115400
1.145175
1.161500
1.182175
1.196350
1.273225
1.295650
1.316575
1.347100
1.363500
1.418775
1.429825
1.471300
1.485350
1.504850
1.519450
1.603450
1.621625
1.639200
1.664725
1.675850
1.690825
1.706275
1.743350
1.783250
1.800475
1.817600
1.853925
1.868025
1.896950
1.944350
1.958375
1.982050
1.997900
2.016800
2.049550
2.061100
2.106100
2.137100
2.189700
2.206325
2.221650
2.243025
2.274025
2.372850
2.397125
2.412600
2.429650
2.445925
2.461550
2.509275
2.522075
2.548075
2.602825
2.627875
2.651100
2.673325
2.688150
2.783900
2.797700
2.807400
2.817625
2.893225
2.905250
2.929225
2.956425
2.972900
2.987550
3.032400
3.058150
3.069275
3.083400
3.114900
3.149150
3.167075
3.185675
3.203950
3.238375
3.255875
3.280125
3.295850
3.326475
3.359375
3.379675
3.396400
3.410025
3.450175
3.462300
3.480875
3.502550
3.512200
3.519250
3.529200
3.541275
3.553325
3.579375
3.619600
3.633525
3.642700
3.662000
3.676675
3.716950
3.732675
3.746200
3.766350
3.779650
3.801625
3.813800
3.896825
3.914075
3.926925
3.944875
3.955975
3.966275
4.009325
4.030125
4.052175
4.063475
4.089925
4.160850
4.190425
4.238750
4.261550
4.275875
4.293525
4.313950
4.330450
4.377650
4.397125
4.428800
4.461450
4.478400
4.494850
4.530000
4.557900
4.567125
4.584425
4.612500
4.633750
4.659000
4.683075
4.729275
4.735450
4.743275
4.761725
4.772425
4.797325
4.809775
4.822025
4.835300
4.851475
4.864250
4.871975
4.896200
4.907050
4.926325
4.948700
5.009425
5.051475
5.095600
5.117850
5.132900
5.150050
5.160400
5.199425
5.234475
5.249950
5.264500
5.299125
5.358675
5.377000
5.395700
5.415075
5.475725
5.492450
5.514725
5.541450
5.560975
5.569175
5.608125
5.608800
5.623800
5.650575
5.663300
5.685325
5.720825
5.770625
5.802250
5.822225
5.848875
5.911725
5.929125
5.943025
5.954375
5.979875
5.999175
6.025875
6.061900
6.081125
6.113425
6.128900
6.145525
6.155100
6.175550
6.210300
6.229925
6.242625
6.274575
6.293375
6.306675
6.319625
6.364500
6.410025
6.424650
6.494000
6.507900
6.524750
6.537625
6.548425
6.560575
6.574075
6.603050
6.615675
6.626950
6.636800
6.675275
6.689675
6.711425
6.731600
6.750300
6.763475
6.821625
6.837875
6.851325
6.866625
6.901775
6.922075
6.975375
7.009875
7.027275
7.049250
7.059575
7.083350
7.128825
7.138850
7.169525
7.180475
7.197000
7.221975
7.259475
7.290600
7.306625
7.345500
7.365550
7.404400
7.423225
7.463925
7.481900
7.500350
7.520275
7.570275
7.584075
7.628375
7.684175
7.696325
7.708900
7.719600
7.747325
7.761450
7.771550
7.784150
7.857350
7.889625
7.908900
7.946375
7.972950
8.000025
8.037150
8.075300
8.086175
8.105000
8.138875
8.228025
8.248950
8.269525
8.307400
8.352000
8.365400
8.370100
8.424650
8.500175
8.511000
8.531150
8.540950
8.556675
8.572900
8.591875
8.622650
8.659775
8.683025
8.714550
8.739725
8.758225
8.785175
8.814825
8.857075
8.895825
8.928000
8.945625
9.011250
9.029700
9.041900
9.063025
9.074625
9.121600
9.132175
9.165000
9.184825
9.189875
9.206075
9.232300
9.245750
9.267725
9.282525
9.299675
9.316125
9.338175
9.352675
9.419425
9.436800
9.468800
9.510975
9.522125
9.538275
9.601000
9.625000
9.659175
9.674575
9.726450
9.818250
9.834600
9.847500
9.875250
9.895000
9.921450
9.938975
9.949925
9.967525
9.977100
9.992150
10.004550
10.016075
10.026275
10.039000
10.062125
10.073375
10.090275
10.097575
10.110500
10.135400
10.165475
10.180350
10.211100
10.249275
10.280025
10.309325
10.340900
10.350150
10.360700
10.374275
10.404450
10.415325
10.433275
10.464525
10.490125
10.500950
10.603775
10.620050
10.635075
10.652675
10.673775
10.708625
10.726325
10.809700
10.831175
10.858875
10.875750
10.903375
10.989950
11.001650
11.016950
11.027400
11.047375
11.058900
11.070450
11.085700
11.093900
11.112475
11.143225
11.224975
11.231275
11.252925
11.310475
11.345525
11.381975
11.413200
11.422625
11.434050
11.462300
11.481850
11.518100
11.560850
11.586725
11.622450
11.630625
11.658800
11.675750
11.693550
11.706550
11.721950
11.784250
11.799650
11.848125
11.861825
11.890725
11.906725
11.911325
11.921850
11.931925
11.973600
12.013550
12.057250
12.128625
12.222900
12.244350
12.281950
12.307000
12.315750
12.333275
12.374175
12.412850
12.423350
12.453350
12.525375
12.561575
12.574950
12.591700
12.605500
12.633000
12.647375
12.659500
12.694425
12.721100
12.764025
12.807350
12.822800
12.834825
12.854300
12.905375
12.964525
12.978175
12.995100
13.016025
13.054450
13.068650
13.077900
13.082575
13.159775
13.192500
13.213175
13.223075
13.272075
13.289050
13.313275
13.327125
13.390175
13.404725
13.449475
13.490300
13.510975
13.528050
13.570875
13.597275
13.605800
13.632400
13.655500
13.670575
13.697625
13.709125
13.725275
13.741475
13.759500
13.803050
13.818550
13.830550
13.842950
13.851900
13.894275
13.915000
13.956575
14.011875
14.041900
14.054675
14.071175
14.099525
14.115050
14.138950
14.153325
14.187675
14.217250
14.231400
14.270125
14.283100
14.320050
14.338000
14.368725
14.414425
14.432400
14.450075
14.491450
14.521475
14.523650
14.539450
14.569900
14.587125
14.662725
14.683200
14.695075
14.705075
14.721325
14.752100
14.786400
14.800275
14.813700
14.830175
14.906775
14.920775
15.001025
15.062975
15.092875
15.147675
15.170475
15.201350
15.236150
15.247975
15.265975
15.281225
15.294650
15.316225
15.363925
15.376625
15.398500
15.407950
15.419875
15.452875
15.465175
15.488800
15.505875
15.539150
15.559375
15.575925
15.592625
15.608575
15.656650
15.673900
15.687800
15.701825
15.733375
15.764725
15.801750
15.822050
15.841375
15.862350
15.920425
15.933325
15.954500
15.978400
16.007050
16.031800
16.092600
16.109675
16.120525
16.150325
16.166275
16.183950
16.199800
16.213450
16.244025
16.276300
16.297025
16.313425
16.341375
16.351800
16.368350
16.382525
16.392700
16.401750
16.414425
16.442275
16.456500
16.465550
16.481700
16.492975
16.514125
16.538925
16.551900
16.557600
16.569625
16.581875
16.603175
16.616725
16.653575
16.670425
16.679900
16.740800
16.749550
16.760875
16.776475
16.792200
16.839200
16.864150
16.890925
16.913575
16.933925
16.941500
16.973650
16.987350
17.018875
17.043625
17.060850
17.092625
17.132950
17.145075
17.203325
17.262825
17.329225
17.348950
17.399475
17.414925
17.428800
17.547475
17.562850
17.589025
17.619675
17.632025
17.652525
17.670625
17.704600
17.716000
17.763775
17.793000
17.813575
17.827800
17.850050
17.867450
17.878150
17.922550
17.938850
17.955925
17.976175
17.996325
18.027200
18.049300
18.103975
18.124700
18.135825
18.156150
18.171650
18.211000
18.228025
18.260725
18.293700
18.315725
18.329925
18.358475
18.389950
18.401725
18.417100
18.430725
18.448900
18.456475
18.478175
18.495725
18.531075
18.554500
18.574025
18.586750
18.594925
18.608025
18.623650
18.634850
18.672625
18.682875
18.725450
18.739975
18.753925
18.783500
18.806575
18.816825
18.852775
18.888450
18.909825
18.949600
18.985175
18.998025
19.015150
19.032575
19.043175
19.074200
19.093525
19.118350
19.142250
19.187825
19.209250
19.241250
19.263050
19.281475
19.298625
19.316475
19.396500
19.413550
19.429450
19.439250
19.454575
19.470850
19.502100
19.519700
19.549500
19.570225
19.590075
19.606375
19.625100
19.645775
19.664950
19.685700
19.738200
19.767150
19.784000
19.798725
19.843750
19.853000
19.899850
19.924400
19.950300
19.963600
20.038025
20.083975
20.100075
20.147700
20.171525
20.191500
20.206025
20.223350
20.262250
20.286325
20.300500
20.352675
20.388875
20.406425
20.463575
20.501950
20.523200
20.538925
20.568400
20.578550
20.590425
20.603700
20.649850
20.688325
20.705575
20.724000
20.740650
20.758950
20.775950
20.795800
20.843025
20.863150
20.904575
20.940075
21.014950
21.051200
21.063125
21.115850
21.165675
21.223825
21.235525
21.246600
21.275350
21.288000
21.303225
21.316050
21.350025
21.386800
21.453350
21.478150
21.502875
21.530675
21.556150
21.566425
21.580575
21.594050
21.605400
21.617000
21.632225
21.680800
21.689675
21.725550
21.737550
21.755825
21.766550
21.776925
21.786875
21.806175
21.844825
21.871700
21.900225
21.921625
21.945900
21.961375
22.034650
22.049250
22.079025
22.089700
22.100825
22.128725
22.137125
22.155000
22.185150
22.199000
22.217100
22.227175
22.247075
22.264650
22.283675
22.306650
22.348250
22.419925
22.447100
22.468400
22.573225
22.596350
22.622100
22.630025
22.650450
22.665600
22.695525
22.739975
22.755175
22.797500
22.808500
22.881575
22.903250
22.920275
22.937650
22.951350
23.008950
23.034500
23.062150
23.136450
23.154450
23.164975
23.182550
23.237425
23.297775
23.312150
23.325100
23.355775
23.391400
23.401675
23.417325
23.454000
23.497150
23.510050
23.536875
23.567450
23.581250
23.614675
23.629200
23.650700
23.664000
23.690250
23.717350
23.745725
23.761425
23.784775
23.794725
23.808700
23.828725
23.844650
23.895275
23.908700
23.996700
24.013600
24.031100
24.072150
24.091150
24.108525
24.126175
24.142625
24.185225
24.216700
24.232325
24.270900
24.286900
24.301175
24.323000
24.350000
24.358875
24.375725
24.385325
24.402300
24.414675
24.422125
24.466850
24.499850
24.537650
24.572650
24.662675
24.684800
24.707100
24.723850
24.753775
24.779800
24.796100
24.807625
24.838100
24.846000
24.886775
24.900850
24.910750
24.924000
24.943375
25.045025
25.060825
25.103625
25.123575
25.137125
25.149425
25.176650
25.191575
25.211175
25.231375
25.252700
25.281250
25.311075
25.333425
25.343075
25.359600
25.406125
25.415500
25.433050
25.469100
25.484100
25.498550
25.521825
25.534000
25.557700
25.571250
25.582575
25.614325
25.631375
25.666700
25.681250
25.717200
25.735650
25.777100
25.806300
25.829750
25.850650
25.872150
25.883150
25.919800
25.932550
26.010500
26.022225
26.076475
26.093500
26.138225
26.153350
26.184175
26.217775
26.233325
26.253500
26.269475
26.290650
26.316700
26.342075
26.425875
26.463725
26.478025
26.490600
26.523675
26.538150
26.548800
26.566050
26.580800
26.600300
26.617375
26.630825
26.636275
26.651175
26.661975
26.710475
26.765700
26.792650
26.817000
26.844625
26.862150
26.909800
26.956025
27.003800
27.026900
27.038400
27.052275
27.114050
27.189475
27.204275
27.219675
27.239300
27.276775
27.326825
27.339800
27.351900
27.364050
27.400450
27.409250
27.423450
27.506450
27.518800
27.541575
27.558100
27.578475
27.591350
27.615900
27.645300
27.716675
27.735775
27.769400
27.835200
27.857100
27.883950
27.894500
27.898375
27.966075
28.001150
28.017425
28.036675
28.048675
28.116425
28.142725
28.174225
28.232325
28.255775
28.280375
28.297925
28.319575
28.425175
28.443675
28.453850
28.474200
28.486075
28.539350
28.566625
28.697450
28.715825
28.730300
28.743775
28.759550
28.783250
28.814875
28.853425
28.899225
28.936825
28.984975
29.018800
29.033775
29.044600
29.055400
29.076675
29.101475
29.119275
29.135250
29.146075
29.193150
29.281525
29.300575
29.321875
29.341700
29.373525
29.410550
29.428250
29.459175
29.463150
29.479675
29.506350
29.532000
29.545275
29.556075
29.569325
29.615225
29.626100
29.659875
29.679150
29.715950
29.767700
29.796425
29.828475
29.868300
29.914650
29.926575
29.940975
