0.006850
0.106925
0.159375
0.174900
0.186800
0.193575
0.205825
0.212925
0.245675
0.275050
0.284425
0.294950
0.320550
0.340875
0.590450
0.597725
0.633750
0.642350
0.654550
0.659325
0.664450
0.684500
0.696850
0.702575
0.709150
0.714450
0.752175
0.774875
0.789575
0.843650
0.980000
1.032025
1.052950
1.111600
1.204100
1.228325
1.251200
1.296425
1.306000
1.333825
1.340525
1.355900
1.362150
1.368075
1.384925
1.395275
1.401250
1.454975
1.471900
1.477325
1.483525
1.489900
1.500550
1.513350
1.523600
1.528025
1.541175
1.551950
1.557025
1.563275
1.578975
1.583200
1.587800
1.603450
1.608800
1.613525
1.636400
1.642000
1.648150
1.653775
1.659200
1.672800
1.683150
1.711925
1.716825
1.722350
1.736600
1.750700
1.755125
1.764300
1.769925
1.789225
1.805625
1.815725
1.820300
1.825300
1.840350
1.850500
1.856850
1.863225
1.868550
1.895925
1.916225
1.921100
1.941100
1.963050
1.967800
1.972925
1.983825
2.005200
2.011425
2.017200
2.039675
2.045550
2.052175
2.059350
2.072750
2.081575
2.096275
2.109050
2.124275
2.146625
2.164975
2.204100
2.211400
2.226125
2.244450
2.250575
2.282750
2.324650
2.336600
2.349375
2.360475
2.380775
2.386400
2.391225
2.402500
2.408300
2.413325
2.417975
2.423175
2.437200
2.466625
2.480900
2.507250
2.556475
2.590550
2.644775
2.670100
2.680300
2.696650
2.705300
2.711125
2.722825
2.728225
2.734525
2.746975
2.756300
2.766800
2.799775
2.859100
2.913450
2.966600
2.985300
2.991700
2.995975
3.000625
3.024100
3.045100
3.059425
3.083525
3.104825
3.126925
3.185550
3.245150
3.268425
3.283575
3.304725
3.318300
3.328500
3.343825
3.348375
3.365075
3.380350
3.395075
3.420050
3.430875
3.459825
3.501200
3.512350
3.533425
3.553375
3.557275
3.563125
3.567975
3.581375
3.591900
3.608475
3.624400
3.639025
3.645575
3.667900
3.676775
3.696100
3.730525
3.754650
3.813625
3.922750
3.932600
3.941075
3.962025
3.972325
3.984825
3.990375
3.995975
4.007500
4.014275
4.037300
4.066450
4.089575
4.111075
4.251275
4.276625
4.304400
4.319225
4.373600
4.394650
4.413100
4.435925
4.455525
4.471975
4.518950
4.528300
4.535775
4.541775
4.547775
4.573300
4.657300
4.678225
4.697400
4.743750
4.756750
4.775250
4.783975
4.788750
4.802550
4.816700
4.836950
4.848100
4.870525
4.914650
4.978450
5.009225
5.041225
5.072225
5.105450
5.137900
5.175525
5.265850
5.279075
5.291825
5.295825
5.300650
5.321450
5.326125
5.346175
5.353250
5.366450
5.379100
5.415375
5.421100
5.427425
5.440750
5.475150
5.488575
5.509675
5.516025
5.533825
5.560350
5.569950
5.582250
5.595575
5.602350
5.609250
5.616600
5.621725
5.634825
5.640100
5.646500
5.653100
5.658825
5.664900
5.672025
5.681000
5.686700
5.692775
5.703050
5.709275
5.715050
5.721350
5.728025
5.733600
5.756225
5.780500
5.790350
5.803825
5.859550
5.876950
5.895000
5.914775
5.979975
6.003725
6.030900
6.101900
6.110750
6.134150
6.140225
6.146875
6.155275
6.163350
6.183875
6.221000
6.272625
6.349100
6.379050
6.398475
6.440975
6.470425
6.484750
6.494050
6.529525
6.533250
6.542925
6.546900
6.557000
6.561900
6.581175
6.591675
6.601325
6.606675
6.611725
6.617850
6.629150
6.643225
6.650825
6.658175
6.710500
6.742025
6.768450
6.881200
6.900300
6.917200
6.953925
6.974400
7.009725
7.041050
7.081275
7.103025
7.172275
7.203225
7.228375
7.253275
7.280425
7.364225
7.401775
7.421675
7.456175
7.475300
7.494100
7.503950
7.600400
7.643600
7.654325
7.676200
7.684375
7.701400
7.712500
7.723825
7.764075
7.771975
7.787475
7.806150
7.850675
7.887225
7.898525
7.931875
7.983275
8.001150
8.012475
8.048725
8.254650
8.292150
8.307325
8.327400
8.352050
8.371250
8.391550
8.412275
8.499750
8.527900
8.552725
8.577600
8.596475
8.617825
8.629950
8.638650
8.646775
8.670325
8.713550
8.732725
8.743675
8.749850
8.762875
8.769700
8.785325
8.804275
8.831925
8.909975
8.950075
8.973975
9.045550
9.065575
9.076450
9.096225
9.106250
9.125625
9.137525
9.158650
9.169675
9.201275
9.228750
9.267775
9.282275
9.313700
9.407250
9.414800
9.424875
9.429875
9.441175
9.458225
9.469925
9.475225
9.481850
9.492725
9.517575
9.524300
9.538925
9.544800
9.558700
9.566750
9.611375
9.676250
9.839950
9.862100
9.866750
9.871600
9.875700
9.897325
9.901875
9.906250
9.915900
9.921875
9.933325
9.943825
9.948875
9.959600
9.965375
9.983275
10.005375
10.018625
10.040800
10.049025
10.086000
10.105650
10.130500
10.154175
10.194875
10.216950
10.300175
10.355000
10.364250
10.384350
10.390725
10.395375
10.412525
10.419900
10.437075
10.443200
10.454475
10.498675
10.561225
10.625150
10.659450
10.707975
10.725125
10.732675
10.744125
10.748125
10.752900
10.772375
10.783450
10.805875
10.833775
10.893825
10.914250
10.929825
10.946525
11.146875
11.161000
11.172050
11.180325
11.187450
11.194775
11.215350
11.260125
11.282900
11.292525
11.323875
11.370125
11.375200
11.398150
11.440450
11.465175
11.469975
11.477325
11.516500
11.521925
11.527425
11.548825
11.554775
11.595200
11.605950
11.620725
11.667075
11.690450
11.725250
11.744250
11.778900
11.793575
11.820975
11.841525
11.857300
11.861475
11.883550
11.898250
11.910100
11.914800
11.920200
11.960450
11.964925
11.974075
11.983850
11.994800
11.998800
12.010925
12.034475
12.039275
12.045450
12.061275
12.070400
12.096500
12.116175
12.121700
12.137325
12.144600
12.149500
12.160575
12.164675
12.169775
12.175525
12.181650
12.197300
12.203125
12.214925
12.227375
12.234150
12.240425
12.248550
12.301850
12.317675
12.337275
12.344350
12.358725
12.394825
12.419750
12.442675
12.462575
12.524300
12.529750
12.538525
12.543825
12.553875
12.575050
12.601450
12.611225
12.623825
12.634400
12.641325
12.647925
12.659850
12.668000
12.675150
12.689650
12.693925
12.701950
12.708825
12.721025
12.733175
12.738525
12.745250
12.774450
12.780400
12.785875
12.791975
12.827550
12.879800
12.884500
12.950700
12.974175
13.009300
13.066650
13.090750
13.125675
13.152325
13.161375
13.178975
13.188975
13.209800
13.233600
13.278450
13.294750
13.315175
13.420175
13.457550
13.481825
13.503275
13.510975
13.520200
13.533950
13.550775
13.597550
13.605900
13.641925
13.646025
13.652375
13.669825
13.683025
13.689750
13.712400
13.718050
13.732775
13.739950
13.753975
13.770650
13.776950
13.783700
13.800425
13.806550
13.826000
13.888600
13.927100
13.947300
13.967725
13.996750
14.016575
14.021650
14.031375
14.036775
14.041150
14.047275
14.074350
14.079725
14.087000
14.094200
14.106850
14.121425
14.151050
14.164775
14.214100
14.262750
14.335550
14.360100
14.450350
14.477900
14.482350
14.486725
14.491375
14.495950
14.500525
14.512800
14.520025
14.738625
14.779825
14.795225
14.813600
14.831775
14.906500
14.911950
14.921350
14.926025
14.935375
14.939875
14.958600
14.963300
15.003875
15.016200
15.036675
15.099300
15.232725
15.239625
15.247850
15.271200
15.275700
15.281050
15.286700
15.294825
15.308325
15.316700
15.322575
15.353825
15.406100
15.429675
15.525000
15.545575
15.564125
15.582325
15.600800
15.616875
15.627675
15.656650
15.663750
15.671675
15.683425
15.691200
15.698200
15.710325
15.716175
15.725150
15.744800
15.760700
15.775025
15.825350
15.847600
15.880750
15.896925
15.911100
15.922525
15.932500
15.951550
15.967025
15.988675
15.994725
16.007400
16.015300
16.032650
16.036800
16.046650
16.067675
16.086050
16.093600
16.109800
16.129775
16.146500
16.185925
16.209150
16.376725
16.395475
16.447750
16.459925
16.465225
16.471150
16.475925
16.502350
16.508525
16.515075
16.519725
16.525625
16.554500
16.562875
16.623800
16.679575
16.728850
16.814200
16.822175
16.852125
16.859850
16.892075
16.920500
16.930100
16.965475
17.026300
17.138800
17.151825
17.162350
17.169025
17.177925
17.205075
17.238900
17.278975
17.319825
17.350350
17.365375
17.380750
17.393600
17.479175
17.497700
17.522625
17.567950
17.602050
17.647800
17.668750
17.687850
17.741850
17.748550
17.758625
17.805225
17.812875
17.820700
17.841000
17.847875
17.855800
17.863025
17.881700
17.896650
17.981950
18.003475
18.037525
18.048375
18.054225
18.059025
18.068600
18.078900
18.096200
18.121200
18.127400
18.132725
18.139875
18.145500
18.152025
18.163575
18.179625
18.188750
18.196550
18.201850
18.210425
18.215900
18.221525
18.234300
18.240650
18.270025
18.277700
18.282525
18.289000
18.297075
18.303575
18.310225
18.316225
18.322575
18.327925
18.394525
18.399425
18.405175
18.410000
18.421625
18.432875
18.449750
18.474300
18.481750
18.487125
18.491875
18.506975
18.532300
18.560675
18.579025
18.605325
18.662575
18.677125
18.693825
18.709175
18.741450
18.762475
18.769225
18.774250
18.796125
18.806650
18.813025
18.818475
18.829950
18.842425
18.878150
18.934450
19.073325
19.088875
19.114350
19.147075
19.199475
19.214050
19.231100
19.276475
19.304050
19.361825
19.401025
19.422250
19.477600
19.487950
19.497750
19.518050
19.535200
19.545725
19.566925
19.604675
19.620400
19.637525
19.691200
19.719475
19.761750
19.769425
19.775375
19.780950
19.786300
19.793150
19.799200
19.810900
19.831750
19.841575
19.853200
19.868300
19.888250
19.929750
19.945850
20.007175
20.013600
20.020125
20.029800
20.056950
20.071225
20.081825
20.092150
20.140225
20.198625
20.230475
20.258600
20.279900
20.305375
20.330400
20.339325
20.348800
20.356850
20.364700
20.379375
20.395825
20.419050
20.435325
20.443100
20.453450
20.465875
20.501275
20.523550
20.545900
20.574100
20.637000
20.659200
20.702300
20.717000
20.784325
20.816925
20.844050
20.866075
20.936450
20.961000
20.971625
20.981300
20.985850
20.990275
21.000050
21.004825
21.010650
21.015475
21.028100
21.038550
21.046675
21.051875
21.062675
21.073425
21.084825
21.116325
21.121975
21.146300
21.150650
21.161700
21.168875
21.175025
21.181275
21.189175
21.215050
21.231650
21.293050
21.376275
21.398775
21.513900
21.546800
21.555850
21.562500
21.571225
21.615025
21.642275
21.661325
21.677600
21.691950
21.706625
21.719325
21.760450
21.769175
21.779275
21.799300
21.811775
21.817875
21.837025
21.850900
21.858850
21.866875
21.877125
21.909325
21.936775
22.026600
22.083150
22.096050
22.103825
22.115275
22.124200
22.135975
22.149175
22.153100
22.166200
22.182150
22.188800
22.197025
22.203800
22.216975
22.234800
22.241650
22.257200
22.262625
22.267625
22.274150
22.311475
22.318275
22.323675
22.335950
22.342200
22.349475
22.357600
22.371850
22.386175
22.431375
22.449725
22.461700
22.511050
22.561625
22.590600
22.619575
22.669725
22.705175
22.728450
22.740525
22.762550
22.769900
22.824225
22.847000
22.902400
22.952925
23.035925
23.042725
23.048725
23.058875
23.077175
23.087100
23.096050
23.110475
23.156850
23.162950
23.168700
23.180600
23.185125
23.194400
23.201175
23.232375
23.256825
23.282475
23.287825
23.310725
23.317400
23.327950
23.339900
23.358025
23.370225
23.385100
23.391650
23.399400
23.411600
23.484250
23.504150
23.633800
23.690525
23.744875
23.790600
23.808200
23.856325
23.875300
23.896925
23.937775
23.963650
23.968725
23.990025
24.018125
24.056925
24.079475
24.093800
24.129125
24.169800
24.191000
24.217775
24.236850
24.263100
24.294575
24.319550
24.348950
24.381075
24.394700
24.402950
24.415075
24.421325
24.431275
24.444525
24.451800
24.458250
24.486500
24.553375
24.599575
24.615900
24.640450
24.671400
24.687175
24.708125
24.737525
24.765575
24.797850
24.803025
24.808850
24.819550
24.853525
24.882125
24.896100
24.940100
24.986250
25.002150
25.043825
25.049725
25.058350
25.071350
25.077500
25.084275
25.104725
25.121625
25.136925
25.160700
25.171475
25.233450
25.285200
25.308225
25.326850
25.348450
25.436725
25.453500
25.477275
25.510650
25.543625
25.589100
25.609475
25.635200
25.665500
25.693500
25.721375
25.796300
25.823275
25.861475
25.919275
25.967575
25.983400
26.001725
26.029650
26.056275
26.088550
26.101800
26.154300
26.225950
26.254550
26.284950
26.348525
26.370675
26.414425
26.435900
26.442650
26.451275
26.460150
26.464450
26.480125
26.484550
26.497125
26.508025
26.514150
26.533525
26.540875
26.547050
26.558350
26.566975
26.576025
26.596200
26.607825
26.618400
26.626350
26.633150
26.638600
26.644800
26.657350
26.679075
26.686250
26.690725
26.695525
26.707350
26.713350
26.719050
26.729125
26.754250
26.783500
26.800400
26.829500
26.875625
27.031225
27.070925
27.109250
27.113525
27.128650
27.142100
27.149425
27.173525
27.189700
27.229700
27.254125
27.277450
27.299500
27.319650
27.418050
27.440200
27.456425
27.467900
27.476550
27.483550
27.494100
27.499125
27.506675
27.510800
27.516275
27.547500
27.559375
27.566775
27.586125
27.634075
27.671850
27.689625
27.753575
27.766175
27.778600
27.799450
27.810625
27.819775
27.841875
27.851775
27.890650
27.921575
27.965200
28.007250
28.050975
28.058100
28.068350
28.140925
28.169150
28.201650
28.222500
28.243400
28.268600
28.291550
28.332700
28.390925
28.397350
28.410175
28.414450
28.419150
28.437875
28.447700
28.453875
28.463300
28.483400
28.501525
28.520475
28.566400
28.589750
28.627075
28.635375
28.644100
28.657500
28.682425
28.707275
28.712575
28.722000
28.729625
28.738825
28.801350
28.877050
28.901025
28.964450
28.972925
28.989800
28.994775
29.036375
29.044850
29.053100
29.064400
29.122700
29.202850
29.217650
29.259500
29.276750
29.290150
29.323600
29.388200
29.443200
29.454325
29.481500
29.539175
29.558050
29.579225
29.601825
29.651350
29.664825
29.677350
29.685625
29.711625
29.745700
29.800325
29.869700
29.884175
29.894825
29.907175
29.994600
