0.018625
0.055625
0.120600
0.207850
0.224675
0.239950
0.256600
0.272675
0.306000
0.315075
0.339800
0.348225
0.357375
0.385175
0.399800
0.438950
0.450875
0.476675
0.490825
0.541300
0.562100
0.711300
0.745175
0.757600
0.808025
0.857125
0.882900
0.897075
0.907875
0.934725
0.945950
1.000300
1.016100
1.082600
1.134875
1.189200
1.389900
1.496225
1.527550
1.542125
1.635000
1.655900
1.668075
1.724875
1.749950
1.819075
1.839025
1.861800
1.886275
1.911325
1.937875
1.968300
1.997200
2.103725
2.148950
2.186200
2.210200
2.221950
2.242575
2.280075
2.300875
2.319975
2.357825
2.501625
2.578225
2.641275
2.667250
2.732100
2.767075
2.801625
2.857200
2.882050
2.910700
2.920675
2.928475
2.941750
2.970750
3.001200
3.022500
3.070450
3.123925
3.139125
3.166750
3.187825
3.209750
3.269100
3.308025
3.331975
3.374725
3.428000
3.478575
3.496600
3.507200
3.516450
3.524925
3.561500
3.574025
3.598525
3.700950
3.718550
3.781775
3.801000
3.838325
3.854650
3.871400
3.882000
3.894125
3.908900
3.933625
3.959925
4.036200
4.078475
4.094250
4.114025
4.142950
4.174125
4.225550
4.240350
4.259525
4.274725
4.337300
4.362450
4.403825
4.430175
4.460300
4.480275
4.549675
4.572875
4.592625
4.693550
4.699625
4.724225
4.744100
4.784650
4.793350
4.807025
4.828100
4.839225
4.852625
4.930700
4.956725
5.006775
5.041475
5.077275
5.128750
5.152300
5.194825
5.328125
5.368550
5.379325
5.393550
5.408225
5.420550
5.498725
5.519350
5.534550
5.578050
5.595600
5.643650
5.669700
5.700800
5.806800
5.837575
5.865125
5.953150
5.978075
6.009700
6.012000
6.024300
6.033875
6.046150
6.087875
6.100975
6.113775
6.143450
6.186775
6.201500
6.218450
6.236400
6.261925
6.375550
6.439450
6.659025
6.684175
6.711175
6.772200
6.830550
6.862500
6.884750
6.958275
7.004925
7.019525
7.039800
7.131050
7.151425
7.175150
7.224825
7.263050
7.283925
7.304500
7.325350
7.408975
7.436450
7.456525
7.539275
7.554375
7.647375
7.662850
7.680800
7.700450
7.735825
7.746500
7.780900
7.835200
7.955325
8.004550
8.013950
8.026800
8.032450
8.099000
8.156100
8.176900
8.211950
8.240025
8.270100
8.331225
8.341225
8.350025
8.357325
8.376025
8.388450
8.406875
8.437500
8.480150
8.500225
8.535575
8.554425
8.575250
8.592225
8.630325
8.674025
8.696175
8.733375
8.751275
8.770000
8.814250
8.845025
8.858175
8.869475
8.911500
8.923525
8.933175
8.986575
8.999550
9.012850
9.040750
9.070175
9.083125
9.140300
9.203725
9.247125
9.286175
9.334800
9.354050
9.380500
9.428125
9.578800
9.608600
9.618975
9.646500
9.665550
9.741275
9.814300
9.836300
9.941025
9.987775
9.996275
10.015900
10.061575
10.071675
10.093050
10.104350
10.117625
10.128050
10.170825
10.244675
10.268675
10.292775
10.370975
10.397050
10.415350
10.444875
10.471200
10.496375
10.535650
10.565450
10.584625
10.620775
10.651850
10.698250
10.717250
10.730075
10.744300
10.755925
10.774525
10.790250
10.803975
10.932900
10.957350
11.005850
11.084425
11.107150
11.129750
11.147175
11.194500
11.224675
11.295200
11.441675
11.482525
11.504400
11.524750
11.534000
11.544375
11.560725
11.578600
11.640000
11.650325
11.675000
11.688575
11.716600
11.733825
11.750250
11.781800
11.821125
11.847175
11.892175
11.914250
11.937475
11.961025
12.020250
12.038500
12.063550
12.077825
12.093100
12.108925
12.146825
12.172625
12.185600
12.204475
12.253450
12.273975
12.361525
12.410950
12.425950
12.446100
12.464825
12.504800
12.524975
12.552300
12.557300
12.594475
12.614075
12.652700
12.684575
12.696150
12.730150
12.744575
12.796500
12.813275
12.827575
12.844000
12.863600
12.876300
12.897175
12.918125
12.937200
12.951750
12.980650
13.107225
13.126275
13.143300
13.184300
13.232850
13.285525
13.298450
13.316925
13.333850
13.345400
13.375900
13.389650
13.426475
13.470125
13.490475
13.520750
13.553025
13.578825
13.599150
13.618125
13.669875
13.676675
13.686225
13.717750
13.756525
13.776600
13.786950
13.799500
13.831225
13.841375
13.867100
13.879175
13.945950
13.964100
14.025200
14.051975
14.097450
14.115600
14.129225
14.143100
14.203475
14.214575
14.226400
14.273950
14.280200
14.306825
14.324600
14.344050
14.363600
14.371950
14.386900
14.396950
14.420250
14.434325
14.455725
14.492750
14.510325
14.522600
14.582475
14.601125
14.615650
14.680375
14.708200
14.744350
14.779225
14.786475
14.796975
14.826500
14.895625
14.907825
14.923000
14.932975
14.961150
14.971225
15.019550
15.044500
15.059900
15.169350
15.187500
15.227525
15.248225
15.312300
15.327775
15.389350
15.400500
15.421250
15.437200
15.444525
15.469450
15.490475
15.518200
15.539025
15.687900
15.722050
15.740225
15.792425
15.804075
15.834125
15.868475
15.913425
15.932900
16.013275
16.026275
16.064250
16.078300
16.097400
16.167325
16.196275
16.266450
16.307850
16.323675
16.335625
16.434300
16.455950
16.473675
16.493875
16.527250
16.563375
16.621725
16.636400
16.724275
16.821200
16.838275
16.855950
16.910325
16.946475
17.024875
17.045500
17.068200
17.196100
17.216100
17.225400
17.232225
17.254350
17.260075
17.273025
17.299000
17.346950
17.389800
17.436200
17.474000
17.516600
17.532325
17.568150
17.588825
17.646550
17.668225
17.689625
17.732625
17.750375
17.802275
17.851975
17.864750
17.884700
17.901275
17.941400
17.960250
18.009100
18.030625
18.053600
18.066825
18.119400
18.145000
18.156625
18.251000
18.294650
18.325625
18.437350
18.458125
18.483125
18.498300
18.515900
18.533900
18.576925
18.620125
18.637825
18.651925
18.696475
18.711725
18.806075
18.855075
18.911900
18.960450
18.981700
18.996450
19.032150
19.048000
19.082975
19.098875
19.107075
19.119275
19.156050
19.205700
19.251600
19.302600
19.322425
19.360175
19.415675
19.480800
19.498700
19.621475
19.709725
19.733750
19.793925
19.818850
19.843600
19.861475
19.904650
19.914400
20.047775
20.059100
20.070625
20.088575
20.113675
20.135875
20.145575
20.180300
20.196100
20.239500
20.252925
20.280725
20.300275
20.319100
20.397150
20.433250
20.456450
20.480650
20.507100
20.529225
20.552975
20.572775
20.590450
20.627175
20.637225
20.661950
20.672800
20.685025
20.695775
20.744725
20.781825
20.851625
20.870900
20.882900
20.906300
20.924800
21.012500
21.042150
21.145125
21.179575
21.210025
21.262900
21.344050
21.372525
21.464425
21.538200
21.569800
21.629375
21.696825
21.727475
21.747625
21.811300
21.835200
21.852875
21.907075
21.935975
21.961525
21.989800
22.022475
22.057700
22.094300
22.123575
22.150250
22.176375
22.243750
22.268200
22.319725
22.480125
22.503350
22.538775
22.601200
22.647700
22.676325
22.711000
22.728525
22.749975
22.776250
22.799150
22.829125
22.861150
22.881775
22.904050
22.948875
22.986875
22.999175
23.013375
23.027450
23.042525
23.153175
23.183550
23.216375
23.233900
23.269775
23.290225
23.309225
23.330700
23.349800
23.363825
23.436700
23.511400
23.531425
23.573675
23.584750
23.594125
23.620500
23.654475
23.661075
23.669150
23.692800
23.699650
23.746800
23.767450
23.814325
23.823800
23.858475
23.874875
23.941950
23.956950
23.972325
24.024400
24.063550
24.076050
24.155750
24.191950
24.252425
24.270675
24.302775
24.323050
24.352475
24.362900
24.372900
24.428375
24.455650
24.493400
24.514950
24.525725
24.564300
24.571450
24.587025
24.709825
24.740125
24.747050
24.815600
24.824600
24.858800
24.900125
24.937600
24.995950
25.020625
25.032625
25.057650
25.107900
25.151900
25.168325
25.185350
25.301125
25.326100
25.375050
25.398925
25.424975
25.438950
25.506375
25.538850
25.642525
25.665550
25.722275
25.798350
25.890000
25.939475
25.999925
26.076300
26.135450
26.352625
26.374975
26.414350
26.435950
26.484600
26.501275
26.542675
26.555175
26.582825
26.589725
26.614275
26.626750
26.677200
26.697250
26.706825
26.720425
26.732200
26.822650
26.872350
26.924475
26.951375
26.977350
27.017200
27.042400
27.067725
27.086225
27.144700
27.158150
27.166300
27.174750
27.217475
27.266725
27.285925
27.305225
27.404850
27.447975
27.464975
27.486800
27.505900
27.597300
27.622950
27.676475
27.825925
27.838850
27.856275
27.881300
27.900800
27.976775
28.015625
28.062000
28.122575
28.174325
28.195950
28.216850
28.252950
28.321600
28.346225
28.377625
28.398200
28.419400
28.434700
28.472250
28.482575
28.551700
28.568025
28.580625
28.652550
28.678000
28.734200
28.751225
28.781550
28.813850
28.857950
28.899325
28.919475
28.960400
28.978750
29.049175
29.081075
29.099250
29.146275
29.183100
29.199700
29.205800
29.273150
29.301325
29.316375
29.347550
29.395750
29.454275
29.487775
29.493525
29.512675
29.528575
29.643425
29.662575
29.685525
29.728725
29.759275
29.775325
29.790375
29.870975
29.886025
29.923525
29.936300
29.959750
29.981475
29.991750
