0.050700
0.066525
0.073600
0.099625
0.200500
0.300475
0.341925
0.375525
0.438750
0.470300
0.526675
0.538500
0.589975
0.673575
0.757350
0.776800
0.800725
0.852975
0.898425
0.930475
0.957900
1.105525
1.168500
1.178275
1.198825
1.331300
1.495525
1.544750
1.563100
1.628425
1.675850
2.368500
2.393475
2.412700
2.649275
2.671450
2.706250
2.735000
2.823800
3.044775
3.050075
3.055675
3.114975
3.154450
3.259625
3.277600
3.474000
3.522425
3.691600
3.717375
3.735450
3.937000
4.249800
4.304325
4.355050
4.412525
4.450900
4.697825
4.724575
4.766650
4.860650
4.976150
5.006450
5.074875
5.223550
5.255450
5.348425
5.415625
5.477425
5.486400
5.587850
5.825075
6.053925
6.072375
6.109750
6.138275
6.286300
6.308800
6.495625
6.554500
6.583250
6.630750
6.829350
6.838325
6.995325
7.041475
7.044650
7.152650
7.232250
7.309500
7.320425
7.348425
7.359600
7.485575
7.562000
7.586500
7.646850
7.746200
7.917575
7.941600
8.214575
8.275450
8.332125
8.388275
8.457375
8.491950
9.428400
9.464850
9.676125
9.816150
9.959400
10.174200
10.366775
10.465125
10.473500
10.603500
10.669150
10.709750
10.767900
10.883875
11.016150
11.023650
11.260875
11.320925
11.415875
11.517275
11.643250
11.656100
11.784075
11.890250
11.951450
11.984525
12.169375
12.218950
12.272000
12.590075
12.621175
12.939550
13.254425
13.478125
13.506650
13.608025
13.621500
13.688200
13.709625
13.891700
13.924475
14.079725
14.134075
14.145150
14.150850
14.155500
14.163250
14.199875
14.283825
14.318750
14.467650
14.475300
14.577650
14.634750
14.774775
14.784025
14.804475
14.935500
15.115250
15.126500
15.199800
15.440025
15.472075
15.510200
15.526525
15.574725
15.625025
15.728775
15.768600
15.894425
15.945400
16.082800
16.180125
16.260650
16.350675
16.572925
16.580425
16.838675
16.895350
16.930725
16.999800
17.235250
17.271425
17.283450
17.310725
17.348200
17.571525
17.666350
17.704475
17.944625
17.977075
18.027150
18.180875
18.203675
18.356950
18.472000
18.521900
18.619475
18.802700
18.859850
18.991025
19.001700
19.026500
19.145375
19.373150
19.640425
19.689050
19.701525
19.732800
20.144300
20.152300
20.172700
20.304450
20.568375
20.678900
20.831025
20.869975
20.887100
20.946375
21.134050
21.162750
21.174775
21.271275
21.487225
21.628750
21.836600
21.864050
21.946125
21.953700
21.984700
22.008550
22.193075
22.397325
22.430625
22.441900
22.451900
22.641375
22.752000
22.914650
23.107550
23.149075
23.171575
23.172700
23.219050
23.284575
23.295500
23.785425
23.870250
23.896525
23.946200
24.123700
24.170625
24.471850
24.485700
24.582425
24.630250
24.737475
25.092575
25.131400
25.203550
25.206025
25.264425
25.598925
25.661550
25.812700
26.072825
26.228400
26.390900
26.413925
26.518225
26.533750
27.007050
27.122125
27.282925
27.355575
27.408300
27.600000
27.728525
27.739550
27.859250
27.934350
28.026525
28.049450
28.072350
28.126900
28.190000
28.328125
28.425875
28.449000
28.471475
28.536350
28.628450
28.781125
28.886625
28.930475
29.055525
29.176450
29.259250
29.316150
29.346800
29.409350
29.472925
29.530425
29.656350
29.731825
29.780350
29.787550
29.925750
