0.021225
0.128100
0.218550
0.233300
0.325825
0.356850
0.399875
0.504575
0.592175
0.688525
0.722800
0.751800
0.760675
0.784800
0.825175
0.862475
0.886125
0.930200
1.019775
1.085775
1.122275
1.221450
1.240575
1.268525
1.277175
1.386900
1.430425
1.490725
1.511850
1.522250
1.586725
1.601300
1.634025
1.647500
1.788425
1.938525
1.973475
1.991150
2.032675
2.047575
2.061600
2.115525
2.145350
2.376650
2.387075
2.511875
2.547425
2.553450
2.624150
2.637575
2.745150
2.758900
2.789875
2.841200
2.874375
2.892725
2.913725
2.984225
3.007925
3.052175
3.076050
3.102975
3.139175
3.150925
3.188825
3.320700
3.344000
3.384550
3.408500
3.480675
3.532575
3.671900
3.705200
3.730400
3.752050
3.866825
3.873250
3.931500
3.943925
3.990800
3.999400
4.019575
4.087000
4.146475
4.210125
4.250425
4.292400
4.323750
4.339700
4.352650
4.367475
4.385300
4.396050
4.417375
4.444150
4.459275
4.481500
4.555875
4.594325
4.627750
4.652275
4.690625
4.758375
4.838850
4.867325
4.996175
5.063775
5.092825
5.102700
5.236500
5.357650
5.415425
5.672575
5.701550
5.713100
5.765750
5.848025
5.897525
5.913300
5.933225
5.944750
6.030175
6.157025
6.213900
6.263575
6.306250
6.328725
6.339200
6.385225
6.503325
6.614675
6.646075
6.681625
6.778025
6.807750
6.833950
6.847875
6.925450
6.963825
7.071675
7.101425
7.112375
7.213675
7.232650
7.245250
7.270275
7.306975
7.351650
7.356025
7.376150
7.407750
7.419000
7.464000
7.504050
7.551225
7.666650
7.728250
7.771250
7.806500
7.864725
7.885400
7.955450
7.985275
8.046250
8.177975
8.221600
8.237425
8.306575
8.318450
8.414200
8.476100
8.588525
8.750750
8.758725
8.799275
8.810900
8.821475
8.833150
8.871025
8.886950
8.906100
8.980400
9.080350
9.122550
9.207050
9.426150
9.449550
9.467900
9.521000
9.531350
9.575775
9.605225
9.664300
9.759775
9.813925
9.835225
9.856525
10.008700
10.070025
10.092075
10.320225
10.427250
10.580200
10.625075
10.684500
10.758250
10.843450
10.859400
11.177775
11.415325
11.445225
11.510950
11.607500
11.671925
11.695425
11.788600
11.838750
11.851325
12.093225
12.124675
12.177075
12.532050
12.574275
12.805250
12.830800
12.914200
13.061700
13.177350
13.197150
13.272925
13.379100
13.397825
13.577575
13.611400
13.857075
13.952175
14.197875
14.294800
14.455225
14.500175
14.551575
14.691800
14.702425
14.715375
14.757150
14.818850
14.847750
14.904150
14.926325
14.998200
15.126275
15.204850
15.309825
15.444075
15.455000
15.515275
15.936050
15.977225
15.983375
16.116950
16.123600
16.208625
16.235300
16.250600
16.300125
16.403625
16.473675
16.521075
16.590950
16.635475
16.684725
16.712150
16.729775
16.779675
16.796475
16.907000
16.921975
17.012525
17.025450
17.165525
17.181925
17.210650
17.340300
17.383950
17.399050
17.415475
17.432375
17.463550
17.497750
17.586425
17.629525
17.664650
17.700700
17.780325
17.823550
17.859925
17.875900
17.898050
17.953050
17.992400
17.995000
18.048150
18.092550
18.140925
18.174800
18.245675
18.508925
18.522825
18.558775
18.667925
18.805975
18.824850
19.022325
19.172400
19.237300
19.269200
19.302975
19.415400
19.431750
19.450600
19.575800
19.644200
19.659675
19.736825
19.786225
19.803200
19.966500
20.039825
20.048675
20.104375
20.166625
20.172550
20.351600
20.485225
20.495200
20.525300
20.536000
20.565900
20.744225
20.877250
20.892175
20.943525
21.107150
21.183100
21.194075
21.378200
21.402475
21.716025
21.766625
21.813675
21.843425
21.987200
22.123275
22.151875
22.217275
22.272525
22.286925
22.320700
22.349275
22.483825
22.513725
22.528750
22.568075
22.672800
22.678100
22.707750
22.847500
22.933475
23.044250
23.090400
23.198175
23.284125
23.300700
23.365675
23.454400
23.495175
23.794300
23.904325
23.958250
24.031875
24.167600
24.189050
24.392075
24.444700
24.574050
24.682300
25.148475
25.166925
25.258250
25.305875
25.437525
25.444750
25.453575
25.595600
25.662825
25.749800
25.764600
25.889625
25.900600
25.910875
25.919850
25.928225
25.960950
26.053350
26.063250
26.111425
26.127575
26.139275
26.311875
26.339775
26.388350
26.458575
26.522225
26.578475
26.731750
26.764425
26.778425
26.880050
26.952650
26.977075
27.005050
27.040900
27.077450
27.179175
27.195350
27.212350
27.283450
27.378100
27.412050
27.465425
27.480925
27.517350
27.534975
27.553925
27.699225
27.711075
27.730775
27.757975
27.977625
28.000575
28.112125
28.188125
28.225400
28.250775
28.273425
28.293350
28.325975
28.393250
28.434100
28.596450
28.683300
28.745050
28.754600
28.790375
28.830275
28.928700
28.942250
28.980650
29.032375
29.069825
29.197425
29.218550
29.411700
29.439550
29.451925
29.471800
29.488875
29.501900
29.529475
29.597125
29.667850
29.691025
29.837950
29.849000
29.894075
29.944200
29.976000
