0.005200
0.074675
0.332950
0.342850
0.357575
0.404850
0.430650
0.451925
0.472775
0.692200
0.861700
0.915175
0.927875
0.937725
0.954975
1.014600
1.249775
1.416625
1.453525
1.482325
1.524575
1.614125
1.638600
1.684250
1.770175
1.861175
1.880050
1.899400
1.947800
1.961850
2.301925
2.545275
2.634575
2.651975
2.672200
2.722300
2.818275
2.896900
2.914800
2.924150
2.976025
2.989225
3.131825
3.202500
3.214925
3.260250
3.308175
3.420425
3.439725
3.505050
3.526800
3.805325
3.858000
3.890775
3.970700
3.997375
4.065650
4.082025
4.227075
4.263150
4.338950
4.451300
4.582075
4.659900
4.773550
4.839600
4.863775
4.912150
4.950100
5.000700
5.055025
5.178050
5.269925
5.282875
5.307425
5.536625
5.670500
5.754675
5.807900
5.833400
5.922775
6.010600
6.161900
6.239975
6.304625
6.351575
6.364050
6.425550
6.441600
6.519200
6.542950
6.589800
6.742175
6.768925
6.817125
6.895075
6.943075
6.960875
6.998550
7.169225
7.328800
7.344650
7.422775
7.697300
7.747925
7.765000
7.778125
7.825025
7.982850
8.138375
8.242925
8.366200
8.446925
8.463300
8.475025
8.557625
8.572850
8.775050
8.831500
8.889075
8.976475
9.011125
9.055350
9.305975
9.323550
9.337325
9.360925
9.378800
9.466225
9.486250
9.553425
9.644150
9.659475
9.781275
9.804725
9.834600
9.890675
10.067700
10.109800
10.191525
10.231575
10.581050
10.617200
10.640975
10.796575
10.903300
10.952300
11.040425
11.080275
11.168800
11.182825
11.233250
11.413850
11.448650
11.466250
11.502850
11.676825
11.752950
11.818350
11.854275
11.861450
11.905450
11.916700
12.035775
12.084250
12.106775
12.139350
12.172225
12.220650
12.254650
12.322400
12.478725
12.504850
12.521850
12.724250
12.820975
12.857125
12.913350
12.982500
13.011450
13.025275
13.046325
13.061775
13.237750
13.301375
13.347300
13.446800
14.048125
14.072900
14.231125
14.248200
14.357175
14.377125
14.424550
14.448000
14.570650
14.579625
14.612300
14.629425
14.738275
14.755100
14.801000
14.927175
15.112000
15.170575
15.283550
15.388275
15.405325
15.436250
15.489550
15.499850
15.600125
15.728125
15.796350
15.861975
15.957050
16.189000
16.216125
16.351675
16.413850
16.435425
16.465675
16.496925
16.624025
16.652350
16.669750
16.685825
16.707925
16.739500
16.815175
16.926250
16.949825
17.007625
17.093950
17.117150
17.140250
17.175825
17.301350
17.323825
17.421550
17.652025
17.678550
17.774775
17.830275
17.854575
17.939100
17.977500
18.041750
18.078000
18.134350
18.178650
18.210350
18.257275
18.368450
18.386475
18.412050
18.503700
18.563725
18.583150
18.748175
18.857600
18.933800
18.950825
18.983375
18.995075
19.107350
19.225225
19.317225
19.554500
19.591625
19.623975
19.636650
19.648600
19.833300
19.851525
19.880975
19.953400
20.050675
20.174275
20.230600
20.429525
20.445825
20.495850
20.641650
20.780050
20.803250
20.844950
20.891625
20.980825
21.109800
21.230200
21.287200
21.536750
21.563375
21.569625
21.642875
21.674500
21.706875
21.771625
21.782525
21.839200
21.880625
21.898800
22.033275
22.166625
22.215450
22.263775
22.279500
22.344200
22.465400
22.481800
22.801100
22.896625
22.918825
22.939675
22.957875
23.021475
23.147925
23.237025
23.295025
23.316100
23.677550
23.690675
23.719725
23.760875
23.890825
23.998400
24.026250
24.043925
24.059525
24.101225
24.240700
24.285125
24.455975
24.482675
24.540950
24.579275
24.766675
24.824225
24.863350
24.909425
25.081475
25.112075
25.209050
25.250375
25.318525
25.382725
25.594525
25.619950
25.724350
25.740825
25.877750
25.894925
25.916950
25.985050
25.998150
26.130150
26.171475
26.200475
26.246350
26.298300
26.394850
26.428950
26.457725
26.530350
26.553650
26.697300
26.718000
26.735700
26.752975
26.768925
26.830100
26.888350
26.912575
27.023275
27.186250
27.197800
27.210150
27.217525
27.279425
27.301425
27.658525
27.693000
27.997475
28.039275
28.083050
28.216200
28.234350
28.265000
28.293225
28.452525
28.591600
28.649025
28.715450
28.732900
28.795150
28.891500
29.192200
29.204850
29.251050
29.260450
29.305900
29.322875
29.378800
29.433450
29.500300
29.540825
29.575425
29.663700
29.770900
29.796550
29.814275
29.844100
29.881850
29.897250
29.906875
29.962600
