0.092525
0.193200
0.332525
0.427825
0.445200
0.885925
0.967700
1.159425
1.272700
1.292200
1.559150
1.608500
1.687600
1.898100
2.005500
2.146525
2.189900
2.252150
2.285350
2.304900
2.360900
2.570675
2.656475
2.723400
2.734225
2.760300
3.002800
3.045125
3.088550
3.166500
3.303575
3.585575
3.680025
3.735625
3.790350
3.797075
3.807650
3.948700
4.017750
4.169350
4.271100
4.320350
4.491725
4.622675
4.661400
4.743100
4.889175
4.936100
4.977950
4.996825
5.068725
5.080925
5.099100
5.105000
5.130700
5.216000
5.270825
5.364150
5.411425
5.434075
5.462800
5.632375
5.654675
5.669975
5.691850
5.849850
5.957800
6.115600
6.246300
6.265500
6.288150
6.303350
6.356425
6.627300
6.639375
6.715250
6.855275
6.964550
7.023775
7.031375
7.057775
7.067400
7.211625
7.378175
7.445100
7.466725
7.486150
7.546450
7.836975
8.183350
8.365875
8.442000
8.554600
8.603550
8.637875
8.685300
8.712400
8.731750
8.795675
8.906650
8.949975
9.128375
9.363700
9.428225
9.505525
9.595800
9.746450
9.793925
9.819325
9.822475
9.860100
10.001400
10.047200
10.067900
10.076125
10.099775
10.137325
10.282925
10.686775
10.754725
10.776850
11.108250
11.240375
11.265150
11.292200
11.339975
11.364850
11.411025
11.500525
11.706125
11.961575
12.022900
12.463525
12.494175
12.503575
12.538075
12.564075
12.604875
12.619950
12.832925
12.949525
12.972825
13.015400
13.222475
13.366325
13.390275
13.408525
13.627950
13.987850
14.065775
14.256350
14.280950
14.302800
14.313500
14.328100
14.440425
14.565925
14.650250
14.707975
14.755075
14.793925
14.882550
14.901925
14.913100
14.917250
15.026275
15.060175
15.108525
15.157750
15.192500
15.224375
15.399175
15.427275
15.435675
15.447975
15.559750
15.674200
15.809925
15.829675
15.911025
16.224325
16.235375
16.324725
16.350100
16.417375
16.589600
16.635825
16.686500
16.755500
16.853875
16.876100
17.163300
17.269050
17.356125
17.621500
17.645350
17.688675
17.821875
17.838050
18.022375
18.089175
18.149675
18.507275
18.597075
18.719375
18.762050
18.861150
19.170200
19.291225
19.550375
19.686225
19.696400
19.709250
19.882700
20.049325
20.181000
20.194300
20.250075
20.275225
20.335650
20.362600
20.374500
20.797025
20.823150
20.831250
20.865075
20.904000
20.920675
21.017100
21.049100
21.092850
21.105175
21.290425
21.330150
21.588375
21.732575
21.840200
22.084000
22.198725
22.316600
22.503175
22.586800
22.599750
22.625875
22.699275
22.772400
22.832825
22.873400
22.967925
23.029150
23.070575
23.081200
23.150425
23.263650
23.418650
23.432850
23.529100
23.589750
23.627000
23.695625
23.836275
23.853075
24.002500
24.117225
24.337300
24.436100
24.456575
24.477925
24.496500
24.502825
24.568850
24.587000
24.729125
24.761725
24.827650
25.062925
25.075800
25.157425
25.453225
25.535800
25.589150
25.898500
25.964525
26.088300
26.113275
26.434500
26.483200
26.617775
26.730025
26.753200
26.775050
27.027950
27.348725
27.618575
27.701350
27.951425
28.089475
28.133550
28.322500
28.358150
28.399400
28.474750
28.527675
28.696300
28.804325
28.977925
29.038225
29.130950
29.139025
29.199450
29.259400
29.595975
29.763675
29.787000
29.964925
