0.002900
0.027975
0.062925
0.130975
0.216225
0.229125
0.257675
0.268475
0.338850
0.380575
0.414125
0.479850
0.531950
0.703400
0.788600
0.881150
0.912825
0.984525
0.996600
1.031875
1.068675
1.126550
1.165925
1.198075
1.224875
1.235525
1.277675
1.467375
1.679600
1.793625
1.844475
1.999700
2.025725
2.251575
2.285925
2.322400
2.359875
2.501675
2.622425
2.657750
2.711725
2.798550
2.835400
2.885725
2.966800
3.011450
3.026000
3.074450
3.088625
3.268250
3.302800
3.313825
3.399225
3.529375
3.541825
3.616625
3.623975
3.629450
3.655900
3.719775
3.765450
3.883975
4.030025
4.081300
4.151350
4.184900
4.228525
4.234950
4.258350
4.310725
4.407975
4.623525
4.676375
4.706175
4.763825
4.830625
4.920775
5.033325
5.066375
5.105050
5.176700
5.186175
5.206650
5.249200
5.297850
5.381850
5.422450
5.561075
5.639075
5.678075
5.935000
5.938350
5.992500
6.024950
6.152475
6.246775
6.376725
6.484425
6.558500
6.580225
6.583075
6.586300
6.589050
6.649725
6.749075
6.820575
6.855775
6.873950
6.917350
6.934300
7.100675
7.133375
7.288825
7.489375
7.547850
7.873025
7.900125
7.958900
7.974225
8.018675
8.082725
8.195875
8.332400
8.429800
8.746675
8.836200
8.891050
8.921650
8.955125
8.984950
9.046100
9.110900
9.190700
9.204700
9.260550
9.309900
9.333500
9.374550
9.506450
9.517125
9.620900
9.640500
9.648875
9.671800
9.684150
9.772400
9.874300
9.900775
9.917825
10.047350
10.122925
10.161700
10.217400
10.262325
10.291400
10.312400
10.359675
10.404200
10.422925
10.436200
10.512950
10.537300
10.547250
10.590050
10.604125
10.638625
10.651600
10.718700
10.848925
10.890375
10.953250
10.968850
10.994875
11.046825
11.061875
11.094975
11.103425
11.119125
11.162700
11.190575
11.219275
11.257400
11.263825
11.384650
11.492750
11.687900
11.699300
11.719550
11.730450
11.806125
11.812125
11.841900
11.872350
11.878325
11.893150
11.965350
11.983475
12.042400
12.053300
12.179025
12.209475
12.234150
12.280675
12.289225
12.337500
12.408375
12.442025
12.461950
12.478025
12.516625
12.615875
12.691275
12.709350
12.786400
12.792600
12.884025
12.907025
12.930050
12.937925
13.006475
13.024150
13.063000
13.105350
13.123550
13.139150
13.145775
13.306775
13.315800
13.325950
13.339950
13.376750
13.394625
13.403225
13.459000
13.510225
13.517750
13.531775
13.619950
13.675050
13.765050
13.852975
13.876675
13.983125
14.031400
14.041550
14.081725
14.120525
14.172275
14.228950
14.248450
14.263075
14.274000
14.331650
14.349300
14.388075
14.412975
14.434875
14.487350
14.510175
14.539725
14.549325
14.569600
14.576425
14.647600
14.719125
14.777275
14.971300
15.022250
15.114800
15.181625
15.249575
15.333300
15.367675
15.435100
15.452650
15.501150
15.570950
15.668975
15.712200
15.728550
15.774900
15.787700
15.819875
15.902150
15.912750
15.960950
15.986075
16.072550
16.111775
16.154000
16.169200
16.181825
16.266100
16.280525
16.313925
16.347400
16.401750
16.445650
16.485125
16.499850
16.510900
16.521525
16.530950
16.553250
16.586650
16.617750
16.638775
16.663850
16.717900
16.791550
16.807450
16.870725
16.885250
16.902250
17.011950
17.053275
17.111025
17.127450
17.208375
17.223325
17.234975
17.254825
17.263750
17.353625
17.378625
17.396575
17.404825
17.516300
17.534700
17.600300
17.642550
17.664925
17.679900
17.725225
17.749250
17.879950
17.887625
17.939200
17.970250
18.063175
18.073375
18.126625
18.202600
18.216300
18.229750
18.245950
18.420200
18.594000
18.612150
18.640775
18.686200
18.692800
18.717925
18.797825
18.852850
18.874000
18.898950
18.910900
18.928275
18.952975
19.002700
19.010475
19.020175
19.080200
19.095675
19.194225
19.409875
19.537175
19.557575
19.588050
19.613950
19.640100
19.663225
19.736750
19.761250
19.769150
19.844900
19.953825
19.964675
20.020625
20.028100
20.041350
20.059100
20.102225
20.144500
20.163925
20.192425
20.204125
20.223225
20.238325
20.328950
20.390200
20.447375
20.455125
20.574425
20.592250
20.611875
20.627925
20.706000
20.730900
20.798550
20.822700
20.862300
20.963100
20.967350
20.972125
20.988150
21.011750
21.022550
21.106650
21.132800
21.158500
21.274375
21.326725
21.339550
21.359725
21.391950
21.418000
21.436975
21.497575
21.553975
21.567800
21.588850
21.624400
21.671575
21.696300
21.707275
21.714825
21.722425
21.736300
21.779875
21.867775
21.876350
21.940850
22.040975
22.055975
22.073175
22.153275
22.188425
22.239250
22.271525
22.286275
22.307175
22.318550
22.330950
22.391100
22.412725
22.588050
22.593800
22.654550
22.681100
22.714300
22.732300
22.767100
22.921000
22.938750
22.955575
22.993800
23.010825
23.046875
23.074125
23.100725
23.225225
23.263075
23.296325
23.373225
23.511350
23.589325
23.614975
23.632675
23.645725
23.667400
23.689425
23.740525
23.817575
23.890775
23.905925
23.931275
23.963450
23.996775
24.013275
24.019225
24.020900
24.062800
24.068075
24.113700
24.155225
24.205500
24.216150
24.252700
24.379475
24.470375
24.530275
24.576225
24.613725
24.754600
24.810275
24.845850
24.875050
24.905625
24.947175
24.980600
25.016625
25.046550
25.121250
25.150225
25.223150
25.301200
25.321200
25.344400
25.422775
25.514600
25.521575
25.532900
25.554225
25.567500
25.618900
25.725825
25.747000
25.756600
25.811575
25.848400
25.912975
26.010250
26.042650
26.058500
26.104875
26.116525
26.152775
26.177500
26.190425
26.218000
26.239875
26.503950
26.512075
26.520300
26.538250
26.584800
26.646725
26.685450
26.746150
26.773575
26.782825
26.838375
27.003950
27.019450
27.068775
27.119150
27.129825
27.140800
27.148900
27.162950
27.221725
27.230625
27.270325
27.390250
27.399625
27.421025
27.434225
27.484325
27.496900
27.511625
27.561900
27.572650
27.630225
27.646700
27.716525
27.762000
27.771525
27.827050
27.870100
27.936275
27.974300
28.024775
28.031675
28.099125
28.110350
28.135800
28.160575
28.191750
28.212350
28.244325
28.253150
28.261475
28.268375
28.309900
28.325050
28.340850
28.385075
28.427050
28.549200
28.641725
28.721725
28.740375
28.755550
28.829975
28.905150
28.929850
29.052575
29.144800
29.246100
29.305950
29.317825
29.331175
29.347600
29.395275
29.409475
29.418975
29.465725
29.488375
29.517400
29.537100
29.553550
29.587800
29.667375
29.674925
29.678400
29.697375
29.718225
29.733825
29.760300
29.814250
29.825950
29.842800
29.849025
29.856600
29.916425
29.939825
29.992600
