0.003300
0.019725
0.035875
0.059000
0.107575
0.140350
0.190350
0.213600
0.226075
0.237400
0.250050
0.263500
0.282200
0.303200
0.314875
0.340375
0.349800
0.368000
0.378275
0.407725
0.418975
0.448275
0.461850
0.510175
0.535950
0.587250
0.619175
0.646875
0.673450
0.714300
0.721550
0.740200
0.746475
0.766750
0.791500
0.805625
0.820650
0.833450
0.858200
0.870500
0.899725
0.921325
0.937825
0.973675
0.983725
0.993750
1.003900
1.016950
1.047225
1.072100
1.077900
1.093550
1.103700
1.120600
1.137125
1.196975
1.214725
1.228775
1.242425
1.263250
1.278625
1.297575
1.306575
1.326150
1.357400
1.371575
1.384300
1.409400
1.422925
1.455125
1.469750
1.532275
1.599950
1.632200
1.654425
1.670875
1.680875
1.689525
1.700400
1.714825
1.741650
1.778525
1.786125
1.794625
1.802050
1.819125
1.835775
1.844725
1.865650
1.888975
1.923025
1.987500
2.041550
2.055575
2.068550
2.114800
2.126125
2.169300
2.195350
2.222500
2.289225
2.315575
2.361750
2.381450
2.437775
2.466400
2.524850
2.549350
2.575000
2.604800
2.634575
2.667275
2.752875
2.777475
2.795700
2.808275
2.820300
2.833525
2.848875
2.867075
2.883525
2.898300
2.926300
2.938000
2.950575
2.963925
2.976525
2.988275
3.003250
3.020050
3.030625
3.044825
3.078275
3.127625
3.141025
3.157200
3.202250
3.226775
3.253650
3.260800
3.291000
3.301150
3.310075
3.317100
3.341400
3.352275
3.362325
3.372625
3.385450
3.409475
3.431075
3.444675
3.468600
3.490875
3.525025
3.532400
3.540400
3.551050
3.557300
3.570925
3.595750
3.604875
3.645325
3.674100
3.685600
3.710700
3.720250
3.731325
3.774600
3.787075
3.798875
3.814300
3.837725
3.848725
3.856750
3.867550
3.881000
3.918175
3.939625
3.950600
3.985525
4.030325
4.044925
4.070700
4.078550
4.129500
4.154475
4.204425
4.217600
4.225500
4.257725
4.274625
4.304525
4.325775
4.333825
4.349100
4.360325
4.389300
4.404800
4.411400
4.443075
4.464525
4.481350
4.510425
4.520050
4.539875
4.547850
4.563500
4.571525
4.585675
4.597725
4.606250
4.620875
4.641150
4.662900
4.671500
4.680900
4.703650
4.710750
4.741600
4.749775
4.806200
4.857225
4.867325
4.881875
4.898050
4.931300
4.949425
5.055450
5.082350
5.095025
5.169800
5.180125
5.221400
5.230550
5.237925
5.245375
5.272250
5.338200
5.367525
5.428600
5.452675
5.479150
5.490800
5.505725
5.510425
5.514875
5.525700
5.529825
5.535400
5.542000
5.556500
5.563675
5.612625
5.623925
5.633925
5.646600
5.715325
5.818325
5.850750
5.875450
5.897600
5.910475
5.917075
5.938875
5.980950
6.067950
6.095350
6.122550
6.260650
6.323450
6.345325
6.392750
6.432800
6.464600
6.488850
6.525400
6.547400
6.564500
6.575200
6.582325
6.590475
6.601325
6.615875
6.624000
6.645925
6.661600
6.677900
6.714400
6.724700
6.736175
6.759300
6.775500
6.807775
6.831300
6.851400
6.869850
6.879575
6.917175
6.952675
6.969625
7.018700
7.034225
7.048800
7.092575
7.122675
7.142750
7.172075
7.198275
7.222125
7.258300
7.276525
7.342325
7.376350
7.468600
7.485725
7.495475
7.504475
7.529975
7.544200
7.561475
7.662500
7.681950
7.707275
7.733575
7.810725
7.924325
7.929825
7.983375
7.991875
8.000025
8.029025
8.057325
8.061950
8.068450
8.078875
8.137175
8.142875
8.147950
8.152925
8.157300
8.162650
8.171250
8.213050
8.218975
8.233575
8.309575
8.324600
8.347200
8.381100
8.392450
8.475875
8.515150
8.538850
8.556750
8.631125
8.700575
8.739075
8.745025
8.764850
8.778575
8.786425
8.797175
8.812625
8.848775
8.855075
8.863400
8.895925
8.922025
8.942775
9.027250
9.056450
9.083400
9.249375
9.387400
9.449975
9.478175
9.507725
9.534900
9.559275
9.642500
9.657800
9.802950
9.827975
9.840025
9.848750
9.888775
9.914050
9.943625
9.967900
9.996675
10.001600
10.122550
10.183600
10.211325
10.259850
10.286625
10.305175
10.313925
10.372975
10.415800
10.462550
10.484725
10.591200
10.678350
10.711600
10.730375
10.753600
10.849375
10.933850
10.997850
11.020025
11.039825
11.068575
11.130900
11.142600
11.149525
11.155450
11.204575
11.274450
11.404975
11.428000
11.451350
11.522825
11.568950
11.627200
11.638300
11.668250
11.687650
11.718600
11.813400
11.886775
11.937750
12.067350
12.091775
12.115650
12.128250
12.275900
12.455100
12.468100
12.560000
12.601400
12.610975
12.647475
12.662750
12.709125
12.715750
12.807725
12.815000
12.843525
12.899175
12.940100
13.025100
13.031850
13.044200
13.076050
13.095775
13.167475
13.204850
13.230625
13.271325
13.354100
13.489025
13.523550
13.590425
13.626175
13.638275
13.645275
13.698175
13.831075
14.002775
14.044075
14.319450
14.329375
14.454200
14.468475
14.495125
14.748050
14.773500
14.779600
14.789450
14.944400
15.135725
15.277700
15.304550
15.310075
15.340425
15.367150
15.533125
15.809250
16.184400
16.236125
16.286050
16.314025
16.532250
16.594475
16.804050
16.911675
17.063125
17.108250
17.133375
17.146375
17.176225
17.276950
17.330800
17.400850
17.556625
17.624475
17.633175
17.687975
17.887500
17.940275
18.088650
18.125150
18.156250
18.569750
18.745850
18.758525
18.972450
19.037725
19.086225
19.209950
19.222975
19.318750
19.328750
19.411550
19.522800
19.533775
19.568875
19.574850
19.620800
19.723200
19.839975
20.155025
20.257850
20.280650
20.341100
20.454950
20.471275
20.485475
20.794525
20.960175
21.192200
21.233075
21.320775
21.371125
21.378000
21.486875
21.648975
21.745575
21.878300
22.034975
22.134975
22.152800
22.163875
22.173100
22.250450
22.335225
22.363700
22.678950
22.780225
22.798375
22.864450
22.925050
23.117300
23.187275
23.332325
23.340225
23.424625
23.533425
23.614250
23.772075
23.824075
23.860550
23.875675
24.125875
24.284250
24.362325
24.614700
24.673450
24.809050
24.901675
24.989775
25.380325
25.519775
25.555600
25.563550
25.690175
25.770200
25.794175
25.832825
26.112650
26.434075
26.462475
26.478850
26.481875
26.649700
26.675725
26.736375
26.806875
26.866225
26.875550
26.932825
27.060800
27.083125
27.096350
27.178600
27.190150
27.363875
27.566425
27.665050
27.857950
27.935325
28.015025
28.270350
28.298625
28.305800
28.436325
28.526950
28.554225
28.562300
28.569225
28.612800
28.710800
28.733300
28.754100
28.765525
28.780675
28.867000
29.126300
29.283400
29.473500
29.600775
29.659200
29.670175
29.678875
29.686400
29.860475
29.995750
