0.001875
0.020300
0.108775
0.166825
0.250475
0.277425
0.294600
0.303400
0.313600
0.340375
0.356500
0.368175
0.385775
0.414500
0.449550
0.480825
0.512925
0.532050
0.553450
0.583175
0.602650
0.616625
0.631825
0.649275
0.662100
0.693850
0.731525
0.749775
0.763975
0.819975
0.857900
0.877500
0.893675
0.910800
0.922000
0.937900
0.952350
0.965950
0.985300
1.003775
1.033900
1.060775
1.088950
1.113600
1.131700
1.151725
1.192475
1.256875
1.310225
1.350050
1.380450
1.402925
1.435400
1.569425
1.606475
1.628450
1.674575
1.694725
1.737450
1.799125
1.836475
1.853500
1.893800
1.926225
1.953250
1.966875
1.978575
1.997575
2.015650
2.027425
2.037050
2.057400
2.070725
2.083725
2.095000
2.108600
2.123300
2.136875
2.150175
2.166325
2.185225
2.203350
2.218125
2.230725
2.255575
2.284200
2.319325
2.349425
2.411375
2.522300
2.541175
2.556825
2.575775
2.600225
2.649950
2.667300
2.682750
2.721100
2.759600
2.780800
2.801175
2.830275
2.848125
2.856025
2.881150
2.893725
2.905600
2.917150
2.929925
2.956000
2.982900
3.001775
3.027800
3.055000
3.082900
3.147725
3.163450
3.186000
3.194975
3.206875
3.220850
3.233100
3.249300
3.272650
3.307250
3.321725
3.338800
3.352275
3.366775
3.383275
3.399475
3.407225
3.414000
3.420850
3.429900
3.455400
3.472975
3.498625
3.533600
3.567000
3.669375
3.704150
3.725000
3.739325
3.746600
3.756775
3.770400
3.782075
3.796900
3.817625
3.851175
3.870125
3.903700
3.931925
3.944275
3.953525
3.988550
4.005200
4.027600
4.071025
4.117800
4.131475
4.141425
4.157550
4.165000
4.175400
4.189075
4.200650
4.214825
4.231475
4.244200
4.259000
4.288725
4.305525
4.325100
4.347775
4.375075
4.422875
4.474150
4.515650
4.540725
4.556375
4.577775
4.590950
4.614075
4.626400
4.637600
4.645400
4.652975
4.669500
4.690350
4.705050
4.715050
4.731450
4.745475
4.766975
4.789875
5.005175
5.133150
5.273300
5.315075
5.334050
5.353675
5.375550
5.412800
5.436850
5.462575
5.581350
5.631825
5.650125
5.661425
5.671800
5.684800
5.705900
5.717075
5.768400
5.782175
5.817175
5.832125
5.916550
5.979000
5.992175
6.010975
6.045000
6.063750
6.094625
6.107150
6.125800
6.133325
6.142500
6.148275
6.156100
6.164275
6.172675
6.188625
6.202950
6.214150
6.225250
6.240475
6.252775
6.269150
6.278900
6.297375
6.354450
6.372700
6.394600
6.416250
6.439375
6.456650
6.483950
6.496650
6.516875
6.530550
6.551025
6.562075
6.576250
6.587625
6.612500
6.625900
6.636375
6.651375
6.660925
6.672550
6.682150
6.695850
6.710800
6.724275
6.740300
6.761025
6.778675
6.793700
6.815300
6.833325
6.846225
6.866800
6.882475
6.902850
6.929350
6.946525
6.968075
7.000900
7.025550
7.070350
7.093025
7.109625
7.133075
7.149200
7.164275
7.176575
7.185200
7.202700
7.215575
7.226325
7.234725
7.260975
7.269250
7.279575
7.302250
7.315975
7.328700
7.344100
7.363350
7.382925
7.484150
7.513150
7.528825
7.549200
7.570125
7.579575
7.587725
7.602700
7.610825
7.616825
7.631025
7.643750
7.663375
7.675875
7.689450
7.717975
7.730325
7.747100
7.764725
7.794200
7.834275
7.903525
7.927700
7.949725
7.965600
7.975400
7.982625
7.995950
8.004750
8.021200
8.033225
8.053900
8.065750
8.081000
8.091425
8.104275
8.118950
8.127275
8.149150
8.161150
8.175175
8.190700
8.239100
8.414975
8.460625
8.485300
8.498450
8.518975
8.528100
8.540800
8.547850
8.567475
8.587450
8.606825
8.628575
8.688700
8.704550
8.748975
8.780950
8.932975
8.982450
9.026625
9.070350
9.106675
9.130300
9.168850
9.228200
9.272850
9.304575
9.359225
9.399900
9.414500
9.425350
9.435150
9.442525
9.449325
9.455650
9.467850
9.474725
9.483950
9.492350
9.509550
9.517000
9.538975
9.548400
9.566025
9.577475
9.587800
9.601975
9.617400
9.629800
9.650600
9.675425
9.693325
9.716600
9.728575
9.731675
9.742100
9.756050
9.771675
9.792525
9.832125
9.842400
9.857250
9.868600
9.889525
9.906000
9.938450
9.960000
9.983850
10.027750
10.068125
10.086100
10.095475
10.108050
10.117500
10.126050
10.136200
10.149150
10.159500
10.166775
10.176725
10.206100
10.217325
10.232050
10.243250
10.268550
10.278825
10.290675
10.303600
10.319600
10.330875
10.377500
10.438825
10.471000
10.491100
10.516075
10.527075
10.539175
10.545825
10.551550
10.558450
10.566700
10.572875
10.579225
10.587925
10.600825
10.609275
10.619425
10.627650
10.647950
10.653825
10.660400
10.667025
10.676000
10.683000
10.704475
10.720350
10.729700
10.745800
10.772150
10.783425
10.795625
10.809325
10.837500
10.854300
10.892750
10.920150
10.944100
10.967600
10.978725
10.985625
10.993325
10.999600
11.009725
11.014575
11.030150
11.037425
11.043925
11.055825
11.077825
11.088675
11.105625
11.120475
11.142825
11.155575
11.211950
11.229650
11.248650
11.262350
11.279900
11.287325
11.299000
11.308225
11.323975
11.330375
11.337600
11.343700
11.352450
11.361750
11.372775
11.383000
11.396100
11.404500
11.414975
11.426225
11.435275
11.451275
11.466600
11.490475
11.513000
11.562025
11.619625
11.659125
11.676525
11.685925
11.704000
11.714900
11.729300
11.738500
11.768175
11.779100
11.788400
11.801300
11.814075
11.829775
11.860475
11.885500
11.895150
11.948425
11.974400
12.005875
12.047050
12.070775
12.105225
12.132025
12.153800
12.179000
12.203675
12.217350
12.233750
12.245425
12.257750
12.272750
12.287325
12.304100
12.319225
12.327575
12.338450
12.348650
12.359375
12.371150
12.383625
12.393800
12.402850
12.428325
12.430475
12.451000
12.492000
12.574425
12.602275
12.646875
12.668750
12.686500
12.700275
12.728225
12.751325
12.763650
12.787775
12.805125
12.825350
12.832375
12.848425
12.857100
12.869250
12.907675
12.930125
13.071675
13.112350
13.127125
13.149275
13.156475
13.179800
13.206525
13.224375
13.236800
13.251850
13.260175
13.276100
13.282475
13.291000
13.314350
13.324900
13.345300
13.365050
13.379600
13.394225
13.411875
13.436300
13.466925
13.487650
13.532675
13.586200
13.625775
13.659400
13.670675
13.684150
13.697475
13.714125
13.734025
13.756275
13.781300
13.801325
13.823450
13.838200
13.858100
13.896200
13.915150
13.960800
13.984425
14.016325
14.026975
14.043250
14.052650
14.066350
14.071775
14.082100
14.089850
14.097825
14.107250
14.133900
14.148025
14.160500
14.183675
14.203500
14.225100
14.250675
14.281450
14.311575
14.330650
14.364525
14.406025
14.432625
14.441900
14.448825
14.454625
14.459550
14.468125
14.473475
14.482825
14.499400
14.507125
14.518475
14.532550
14.542775
14.554150
14.562900
14.599450
14.624400
14.636575
14.649025
14.666550
14.676025
14.691225
14.708800
14.727150
14.749275
14.786850
14.801900
14.822475
14.838700
14.863950
14.883250
14.897150
14.908150
14.933975
14.948650
14.961875
14.967450
14.973625
14.982500
14.990975
14.994825
15.004250
15.009100
15.023575
15.039525
15.049525
15.058375
15.140500
15.187850
15.219850
15.249650
15.277800
15.297100
15.311700
15.327425
15.359500
15.397975
15.424875
15.452050
15.467775
15.482250
15.510725
15.528650
15.543225
15.574100
15.599850
15.625175
15.642600
15.674675
15.692725
15.714450
15.727100
15.738525
15.760550
15.779325
15.798950
15.825225
15.833275
15.853275
15.875950
15.894700
15.905350
15.930275
15.947675
15.971700
15.985625
16.006400
16.088850
16.138925
16.164150
16.184725
16.191700
16.199100
16.259475
16.284125
16.304200
16.342300
16.359125
16.372025
16.386575
16.404050
16.423750
16.442075
16.456100
16.473200
16.490000
16.507400
16.531125
16.570750
16.595650
16.614450
16.633950
16.646450
16.660300
16.680100
16.698025
16.724900
16.738775
16.790525
16.799675
16.824925
16.844175
16.862625
16.874200
16.898050
16.924325
16.969425
16.977150
16.984750
16.997425
17.004025
17.018100
17.023725
17.034725
17.042625
17.057150
17.078450
17.093850
17.112200
17.127050
17.138850
17.151975
17.162900
17.174700
17.192850
17.219175
17.242850
17.260950
17.281350
17.350575
17.428200
17.444875
17.458600
17.478875
17.499825
17.521250
17.558175
17.591150
17.617750
17.662200
17.700125
17.753975
17.794725
17.830350
17.850350
17.866300
17.884875
17.904600
17.928325
17.942775
17.964325
17.999100
18.024875
18.044800
18.062225
18.078050
18.107125
18.126900
18.149175
18.172250
18.190600
18.207725
18.246700
18.428175
18.458625
18.481325
18.520425
18.548375
18.576775
18.597600
18.621200
18.634500
18.650850
18.664700
18.675350
18.689250
18.710100
18.752850
18.781475
18.796625
18.816725
18.838925
18.858250
18.872700
18.915425
18.944825
18.966100
18.992600
19.018575
19.037500
19.092750
19.109200
19.125525
19.142425
19.200350
19.226000
19.246250
19.254000
19.301275
19.316075
19.343325
19.372875
19.395475
19.419775
19.435725
19.461600
19.484975
19.685475
19.715325
19.732100
19.741775
19.758825
19.778275
19.787825
19.806050
19.816850
19.837450
19.850600
19.868300
19.917675
19.985175
20.005925
20.027400
20.048625
20.062800
20.075125
20.086525
20.095500
20.111675
20.127375
20.143075
20.155350
20.172775
20.182900
20.194450
20.211300
20.241175
20.280400
20.305325
20.330975
20.354825
20.374600
20.394900
20.408450
20.421900
20.439175
20.451700
20.470100
20.498875
20.522925
20.544675
20.564400
20.587000
20.651725
20.741150
20.761500
20.777950
20.795800
20.808125
20.820275
20.835925
20.857175
20.877025
20.897550
20.928150
20.958200
21.002625
21.043750
21.092875
21.154075
21.178600
21.196100
21.220450
21.253625
21.289650
21.314825
21.331000
21.348550
21.397650
21.435900
21.452800
21.469650
21.489000
21.511975
21.537050
21.564100
21.607225
21.628050
21.634825
21.646350
21.655500
21.669500
21.678125
21.696400
21.711475
21.729125
21.746900
21.755125
21.789375
21.830250
21.858875
21.882725
21.902450
21.921875
21.944050
21.959900
21.979075
21.998600
22.010400
22.025575
22.056500
22.073525
22.101250
22.113475
22.124425
22.139450
22.153075
22.162200
22.173050
22.185200
22.213100
22.237075
22.245800
22.261725
22.286400
22.304475
22.324875
22.350650
22.376775
22.396575
22.418625
22.435475
22.453550
22.480475
22.533925
22.580750
22.609075
22.628525
22.641900
22.661800
22.673200
22.692575
22.701850
22.711150
22.736700
22.771425
22.794600
22.828475
22.857025
22.876975
22.889700
22.900150
22.907525
22.931700
22.938550
22.980125
23.007050
23.043650
23.066950
23.116725
23.136100
23.186075
23.205650
23.233675
23.261025
23.281350
23.324925
23.338100
23.348050
23.357275
23.365125
23.375525
23.386750
23.403275
23.424025
23.447300
23.469875
23.489800
23.519775
23.539200
23.556675
23.571275
23.584575
23.601025
23.624675
23.652550
23.668400
23.697925
23.715100
23.769850
23.789175
23.804400
23.816025
23.849375
23.869450
23.896550
23.915125
23.928075
23.943125
23.956775
23.986200
24.005200
24.015850
24.026800
24.041225
24.054775
24.064900
24.084325
24.150500
24.219975
24.253375
24.277475
24.331975
24.378425
24.405300
24.441175
24.478075
24.497350
24.516375
24.533400
24.547300
24.560375
24.578050
24.592975
24.603100
24.615500
24.628050
24.650025
24.658925
24.665650
24.671875
24.697275
24.738850
24.753750
24.772325
24.787400
24.799650
24.813125
24.826775
24.842025
24.855425
24.871200
24.900450
24.925325
24.943750
24.970575
24.986675
25.011725
25.026375
25.044425
25.055325
25.063975
25.075425
25.090800
25.098725
25.107350
25.119900
25.125575
25.132550
25.147975
25.158675
25.170825
25.187000
25.198950
25.207475
25.219300
25.229275
25.247625
25.260125
25.276800
25.291925
25.309400
25.355200
25.377150
25.441700
25.467725
25.494725
25.537900
25.558625
25.576825
25.611350
25.650325
25.663075
25.682550
25.712175
25.763450
25.783925
25.801650
25.844675
25.862475
25.875150
25.897625
25.908825
25.921325
25.928300
25.952000
25.964400
25.983600
25.996450
26.012625
26.030725
26.047100
26.068250
26.091050
26.112850
26.129400
26.143600
26.157650
26.167100
26.180975
26.191125
26.201725
26.216025
26.226325
26.244250
26.253575
26.270375
26.276375
26.292950
26.305700
26.311875
26.319150
26.325125
26.343550
26.351400
26.361700
26.370600
26.378900
26.385075
26.392775
26.399475
26.433700
26.530475
26.554550
26.621800
26.646775
26.665950
26.689375
26.699725
26.708275
26.730375
26.739100
26.754850
26.770025
26.788550
26.818025
26.835475
26.847175
26.862400
26.874425
26.884625
26.893675
26.920450
26.982550
27.007700
27.043450
27.070150
27.105725
27.129250
27.171900
27.198300
27.213425
27.228300
27.244025
27.252625
27.265150
27.272775
27.283300
27.290050
27.309950
27.342175
27.354575
27.372875
27.392125
27.418050
27.434875
27.449500
27.465250
27.482150
27.501575
27.566325
27.581750
27.594525
27.606925
27.629150
27.646250
27.664775
27.687350
27.718225
27.739775
27.791800
27.843625
27.898100
27.932300
27.948275
27.965525
27.978250
27.991125
28.007625
28.028600
28.051800
28.104300
28.142300
28.165800
28.183575
28.212700
28.236575
28.251400
28.284050
28.314050
28.339025
28.367250
28.400325
28.431725
28.457050
28.492000
28.514500
28.527050
28.541125
28.552700
28.565600
28.586225
28.607100
28.632150
28.657800
28.686875
28.705300
28.724875
28.745650
28.769200
28.789550
28.812025
28.894250
28.924225
28.935250
29.005800
29.025900
29.042975
29.061725
29.082500
29.159825
29.219950
29.245625
29.267450
29.281575
29.303350
29.317750
29.343100
29.372025
29.393850
29.414575
29.451050
29.473525
29.490525
29.506350
29.522425
29.536675
29.552775
29.571700
29.584275
29.598975
29.620850
29.636525
29.679650
29.691000
29.719700
29.738575
29.756575
29.780300
29.818225
29.856400
29.896100
29.934975
29.961525
29.984175
29.998400
