0.016700
0.038175
0.060175
0.079300
0.097150
0.113875
0.129725
0.149550
0.173675
0.193200
0.210500
0.232575
0.251850
0.268100
0.290200
0.307175
0.319350
0.337775
0.356625
0.377975
0.392200
0.412050
0.431625
0.455125
0.482675
0.505575
0.534400
0.558875
0.583125
0.611225
0.633225
0.649375
0.674600
0.697950
0.715450
0.739300
0.768350
0.798350
0.823650
0.852950
0.875550
0.896850
0.924600
0.952125
0.971700
0.991075
1.004900
1.015475
1.035075
1.050100
1.064075
1.086525
1.099475
1.114400
1.138350
1.161225
1.191350
1.214750
1.242900
1.264450
1.282950
1.302700
1.327125
1.351725
1.386475
1.411325
1.429425
1.449175
1.474150
1.502850
1.524175
1.577375
1.601000
1.623400
1.650625
1.669650
1.690025
1.707950
1.740225
1.763075
1.783175
1.799175
1.812375
1.832700
1.860425
1.882825
1.908200
1.928825
1.957125
1.981775
2.001700
2.030600
2.056975
2.078050
2.102575
2.117175
2.141650
2.181525
2.201425
2.229750
2.255075
2.274425
2.296050
2.318075
2.339250
2.357200
2.384850
2.410875
2.438375
2.465775
2.484300
2.501275
2.517875
2.543125
2.586775
2.615350
2.638700
2.664875
2.679275
2.700250
2.719225
2.765200
2.789700
2.822625
2.846350
2.863000
2.882575
2.934100
2.959075
2.978675
3.014350
3.042125
3.062150
3.087875
3.109550
3.140400
3.163475
3.181475
3.202975
3.227200
3.246675
3.282950
3.300350
3.315675
3.329450
3.343550
3.363475
3.374750
3.390500
3.407350
3.424450
3.444075
3.473200
3.486825
3.514325
3.534075
3.555125
3.578675
3.599650
3.618150
3.621975
3.646250
3.667425
3.688425
3.717100
3.740650
3.755175
3.778975
3.802525
3.819575
3.840550
3.861600
3.876750
3.891300
3.907825
3.922300
3.947450
3.963900
3.986875
3.999725
4.013275
4.025050
4.049000
4.066225
4.081350
4.097050
4.110225
4.128875
4.158450
4.170700
4.183425
4.194575
4.228150
4.241850
4.257500
4.272175
4.287300
4.303650
4.342125
4.361425
4.376825
4.392325
4.429750
4.450775
4.471025
4.513900
4.531025
4.548425
4.601575
4.623300
4.640050
4.655950
4.676100
4.693925
4.709150
4.727550
4.750275
4.775800
4.794875
4.811900
4.827100
4.844025
4.861150
4.881300
4.930300
4.966850
5.017375
5.031700
5.058175
5.089575
5.109875
5.129300
5.148975
5.164375
5.181425
5.196175
5.210500
5.231775
5.250475
5.270725
5.297075
5.315975
5.333975
5.349050
5.365700
5.394575
5.421650
5.447750
5.468650
5.495600
5.520725
5.544000
5.570825
5.596200
5.626425
5.649400
5.677675
5.698900
5.717325
5.744250
5.763775
5.784700
5.796700
5.814350
5.830050
5.847900
5.873575
5.892750
5.916925
5.944775
5.970925
5.985900
6.010125
6.034550
6.056850
6.078925
6.114425
6.136325
6.155425
6.180550
6.199675
6.225000
6.249875
6.266525
6.286475
6.311700
6.340925
6.363075
6.380625
6.404300
6.430700
6.460125
6.501950
6.527225
6.547650
6.571625
6.594625
6.621850
6.642850
6.673025
6.692625
6.721050
6.737175
6.753425
6.765375
6.778225
6.796325
6.812125
6.825600
6.846400
6.858275
6.877150
6.894725
6.911675
6.930325
6.945200
6.964850
6.978450
6.998450
7.019850
7.041400
7.074050
7.097725
7.123300
7.148025
7.173600
7.208375
7.236125
7.263100
7.284025
7.307550
7.362625
7.384500
7.400500
7.418000
7.438575
7.453750
7.474875
7.491050
7.510775
7.527450
7.553275
7.572475
7.592400
7.611050
7.636800
7.659175
7.683300
7.704725
7.726525
7.749325
7.767075
7.792525
7.843450
7.864325
7.887300
7.939000
7.961650
7.989750
8.009925
8.030225
8.050425
8.062525
8.081175
8.110500
8.131425
8.152125
8.174575
8.188400
8.207975
8.227200
8.244000
8.261300
8.280025
8.296375
8.313900
8.334200
8.370525
8.390275
8.413425
8.431100
8.480750
8.509525
8.528425
8.552775
8.574200
8.629975
8.655150
8.684875
8.718275
8.731425
8.747850
8.767575
8.788000
8.804800
8.824025
8.841075
8.868500
8.912575
8.938075
8.968050
8.993175
9.010525
9.030550
9.060050
9.080625
9.130375
9.150800
9.169100
9.185650
9.201300
9.217400
9.231775
9.253075
9.276425
9.292000
9.312600
9.333100
9.353475
9.381075
9.423625
9.448600
9.467325
9.488000
9.508050
9.550650
9.569500
9.609350
9.654600
9.666500
9.680575
9.699125
9.721600
9.746300
9.765975
9.791250
9.814500
9.834550
9.876225
9.903250
9.924175
9.940650
9.961275
9.982500
10.004200
10.026175
10.044850
10.061700
10.102650
10.124150
10.148975
10.166550
10.190050
10.213125
10.231300
10.244025
10.276200
10.291175
10.313350
10.329650
10.357650
10.381025
10.399200
10.416325
10.435050
10.453925
10.489975
10.509375
10.525525
10.546875
10.575725
10.602150
10.622800
10.655575
10.672250
10.711175
10.730150
10.747350
10.760350
10.787325
10.805675
10.826400
10.842750
10.859875
10.881075
10.904875
10.932300
10.954900
10.980075
11.007850
11.036750
11.068725
11.092175
11.115925
11.136925
11.155925
11.179050
11.207525
11.235300
11.259650
11.282275
11.310000
11.326250
11.342725
11.361075
11.380875
11.398400
11.423350
11.451625
11.478925
11.513125
11.539525
11.563575
11.619050
11.636875
11.690825
11.710050
11.740200
11.756150
11.769400
11.786475
11.800775
11.815700
11.835175
11.856375
11.877250
11.910625
11.938850
11.961950
11.989375
12.010675
12.044950
12.068725
12.098125
12.126800
12.149975
12.177575
12.199050
12.223675
12.238750
12.260675
12.280975
12.307000
12.330100
12.346050
12.369225
12.391275
12.422775
12.457425
12.487350
12.511600
12.526875
12.559025
12.586200
12.610800
12.630900
12.655625
12.673300
12.696025
12.714800
12.728875
12.742375
12.760925
12.816750
12.855400
12.882650
12.909875
12.930450
12.952525
12.982575
13.006575
13.029675
13.046475
13.072825
13.093875
13.113225
13.129500
13.150700
13.159475
13.173525
13.187800
13.207325
13.228800
13.252600
13.280000
13.296925
13.311675
13.327825
13.364625
13.380950
13.404775
13.421625
13.435450
13.455750
13.473150
13.489075
13.511425
13.527825
13.549950
13.564000
13.576500
13.590550
13.608000
13.623675
13.644075
13.663525
13.683350
13.711275
13.731900
13.753975
13.773875
13.799100
13.813500
13.833225
13.852300
13.869725
13.884825
13.902750
13.920875
13.937450
13.956025
13.967950
13.978700
13.998425
14.012075
14.027150
14.048300
14.069175
14.084200
14.101325
14.123975
14.144550
14.168475
14.192200
14.213875
14.233475
14.256100
14.277900
14.303575
14.320975
14.342325
14.360025
14.377600
14.394875
14.419150
14.443750
14.459425
14.503000
14.530400
14.548675
14.566625
14.584850
14.606450
14.627175
14.650450
14.670500
14.691900
14.706675
14.727625
14.749550
14.770550
14.798900
14.819375
14.834925
14.847375
14.864500
14.886675
14.911375
14.934375
14.956275
14.977700
15.003100
15.026900
15.052400
15.072025
15.120650
15.147600
15.167375
15.201075
15.217550
15.239450
15.255075
15.269850
15.281950
15.316725
15.333275
15.382050
15.403000
15.427000
15.447075
15.466900
15.492800
15.514625
15.539475
15.561450
15.581650
15.603775
15.622350
15.640550
15.655325
15.669125
15.688200
15.704075
15.727875
15.755425
15.775750
15.804775
15.812725
15.820975
15.828825
15.845725
15.862375
15.897975
15.920150
15.941675
15.994450
16.015850
16.038425
16.069825
16.086225
16.110300
16.136600
16.163650
16.184875
16.208075
16.230900
16.254825
16.284100
16.319325
16.343250
16.363025
16.381325
16.420500
16.440650
16.462425
16.481275
16.506025
16.519500
16.534050
16.553725
16.571800
16.591850
16.608800
16.632525
16.649550
16.672475
16.691625
16.718075
16.740350
16.761125
16.786575
16.807800
16.839050
16.862925
16.881200
16.899475
16.923575
16.943750
16.965150
16.983150
17.008175
17.026775
17.054175
17.074050
17.092875
17.112475
17.131125
17.140550
17.158725
17.173650
17.187150
17.205550
17.223400
17.241725
17.260150
17.274525
17.291475
17.308375
17.322100
17.336750
17.354150
17.365150
17.374800
17.388775
17.409800
17.425525
17.441075
17.454425
17.479850
17.500550
17.548150
17.567350
17.591625
17.611725
17.649475
17.671225
17.685100
17.694350
17.706125
17.724100
17.741300
17.761925
17.778925
17.796050
17.817475
17.837025
17.859575
17.879675
17.899075
17.918400
17.933550
17.953375
17.972575
17.995000
18.020875
18.041650
18.059800
18.080150
18.101425
18.121175
18.137800
18.159625
18.177625
18.206050
18.223300
18.242600
18.260275
18.281475
18.298750
18.318025
18.329625
18.353575
18.374425
18.402325
18.420650
18.438875
18.456650
18.474700
18.495000
18.510775
18.534425
18.573275
18.591700
18.607950
18.628350
18.646100
18.665125
18.679950
18.700200
18.717375
18.734175
18.750650
18.768150
18.786425
18.804950
18.822075
18.839175
18.887475
18.907925
18.929375
18.942225
18.952375
18.960225
18.968175
18.976300
18.984025
19.001450
19.014200
19.042900
19.059925
19.092125
19.105000
19.123775
19.143850
19.163800
19.181325
19.203475
19.219875
19.262425
19.283425
19.307150
19.331250
19.349750
19.366000
19.382100
19.395825
19.413575
19.434575
19.458925
19.482050
19.502500
19.524175
19.544125
19.561025
19.575850
19.592175
19.610575
19.626475
19.646875
19.691575
19.711700
19.746750
19.768150
19.789975
19.814625
19.838000
19.856450
19.879425
19.895675
19.918150
19.941325
19.956425
19.973875
19.993725
20.014525
20.032075
20.049650
20.071275
20.095775
20.114825
20.131600
20.147975
20.161925
20.175300
20.187125
20.204350
20.222350
20.251250
20.275125
20.292200
20.309425
20.326275
20.349050
20.367000
20.387225
20.405500
20.432100
20.454550
20.481800
20.499675
20.516425
20.544675
20.562175
20.585525
20.609575
20.628350
20.649075
20.673600
20.698600
20.718375
20.736925
20.761075
20.783050
20.803400
20.815500
20.833950
20.863475
20.878850
20.906825
20.932150
20.958125
20.988400
21.007800
21.032525
21.051175
21.070150
21.101000
21.124875
21.147550
21.170325
21.190000
21.231550
21.254400
21.274200
21.300900
21.318375
21.338450
21.358225
21.380250
21.419875
21.446625
21.467025
21.489900
21.515700
21.540700
21.566050
21.596750
21.620325
21.643200
21.672625
21.695100
21.713700
21.731950
21.757375
21.774525
21.787875
21.806150
21.831300
21.853100
21.876550
21.900425
21.920725
21.943200
21.963550
21.992725
22.022375
22.052325
22.071500
22.093150
22.122675
22.145150
22.186000
22.206950
22.222200
22.235250
22.252800
22.270300
22.287975
22.312875
22.353450
22.375600
22.395700
22.412500
22.437625
22.459400
22.477775
22.492800
22.507975
22.529975
22.550425
22.569075
22.589350
22.602825
22.617125
22.635075
22.651950
22.669875
22.685850
22.702650
22.722075
22.740150
22.777625
22.794150
22.814125
22.833875
22.852000
22.874000
22.890875
22.905400
22.922400
22.939525
22.959150
22.978000
23.003825
23.026525
23.039875
23.061625
23.083025
23.103250
23.116525
23.126350
23.139125
23.154550
23.170475
23.184525
23.198675
23.219175
23.236875
23.256750
23.279475
23.299850
23.322475
23.338000
23.359400
23.383550
23.401100
23.417825
23.431975
23.449650
23.473750
23.492225
23.517050
23.533225
23.551825
23.567825
23.604725
23.621750
23.643700
23.692650
23.707525
23.736425
23.763375
23.783250
23.800500
23.820275
23.842825
23.860850
23.887125
23.902825
23.919225
23.958700
23.981000
24.000275
24.015300
24.034575
24.050425
24.068550
24.090125
24.104325
24.125900
24.142425
24.158375
24.173750
24.214975
24.237550
24.259475
24.283425
24.302250
24.322825
24.345075
24.365775
24.387050
24.408600
24.429550
24.450000
24.465125
24.490750
24.516125
24.535975
24.557850
24.575150
24.614900
24.636925
24.650450
24.668375
24.690175
24.713150
24.735150
24.752375
24.771275
24.790325
24.810275
24.829100
24.850925
24.869650
24.884150
24.908225
24.926750
24.945850
24.968500
24.984075
25.005500
25.026075
25.051175
25.078200
25.117325
25.130025
25.149925
25.174775
25.210650
25.231950
25.259500
25.284675
25.296625
25.310475
25.334175
25.357700
25.378925
25.400425
25.425675
25.441075
25.467575
25.495600
25.534850
25.548350
25.565975
25.585775
25.595850
25.611750
25.633525
25.656675
25.675550
25.708975
25.739600
25.764050
25.788075
25.809825
25.833450
25.850300
25.901425
25.920550
25.938225
25.958450
25.975750
26.002550
26.047625
26.074125
26.103775
26.132200
26.156950
26.183775
26.206575
26.231825
26.254050
26.278275
26.298000
26.322875
26.341575
26.364775
26.398725
26.418475
26.440375
26.456025
26.476925
26.497450
26.523125
26.553875
26.575850
26.601325
26.624900
26.647300
26.668175
26.690325
26.705050
26.727275
26.752975
26.782775
26.806250
26.828825
26.846475
26.863925
26.886600
26.911050
26.939850
26.960350
26.978325
27.001975
27.019475
27.046900
27.073525
27.093500
27.123650
27.139200
27.160825
27.188950
27.213000
27.263900
27.295550
27.310500
27.328225
27.362100
27.380950
27.399600
27.421100
27.436625
27.460225
27.477175
27.497475
27.519075
27.533525
27.550750
27.574250
27.590625
27.604000
27.625725
27.654725
27.678825
27.696525
27.724300
27.745925
27.767775
27.793575
27.818125
27.849325
27.877500
27.893800
27.924450
27.945175
27.970400
27.985850
28.006550
28.023400
28.045225
28.065825
28.084200
28.109000
28.135400
28.154525
28.181450
28.203450
28.225100
28.246400
28.269400
28.290675
28.318900
28.350200
28.372200
28.400150
28.421875
28.445300
28.458700
28.477675
28.503950
28.529625
28.569575
28.589875
28.610825
28.636050
28.655275
28.673350
28.691650
28.706100
28.722000
28.743075
28.761525
28.790425
28.810725
28.830925
28.851650
28.866525
28.907075
28.931175
28.960100
28.983300
29.032950
29.064975
29.091475
29.115425
29.180975
29.211775
29.236100
29.256725
29.281925
29.307275
29.329825
29.356725
29.380400
29.401775
29.426900
29.447950
29.464150
29.483800
29.507150
29.528350
29.548675
29.571450
29.604475
29.633450
29.651675
29.669000
29.698400
29.713875
29.734625
29.749100
29.764925
29.776725
29.792350
29.812750
29.825875
29.844275
29.859600
29.880850
29.921475
29.947150
29.970125
29.996175
