0.041650
0.094400
0.169425
0.193225
0.222450
0.240850
0.249450
0.253600
0.263700
0.277175
0.337850
0.460100
0.480150
0.540475
0.591225
0.653875
0.703650
0.717350
0.726550
0.757050
0.879600
0.945400
1.012875
1.021300
1.062775
1.079925
1.151250
1.174000
1.242575
1.260625
1.299125
1.314150
1.322475
1.359550
1.393700
1.436600
1.474375
1.486250
1.509025
1.519725
1.615125
1.674200
1.701600
1.716650
1.736000
1.754525
1.765150
1.775150
1.785675
1.841100
1.854375
1.976575
2.034975
2.085950
2.107325
2.126125
2.160825
2.216875
2.226175
2.234950
2.244700
2.273800
2.368025
2.446200
2.482675
2.496275
2.503650
2.512775
2.548950
2.572075
2.587250
2.646525
2.684800
2.742275
2.755700
2.810450
2.824775
2.882350
2.891375
2.916825
2.951775
2.972225
3.024600
3.175175
3.224600
3.255800
3.301050
3.311150
3.402000
3.412025
3.459650
3.517550
3.529825
3.570925
3.587375
3.601800
3.672825
3.704050
3.803350
3.851625
3.956675
3.998775
4.061925
4.128650
4.146075
4.217600
4.354100
4.396000
4.412550
4.433475
4.445900
4.460125
4.471725
4.601600
4.611875
4.649050
4.667025
4.677250
4.828150
4.944575
4.975150
5.006050
5.018700
5.032625
5.072750
5.085025
5.109800
5.166550
5.191100
5.206550
5.223450
5.235325
5.263375
5.369375
5.375775
5.437225
5.462250
5.505100
5.521775
5.535950
5.543375
5.566150
5.574650
5.588125
5.607775
5.614825
5.624750
5.645350
5.652825
5.656325
5.767250
5.786000
5.808600
5.877650
5.941375
5.952650
5.971525
5.984025
6.022200
6.088125
6.156475
6.182450
6.236925
6.325150
6.363850
6.440725
6.486200
6.500100
6.530875
6.545875
6.563825
6.663325
6.781950
6.811050
6.856850
6.891800
6.905175
6.914350
6.944325
6.961175
6.999900
7.072000
7.081450
7.117075
7.163775
7.240025
7.266125
7.284600
7.376700
7.394000
7.447250
7.494675
7.591600
7.632650
7.650125
7.712550
7.738450
7.767675
7.822950
7.872550
7.922050
7.928125
7.963325
8.065425
8.081225
8.095175
8.144800
8.155875
8.218525
8.254650
8.287725
8.332525
8.363600
8.374175
8.404050
8.413700
8.424075
8.441500
8.449000
8.455800
8.478625
8.530575
8.589900
8.658800
8.669375
8.726000
8.759925
8.775225
8.787425
8.814650
8.887150
8.951150
8.964200
9.054775
9.071475
9.118900
9.158975
9.181600
9.276025
9.309100
9.327750
9.348375
9.361475
9.416775
9.448000
9.600100
9.706400
9.724575
9.742225
9.816950
9.840700
9.872325
9.942750
9.994450
10.009375
10.099700
10.123125
10.223100
10.341775
10.359350
10.395925
10.416925
10.423825
10.512275
10.550475
10.592050
10.655575
10.686675
10.736225
10.848500
10.871075
10.896125
10.930650
10.937275
11.037800
11.078350
11.123725
11.171450
11.233025
11.276025
11.295775
11.565600
11.595875
11.656100
11.678825
11.709125
11.726225
11.741850
11.752950
11.799850
11.818800
11.870450
11.957550
11.986750
11.996200
12.019625
12.084600
12.162925
12.253725
12.272775
12.357450
12.376375
12.381100
12.398550
12.424550
12.580325
12.640575
12.690350
12.710800
12.732425
12.748625
12.771100
12.861075
12.974075
12.994900
13.016250
13.057250
13.068650
13.086500
13.111050
13.151750
13.162550
13.226575
13.315775
13.339825
13.392100
13.462125
13.740925
13.797325
13.812750
13.830225
13.884025
14.102425
14.156725
14.198275
14.233350
14.331575
14.353125
14.385850
14.424675
14.447225
14.480150
14.497375
14.520150
14.674600
14.768100
14.800750
15.088050
15.108525
15.215350
15.281450
15.450150
15.493000
15.514875
15.536375
15.727250
15.754275
15.891525
15.943650
15.959975
15.981350
16.154400
16.222050
16.281325
16.304125
16.462725
16.511350
16.599925
16.623825
16.733250
16.867075
16.982025
17.138525
17.190200
17.255800
17.327025
17.357025
17.392800
17.401950
17.430375
17.503875
17.586100
17.628575
17.644900
17.688700
17.714250
17.732425
17.897225
17.978125
18.010875
18.144700
18.255850
18.309475
18.324375
18.354000
18.365125
18.403100
18.452625
18.517800
18.649150
18.724250
18.753475
18.793375
18.851925
18.900000
18.911200
19.040425
19.047225
19.082675
19.169050
19.194650
19.232375
19.260500
19.270900
19.368800
19.392225
19.417150
19.512000
19.533950
19.560275
19.568125
19.698675
19.730875
19.752175
19.822725
19.850000
19.887550
19.907150
19.988950
20.145075
20.210225
20.248375
20.278575
20.393600
20.471025
20.512350
20.615125
20.639775
20.658650
20.684125
20.701425
20.844250
20.906975
20.929250
20.983775
21.045050
21.097175
21.136700
21.286000
21.375150
21.385800
21.447150
21.703850
21.724950
21.740100
21.749025
21.819500
21.864025
21.877150
21.928475
21.987450
21.998925
22.025675
22.042900
22.060950
22.218675
22.289150
22.394675
22.450650
22.685175
22.857725
22.878325
22.913350
23.007500
23.027850
23.057550
23.067550
23.079700
23.090175
23.129975
23.138100
23.266750
23.280075
23.285950
23.672975
23.747375
23.907350
23.941300
23.962775
24.004000
24.034825
24.277525
24.342425
24.407875
24.429925
24.517625
24.621825
24.741950
24.764500
24.807725
24.901100
25.030000
25.052525
25.144150
25.181725
25.264025
25.308925
25.482750
25.548975
25.594650
25.631950
25.689000
25.730775
25.742050
25.962775
26.000875
26.218900
26.238975
26.425475
26.602500
26.621700
26.655925
26.837275
26.936250
26.952375
27.057125
27.230425
27.311875
27.335925
27.383850
27.398350
27.413625
27.422600
27.440250
27.534550
27.588700
27.774125
27.856175
27.961150
27.973500
27.985325
28.030225
28.039575
28.051550
28.062750
28.092925
28.227650
28.244650
28.270450
28.316175
28.329725
28.349475
28.369775
28.403875
28.452025
28.531350
28.574900
28.586300
28.682825
28.770350
28.801425
28.809125
28.826450
28.841875
29.046600
29.201450
29.235425
29.255350
29.287225
29.297000
29.327425
29.344975
29.363225
29.403525
29.424250
29.487175
29.650900
29.780175
29.812825
29.863375
29.889200
29.918300
29.936025
