0.020500
0.034350
0.051525
0.062650
0.086575
0.104650
0.118825
0.145275
0.238350
0.270050
0.330850
0.351925
0.390350
0.419100
0.450700
0.466825
0.479025
0.491625
0.508575
0.553075
0.597525
0.624600
0.655000
0.691025
0.741650
0.766950
0.798925
0.823900
0.849375
0.864950
0.889400
0.903675
0.947175
0.965675
1.011725
1.050800
1.077175
1.155075
1.166675
1.187775
1.216150
1.225450
1.228275
1.250975
1.273525
1.364700
1.378000
1.432100
1.465800
1.519050
1.550600
1.572150
1.593675
1.600475
1.612725
1.634975
1.643975
1.663350
1.677900
1.706050
1.712400
1.741150
1.763625
1.782700
1.818800
1.828075
1.845875
1.972100
1.994800
2.034050
2.067675
2.179325
2.191800
2.217700
2.246050
2.268875
2.286500
2.329075
2.352625
2.389450
2.453725
2.477150
2.602725
2.637800
2.654025
2.667650
2.682875
2.697175
2.715425
2.756375
2.785850
2.814500
2.829925
2.848725
2.869750
2.888025
2.935150
2.992625
3.042900
3.125075
3.164075
3.239425
3.266325
3.288050
3.300025
3.314225
3.345400
3.457425
3.504000
3.564450
3.582450
3.620875
3.645125
3.710325
3.738800
3.781200
3.798175
3.812625
3.842875
3.859900
3.873125
3.879725
3.928900
3.947075
3.984425
4.004650
4.031150
4.043500
4.061250
4.076350
4.085325
4.164875
4.199825
4.230025
4.260475
4.310550
4.335050
4.390650
4.421550
4.460725
4.469475
4.507350
4.555625
4.615075
4.639950
4.676900
4.695150
4.707450
4.714375
4.723675
4.893350
4.922625
4.949525
4.988200
5.046375
5.071200
5.088100
5.097275
5.106150
5.129275
5.157425
5.182225
5.229050
5.339575
5.378900
5.415175
5.438075
5.449950
5.483950
5.526750
5.571350
5.606300
5.624775
5.660725
5.674075
5.681600
5.732875
5.744175
5.763200
5.792550
5.855850
5.950900
5.992275
6.071900
6.134950
6.153725
6.229900
6.241475
6.259000
6.282675
6.292275
6.343750
6.373100
6.394975
6.413550
6.456625
6.501250
6.515900
6.541800
6.552800
6.578000
6.586850
6.655550
6.671575
6.694700
6.712000
6.768075
6.798175
6.810800
6.824525
6.848525
6.880625
6.953200
7.032175
7.091350
7.129275
7.157475
7.187750
7.195875
7.202450
7.210425
7.246375
7.251625
7.267375
7.275325
7.298125
7.313400
7.334500
7.348550
7.363625
7.370700
7.386175
7.408475
7.466900
7.480575
7.549725
7.569475
7.584925
7.634850
7.673025
7.685425
7.744125
7.770350
7.787650
7.795950
7.823525
7.832750
7.844475
7.892650
7.941800
7.986050
8.048600
8.077375
8.100125
8.116650
8.152850
8.163975
8.248825
8.282100
8.303350
8.329950
8.415175
8.439925
8.460550
8.489350
8.604050
8.619325
8.642775
8.691325
8.820000
8.840925
8.896125
8.910350
8.972475
9.030500
9.060950
9.141175
9.174325
9.216000
9.266900
9.287575
9.300150
9.311075
9.349550
9.423700
9.599800
9.667200
9.682350
9.710075
9.760350
9.780550
9.799975
9.852825
9.930175
9.945525
10.041675
10.064125
10.237775
10.272875
10.308200
10.346075
10.360650
10.372400
10.385650
10.399650
10.575150
10.604200
10.672900
10.715050
10.732000
10.768450
10.787350
10.818600
10.886700
10.939050
10.970800
11.001025
11.056875
11.085300
11.114350
11.128525
11.142650
11.186975
11.250650
11.255000
11.332075
11.410150
11.429225
11.442600
11.499150
11.516650
11.541475
11.571500
11.594475
11.612250
11.646875
11.745750
11.769725
11.806700
11.861175
11.890350
11.907175
11.921000
11.937075
11.949200
11.972850
11.992275
12.029325
12.056925
12.096200
12.113150
12.136050
12.156625
12.183925
12.231375
12.261850
12.286925
12.417000
12.506800
12.543600
12.598675
12.610450
12.621150
12.641275
12.689600
12.706275
12.740275
12.762475
12.791700
12.881350
12.968825
13.036500
13.049300
13.065450
13.074675
13.117625
13.140350
13.166425
13.196625
13.228700
13.271075
13.327425
13.373850
13.389825
13.397025
13.410825
13.445375
13.460500
13.499500
13.514025
13.524600
13.533950
13.549725
13.563525
13.593600
13.609625
13.631850
13.663375
13.710225
13.764775
13.870850
13.919375
13.948100
13.977700
14.004425
14.019475
14.034300
14.065650
14.231100
14.258325
14.324225
14.336150
14.374575
14.416475
14.439725
14.455775
14.469975
14.492925
14.561700
14.596000
14.616750
14.626925
14.663750
14.700950
14.748775
14.935575
14.956175
14.971425
15.010425
15.018750
15.027500
15.038825
15.071675
15.091750
15.104925
15.159775
15.173350
15.183925
15.191450
15.229925
15.248925
15.259675
15.277900
15.318400
15.345775
15.371850
15.398550
15.421700
15.505750
15.526700
15.554300
15.576825
15.582275
15.612000
15.694950
15.707225
15.736450
15.762475
15.778350
15.812075
15.860525
15.878650
15.914625
15.949475
15.966650
15.979475
15.996350
16.009125
16.052300
16.063675
16.123150
16.142650
16.151800
16.171550
16.180325
16.211150
16.262650
16.279025
16.320300
16.358825
16.367675
16.394325
16.422925
16.454950
16.471200
16.479925
16.491025
16.518300
16.530350
16.537950
16.558650
16.598975
16.853125
16.962125
16.977175
17.075700
17.131500
17.247675
17.273675
17.344075
17.368400
17.381525
17.407400
17.434350
17.491875
17.514375
17.539675
17.569100
17.602325
17.614375
17.630500
17.701175
17.838425
17.854150
17.883825
17.919850
17.940750
17.993450
18.018975
18.026725
18.036225
18.043300
18.089600
18.136050
18.143875
18.158725
18.167575
18.174725
18.191300
18.253875
18.280750
18.303000
18.336325
18.359150
18.382600
18.397875
18.503700
18.552200
18.562275
18.577025
18.586225
18.623200
18.651225
18.671850
18.700950
18.719700
18.826150
18.853500
18.875575
18.949800
18.974125
18.995650
19.041025
19.110875
19.152825
19.166525
19.240050
19.279800
19.298325
19.323200
19.392875
19.412450
19.430325
19.484650
19.587950
19.634875
19.777625
19.878750
19.914975
19.963000
20.102950
20.155400
20.177800
20.204375
20.225725
20.243975
20.256875
20.278125
20.298375
20.332525
20.362750
20.389175
20.410350
20.439000
20.473300
20.505775
20.603475
20.642400
20.674275
20.692425
20.723675
20.737150
20.777650
20.849275
20.867725
20.890400
20.902700
20.918650
20.950100
20.974300
21.014425
21.035325
21.071675
21.099725
21.107575
21.181875
21.230450
21.239950
21.269575
21.296100
21.310725
21.433975
21.535025
21.563675
21.584875
21.599050
21.615225
21.632700
21.654550
21.670000
21.688650
21.709925
21.735100
21.786700
21.800500
21.813250
21.824950
21.843300
21.890675
21.922375
21.977300
22.041775
22.065175
22.136800
22.159575
22.181200
22.202175
22.229725
22.244825
22.284550
22.305250
22.334000
22.358575
22.368475
22.383650
22.395950
22.411550
22.439600
22.539325
22.596300
22.627100
22.639825
22.653975
22.668275
22.680625
22.745575
22.762025
22.781225
22.880325
22.906150
22.928775
22.963250
22.981100
23.004550
23.045450
23.082950
23.118725
23.186000
23.239650
23.283925
23.300650
23.358400
23.392350
23.459075
23.491325
23.514000
23.532250
23.576000
23.593275
23.616550
23.637275
23.653225
23.706950
23.741275
23.770775
23.816350
23.841675
23.911700
23.931800
23.952625
23.973600
24.013075
24.095550
24.159175
24.175650
24.281100
24.309325
24.346150
24.381600
24.405250
24.486650
24.515775
24.528675
24.538450
24.610725
24.622450
24.640950
24.656825
24.669525
24.680650
24.712100
24.762800
24.783675
24.866300
24.922900
24.940600
24.981075
25.001200
25.038550
25.071850
25.188475
25.216750
25.235550
25.263050
25.311650
25.396100
25.472600
25.507000
25.526125
25.550325
25.654000
25.683250
25.716325
25.744900
25.791425
25.805475
25.846775
25.963525
25.975950
25.990600
26.003825
26.021650
26.070825
26.107250
26.141500
26.180475
26.245275
26.340075
26.357225
26.376800
26.410550
26.459500
26.478600
26.487375
26.560175
26.589450
26.669225
26.765875
26.787525
26.839200
26.852700
26.870300
26.884700
26.898825
26.925825
26.954300
26.990525
27.033350
27.089325
27.113225
27.164375
27.191350
27.260800
27.271175
27.298400
27.370925
27.408850
27.447575
27.501700
27.568975
27.589550
27.602725
27.667450
27.691425
27.715225
27.818650
27.930100
27.988525
28.035050
28.061400
28.087925
28.103175
28.117575
28.127600
28.149275
28.160375
28.167400
28.184600
28.213700
28.226900
28.262850
28.276075
28.289025
28.300350
28.308650
28.317900
28.334175
28.366400
28.437300
28.451000
28.473900
28.585250
28.607575
28.630200
28.654425
28.671100
28.704300
28.735800
28.747050
28.761250
28.857700
28.880675
28.921750
28.953150
28.984950
29.006775
29.049075
29.092525
29.142500
29.195600
29.223000
29.263800
29.311850
29.423650
29.447825
29.509250
29.604400
29.647375
29.677475
29.708550
29.719750
29.730450
29.745250
29.766450
29.817350
29.939800
