0.058675
0.208050
0.251500
0.429075
0.496475
0.514900
0.650750
0.680150
0.689950
1.084700
1.162275
1.199000
1.301000
1.537625
1.657250
1.707800
1.765675
1.895600
1.944800
1.996600
2.020400
2.063800
2.093025
2.110300
2.206050
2.374450
2.393375
2.469300
2.991225
3.067725
3.166100
3.424125
3.467375
3.505950
3.601750
3.706675
3.802100
3.827750
3.889050
3.918175
4.111725
4.180375
4.321400
4.363350
4.414750
4.698275
4.707550
4.752700
4.780050
4.835650
4.944000
5.219300
5.246500
5.270075
5.286375
5.331375
5.392375
5.440825
5.548275
5.591625
5.777950
6.014625
6.038775
6.107050
6.393025
6.413975
6.532625
6.604475
6.716050
6.865800
6.975575
7.036100
7.154175
7.406700
7.439875
7.464175
7.529850
7.604125
7.740375
7.796575
7.812875
7.837825
7.899050
7.909875
7.929050
7.975350
7.992850
8.403825
8.487375
8.498450
8.537175
8.577675
8.654775
8.738750
8.825300
8.845200
8.896675
8.917625
9.151175
9.172075
9.374400
9.396950
9.587625
9.647575
9.760300
9.972225
10.321275
10.358925
10.598525
10.620550
10.684550
10.727525
10.791225
10.819500
10.865325
10.889900
11.187375
11.307850
11.379875
11.443825
11.552350
11.651025
11.736525
11.759375
11.792675
11.901500
12.094075
12.279350
12.335825
12.382425
12.421275
12.518875
12.544900
12.588525
12.615350
12.681825
12.762450
12.922025
12.954375
13.086500
13.204275
13.241075
13.281725
13.321375
13.351900
13.388050
13.420500
13.508300
13.684650
13.904075
14.246300
14.279750
14.339150
14.459300
14.519325
14.593175
14.699625
14.723025
14.790450
14.814950
14.840850
14.914200
14.970650
15.163825
15.190100
15.228625
15.354200
15.464875
15.610975
15.636650
15.715575
15.817675
15.882475
15.935275
15.969300
16.000850
16.066100
16.137450
16.312600
16.365850
16.508275
16.570550
16.587950
16.657125
16.710025
16.900150
16.949175
17.003675
17.048525
17.084250
17.123975
17.387775
17.428250
17.652275
17.692175
17.775650
17.974925
18.053850
18.105925
18.156575
18.197925
18.223650
18.250475
18.418800
18.569275
18.699675
18.794225
18.919075
18.950400
18.989100
19.149625
19.217475
19.248500
19.482650
19.494175
19.698900
19.715225
19.862375
19.947650
19.972625
19.989975
20.164000
20.201200
20.243550
20.313800
20.372000
20.596750
20.711500
20.852700
20.950725
21.169550
21.272750
21.297825
21.323750
21.599625
21.742650
21.800375
21.882250
22.040575
22.334425
22.468350
22.508725
22.600500
22.746925
22.897325
23.006500
23.356025
23.406475
23.444725
23.517600
23.536925
23.820650
23.878200
23.972725
24.206100
24.302350
24.605350
24.630725
24.725925
24.856675
25.094950
25.267675
25.289975
25.349250
25.472900
25.513850
25.617100
25.641900
25.754475
26.085925
26.159950
26.184125
26.329025
26.482150
26.644925
26.830850
26.868475
26.992025
27.014850
27.116600
27.163275
27.226400
27.251875
27.554275
27.582125
27.708925
27.846725
28.002950
28.093375
28.128450
28.392325
28.423225
28.646750
28.801850
29.038675
29.100200
29.149925
29.280075
29.344175
29.450525
29.474100
29.502025
29.517625
29.531900
29.640325
29.682250
29.724150
29.793050
29.863500
29.982975
