0.033525
0.064900
0.093950
0.124075
0.206500
0.276275
0.306625
0.339325
0.367675
0.400575
0.449650
0.635550
0.671750
0.795350
0.866500
0.911350
0.932550
1.079175
1.128150
1.182800
1.231500
1.333725
1.370150
1.406075
1.458675
1.487225
1.506050
1.529600
1.550525
1.617525
1.656250
1.773250
1.800775
1.851300
1.935675
2.019225
2.051950
2.119850
2.140225
2.213000
2.243375
2.288425
2.399825
2.449625
2.520975
2.576825
2.614600
2.632300
2.716075
2.749875
2.817275
2.946250
3.015925
3.046450
3.065050
3.098000
3.111675
3.323300
3.373150
3.409825
3.426075
3.537275
3.563350
3.677225
3.735100
3.789025
3.840125
3.875975
3.929725
4.027075
4.064775
4.103925
4.126075
4.186025
4.245025
4.316050
4.449375
4.533050
4.611750
4.676000
4.698425
4.728425
4.787075
4.821375
4.826700
4.887000
4.958800
4.983875
5.026525
5.063900
5.089150
5.175350
5.245125
5.424100
5.449750
5.477025
5.508825
5.576100
5.602250
5.615150
5.727000
5.759450
5.794450
5.977300
6.009800
6.057475
6.087625
6.216350
6.361600
6.403625
6.420500
6.538900
6.560650
6.589975
6.630500
6.731850
6.798250
6.913675
6.946575
7.001275
7.112125
7.171000
7.196200
7.239800
7.261000
7.292050
7.321775
7.368700
7.397475
7.483050
7.575325
7.794350
7.866225
7.930400
7.980900
8.036300
8.092400
8.164800
8.282425
8.373125
8.429050
8.486800
8.579125
8.641550
8.709075
8.737800
8.758575
8.782625
8.837050
8.846400
8.894150
8.945125
9.039875
9.110275
9.157450
9.269150
9.393950
9.432925
9.459850
9.527300
9.561000
9.629975
9.692275
9.826275
9.954200
9.996075
10.013675
10.038150
10.093375
10.142125
10.242650
10.361925
10.392575
10.440100
10.464825
10.519900
10.550075
10.738325
10.753075
10.845550
10.892150
10.949225
11.121300
11.136825
11.185850
11.227750
11.281050
11.326700
11.441550
11.484725
11.532400
11.544800
11.576175
11.620325
11.670175
11.709975
11.814500
11.875550
11.919625
11.962525
11.980750
12.022025
12.208100
12.230125
12.247425
12.274825
12.367100
12.416075
12.561300
12.613850
12.627550
12.825150
12.858175
12.892575
12.933425
13.109500
13.168775
13.208450
13.239775
13.268525
13.302850
13.328725
13.354900
13.378800
13.545400
13.597825
13.654500
13.728850
13.844600
13.907625
13.969325
13.999600
14.030500
14.066550
14.139100
14.219450
14.280050
14.325600
14.435325
14.514750
14.543075
14.646150
14.683975
14.722025
14.773750
14.796575
15.011625
15.076200
15.118725
15.163050
15.201325
15.242875
15.281425
15.313500
15.489375
15.528775
15.554375
15.574775
15.612325
15.638275
15.728700
15.801875
15.983775
16.066375
16.096100
16.158225
16.218500
16.317975
16.390425
16.418425
16.455550
16.543900
16.628500
16.679625
16.914900
16.965875
17.043550
17.093875
17.161375
17.201075
17.236175
17.327225
17.404175
17.414050
17.450850
17.473700
17.512100
17.538750
17.555050
17.622025
17.708575
17.803300
17.841400
17.888500
17.926000
17.972700
18.027850
18.068725
18.127950
18.181075
18.245875
18.341025
18.385925
18.402875
18.444775
18.489575
18.515650
18.535025
18.583650
18.664025
18.826725
18.866575
18.891450
19.013175
19.077775
19.131725
19.185700
19.279900
19.328125
19.359275
19.419250
19.451200
19.514000
19.551650
19.653675
19.742850
19.779150
19.839700
19.886475
20.031200
20.067900
20.099975
20.158500
20.193025
20.215175
20.255850
20.284650
20.367150
20.387400
20.439350
20.450000
20.474000
20.482100
20.649550
20.721000
20.757700
20.800050
20.828700
20.869350
20.906925
20.964775
21.022975
21.114400
21.176100
21.200050
21.210425
21.249100
21.292675
21.385750
21.440275
21.536350
21.558275
21.716225
22.015675
22.069825
22.098800
22.111800
22.142250
22.165350
22.201000
22.383575
22.774750
22.852700
22.859225
22.875850
22.970700
23.081625
23.112475
23.135750
23.208700
23.274050
23.298975
23.360675
23.431025
23.479850
23.641450
23.681575
23.733350
23.833050
23.875875
23.997625
24.110325
24.141025
24.233425
24.352750
24.441325
24.469500
24.500950
24.620000
24.671800
24.755350
24.784525
24.850875
24.887950
24.996750
25.054150
25.085325
25.155900
25.240800
25.253300
25.270625
25.291150
25.582075
25.585475
25.610775
25.659275
25.703175
25.917175
25.947225
25.964975
26.011775
26.030075
26.101075
26.152975
26.219875
26.263175
26.346300
26.374450
26.406100
26.425650
26.459900
26.468425
26.493850
26.553300
26.596200
26.673775
26.711450
26.735100
26.794000
26.813025
26.908750
26.940500
27.018325
27.100175
27.195075
27.253325
27.291350
27.312225
27.349775
27.526400
27.569425
27.581225
27.704800
27.769275
27.821000
27.873600
27.911725
27.966325
27.987450
28.018425
28.051925
28.079875
28.149550
28.214575
28.254175
28.327575
28.340725
28.416000
28.471625
28.564375
28.626450
28.650525
28.682125
28.766050
28.786275
28.810500
28.951850
28.981850
29.023675
29.074950
29.102575
29.140425
29.199750
29.217675
29.294000
29.333375
29.374750
29.420750
29.449175
29.487725
29.585300
29.675750
29.744525
29.769900
29.787150
29.816825
29.828475
29.863475
29.923400
29.986500
