0.021625
0.086800
0.096750
0.116800
0.200650
0.286625
0.302325
0.316175
0.344275
0.368550
0.414050
0.427325
0.439775
0.473500
0.517750
0.528125
0.531100
0.564750
0.602750
0.633300
0.774525
0.835475
0.897725
0.925100
0.949175
0.992200
1.038275
1.056375
1.095675
1.223525
1.272900
1.310100
1.425525
1.464150
1.522450
1.687675
1.707700
1.766950
1.791350
1.977475
2.044125
2.053025
2.069175
2.102275
2.222025
2.436125
2.440300
2.460875
2.502525
2.504975
2.521500
2.686325
2.869700
2.881250
2.883150
2.890875
2.900025
2.908275
2.943475
2.972675
2.999900
3.007925
3.091050
3.297050
3.336125
3.475300
3.477100
3.508150
3.565900
3.574075
3.623250
3.634400
3.839850
3.852450
3.881475
3.962425
4.024400
4.094225
4.194450
4.201825
4.208475
4.227625
4.462950
4.473900
4.482975
4.524175
4.673075
4.684575
4.697125
4.704825
4.725675
4.739900
4.779975
4.906500
4.996475
5.014625
5.072550
5.088925
5.175200
5.241150
5.264500
5.295600
5.302525
5.311700
5.354025
5.395200
5.671225
5.746150
5.754625
5.757950
5.830225
5.927700
6.008225
6.099250
6.114675
6.264150
6.378050
6.502225
6.577050
6.597375
6.663325
6.696250
6.717550
6.863100
6.957975
6.968950
6.995525
7.051625
7.138425
7.156125
7.257475
7.259400
7.349400
7.418900
7.486950
7.695950
7.784175
7.835800
7.875050
7.939100
7.954950
7.972525
8.038950
8.122025
8.147575
8.190525
8.229475
8.378300
8.413550
8.676400
8.722950
8.763825
8.822500
8.864400
8.883825
8.913725
8.943550
9.031600
9.106475
9.140900
9.152225
9.162375
9.208050
9.220950
9.254925
9.273650
9.445550
9.461900
9.518750
9.531075
9.552100
9.747225
9.782225
9.800600
9.809275
9.823075
10.097775
10.184900
10.202875
10.208950
10.215775
10.417025
10.459850
10.508375
10.517900
10.521025
10.799525
10.839800
10.846300
10.892325
10.941925
11.049325
11.082400
11.092750
11.109250
11.157225
11.172450
11.200975
11.268100
11.278450
11.295775
11.312150
11.381850
11.671625
11.750925
11.760450
12.038775
12.154950
12.167200
12.207525
12.247600
12.511400
12.528900
12.546575
12.551325
12.637700
12.672800
12.742250
12.860150
12.879000
12.955950
12.995175
13.021225
13.056775
13.064150
13.113950
13.133050
13.444350
13.512450
13.554950
13.602175
13.652775
13.674475
13.677750
13.820825
13.855825
13.950375
13.968150
14.019325
14.142875
14.332325
14.472600
14.484300
14.537950
14.579625
14.630775
14.650775
14.673925
14.695025
14.752125
14.800350
14.867775
14.964050
14.985900
15.003625
15.005975
15.090000
15.095825
15.130500
15.165775
15.177525
15.245725
15.369550
15.472650
15.507225
15.526600
15.678200
15.699400
15.730775
15.753275
15.802350
15.825700
15.847650
15.852350
15.876925
15.940575
16.097850
16.106650
16.148600
16.390475
16.409350
16.437800
16.446925
16.455000
16.639775
16.658250
16.717750
16.748225
16.768175
16.788225
16.853625
16.855600
16.972075
17.156175
17.157450
17.175000
17.205000
17.206300
17.288825
17.293525
17.431875
17.514225
17.565150
17.681600
17.840775
17.884550
17.986425
18.061575
18.092650
18.123500
18.231275
18.302475
18.306225
18.332275
18.396550
18.538800
18.564875
18.641300
18.862975
18.985675
19.068825
19.144650
19.281200
19.354625
19.421850
19.525425
19.798900
19.963050
19.997275
20.003275
20.007725
20.079000
20.098450
20.116500
20.240450
20.243450
20.251025
20.318050
20.356600
20.431725
20.469575
20.725475
20.937075
20.951150
20.994375
21.053175
21.117200
21.134275
21.390800
21.407700
21.409200
21.457050
21.478725
21.514500
21.552300
21.581925
21.612100
21.687075
22.014750
22.217100
22.328200
22.485800
22.521000
22.566850
22.585300
22.674475
22.830350
22.896075
23.087925
23.097075
23.150325
23.233350
23.499450
23.531225
23.669675
23.674750
23.693875
23.721850
23.798350
23.840400
23.848950
23.914350
23.966125
24.199425
24.271925
24.284425
24.304100
24.327950
24.353350
24.451500
24.483300
24.666925
24.713725
24.925025
25.027475
25.065025
25.097725
25.150250
25.167700
25.217375
25.372200
25.382300
25.409125
25.448900
25.546025
25.596725
25.713850
25.745050
25.878425
26.005925
26.090575
26.145225
26.349600
26.363350
26.399575
26.419425
26.531125
26.599325
26.724800
26.739725
26.858600
26.897100
26.994250
27.012375
27.103775
27.216475
27.222525
27.228150
27.231500
27.240425
27.260225
27.266000
27.294475
27.380725
27.435850
27.448300
27.497300
27.529650
27.679025
27.800500
27.836375
27.886250
27.938700
27.971900
27.979675
28.070900
28.322525
28.447000
28.543250
28.554600
28.624925
28.660100
28.754075
28.852350
28.897375
29.036025
29.050275
29.131100
29.139700
29.171950
29.181950
29.202950
29.274700
29.293175
29.380725
29.386475
29.470425
29.583625
29.651475
29.723700
29.962500
