0.000475
0.009950
0.020700
0.031625
0.041775
0.053125
0.059825
0.069150
0.076775
0.087750
0.091850
0.099975
0.107125
0.110525
0.117425
0.122525
0.129675
0.137225
0.144075
0.150350
0.157675
0.161950
0.170775
0.177625
0.186225
0.196025
0.202700
0.217700
0.221250
0.228375
0.239200
0.258325
0.264150
0.275750
0.282950
0.294725
0.302800
0.307575
0.317700
0.330250
0.342950
0.349525
0.359925
0.368450
0.375600
0.383200
0.395125
0.402150
0.407300
0.414750
0.418875
0.426200
0.433700
0.441725
0.448075
0.451975
0.456150
0.467875
0.472050
0.479075
0.485300
0.492925
0.501600
0.512125
0.518425
0.523375
0.534500
0.539525
0.553075
0.563325
0.572300
0.580250
0.588150
0.594725
0.602525
0.612750
0.623975
0.630700
0.639400
0.648100
0.653825
0.663625
0.672100
0.681725
0.692975
0.698150
0.718150
0.731700
0.745050
0.758675
0.766925
0.774175
0.784175
0.791775
0.802075
0.816900
0.825925
0.835775
0.847175
0.855675
0.862375
0.877400
0.883250
0.892450
0.901500
0.908950
0.916050
0.922850
0.932300
0.945900
0.952250
0.959450
0.969175
0.976450
0.988625
0.994850
1.005900
1.015675
1.021375
1.033725
1.043425
1.053375
1.063000
1.081775
1.100575
1.106800
1.119600
1.127950
1.141350
1.148850
1.158950
1.165275
1.175975
1.186425
1.193925
1.205300
1.214850
1.231725
1.242525
1.253300
1.262600
1.270875
1.284950
1.292550
1.304500
1.311300
1.320750
1.328100
1.338475
1.343050
1.353125
1.359950
1.369975
1.376375
1.388125
1.394000
1.402050
1.416375
1.425725
1.433375
1.445850
1.456350
1.464950
1.471425
1.480750
1.490000
1.497350
1.511725
1.518325
1.526050
1.532575
1.542625
1.549450
1.562200
1.574300
1.580625
1.588925
1.600475
1.608775
1.622675
1.636075
1.643825
1.650625
1.655650
1.661325
1.668525
1.672575
1.678750
1.682925
1.689475
1.695125
1.702850
1.718075
1.725550
1.733725
1.742175
1.758250
1.768775
1.776625
1.797625
1.804400
1.819475
1.827625
1.840125
1.847675
1.857050
1.863275
1.869900
1.880375
1.889925
1.897425
1.904325
1.911150
1.921300
1.929475
1.937925
1.943325
1.948200
1.954125
1.962300
1.966675
1.970850
1.977500
1.984325
1.999400
2.006250
2.010575
2.021450
2.025575
2.031725
2.035000
2.042050
2.049975
2.055075
2.061775
2.075700
2.086925
2.091700
2.096325
2.103000
2.111100
2.127300
2.133000
2.143175
2.148100
2.157875
2.168475
2.173425
2.181825
2.188100
2.197650
2.205650
2.210650
2.220650
2.230450
2.235800
2.241325
2.247900
2.255675
2.271550
2.279350
2.285375
2.304050
2.315475
2.320300
2.327300
2.334525
2.355675
2.360925
2.373400
2.380175
2.394300
2.405650
2.410425
2.421650
2.431175
2.439100
2.447425
2.458025
2.467775
2.478350
2.489625
2.495550
2.509025
2.514000
2.521875
2.535550
2.541875
2.556600
2.573750
2.582850
2.586300
2.602475
2.612075
2.623325
2.632475
2.645450
2.654525
2.665750
2.678625
2.686175
2.700225
2.705850
2.717325
2.724975
2.733150
2.741975
2.749250
2.757150
2.767550
2.779700
2.786825
2.800950
2.810725
2.822850
2.830300
2.843475
2.855975
2.866050
2.871675
2.881925
2.891900
2.900625
2.905300
2.916900
2.923100
2.935200
2.942625
2.950125
2.957450
2.967850
2.980925
2.994250
2.999450
3.003050
3.010450
3.018500
3.026650
3.030325
3.039250
3.043225
3.048900
3.054350
3.059525
3.069975
3.083750
3.093200
3.104225
3.110725
3.130650
3.135925
3.142325
3.157150
3.166250
3.187050
3.193225
3.207525
3.217925
3.225225
3.239775
3.256150
3.269750
3.277275
3.289100
3.298225
3.310225
3.320150
3.340075
3.345225
3.351000
3.354600
3.367375
3.371200
3.377175
3.382450
3.394450
3.398925
3.403025
3.413850
3.417775
3.427700
3.435275
3.442250
3.450225
3.454825
3.468400
3.474775
3.485675
3.492225
3.503075
3.509800
3.522350
3.541500
3.549550
3.557975
3.565925
3.575800
3.586125
3.594700
3.605850
3.624675
3.634575
3.642500
3.649900
3.658500
3.663875
3.673975
3.678375
3.684800
3.691575
3.695100
3.700475
3.705725
3.710300
3.719050
3.727700
3.743900
3.748950
3.762000
3.769350
3.778800
3.798100
3.810500
3.818925
3.826575
3.845250
3.852425
3.858350
3.867550
3.877050
3.887175
3.895075
3.904950
3.909875
3.916900
3.929300
3.955000
3.963325
3.975375
3.988175
3.994275
4.006925
4.016225
4.027900
4.041425
4.050875
4.058950
4.066250
4.074925
4.084325
4.089175
4.095075
4.102575
4.107350
4.113375
4.120250
4.131375
4.137125
4.144575
4.158300
4.166975
4.173725
4.180450
4.197700
4.204950
4.219850
4.239700
4.246875
4.256125
4.265400
4.281475
4.289650
4.297150
4.308975
4.317425
4.332300
4.337500
4.354175
4.385025
4.394950
4.405675
4.417425
4.427500
4.434375
4.441500
4.449825
4.458925
4.468475
4.479350
4.485775
4.498275
4.505600
4.519925
4.541700
4.547400
4.556625
4.562600
4.569175
4.579025
4.584575
4.591875
4.598425
4.610875
4.617450
4.625525
4.639325
4.642850
4.653475
4.659000
4.666725
4.678000
4.686375
4.692375
4.700325
4.718650
4.730350
4.740050
4.752375
4.765250
4.771300
4.783925
4.796625
4.808700
4.820925
4.831250
4.844025
4.851150
4.860400
4.871550
4.884525
4.896725
4.909700
4.916400
4.930375
4.937150
4.948700
4.953500
4.973075
4.976425
4.980125
4.984300
4.992125
4.996400
5.009550
5.015850
5.029750
5.039250
5.050325
5.059475
5.067950
5.074200
5.080125
5.091000
5.101825
5.116300
5.121850
5.132500
5.143775
5.153425
5.174000
5.187975
5.197525
5.214750
5.223925
5.242225
5.249925
5.264575
5.276675
5.291725
5.306200
5.315650
5.329250
5.337650
5.353775
5.362300
5.372375
5.378500
5.388250
5.395825
5.402575
5.412775
5.417300
5.427750
5.433650
5.442075
5.450425
5.461625
5.469300
5.475125
5.486450
5.495700
5.517625
5.524625
5.534925
5.554100
5.561950
5.578325
5.589100
5.598700
5.619925
5.634100
5.644800
5.660050
5.678525
5.694350
5.708000
5.726550
5.735925
5.744400
5.756475
5.766900
5.775925
5.790425
5.799800
5.816000
5.828150
5.837425
5.847900
5.861400
5.868250
5.881375
5.884425
5.887350
5.893425
5.896425
5.902300
5.905175
5.909375
5.914575
5.927875
5.938125
5.945250
5.953075
5.961025
5.973075
5.987300
5.997150
6.011650
6.019750
6.040425
6.057075
6.071050
6.079450
6.092125
6.107550
6.120150
6.136975
6.146375
6.157350
6.165975
6.177375
6.189425
6.197875
6.207600
6.218000
6.225825
6.229575
6.239375
6.244250
6.248350
6.254500
6.263875
6.268625
6.274175
6.278525
6.286225
6.291375
6.296350
6.304625
6.311250
6.317500
6.323225
6.328025
6.333900
6.342550
6.346725
6.352450
6.359975
6.371225
6.393675
6.401825
6.408650
6.421700
6.429575
6.440200
6.447500
6.459450
6.473925
6.482100
6.496400
6.508650
6.522500
6.533350
6.544150
6.556175
6.570950
6.583225
6.591425
6.609325
6.615525
6.627125
6.636125
6.644100
6.651625
6.662225
6.669025
6.678850
6.684250
6.692925
6.698225
6.710750
6.720125
6.726400
6.734100
6.740850
6.754150
6.761825
6.774000
6.788125
6.795450
6.807125
6.817650
6.825900
6.834025
6.841675
6.850100
6.862050
6.879525
6.884400
6.892025
6.901850
6.916750
6.921150
6.928650
6.938050
6.946575
6.950650
6.963675
6.979850
6.984675
6.992750
7.002625
7.013125
7.029825
7.041975
7.050600
7.072375
7.079775
7.090600
7.099950
7.104300
7.111200
7.121525
7.131325
7.135400
7.145950
7.152825
7.161850
7.169000
7.172850
7.184275
7.189650
7.198775
7.204975
7.215225
7.223950
7.236875
7.245900
7.258200
7.264700
7.279200
7.287925
7.296625
7.307750
7.314200
7.325450
7.336075
7.347750
7.364175
7.374025
7.380125
7.390750
7.400350
7.414875
7.421950
7.436800
7.449775
7.459300
7.465350
7.476025
7.483025
7.495775
7.507525
7.521250
7.533125
7.545200
7.556650
7.568975
7.575200
7.581925
7.589025
7.595450
7.610200
7.618475
7.627425
7.632900
7.640375
7.649450
7.667925
7.679925
7.686200
7.706025
7.714550
7.727800
7.732925
7.739500
7.744850
7.753400
7.757375
7.767050
7.777600
7.784175
7.802875
7.810875
7.814700
7.822475
7.829250
7.834025
7.840075
7.851175
7.856650
7.864900
7.872700
7.885625
7.892175
7.911125
7.918625
7.924600
7.940625
7.948200
7.956550
7.965825
7.975825
7.985825
7.995725
8.005025
8.017350
8.022575
8.030600
8.041500
8.048225
8.056800
8.068400
8.075075
8.081950
8.094900
8.103875
8.109725
8.118850
8.127300
8.135225
8.144725
8.151925
8.159825
8.169250
8.175350
8.186750
8.195450
8.205375
8.209950
8.218275
8.231875
8.241750
8.250275
8.262625
8.274000
8.288600
8.298200
8.308800
8.314975
8.330375
8.337575
8.347975
8.354600
8.367100
8.379300
8.386850
8.410600
8.421225
8.433550
8.446025
8.459350
8.476775
8.483675
8.493425
8.497425
8.506950
8.511050
8.518400
8.522150
8.526675
8.530775
8.541550
8.549500
8.553500
8.560250
8.568025
8.576125
8.600150
8.606000
8.609950
8.618950
8.626200
8.631125
8.639350
8.645950
8.649975
8.660050
8.668550
8.682725
8.687350
8.700900
8.707650
8.716925
8.723350
8.744550
8.751275
8.762950
8.771225
8.777475
8.787200
8.799125
8.806225
8.811050
8.821275
8.829325
8.841225
8.857025
8.867775
8.876425
8.886850
8.897650
8.906700
8.919950
8.925700
8.933650
8.947625
8.954975
8.967725
8.980975
8.990975
9.001050
9.013100
9.020725
9.037975
9.046225
9.062500
9.073875
9.086725
9.102150
9.112650
9.121325
9.136875
9.141950
9.149500
9.154325
9.162175
9.165175
9.174650
9.178675
9.184825
9.188650
9.198950
9.204175
9.214425
9.218500
9.224275
9.231475
9.238425
9.244625
9.254800
9.258900
9.267025
9.276700
9.282975
9.292525
9.301925
9.311450
9.317100
9.323300
9.330750
9.344450
9.358950
9.368275
9.375525
9.386075
9.390925
9.398950
9.408500
9.413500
9.425075
9.434350
9.443250
9.460375
9.469100
9.475500
9.496125
9.504625
9.512600
9.521975
9.528775
9.534100
9.542950
9.554975
9.564350
9.569575
9.580400
9.587400
9.597450
9.609275
9.618300
9.628325
9.635500
9.641100
9.649925
9.661325
9.672400
9.681200
9.685950
9.697675
9.710375
9.724300
9.734250
9.742750
9.748525
9.756625
9.766925
9.771525
9.782000
9.788800
9.795525
9.808450
9.815100
9.823550
9.834150
9.844900
9.854575
9.863800
9.874500
9.882550
9.890425
9.902725
9.911600
9.924550
9.937550
9.947400
9.959600
9.974525
9.985400
9.991900
10.002700
10.015825
10.035000
10.044975
10.055550
10.064550
10.072550
10.081775
10.092325
10.100175
10.107800
10.113000
10.127750
10.135450
10.158775
10.166025
10.179550
10.187150
10.199275
10.209200
10.219550
10.237100
10.248600
10.257800
10.266175
10.275075
10.286500
10.297525
10.307650
10.317875
10.333225
10.339850
10.348425
10.353700
10.365700
10.371500
10.388650
10.398825
10.407775
10.416200
10.425500
10.432050
10.445200
10.456575
10.467025
10.478525
10.491075
10.504425
10.512650
10.521700
10.535800
10.544150
10.553300
10.567350
10.582250
10.595825
10.604675
10.612350
10.622875
10.630675
10.643150
10.648825
10.661800
10.667225
10.680350
10.687625
10.694850
10.705075
10.713150
10.722650
10.728675
10.738575
10.766325
10.780075
10.790550
10.802225
10.811350
10.818825
10.826825
10.835450
10.842350
10.850150
10.860325
10.870950
10.882175
10.891775
10.899600
10.905275
10.910750
10.921025
10.925825
10.941375
10.946550
10.951850
10.957725
10.965075
10.970850
10.976075
10.980775
10.989750
10.994325
11.006575
11.012950
11.024850
11.030200
11.039650
11.046875
11.057650
11.066700
11.074500
11.089325
11.097850
11.108025
11.120625
11.129175
11.138325
11.151950
11.162675
11.173100
11.181300
11.191000
11.198925
11.207125
11.213250
11.224300
11.232525
11.242350
11.253925
11.264025
11.275200
11.284075
11.296400
11.303200
11.314500
11.324875
11.336900
11.343075
11.354225
11.366850
11.371450
11.383100
11.390625
11.401150
11.413150
11.425100
11.436900
11.446875
11.459150
11.470600
11.483475
11.495150
11.506600
11.519925
11.530450
11.538850
11.548900
11.559500
11.571025
11.581725
11.589900
11.600325
11.616150
11.626225
11.640075
11.654425
11.665800
11.682525
11.698725
11.712625
11.721650
11.734425
11.749000
11.776250
11.791925
11.812675
11.824725
11.842600
11.854925
11.868475
11.885200
11.895250
11.909625
11.921525
11.943750
11.953000
11.961350
11.972250
11.979775
11.989050
11.998425
12.014200
12.022925
12.033825
12.044925
12.056275
12.070050
12.079250
12.092925
12.108025
12.117900
12.124550
12.136300
12.146925
12.156225
12.170125
12.181450
12.191600
12.205325
12.220425
12.232625
12.244725
12.259425
12.270850
12.284825
12.297925
12.306975
12.315300
12.322425
12.331200
12.342400
12.347150
12.361000
12.369325
12.381100
12.391475
12.402625
12.412925
12.424200
12.432675
12.444650
12.457500
12.466750
12.475200
12.484925
12.497200
12.508100
12.516325
12.532525
12.544150
12.563300
12.575150
12.594825
12.606825
12.616475
12.628950
12.637525
12.649700
12.659250
12.668675
12.676100
12.687950
12.696450
12.707825
12.716825
12.730025
12.741375
12.747675
12.773225
12.788400
12.796325
12.803575
12.811700
12.826075
12.839800
12.853050
12.876825
12.888725
12.901700
12.913125
12.926725
12.938300
12.949375
12.965400
12.980325
12.991000
13.008375
13.029225
13.042100
13.059750
13.073275
13.088575
13.099750
13.113050
13.134375
13.145875
13.154825
13.167225
13.173975
13.194950
13.205275
13.219800
13.228950
13.240800
13.253300
13.266200
13.277600
13.289825
13.302725
13.314625
13.342900
13.353025
13.362850
13.374050
13.383075
13.393075
13.408350
13.416425
13.424350
13.437300
13.445100
13.455975
13.462800
13.476950
13.487100
13.496800
13.508700
13.521600
13.531350
13.539350
13.549325
13.562450
13.570525
13.579575
13.590325
13.599750
13.606125
13.619525
13.629225
13.637300
13.648300
13.663150
13.677150
13.687125
13.694475
13.702675
13.712550
13.724900
13.734275
13.757600
13.767750
13.778525
13.791600
13.801525
13.811825
13.826400
13.840525
13.852325
13.869200
13.877375
13.893325
13.912000
13.926025
13.940300
13.952400
13.963150
13.974975
13.981750
13.987525
13.996850
14.004850
14.016150
14.025775
14.033025
14.042875
14.054050
14.063600
14.074350
14.083875
14.093575
14.109400
14.118775
14.131350
14.143450
14.153625
14.170350
14.180650
14.198550
14.210825
14.221825
14.231650
14.241975
14.252400
14.259900
14.272725
14.283700
14.295225
14.307650
14.318850
14.326700
14.346925
14.359575
14.369375
14.376250
14.388025
14.397650
14.405500
14.412900
14.418325
14.427425
14.432875
14.441850
14.446475
14.454725
14.465675
14.475025
14.484150
14.499350
14.507175
14.516400
14.525600
14.534675
14.545150
14.555650
14.565125
14.577750
14.590425
14.604425
14.615450
14.626575
14.640550
14.647175
14.656050
14.665375
14.674925
14.689750
14.702825
14.716525
14.732725
14.741775
14.751575
14.759250
14.786450
14.798475
14.811025
14.819425
14.827250
14.838325
14.842725
14.846000
14.853025
14.857450
14.868175
14.875600
14.889850
14.903525
14.910075
14.922550
14.932925
14.947875
14.961475
14.971225
14.984050
14.994800
15.010725
15.023375
15.043575
15.062300
15.077450
15.093550
15.107500
15.125225
15.136300
15.152900
15.174000
15.188375
15.202100
15.208450
15.218250
15.228325
15.239475
15.248775
15.256925
15.268675
15.280825
15.289950
15.297625
15.305350
15.317625
15.330000
15.340950
15.367650
15.379825
15.391475
15.403750
15.422500
15.434800
15.446375
15.465000
15.479425
15.495625
15.506300
15.514775
15.533350
15.546725
15.558525
15.574025
15.585125
15.597125
15.607750
15.621525
15.634450
15.653450
15.668400
15.678125
15.688250
15.700300
15.707675
15.716600
15.729075
15.743275
15.754575
15.765075
15.774075
15.787725
15.795300
15.815475
15.823700
15.840250
15.853450
15.867625
15.879400
15.891025
15.907025
15.924650
15.933650
15.949475
15.959375
15.972200
15.986200
15.997625
16.009775
16.021000
16.039900
16.055125
16.073150
16.087800
16.097775
16.117075
16.129450
16.146175
16.157525
16.173600
16.184775
16.196950
16.214000
16.222075
16.232300
16.245775
16.256475
16.268750
16.285950
16.297625
16.308350
16.321775
16.335225
16.346100
16.359400
16.387750
16.400225
16.411025
16.425375
16.433725
16.444575
16.462900
16.481175
16.500375
16.522875
16.536125
16.548750
16.558950
16.569275
16.580350
16.589225
16.601100
16.611200
16.621175
16.632325
16.644150
16.654150
16.661625
16.680550
16.690450
16.699175
16.709450
16.722150
16.734175
16.747575
16.756350
16.767100
16.779975
16.788675
16.806675
16.817725
16.828775
16.839150
16.855400
16.864525
16.882500
16.895000
16.904500
16.921450
16.932525
16.943775
16.956425
16.967775
16.976025
16.987075
16.998950
17.010800
17.025425
17.032425
17.046800
17.059650
17.073675
17.093450
17.108275
17.119500
17.136800
17.145575
17.157525
17.172650
17.188525
17.199675
17.206425
17.215375
17.228000
17.234050
17.246850
17.255325
17.263500
17.274850
17.285900
17.294275
17.303700
17.316025
17.326800
17.347700
17.362825
17.370200
17.383600
17.391725
17.405425
17.416850
17.430525
17.438075
17.454900
17.464950
17.474800
17.486475
17.498575
17.511450
17.526000
17.546425
17.559700
17.576025
17.594000
17.605375
17.623850
17.639600
17.655025
17.662675
17.672025
17.687575
17.702725
17.710450
17.720025
17.728200
17.735550
17.746425
17.756125
17.768000
17.774125
17.788000
17.801925
17.812825
17.818525
17.829475
17.842250
17.851600
17.862775
17.873800
17.888475
17.898375
17.908250
17.922225
17.934450
17.943150
17.955150
17.963375
17.973425
17.985450
17.998375
18.014350
18.020800
18.040100
18.059175
18.073175
18.091500
18.103925
18.116850
18.128475
18.146250
18.154675
18.173525
18.182700
18.193250
18.207750
18.229350
18.248675
18.264850
18.279700
18.293325
18.302975
18.316900
18.326150
18.342075
18.355300
18.363500
18.374225
18.384925
18.403475
18.410750
18.418025
18.430175
18.435075
18.443400
18.454600
18.461725
18.473125
18.480925
18.493450
18.508175
18.516075
18.534400
18.543350
18.563125
18.573450
18.585475
18.594250
18.605900
18.617150
18.634350
18.647175
18.662575
18.673975
18.693450
18.708500
18.722825
18.733500
18.747725
18.757875
18.766400
18.777800
18.787400
18.793775
18.804200
18.811575
18.821175
18.829325
18.836400
18.854125
18.867725
18.879600
18.889900
18.898000
18.913300
18.924425
18.937200
18.950750
18.963150
18.972675
18.989875
19.002125
19.014625
19.025050
19.037150
19.051600
19.062775
19.078475
19.087100
19.095000
19.108525
19.120300
19.137700
19.154875
19.164675
19.180000
19.188300
19.198125
19.206250
19.218350
19.225125
19.235850
19.241050
19.246875
19.262325
19.265950
19.277875
19.284025
19.293700
19.298500
19.303325
19.307825
19.315825
19.324300
19.331150
19.338400
19.346625
19.353225
19.362650
19.381875
19.393175
19.401650
19.412375
19.422575
19.431150
19.442225
19.454300
19.464575
19.472125
19.482225
19.489900
19.499800
19.521550
19.530725
19.548475
19.566425
19.599875
19.614075
19.617550
19.632900
19.636600
19.640900
19.660050
19.671600
19.677200
19.682175
19.693700
19.700550
19.708050
19.714200
19.720825
19.728150
19.732200
19.738350
19.746250
19.749025
19.753225
19.761000
19.769350
19.772450
19.782275
19.788075
19.797450
19.804775
19.826625
19.836600
19.847425
19.853625
19.865650
19.871800
19.886800
19.896500
19.901600
19.914400
19.923550
19.934475
19.942800
19.953075
19.965650
19.975400
19.989400
20.004500
20.012825
20.025750
20.034675
20.042850
20.051825
20.056500
20.063025
20.066825
20.072400
20.075950
20.082525
20.085725
20.091475
20.094300
20.102250
20.105625
20.113375
20.126250
20.132275
20.138250
20.149900
20.167650
20.178925
20.193875
20.203800
20.210725
20.220675
20.229700
20.242000
20.251875
20.258475
20.268725
20.276775
20.284325
20.293275
20.305725
20.312225
20.326025
20.336150
20.349775
20.358275
20.364050
20.373700
20.378300
20.385475
20.389525
20.402625
20.407100
20.425825
20.428700
20.434875
20.451800
20.455500
20.462750
20.470850
20.477975
20.488900
20.496375
20.503975
20.510475
20.516200
20.523150
20.527025
20.538100
20.547450
20.556550
20.562675
20.574625
20.582925
20.596225
20.603925
20.620350
20.631625
20.644025
20.656200
20.666450
20.679850
20.691800
20.699675
20.720200
20.726700
20.733400
20.737950
20.751400
20.759250
20.764650
20.774975
20.778900
20.788625
20.795450
20.802950
20.809000
20.821750
20.827400
20.852175
20.871750
20.880275
20.889750
20.900050
20.909525
20.916125
20.926050
20.933625
20.942975
20.953975
20.965375
20.971450
20.983075
20.997175
21.004800
21.017075
21.027625
21.040125
21.054475
21.066775
21.082525
21.090875
21.104700
21.117075
21.122150
21.145100
21.153050
21.160525
21.164500
21.175850
21.180675
21.188575
21.192300
21.201200
21.207275
21.210825
21.216475
21.224175
21.228125
21.237400
21.241000
21.253800
21.258575
21.274550
21.281825
21.295675
21.302425
21.312475
21.324650
21.333325
21.348900
21.363375
21.377725
21.398500
21.421075
21.438125
21.447875
21.460525
21.474925
21.491075
21.502075
21.511975
21.519625
21.525575
21.530125
21.534125
21.537525
21.540325
21.543275
21.546500
21.550200
21.554950
21.558800
21.563775
21.567500
21.578825
21.581975
21.590225
21.601675
21.606600
21.614450
21.617675
21.629300
21.639600
21.645675
21.656700
21.662750
21.671575
21.681100
21.690175
21.704500
21.715600
21.728925
21.737125
21.752400
21.769050
21.787050
21.794050
21.812700
21.822125
21.836850
21.845775
21.859500
21.871475
21.885175
21.902050
21.912275
21.916150
21.921425
21.925525
21.933325
21.936600
21.943000
21.946000
21.950225
21.954075
21.962500
21.967275
21.970375
21.984800
21.992400
21.996400
22.004375
22.011775
22.016050
22.022000
22.036425
22.041925
22.050650
22.055425
22.061575
22.073700
22.078350
22.086850
22.094850
22.105775
22.110975
22.123300
22.146825
22.155800
22.176525
22.186400
22.196550
22.204100
22.218750
22.227475
22.240750
22.249950
22.253600
22.259625
22.266075
22.272475
22.276000
22.281175
22.301250
22.304400
22.312500
22.322025
22.331075
22.334950
22.342250
22.355850
22.363975
22.372575
22.380825
22.390725
22.398050
22.407350
22.414675
22.420900
22.430000
22.436850
22.445775
22.466125
22.474850
22.487650
22.496025
22.506075
22.516750
22.532975
22.538925
22.553025
22.567175
22.584825
22.592375
22.609800
22.618050
22.634375
22.647375
22.670800
22.681325
22.698925
22.711025
22.724325
22.734425
22.738675
22.744875
22.748550
22.755100
22.758275
22.764550
22.774700
22.778375
22.798350
22.804675
22.807950
22.820375
22.832250
22.840050
22.846125
22.853525
22.860575
22.870325
22.875900
22.879950
22.883975
22.894450
22.901675
22.914250
22.924375
22.933225
22.941000
22.945050
22.959550
22.976675
22.988800
22.995625
23.005825
23.013375
23.028100
23.035150
23.049000
23.061100
23.068975
23.081700
23.086325
23.096750
23.110850
23.119075
23.130500
23.136450
23.141450
23.152525
23.161900
23.170800
23.173600
23.178725
23.185275
23.190650
23.195175
23.198900
23.201950
23.209400
23.213400
23.216600
23.221350
23.227800
23.234000
23.238475
23.245950
23.249350
23.271125
23.290375
23.299875
23.307800
23.316475
23.324975
23.336725
23.341025
23.353150
23.362250
23.367225
23.390000
23.402000
23.410925
23.419350
23.434650
23.448675
23.458775
23.471075
23.479750
23.492750
23.502700
23.513675
23.524850
23.534450
23.545000
23.553325
23.564750
23.575075
23.582075
23.589975
23.600200
23.613400
23.624600
23.634675
23.639675
23.648675
23.657700
23.662575
23.667700
23.670700
23.677275
23.681025
23.686525
23.694375
23.701300
23.704475
23.712425
23.715800
23.719525
23.730250
23.733500
23.738125
23.753650
23.757100
23.772475
23.777850
23.783625
23.787650
23.794475
23.801825
23.812150
23.817800
23.827350
23.833050
23.841775
23.847925
23.854250
23.862200
23.871050
23.872750
23.880450
23.892625
23.898875
23.909350
23.916050
23.927000
23.938900
23.947725
23.962625
23.975250
23.986250
23.997900
24.009600
24.029375
24.045925
24.053325
24.060050
24.067050
24.072050
24.077075
24.084325
24.093000
24.101175
24.108575
24.126550
24.132575
24.140250
24.147850
24.158200
24.164600
24.172825
24.178100
24.188675
24.201125
24.207700
24.222950
24.247500
24.255475
24.265425
24.277100
24.282400
24.292375
24.300900
24.311150
24.322675
24.331775
24.353325
24.365475
24.371825
24.379100
24.385175
24.391525
24.394400
24.400225
24.409525
24.419000
24.426475
24.435550
24.442275
24.466700
24.473775
24.490325
24.496925
24.505325
24.514050
24.526000
24.534675
24.547625
24.554500
24.565675
24.577525
24.585800
24.595600
24.604575
24.613250
24.630125
24.639775
24.660800
24.666400
24.670000
24.674700
24.678475
24.681100
24.691375
24.697625
24.714725
24.717850
24.721325
24.725600
24.745000
24.748225
24.754325
24.762825
24.771100
24.776125
24.789375
24.797300
24.814500
24.819225
24.831025
24.835950
24.852125
24.857225
24.864350
24.875000
24.882075
24.892775
24.903475
24.914800
24.921475
24.932375
24.952175
24.961100
24.965000
24.969775
24.975875
24.981225
24.994775
24.999525
25.006225
25.016400
25.025600
25.033525
25.053300
25.061600
25.065725
25.076550
25.080925
25.094550
25.104725
25.109750
25.140500
25.146900
25.159175
25.164550
25.177200
25.193375
25.200475
25.209450
25.220050
25.227575
25.241125
25.256025
25.264525
25.277500
25.287550
25.308150
25.321075
25.332600
25.348975
25.360950
25.375600
25.386425
25.398525
25.417975
25.431475
25.445675
25.454350
25.473825
25.486750
25.494175
25.502275
25.506200
25.511475
25.514975
25.523175
25.527200
25.530175
25.533625
25.540975
25.545375
25.550475
25.555775
25.559675
25.569075
25.575175
25.587000
25.591225
25.595500
25.601650
25.613850
25.622850
25.630550
25.639325
25.648575
25.657825
25.667375
25.672125
25.680725
25.698550
25.707575
25.715825
25.725175
25.735000
25.747275
25.765925
25.773375
25.800150
25.808050
25.817000
25.828225
25.837525
25.846225
25.858375
25.870625
25.878175
25.889450
25.896350
25.908775
25.920050
25.929075
25.938300
25.949700
25.955800
25.966650
25.975700
25.988750
25.994525
26.008725
26.014925
26.019800
26.028200
26.031475
26.038950
26.042550
26.049250
26.052475
26.058600
26.068825
26.073875
26.086875
26.090375
26.098225
26.105725
26.108725
26.124275
26.133200
26.138350
26.141575
26.157025
26.165125
26.168500
26.175200
26.183700
26.190450
26.201450
26.228700
26.242125
26.252825
26.269275
26.276675
26.286375
26.294975
26.301900
26.313475
26.323825
26.334200
26.342625
26.353700
26.367075
26.378125
26.390475
26.399475
26.410900
26.418250
26.433850
26.443675
26.461300
26.476425
26.490650
26.500875
26.508950
26.524825
26.535000
26.542225
26.548625
26.551675
26.568350
26.577425
26.585825
26.598800
26.612875
26.622150
26.635050
26.643250
26.653550
26.662150
26.674300
26.685675
26.695175
26.705400
26.722000
26.731900
26.745350
26.757325
26.768350
26.777950
26.790075
26.803950
26.813825
26.825825
26.836450
26.852300
26.866400
26.878475
26.892875
26.904200
26.913500
26.923575
26.927825
26.945650
26.949650
26.954700
26.973650
26.988900
26.993750
26.997300
27.003825
27.014050
27.020700
27.026300
27.030025
27.044750
27.053725
27.059175
27.068800
27.076850
27.084725
27.090625
27.097175
27.107275
27.113425
27.126800
27.138575
27.159725
27.165525
27.175400
27.182975
27.195875
27.202075
27.217525
27.226275
27.238950
27.255800
27.263350
27.275825
27.290950
27.304225
27.315500
27.329800
27.340250
27.347700
27.355975
27.358825
27.362650
27.366625
27.371275
27.383350
27.387075
27.392050
27.401125
27.405200
27.408675
27.419975
27.427775
27.441025
27.453025
27.456450
27.462675
27.478175
27.485700
27.502000
27.505600
27.514425
27.523850
27.527900
27.534850
27.538450
27.546050
27.554300
27.567200
27.576300
27.597625
27.605350
27.626525
27.636900
27.646200
27.656800
27.679700
27.696075
27.712650
27.729775
27.744800
27.759425
27.772525
27.783725
27.788600
27.798675
27.803825
27.811550
27.826775
27.835450
27.852425
27.864975
27.877775
27.885625
27.894950
27.904925
27.915900
27.932850
27.947425
27.961375
27.973250
27.985200
28.000050
28.027450
28.043425
28.054775
28.072675
28.093000
28.104350
28.121200
28.132475
28.151225
28.158250
28.168700
28.180950
28.188075
28.198025
28.208650
28.217325
28.227175
28.235600
28.240300
28.248875
28.257000
28.265175
28.279925
28.289200
28.298450
28.308575
28.320000
28.343100
28.356550
28.369600
28.386675
28.395325
28.418475
28.430500
28.448425
28.464175
28.473850
28.486675
28.508475
28.523300
28.534525
28.550775
28.573800
28.591825
28.600475
28.609400
28.621750
28.627750
28.634825
28.638875
28.648575
28.657175
28.662350
28.669525
28.676600
28.690300
28.696925
28.706225
28.709900
28.716025
28.722800
28.726050
28.729575
28.743000
28.750700
28.756475
28.765200
28.771250
28.779250
28.789900
28.797850
28.803800
28.813475
28.824425
28.832875
28.841825
28.850750
28.858650
28.871275
28.884900
28.895675
28.903200
28.921125
28.931475
28.943875
28.956550
28.968300
28.983400
28.995350
29.011750
29.032950
29.044300
29.055800
29.069225
29.083250
29.101875
29.119275
29.131075
29.147125
29.158700
29.171175
29.191650
29.201450
29.210150
29.222750
29.232900
29.246475
29.259000
29.275175
29.287650
29.301475
29.314725
29.331175
29.341725
29.351400
29.364675
29.377725
29.396075
29.411175
29.427950
29.446825
29.460000
29.474850
29.486100
29.498500
29.506200
29.521500
29.527225
29.545375
29.561125
29.568350
29.581900
29.590350
29.602525
29.612825
29.623450
29.635300
29.663600
29.677450
29.686200
29.701650
29.711650
29.722925
29.740225
29.752775
29.764675
29.775800
29.789275
29.816850
29.824800
29.836025
29.843600
29.847875
29.856075
29.868525
29.878125
29.883550
29.890725
29.900500
29.909975
29.917500
29.940075
29.951200
29.961150
29.974600
29.990750
