0.102975
0.123675
0.147500
0.192175
0.356475
0.385175
0.404050
0.423825
0.462250
0.470150
0.482675
0.558675
0.572300
0.723500
0.764325
0.785675
0.895425
0.901975
0.924725
0.987125
1.027700
1.057850
1.067850
1.088525
1.099700
1.281675
1.304175
1.331075
1.348625
1.360975
1.378025
1.396850
1.422800
1.459000
1.490075
1.630650
1.643600
1.654775
1.660975
1.752300
1.798050
1.817150
1.854575
1.873075
1.911225
1.952300
1.969400
1.980700
1.990075
2.005100
2.008800
2.027225
2.062775
2.098175
2.155950
2.207925
2.220575
2.236100
2.244350
2.250800
2.287825
2.301050
2.329975
2.381750
2.476000
2.494275
2.505400
2.511625
2.525875
2.707550
2.791850
2.847675
2.875400
2.899625
2.922400
2.946175
2.979450
2.989075
2.999925
3.027100
3.065675
3.136000
3.166200
3.200625
3.227825
3.268750
3.303250
3.353225
3.386150
3.435450
3.457625
3.479700
3.518800
3.537950
3.554600
3.576375
3.603250
3.661350
3.699875
3.730850
3.772600
3.806800
3.819500
3.837000
3.843900
3.854350
3.877350
3.897900
3.919925
3.965575
4.014500
4.048900
4.062325
4.074500
4.081025
4.088625
4.093300
4.101725
4.112925
4.115525
4.120350
4.141250
4.180425
4.200400
4.241900
4.290275
4.331950
4.367475
4.380375
4.396700
4.408550
4.416200
4.423850
4.431750
4.440575
4.451075
4.466150
4.485850
4.524975
4.587125
4.608225
4.621800
4.631200
4.634000
4.644700
4.651925
4.661525
4.670675
4.677000
4.689775
4.714000
4.725250
4.735875
4.742700
4.748250
4.807125
4.829025
4.869625
4.913200
5.037975
5.059950
5.075500
5.093350
5.110850
5.122950
5.133575
5.153825
5.185225
5.207175
5.234075
5.248950
5.291700
5.315050
5.320625
5.358175
5.372300
5.395075
5.443550
5.460700
5.490225
5.510825
5.527525
5.543350
5.568750
5.581650
5.592300
5.600150
5.636900
5.659700
5.681500
5.707025
5.760050
5.782825
5.802375
5.815275
5.848900
5.895900
5.915500
5.942725
5.992525
6.075700
6.130250
6.152750
6.171600
6.207975
6.220750
6.239875
6.250700
6.259100
6.270125
6.303050
6.319625
6.345850
6.400150
6.452950
6.482750
6.500150
6.511150
6.517500
6.527850
6.533600
6.539225
6.551625
6.602850
6.623075
6.643525
6.662725
6.726925
6.782975
6.842475
6.871550
6.876175
6.894475
6.936475
6.950850
6.986925
6.995075
7.006475
7.038950
7.048700
7.071575
7.089575
7.114125
7.190600
7.212425
7.243500
7.269325
7.298950
7.311950
7.319725
7.324500
7.330750
7.339850
7.362500
7.365675
7.395825
7.447250
7.472550
7.489475
7.536600
7.560225
7.578150
7.620950
7.653650
7.685250
7.697925
7.714475
7.721000
7.734650
7.745050
7.776850
7.792725
7.836475
7.864000
7.876325
7.908025
7.924050
7.946450
7.984600
8.017450
8.034775
8.055775
8.080750
8.148075
8.186625
8.250350
8.281600
8.312600
8.322575
8.334175
8.343200
8.367325
8.375175
8.395575
8.410925
8.447500
8.471325
8.531950
8.569150
8.577575
8.585825
8.593800
8.609625
8.615175
8.624425
8.642200
8.687800
8.716225
8.730875
8.738850
8.748675
8.755100
8.800575
8.830875
8.848875
8.889950
8.937725
8.987225
8.999500
9.005950
9.021650
9.040700
9.046000
9.068350
9.075800
9.083150
9.085575
9.116925
9.138150
9.156800
9.168925
9.205800
9.271150
9.331125
9.374150
9.405675
9.425825
9.496375
9.528750
9.558300
9.581350
9.613175
9.643675
9.659750
9.688025
9.695575
9.704100
9.717700
9.724825
9.729250
9.758375
9.813850
9.837225
9.859400
9.880825
9.890700
9.940800
9.957975
9.987550
10.014825
10.038825
10.071000
10.105425
10.122725
10.132725
10.145175
10.153025
10.159875
10.180825
10.226675
10.239900
10.255250
10.282525
10.295650
10.309600
10.318475
10.334750
10.340300
10.350350
10.366600
10.390200
10.423825
10.466425
10.536275
10.557000
10.565725
10.571475
10.581175
10.590150
10.598200
10.603775
10.620275
10.627675
10.663600
10.684700
10.693925
10.707725
10.742150
10.761325
10.782250
10.824300
10.867000
10.893425
10.923575
10.956550
10.982225
11.001400
11.008800
11.042875
11.085275
11.101450
11.148875
11.165375
11.193825
11.264775
11.319275
11.348025
11.375025
11.422425
11.445450
11.453200
11.459900
11.465100
11.486725
11.510700
11.525150
11.551975
11.580025
11.604375
11.626000
11.677625
11.704225
11.727900
11.754175
11.763125
11.774625
11.779000
11.784375
11.798750
11.835000
11.841425
11.865400
11.884425
11.948925
11.957725
11.977400
11.984250
12.084150
12.122925
12.139550
12.164400
12.183725
12.239700
12.270800
12.281125
12.291675
12.308625
12.317600
12.334225
12.346650
12.354675
12.413275
12.456925
12.470975
12.481050
12.505150
12.519300
12.546400
12.577125
12.680325
12.697075
12.711275
12.721150
12.732850
12.739725
12.747275
12.766350
12.807425
12.827525
12.840750
12.849825
12.939850
12.978400
13.031300
13.067950
13.093400
13.101975
13.118475
13.137950
13.145175
13.151275
13.157875
13.164250
13.213700
13.248950
13.294650
13.311475
13.331775
13.359100
13.382200
13.395750
13.413650
13.419225
13.425200
13.428700
13.431450
13.433900
13.440325
13.472175
13.491700
13.512125
13.568075
13.589050
13.595500
13.631450
13.711250
13.727825
13.756625
13.775700
13.800150
13.826475
13.849400
13.863625
13.913700
13.926200
13.943700
13.958800
13.973100
13.988325
14.002050
14.005075
14.015600
14.018925
14.051625
14.056325
14.095750
14.124150
14.143075
14.194050
14.229150
14.263425
14.291950
14.329250
14.338775
14.346800
14.354950
14.361700
14.371800
14.386950
14.396175
14.460575
14.508475
14.543625
14.572475
14.576800
14.596300
14.612350
14.627150
14.645375
14.677475
14.727625
14.769925
14.785800
14.795200
14.807200
14.819250
14.833850
14.850850
14.888575
14.930450
14.974750
14.998675
15.020150
15.051600
15.076150
15.122475
15.138825
15.156450
15.168300
15.183700
15.190425
15.198825
15.231775
15.298075
15.337650
15.367025
15.413925
15.428450
15.447525
15.468625
15.506850
15.542800
15.606050
15.632625
15.662075
15.694600
15.708900
15.718575
15.727450
15.733250
15.737575
15.745575
15.750200
15.758775
15.777225
15.805875
15.835750
15.862675
15.893000
15.913025
15.948550
15.957875
15.962250
15.971450
15.985000
16.011375
16.056025
16.062925
16.071400
16.096700
16.115925
16.156825
16.189075
16.229800
16.253300
16.295450
16.326000
16.347950
16.362925
16.378000
16.388275
16.406450
16.422150
16.434200
16.456225
16.471050
16.477925
16.499975
16.529350
16.565300
16.597525
16.642450
16.707700
16.750725
16.766725
16.781525
16.800025
16.813750
16.842025
16.854425
16.860500
16.867700
16.892900
16.900700
16.917225
16.923500
16.979900
17.002050
17.009050
17.032400
17.060050
17.095825
17.118525
17.139350
17.163475
17.205150
17.215150
17.231550
17.250825
17.267475
17.289425
17.311150
17.332800
17.354950
17.365875
17.390225
17.397175
17.406375
17.412225
17.420025
17.493575
17.499625
17.523025
17.563450
17.615025
17.669950
17.676225
17.751525
17.764350
17.772625
17.780950
17.796875
17.802400
17.829950
17.850150
17.863850
17.945075
18.106975
18.136700
18.150825
18.160800
18.172525
18.190450
18.211725
18.221700
18.230400
18.299475
18.316900
18.336575
18.363500
18.388675
18.415500
18.443450
18.452575
18.471925
18.483600
18.489025
18.495150
18.499700
18.506575
18.523325
18.547350
18.588800
18.625525
18.681000
18.697450
18.752450
18.778875
18.810675
18.848900
18.862700
18.885400
18.911500
18.935450
18.943825
18.954700
18.973625
18.981875
18.999950
19.016025
19.032425
19.076425
19.087150
19.096450
19.109500
19.127750
19.157700
19.173500
19.200700
19.216475
19.247800
19.254050
19.269350
19.286200
19.384275
19.410650
19.454700
19.503450
19.514225
19.519250
19.523750
19.533175
19.535450
19.549825
19.571425
19.600425
19.711550
19.763100
19.800600
19.837500
19.866300
19.882575
19.908100
19.920350
19.942575
19.960525
19.979000
19.991700
20.005175
20.026775
20.044600
20.066700
20.071900
20.080425
20.137400
20.231900
20.245275
20.269825
20.292600
20.313300
20.350950
20.385300
20.414800
20.461975
20.485650
20.491125
20.501400
20.511875
20.598550
20.619100
20.657600
20.672875
20.708325
20.744825
20.778275
20.823400
20.858325
20.880850
20.909100
20.918550
20.925150
20.936150
20.943025
20.951625
20.959725
20.968375
20.977775
20.988325
21.002350
21.043800
21.067775
21.120300
21.152250
21.174400
21.212500
21.241350
21.271550
21.307750
21.352850
21.394500
21.410925
21.416700
21.428500
21.436625
21.447350
21.455550
21.465925
21.478500
21.488350
21.500050
21.510100
21.571400
21.598200
21.661925
21.703550
21.739000
21.754775
21.793150
21.804825
21.815800
21.826150
21.855300
21.865200
21.912225
21.931725
21.949525
21.966650
21.986650
21.999450
22.011225
22.021550
22.039225
22.055250
22.070450
22.098800
22.151350
22.191625
22.221500
22.253925
22.268075
22.291450
22.302250
22.314925
22.337450
22.352600
22.369000
22.381800
22.412200
22.496450
22.554300
22.564600
22.572125
22.580150
22.598475
22.609575
22.629600
22.644075
22.659850
22.675200
22.695600
22.716100
22.752275
22.781075
22.817300
22.861050
22.881075
22.898550
22.907850
22.922850
22.928950
22.942675
22.950275
22.980175
23.021075
23.072900
23.096425
23.132725
23.171000
23.246950
23.270950
23.285800
23.297125
23.303250
23.309925
23.323900
23.336625
23.343225
23.351900
23.367900
23.414800
23.438900
23.500475
23.545775
23.590375
23.605125
23.613250
23.619375
23.624650
23.630175
23.639925
23.664875
23.741475
23.855750
23.931875
23.945100
23.968850
23.984400
24.009250
24.026175
24.043325
24.102650
24.120300
24.160000
24.179000
24.196900
24.215200
24.233600
24.312600
24.344650
24.354300
24.364175
24.385525
24.437400
24.450650
24.462425
24.484900
24.511425
24.528525
24.560750
24.662250
24.684550
24.707550
24.717325
24.731875
24.735575
24.747325
24.766650
24.864075
24.903400
24.951950
24.986300
25.009825
25.028375
25.089750
25.113000
25.128075
25.151025
25.157875
25.162925
25.183050
25.201275
25.228300
25.235100
25.258950
25.292300
25.326275
25.339375
25.348900
25.360800
25.390525
25.422125
25.438050
25.512850
25.564900
25.606850
25.615000
25.621450
25.622825
25.625325
25.632525
25.676550
25.700375
25.717075
25.740350
25.772450
25.804450
25.827600
25.857250
25.894525
25.933450
25.943775
25.951650
25.957575
25.967550
25.976900
25.985700
26.022675
26.034725
26.060275
26.099175
26.168450
26.214075
26.246475
26.292525
26.309450
26.336975
26.352825
26.369875
26.409150
26.430625
26.444425
26.459600
26.491300
26.509950
26.557300
26.615925
26.653425
26.676975
26.693100
26.717325
26.744050
26.788525
26.839375
26.855500
26.870900
26.895650
26.956075
26.999125
27.038875
27.084100
27.112950
27.125425
27.135250
27.198625
27.218925
27.236225
27.261625
27.313650
27.341975
27.354325
27.360250
27.369075
27.373825
27.380675
27.394525
27.406925
27.419050
27.478475
27.484625
27.493175
27.503775
27.557700
27.573150
27.592125
27.606800
27.619150
27.644575
27.673500
27.702650
27.719350
27.732100
27.756025
27.768150
27.787450
27.819800
27.854350
27.874775
27.930300
27.943225
27.949950
27.957900
27.963725
27.974925
27.998300
28.009475
28.024100
28.058175
28.067775
28.090100
28.109450
28.131725
28.152700
28.195125
28.223050
28.268350
28.294050
28.307900
28.313725
28.320200
28.329700
28.358350
28.371850
28.379725
28.405275
28.417275
28.448675
28.460050
28.468550
28.493150
28.508125
28.579875
28.654225
28.694725
28.729725
28.743075
28.756425
28.770375
28.791950
28.805900
28.819025
28.837575
28.853300
28.919000
28.971600
29.000375
29.053100
29.069675
29.090425
29.106625
29.118275
29.137700
29.142525
29.148350
29.193825
29.212325
29.258650
29.259750
29.298900
29.335350
29.345500
29.357825
29.368875
29.377325
29.386125
29.394325
29.400675
29.426975
29.438150
29.465525
29.531950
29.553200
29.608250
29.657550
29.675650
29.698500
29.715575
29.723525
29.742175
29.750475
29.795300
29.815625
29.835175
29.845350
29.860775
29.875225
29.880100
29.883350
29.892875
29.894250
29.909675
29.915400
29.922575
29.934625
29.940425
29.961400
