0.276450
0.300300
0.319125
1.161700
1.199625
1.235175
1.529175
1.613975
2.276425
2.424250
2.927300
3.014375
3.039675
3.060250
3.374000
3.418850
3.845250
4.066550
4.115700
4.385300
4.439525
4.460800
4.512275
4.939225
4.975225
5.429900
5.455075
5.478475
5.535175
6.032975
6.082225
6.155625
6.490250
6.554475
6.860325
7.568000
7.604575
7.644700
7.675975
8.014600
8.049275
8.118375
8.154025
8.439675
8.529075
8.907775
9.010550
9.194500
9.710875
9.826600
9.915425
9.964500
10.146825
10.193375
10.290400
10.587850
10.627825
10.650975
10.706000
10.763750
11.121275
11.162675
11.296850
11.768150
12.000850
12.070625
12.105250
12.147375
12.460575
12.541900
12.608700
12.981425
13.142950
13.191675
13.602875
13.695525
14.014775
14.066700
14.089200
14.418175
14.461300
14.523725
14.756625
14.863250
15.126225
15.250100
15.360325
15.525650
15.582275
15.644050
15.681075
15.935300
16.168000
16.212775
16.565750
16.604075
16.650600
17.039125
17.245550
17.307300
17.524400
17.637025
17.744525
17.818775
17.877125
17.954250
17.985125
18.279975
18.411675
18.453775
18.553625
18.659350
18.783925
18.803425
18.824675
18.847650
18.881925
19.175200
19.404825
19.536450
19.832450
20.142150
20.343050
20.378775
20.396975
20.425825
20.812350
20.857875
20.920875
20.993550
21.020750
21.058900
21.401500
21.461175
21.504925
21.538775
21.852750
22.046225
22.237700
22.355600
22.424650
22.458700
22.786325
22.856175
23.006475
23.339800
23.371875
23.389650
23.417275
23.470050
23.934175
24.026325
24.092950
24.486050
24.657900
24.710675
24.825600
24.842225
24.856525
24.872100
24.930375
24.982875
25.520400
25.588200
25.651125
25.680175
25.789425
25.809450
26.125350
26.438875
26.499250
26.531325
26.556925
26.668450
26.939000
27.094875
27.144800
27.170725
27.191650
27.509450
27.570875
27.752725
27.880725
28.146125
28.253600
28.379450
28.440175
28.472775
28.494275
28.522550
28.728675
28.883275
28.954600
29.254300
29.344850
29.369450
29.393600
29.435025
29.930750
29.975600
