30.000000
30.000000
20.581025
29.926775
30.000000
29.926775
30.000000
30.000000
30.000000
30.000000
30.000000
30.000000
30.000000
30.000000
30.000000
30.000000
30.000000
30.000000
30.000000
30.000000
30.000000
30.000000
30.000000
30.000000
30.000000
30.000000
30.000000
30.000000
30.000000
19.940525
30.000000
30.000000
30.000000
30.000000
25.187525
30.000000
30.000000
25.187525
30.000000
30.000000
30.000000
30.000000
30.000000
29.993300
30.000000
29.977325
29.977325
30.000000
30.000000
30.000000
30.000000
30.000000
30.000000
30.000000
30.000000
30.000000
30.000000
30.000000
30.000000
30.000000
30.000000
30.000000
30.000000
30.000000
30.000000
30.000000
30.000000
29.961400
30.000000
30.000000
29.961400
30.000000
30.000000
30.000000
30.000000
30.000000
30.000000
10.241125
30.000000
30.000000
30.000000
30.000000
29.961575
30.000000
30.000000
30.000000
30.000000
30.000000
30.000000
30.000000
30.000000
18.096825
30.000000
30.000000
29.895300
29.955375
29.895300
30.000000
30.000000
30.000000
30.000000
30.000000
30.000000
30.000000
30.000000
30.000000
29.977875
30.000000
30.000000
29.864650
29.804550
30.000000
29.804550
30.000000
29.804550
30.000000
30.000000
30.000000
30.000000
30.000000
30.000000
30.000000
30.000000
30.000000
30.000000
30.000000
30.000000
30.000000
30.000000
30.000000
30.000000
30.000000
30.000000
30.000000
30.000000
30.000000
30.000000
30.000000
30.000000
30.000000
30.000000
30.000000
30.000000
30.000000
30.000000
30.000000
30.000000
30.000000
30.000000
30.000000
30.000000
30.000000
30.000000
30.000000
30.000000
30.000000
30.000000
30.000000
30.000000
30.000000
30.000000
30.000000
30.000000
30.000000
30.000000
30.000000
30.000000
30.000000
30.000000
30.000000
30.000000
30.000000
30.000000
30.000000
30.000000
30.000000
30.000000
30.000000
30.000000
30.000000
30.000000
30.000000
30.000000
30.000000
30.000000
30.000000
30.000000
30.000000
30.000000
30.000000
30.000000
30.000000
30.000000
30.000000
30.000000
30.000000
30.000000
30.000000
30.000000
30.000000
30.000000
30.000000
30.000000
30.000000
30.000000
30.000000
30.000000
30.000000
30.000000
30.000000
30.000000
30.000000
30.000000
30.000000
30.000000
30.000000
30.000000
30.000000
30.000000
30.000000
30.000000
30.000000
30.000000
30.000000
30.000000
30.000000
30.000000
30.000000
30.000000
30.000000
30.000000
30.000000
30.000000
30.000000
30.000000
30.000000
30.000000
30.000000
30.000000
30.000000
30.000000
30.000000
30.000000
30.000000
30.000000
30.000000
30.000000
30.000000
30.000000
30.000000
30.000000
30.000000
30.000000
30.000000
30.000000
30.000000
30.000000
30.000000
30.000000
30.000000
30.000000
30.000000
30.000000
30.000000
30.000000
30.000000
30.000000
30.000000
30.000000
30.000000
30.000000
30.000000
30.000000
30.000000
30.000000
30.000000
30.000000
30.000000
30.000000
30.000000
30.000000
30.000000
30.000000
30.000000
30.000000
30.000000
30.000000
30.000000
30.000000
30.000000
30.000000
30.000000
30.000000
30.000000
30.000000
30.000000
30.000000
30.000000
30.000000
30.000000
30.000000
30.000000
30.000000
30.000000
30.000000
30.000000
30.000000
30.000000
30.000000
30.000000
30.000000
30.000000
30.000000
30.000000
30.000000
30.000000
30.000000
30.000000
30.000000
30.000000
30.000000
30.000000
30.000000
30.000000
30.000000
30.000000
30.000000
30.000000
30.000000
30.000000
30.000000
30.000000
30.000000
30.000000
30.000000
30.000000
30.000000
30.000000
30.000000
30.000000
30.000000
30.000000
30.000000
30.000000
30.000000
30.000000
30.000000
30.000000
30.000000
30.000000
30.000000
30.000000
30.000000
30.000000
30.000000
30.000000
30.000000
30.000000
30.000000
30.000000
30.000000
30.000000
30.000000
30.000000
30.000000
30.000000
30.000000
30.000000
30.000000
30.000000
30.000000
30.000000
30.000000
30.000000
30.000000
30.000000
30.000000
30.000000
30.000000
30.000000
30.000000
30.000000
30.000000
30.000000
30.000000
30.000000
30.000000
30.000000
30.000000
30.000000
30.000000
30.000000
30.000000
30.000000
30.000000
30.000000
30.000000
30.000000
30.000000
30.000000
30.000000
30.000000
30.000000
30.000000
30.000000
30.000000
30.000000
30.000000
30.000000
30.000000
30.000000
30.000000
30.000000
30.000000
30.000000
