31.500000
25.133333
26.820822
30.908777
41.366667
42.837893
13.300000
10.466667
17.633333
11.233333
8.133333
9.766667
3.733333
16.066667
74.300000
55.266667
19.433333
16.500000
27.433333
10.100000
72.133333
15.133333
46.366667
34.233333
30.566667
9.733333
10.633333
67.800000
20.566667
10.481168
51.266667
3.800000
16.766667
14.000000
21.717100
14.266667
8.300000
40.972664
66.133333
15.700000
13.266667
23.733333
28.466667
14.469898
56.166667
5.070499
38.395687
17.466667
30.633333
13.233333
5.966667
106.300000
7.800000
23.100000
38.500000
57.900000
39.700000
22.666667
6.400000
39.500000
15.433333
18.300000
3.366667
25.133333
46.733333
38.433333
21.566667
1.134793
3.800000
1.000000
0.567397
6.000000
4.533333
4.166667
5.366667
5.200000
3.200000
2.929366
16.466667
14.200000
25.266667
39.533333
2.436454
8.133333
2.300000
6.100000
4.266667
0.633333
16.466667
8.333333
23.833333
13.372511
7.600000
5.733333
21.809448
38.590737
17.962690
19.033333
10.300000
8.400000
18.800000
6.466667
38.200000
6.500000
35.333333
17.300000
66.382290
65.166667
12.766667
17.344921
24.828424
72.066667
23.352139
41.600000
15.802956
72.433333
13.433333
6.200000
44.833333
29.100000
8.200000
10.933333
24.833333
24.400000
13.633333
13.300000
13.900000
54.566667
75.000000
11.900000
10.200000
0.933333
44.266667
30.233333
53.166667
18.966667
26.166667
27.200000
14.533333
10.200000
21.000000
22.533333
20.500000
25.633333
45.533333
7.333333
4.200000
8.666667
9.900000
11.833333
22.000000
23.700000
18.900000
11.366667
48.000000
7.533333
51.133333
76.633333
59.300000
15.466667
11.333333
43.300000
9.666667
13.633333
29.466667
49.333333
12.366667
7.666667
37.533333
34.066667
18.800000
3.966667
23.500000
15.700000
28.866667
31.866667
37.300000
6.366667
42.966667
5.700000
20.333333
2.800000
24.933333
15.233333
19.566667
27.233333
10.433333
8.200000
30.266667
41.800000
12.600000
18.100000
45.366667
32.566667
27.200000
62.833333
32.633333
21.733333
47.233333
32.533333
61.733333
30.300000
55.266667
37.233333
14.466667
5.500000
4.000000
11.933333
29.800000
7.133333
10.533333
7.800000
31.833333
18.033333
17.066667
7.400000
14.100000
16.666667
4.433333
20.966667
35.400000
15.066667
57.933333
56.466667
15.933333
5.533333
44.700000
6.666667
4.566667
13.500000
10.233333
118.100000
32.566667
9.800000
22.833333
6.166667
5.000000
20.766667
49.000000
15.400000
37.833333
28.600000
4.533333
25.333333
7.833333
23.300000
15.900000
32.200000
19.600000
36.433333
57.466667
15.700000
13.733333
60.400000
7.433333
72.300000
25.100000
13.833333
32.000000
8.366667
17.466667
34.000000
12.166667
29.966667
70.366667
81.100000
79.833333
12.700000
23.233333
12.266667
18.333333
8.033333
20.433333
19.300000
7.166667
11.300000
26.533333
8.566667
16.166667
20.433333
56.400000
10.233333
10.666667
27.100000
49.933333
7.500000
28.200000
37.566667
10.933333
6.733333
5.566667
5.033333
7.166667
5.900000
15.733333
13.933333
6.966667
5.433333
56.600000
19.333333
42.333333
31.766667
16.400000
46.166667
98.033333
26.700000
29.900000
10.333333
32.833333
44.500000
37.400000
21.800000
44.166667
10.466667
56.800000
22.100000
10.500000
17.100000
50.800000
28.900000
73.800000
21.000000
14.566667
19.033333
30.066667
7.566667
48.966667
35.833333
69.866667
31.400000
15.966667
20.466667
13.466667
24.766667
21.766667
12.733333
29.633333
54.066667
25.000000
25.166667
27.933333
8.500000
55.333333
76.666667
42.500000
24.733333
33.733333
21.300000
30.633333
20.966667
38.233333
57.500000
19.500000
4.100000
4.100000
15.666667
0.933333
1.866667
46.800000
4.133333
19.033333
18.266667
15.700000
96.300000
21.266667
27.100000
4.433333
30.500000
60.766667
55.000000
9.933333
41.366667
10.000000
42.366667
22.900000
14.933333
17.000000
8.933333
3.733333
26.433333
20.066667
3.666667
10.433333
11.800000
29.766667
29.400000
31.900000
17.766667
9.100000
7.166667
15.766667
9.133333
4.866667
16.166667
27.433333
15.733333
41.233333
8.200000
15.300000
5.500000
19.200000
3.933333
37.033333
5.400000
73.266667
37.066667
7.666667
6.400000
22.666667
59.400000
27.600000
40.533333
17.933333
3.533333
58.733333
